#RRR|P25fit|P50fit|P75fit|P25model|P50model|P75model
3.022286820e+05|1.005613305e+11|1.024523451e+11|1.048283276e+11|0.000000|0.000000|0.000000
4.586077196e+05|9.929895712e+10|1.015125436e+11|1.040556242e+11|0.000000|0.000000|0.000000
5.468350249e+05|9.842739266e+10|1.007879539e+11|1.034304241e+11|0.000000|0.000000|0.000000
6.107449900e+05|9.772491017e+10|1.001787121e+11|1.028945005e+11|0.000000|0.000000|0.000000
6.681467141e+05|9.704349662e+10|9.957269566e+10|1.023548117e+11|0.000000|0.000000|0.000000
7.110095697e+05|9.650381352e+10|9.908466372e+10|1.019163755e+11|0.000000|0.000000|0.000000
7.521007799e+05|9.596189456e+10|9.858885475e+10|1.014680118e+11|0.000000|0.000000|0.000000
7.917001012e+05|9.541712633e+10|9.808561513e+10|1.010102771e+11|0.000000|0.000000|0.000000
8.258450261e+05|9.492981009e+10|9.763198770e+10|1.005956244e+11|0.000000|0.000000|0.000000
8.537394939e+05|9.451972379e+10|9.724806508e+10|1.002433068e+11|0.000000|0.000000|0.000000
8.866861242e+05|9.402161684e+10|9.677938843e+10|9.981162775e+10|0.000000|0.000000|0.000000
9.137261788e+05|9.360178421e+10|9.638259057e+10|9.944488232e+10|0.000000|0.000000|0.000000
9.396115557e+05|9.319065381e+10|9.599262216e+10|9.908338300e+10|0.000000|0.000000|0.000000
9.638834657e+05|9.279702338e+10|9.561808724e+10|9.873524722e+10|0.000000|0.000000|0.000000
9.863829871e+05|9.242517315e+10|9.526332508e+10|9.840467775e+10|0.000000|0.000000|0.000000
1.010055215e+06|9.202677249e+10|9.488229804e+10|9.804879144e+10|0.000000|0.000000|0.000000
1.033688620e+06|9.162175882e+10|9.449404093e+10|9.768529010e+10|0.000000|0.000000|0.000000
1.054835762e+06|9.125325527e+10|9.414005657e+10|9.735314642e+10|0.000000|0.000000|0.000000
1.072499546e+06|9.094107616e+10|9.383967648e+10|9.707077159e+10|0.000000|0.000000|0.000000
1.090779664e+06|9.061384567e+10|9.352435429e+10|9.677384367e+10|0.000000|0.000000|0.000000
1.109270296e+06|9.027857884e+10|9.320083161e+10|9.646866847e+10|0.000000|0.000000|0.000000
1.128613485e+06|8.992330009e+10|9.285752653e+10|9.614426621e+10|0.000000|0.000000|0.000000
1.149078041e+06|8.954240369e+10|9.248896403e+10|9.579536473e+10|0.000000|0.000000|0.000000
1.166461766e+06|8.921483236e+10|9.217161013e+10|9.549442813e+10|0.000000|0.000000|0.000000
1.182886031e+06|8.890198222e+10|9.186820185e+10|9.520628256e+10|0.000000|0.000000|0.000000
1.196684092e+06|8.863665512e+10|9.161065257e+10|9.496136306e+10|0.000000|0.000000|0.000000
1.210707272e+06|8.836467808e+10|9.134643969e+10|9.470980087e+10|0.000000|0.000000|0.000000
1.227453394e+06|8.803684998e+10|9.102770247e+10|9.440591951e+10|0.000000|0.000000|0.000000
1.243721442e+06|8.771524049e+10|9.071474066e+10|9.410712016e+10|0.000000|0.000000|0.000000
1.258855577e+06|8.741329517e+10|9.042068184e+10|9.382599168e+10|0.000000|0.000000|0.000000
1.272968928e+06|8.712934680e+10|9.014395356e+10|9.356110334e+10|0.000000|0.000000|0.000000
1.288105369e+06|8.682229707e+10|8.984450606e+10|9.327411426e+10|0.000000|0.000000|0.000000
1.304566692e+06|8.648544219e+10|8.951575616e+10|9.295862464e+10|0.000000|0.000000|0.000000
1.317110594e+06|8.622672164e+10|8.926310005e+10|9.271586662e+10|0.000000|0.000000|0.000000
1.329305749e+06|8.597352657e+10|8.901570954e+10|9.247792415e+10|0.000000|0.000000|0.000000
1.341344227e+06|8.572198539e+10|8.876981118e+10|9.224118029e+10|0.000000|0.000000|0.000000
1.353297525e+06|8.547066534e+10|8.852400929e+10|9.200429589e+10|0.000000|0.000000|0.000000
1.365665063e+06|8.520901499e+10|8.826798032e+10|9.175730966e+10|0.000000|0.000000|0.000000
1.378494384e+06|8.493586872e+10|8.800057155e+10|9.149908032e+10|0.000000|0.000000|0.000000
1.391557270e+06|8.465596037e+10|8.772640781e+10|9.123404918e+10|0.000000|0.000000|0.000000
1.405834872e+06|8.434797914e+10|8.742459374e+10|9.094196555e+10|0.000000|0.000000|0.000000
1.418897980e+06|8.406434472e+10|8.714650023e+10|9.067254065e+10|0.000000|0.000000|0.000000
1.429396603e+06|8.383512276e+10|8.692166123e+10|9.045450368e+10|0.000000|0.000000|0.000000
1.440367164e+06|8.359439941e+10|8.668545113e+10|9.022524214e+10|0.000000|0.000000|0.000000
1.452504274e+06|8.332666620e+10|8.642263163e+10|8.996991780e+10|0.000000|0.000000|0.000000
1.463178512e+06|8.308998768e+10|8.619020553e+10|8.974391423e+10|0.000000|0.000000|0.000000
1.473089370e+06|8.286922697e+10|8.597333516e+10|8.953286339e+10|0.000000|0.000000|0.000000
1.483729281e+06|8.263115581e+10|8.573937820e+10|8.930499811e+10|0.000000|0.000000|0.000000
1.493573421e+06|8.240991134e+10|8.552188252e+10|8.909299300e+10|0.000000|0.000000|0.000000
1.504463799e+06|8.216406701e+10|8.528012048e+10|8.885714013e+10|0.000000|0.000000|0.000000
1.517121761e+06|8.187690162e+10|8.499761370e+10|8.858128110e+10|0.000000|0.000000|0.000000
1.527776388e+06|8.163401525e+10|8.475857618e+10|8.834765310e+10|0.000000|0.000000|0.000000
1.537989106e+06|8.140020987e+10|8.452839734e+10|8.812249772e+10|0.000000|0.000000|0.000000
1.548155043e+06|8.116651993e+10|8.429825584e+10|8.789719772e+10|0.000000|0.000000|0.000000
1.558759944e+06|8.092173370e+10|8.405710524e+10|8.766092676e+10|0.000000|0.000000|0.000000
1.567591662e+06|8.071710089e+10|8.385544819e+10|8.746319884e+10|0.000000|0.000000|0.000000
1.576737517e+06|8.050445358e+10|8.364583218e+10|8.725752150e+10|0.000000|0.000000|0.000000
1.586191134e+06|8.028387115e+10|8.342832869e+10|8.704394860e+10|0.000000|0.000000|0.000000
1.595116709e+06|8.007488947e+10|8.322220265e+10|8.684140119e+10|0.000000|0.000000|0.000000
1.605127758e+06|7.983966905e+10|8.299012513e+10|8.661318299e+10|0.000000|0.000000|0.000000
1.615411686e+06|7.959713995e+10|8.275075762e+10|8.637760822e+10|0.000000|0.000000|0.000000
1.624514876e+06|7.938170630e+10|8.253806513e+10|8.616812631e+10|0.000000|0.000000|0.000000
1.633551171e+06|7.916716646e+10|8.232619220e+10|8.595930286e+10|0.000000|0.000000|0.000000
1.643010009e+06|7.894186677e+10|8.210362558e+10|8.573978022e+10|0.000000|0.000000|0.000000
1.652856633e+06|7.870654843e+10|8.187108776e+10|8.551024877e+10|0.000000|0.000000|0.000000
1.661315183e+06|7.850377289e+10|8.167064735e+10|8.531225749e+10|0.000000|0.000000|0.000000
1.670285755e+06|7.828809379e+10|8.145738996e+10|8.510146157e+10|0.000000|0.000000|0.000000
1.678490949e+06|7.809025575e+10|8.126171691e+10|8.490791648e+10|0.000000|0.000000|0.000000
1.686204855e+06|7.790377971e+10|8.107723191e+10|8.472532360e+10|0.000000|0.000000|0.000000
1.694983651e+06|7.769099690e+10|8.086666200e+10|8.451677818e+10|0.000000|0.000000|0.000000
1.703683762e+06|7.747953531e+10|8.065733693e+10|8.430932313e+10|0.000000|0.000000|0.000000
1.712007462e+06|7.727668287e+10|8.045647503e+10|8.411012230e+10|0.000000|0.000000|0.000000
1.720486349e+06|7.706951202e+10|8.025127713e+10|8.390648675e+10|0.000000|0.000000|0.000000
1.728082347e+06|7.688345886e+10|8.006694386e+10|8.372344117e+10|0.000000|0.000000|0.000000
1.736124569e+06|7.668601314e+10|7.987126923e+10|8.352901373e+10|0.000000|0.000000|0.000000
1.745092155e+06|7.646529382e+10|7.965246338e+10|8.331145669e+10|0.000000|0.000000|0.000000
1.753489749e+06|7.625807979e+10|7.944698147e+10|8.310700760e+10|0.000000|0.000000|0.000000
1.761550647e+06|7.605870320e+10|7.924921231e+10|8.291010462e+10|0.000000|0.000000|0.000000
1.769474691e+06|7.586226763e+10|7.905430324e+10|8.271592666e+10|0.000000|0.000000|0.000000
1.777553306e+06|7.566155286e+10|7.885508908e+10|8.251733420e+10|0.000000|0.000000|0.000000
1.784797138e+06|7.548119891e+10|7.867603214e+10|8.233872782e+10|0.000000|0.000000|0.000000
1.792779281e+06|7.528205241e+10|7.847826081e+10|8.214133519e+10|0.000000|0.000000|0.000000
1.801178808e+06|7.507203387e+10|7.826962715e+10|8.193296583e+10|0.000000|0.000000|0.000000
1.808065124e+06|7.489950463e+10|7.809818496e+10|8.176163698e+10|0.000000|0.000000|0.000000
1.815421433e+06|7.471485977e+10|7.791465243e+10|8.157812204e+10|0.000000|0.000000|0.000000
1.823155319e+06|7.452036319e+10|7.772126994e+10|8.138464211e+10|0.000000|0.000000|0.000000
1.830537336e+06|7.433436223e+10|7.753627863e+10|8.119944627e+10|0.000000|0.000000|0.000000
1.837804257e+06|7.415092860e+10|7.735378681e+10|8.101664608e+10|0.000000|0.000000|0.000000
1.844876766e+06|7.397208957e+10|7.717581398e+10|8.083827059e+10|0.000000|0.000000|0.000000
1.851551147e+06|7.380303846e+10|7.700753400e+10|8.066951734e+10|0.000000|0.000000|0.000000
1.858743148e+06|7.362057723e+10|7.682585262e+10|8.048722404e+10|0.000000|0.000000|0.000000
1.866339817e+06|7.342751656e+10|7.663355722e+10|8.029416682e+10|0.000000|0.000000|0.000000
1.873963609e+06|7.323342760e+10|7.644017492e+10|8.009990003e+10|0.000000|0.000000|0.000000
1.880691823e+06|7.306186055e+10|7.626917963e+10|7.992802379e+10|0.000000|0.000000|0.000000
1.888261088e+06|7.286854004e+10|7.607644330e+10|7.973418325e+10|0.000000|0.000000|0.000000
1.895607941e+06|7.268059369e+10|7.588900321e+10|7.954555624e+10|0.000000|0.000000|0.000000
1.903699898e+06|7.247324267e+10|7.568213937e+10|7.933725307e+10|0.000000|0.000000|0.000000
1.911121910e+06|7.228274706e+10|7.549202463e+10|7.914569577e+10|0.000000|0.000000|0.000000
1.917594050e+06|7.211639180e+10|7.532594913e+10|7.897826624e+10|0.000000|0.000000|0.000000
1.924496220e+06|7.193874144e+10|7.514854256e+10|7.879931652e+10|0.000000|0.000000|0.000000
1.931868942e+06|7.174870839e+10|7.495870677e+10|7.860771878e+10|0.000000|0.000000|0.000000
1.939338840e+06|7.155588941e+10|7.476602009e+10|7.841312661e+10|0.000000|0.000000|0.000000
1.945834870e+06|7.138798250e+10|7.459817207e+10|7.824352258e+10|0.000000|0.000000|0.000000
1.952977760e+06|7.120311704e+10|7.441331015e+10|7.805662300e+10|0.000000|0.000000|0.000000
1.959688603e+06|7.102920935e+10|7.423934651e+10|7.788064256e+10|0.000000|0.000000|0.000000
1.966474644e+06|7.085313606e+10|7.406315735e+10|7.770231265e+10|0.000000|0.000000|0.000000
1.973545311e+06|7.066944988e+10|7.387928610e+10|7.751610189e+10|0.000000|0.000000|0.000000
1.980565577e+06|7.048684716e+10|7.369643369e+10|7.733081611e+10|0.000000|0.000000|0.000000
1.987850785e+06|7.029711969e+10|7.350637656e+10|7.713811675e+10|0.000000|0.000000|0.000000
1.995031643e+06|7.010988176e+10|7.331874228e+10|7.694776087e+10|0.000000|0.000000|0.000000
2.001084035e+06|6.995189573e+10|7.316036631e+10|7.678700020e+10|0.000000|0.000000|0.000000
2.007931684e+06|6.977296457e+10|7.298093150e+10|7.660476674e+10|0.000000|0.000000|0.000000
2.014457245e+06|6.960226899e+10|7.280969337e+10|7.643076177e+10|0.000000|0.000000|0.000000
2.021104429e+06|6.942821440e+10|7.263502240e+10|7.625317180e+10|0.000000|0.000000|0.000000
2.027948612e+06|6.924881804e+10|7.245492328e+10|7.606996060e+10|0.000000|0.000000|0.000000
2.035638849e+06|6.904702833e+10|7.225226023e+10|7.586367116e+10|0.000000|0.000000|0.000000
2.043405452e+06|6.884300739e+10|7.204726596e+10|7.565487461e+10|0.000000|0.000000|0.000000
2.050049554e+06|6.866829658e+10|7.187164853e+10|7.547589234e+10|0.000000|0.000000|0.000000
2.056955026e+06|6.848654432e+10|7.168888064e+10|7.528951719e+10|0.000000|0.000000|0.000000
2.064709935e+06|6.828223523e+10|7.148334052e+10|7.507979173e+10|0.000000|0.000000|0.000000
2.070810546e+06|6.812136529e+10|7.132143392e+10|7.491449230e+10|0.000000|0.000000|0.000000
2.076703367e+06|6.796585675e+10|7.116486622e+10|7.475456308e+10|0.000000|0.000000|0.000000
2.083870447e+06|6.777656892e+10|7.097421257e+10|7.455970901e+10|0.000000|0.000000|0.000000
2.089864359e+06|6.761814025e+10|7.081457540e+10|7.439646418e+10|0.000000|0.000000|0.000000
2.096675659e+06|6.743797231e+10|7.063295988e+10|7.421064380e+10|0.000000|0.000000|0.000000
2.103528110e+06|6.725657558e+10|7.045002602e+10|7.402336622e+10|0.000000|0.000000|0.000000
2.110246224e+06|6.707860249e+10|7.027046618e+10|7.383943688e+10|0.000000|0.000000|0.000000
2.117240437e+06|6.689318010e+10|7.008330673e+10|7.364761118e+10|0.000000|0.000000|0.000000
2.124610960e+06|6.669763733e+10|6.988583817e+10|7.344509537e+10|0.000000|0.000000|0.000000
2.130864829e+06|6.653160779e+10|6.971809686e+10|7.327296648e+10|0.000000|0.000000|0.000000
2.137124390e+06|6.636532761e+10|6.955003093e+10|7.310041206e+10|0.000000|0.000000|0.000000
2.143287228e+06|6.620152275e+10|6.938439624e+10|7.293026314e+10|0.000000|0.000000|0.000000
2.149637604e+06|6.603263898e+10|6.921355164e+10|7.275466788e+10|0.000000|0.000000|0.000000
2.156407782e+06|6.585248937e+10|6.903122630e+10|7.256716665e+10|0.000000|0.000000|0.000000
2.163614408e+06|6.566061576e+10|6.883693869e+10|7.236724290e+10|0.000000|0.000000|0.000000
2.169928407e+06|6.549241834e+10|6.866654210e+10|7.219180057e+10|0.000000|0.000000|0.000000
2.177649061e+06|6.528664077e+10|6.845796710e+10|7.197691844e+10|0.000000|0.000000|0.000000
2.183586032e+06|6.512832595e+10|6.829741899e+10|7.181141720e+10|0.000000|0.000000|0.000000
2.190430409e+06|6.494573485e+10|6.811216349e+10|7.162033980e+10|0.000000|0.000000|0.000000
2.196817916e+06|6.477525887e+10|6.793911312e+10|7.144174782e+10|0.000000|0.000000|0.000000
2.203447394e+06|6.459825430e+10|6.775934583e+10|7.125611796e+10|0.000000|0.000000|0.000000
2.209653207e+06|6.443249984e+10|6.759092032e+10|7.108210167e+10|0.000000|0.000000|0.000000
2.216172222e+06|6.425831947e+10|6.741384462e+10|7.089904550e+10|0.000000|0.000000|0.000000
2.222599407e+06|6.408653583e+10|6.723911557e+10|7.071831197e+10|0.000000|0.000000|0.000000
2.228805217e+06|6.392061896e+10|6.707026809e+10|7.054356448e+10|0.000000|0.000000|0.000000
2.235159945e+06|6.375067330e+10|6.689723221e+10|7.036438241e+10|0.000000|0.000000|0.000000
2.241447205e+06|6.358248832e+10|6.672589986e+10|7.018686461e+10|0.000000|0.000000|0.000000
2.247734416e+06|6.341426479e+10|6.655443842e+10|7.000911345e+10|0.000000|0.000000|0.000000
2.254774140e+06|6.322586375e+10|6.636230317e+10|6.980981140e+10|0.000000|0.000000|0.000000
2.261791674e+06|6.303801628e+10|6.617061742e+10|6.961085030e+10|0.000000|0.000000|0.000000
2.268639786e+06|6.285466987e+10|6.598341247e+10|6.941641894e+10|0.000000|0.000000|0.000000
2.275901640e+06|6.266021474e+10|6.578474221e+10|6.920994840e+10|0.000000|0.000000|0.000000
2.282389348e+06|6.248646636e+10|6.560711920e+10|6.902523670e+10|0.000000|0.000000|0.000000
2.288618856e+06|6.231961628e+10|6.543645085e+10|6.884765487e+10|0.000000|0.000000|0.000000
2.294481243e+06|6.216258746e+10|6.527574023e+10|6.868034220e+10|0.000000|0.000000|0.000000
2.300675706e+06|6.199665478e+10|6.510582286e+10|6.850334736e+10|0.000000|0.000000|0.000000
2.306374658e+06|6.184399030e+10|6.494940591e+10|6.834032670e+10|0.000000|0.000000|0.000000
2.312794918e+06|6.167200086e+10|6.477308863e+10|6.815646351e+10|0.000000|0.000000|0.000000
2.318827610e+06|6.151039479e+10|6.460731794e+10|6.798349939e+10|0.000000|0.000000|0.000000
2.325550270e+06|6.133031082e+10|6.442247988e+10|6.779052715e+10|0.000000|0.000000|0.000000
2.331928096e+06|6.115947315e+10|6.424702045e+10|6.760723540e+10|0.000000|0.000000|0.000000
2.338619553e+06|6.098024827e+10|6.406282843e+10|6.741470472e+10|0.000000|0.000000|0.000000
2.345042862e+06|6.080822284e+10|6.388591984e+10|6.722967450e+10|0.000000|0.000000|0.000000
2.351649167e+06|6.063131848e+10|6.370387424e+10|6.703915580e+10|0.000000|0.000000|0.000000
2.357827880e+06|6.046588818e+10|6.353352508e+10|6.686077139e+10|0.000000|0.000000|0.000000
2.363888133e+06|6.030365558e+10|6.336636314e+10|6.668562409e+10|0.000000|0.000000|0.000000
2.369926579e+06|6.014203574e+10|6.319972739e+10|6.651092881e+10|0.000000|0.000000|0.000000
2.376450893e+06|5.996744800e+10|6.301960185e+10|6.632197942e+10|0.000000|0.000000|0.000000
2.382532484e+06|5.980474498e+10|6.285162499e+10|6.614566879e+10|0.000000|0.000000|0.000000
2.389001012e+06|5.963173397e+10|6.267288488e+10|6.595794924e+10|0.000000|0.000000|0.000000
2.394589624e+06|5.948229720e+10|6.251839795e+10|6.579560822e+10|0.000000|0.000000|0.000000
2.401227576e+06|5.930485304e+10|6.233483318e+10|6.560259852e+10|0.000000|0.000000|0.000000
2.407157535e+06|5.914638557e+10|6.217078454e+10|6.543000536e+10|0.000000|0.000000|0.000000
2.413681547e+06|5.897210239e+10|6.199023614e+10|6.523993948e+10|0.000000|0.000000|0.000000
2.420328959e+06|5.879459097e+10|6.180620491e+10|6.504608430e+10|0.000000|0.000000|0.000000
2.426324882e+06|5.863453965e+10|6.164015368e+10|6.487106208e+10|0.000000|0.000000|0.000000
2.433017322e+06|5.845597067e+10|6.145475297e+10|6.467552486e+10|0.000000|0.000000|0.000000
2.439216821e+06|5.829062864e+10|6.128295418e+10|6.449421965e+10|0.000000|0.000000|0.000000
2.445042350e+06|5.813532898e+10|6.112147368e+10|6.432370374e+10|0.000000|0.000000|0.000000
2.451277497e+06|5.796918667e+10|6.094859280e+10|6.414104185e+10|0.000000|0.000000|0.000000
2.457835432e+06|5.779453350e+10|6.076671344e+10|6.394875169e+10|0.000000|0.000000|0.000000
2.463858129e+06|5.763422013e+10|6.059963703e+10|6.377200240e+10|0.000000|0.000000|0.000000
2.469900240e+06|5.747347555e+10|6.043198456e+10|6.359453799e+10|0.000000|0.000000|0.000000
2.476145311e+06|5.730742522e+10|6.025866348e+10|6.341096148e+10|0.000000|0.000000|0.000000
2.481937758e+06|5.715349831e+10|6.009787275e+10|6.324055484e+10|0.000000|0.000000|0.000000
2.487998009e+06|5.699254954e+10|5.992961796e+10|6.306213234e+10|0.000000|0.000000|0.000000
2.494239235e+06|5.682689941e+10|5.975630889e+10|6.287823701e+10|0.000000|0.000000|0.000000
2.500199654e+06|5.666880524e+10|5.959077149e+10|6.270248047e+10|0.000000|0.000000|0.000000
2.506396777e+06|5.650454314e+10|5.941863574e+10|6.251960634e+10|0.000000|0.000000|0.000000
2.512722582e+06|5.633699023e+10|5.924290255e+10|6.233279218e+10|0.000000|0.000000|0.000000
2.518643610e+06|5.618027227e+10|5.907839544e+10|6.215780337e+10|0.000000|0.000000|0.000000
2.523880341e+06|5.604176052e+10|5.893288715e+10|6.200293605e+10|0.000000|0.000000|0.000000
2.529911156e+06|5.588235803e+10|5.876530093e+10|6.182446820e+10|0.000000|0.000000|0.000000
2.535931048e+06|5.572336806e+10|5.859800607e+10|6.164620071e+10|0.000000|0.000000|0.000000
2.542679047e+06|5.554529971e+10|5.841046526e+10|6.144622826e+10|0.000000|0.000000|0.000000
2.549666418e+06|5.536108868e+10|5.821626222e+10|6.123900527e+10|0.000000|0.000000|0.000000
2.556393325e+06|5.518391678e+10|5.802929250e+10|6.103935890e+10|0.000000|0.000000|0.000000
2.563087963e+06|5.500776776e+10|5.784321721e+10|6.084052899e+10|0.000000|0.000000|0.000000
2.568867669e+06|5.485583500e+10|5.768257261e+10|6.066876121e+10|0.000000|0.000000|0.000000
2.575573466e+06|5.467972793e+10|5.749619109e+10|6.046934420e+10|0.000000|0.000000|0.000000
2.580992714e+06|5.453754486e+10|5.734557277e+10|6.030808899e+10|0.000000|0.000000|0.000000
2.587066127e+06|5.437834748e+10|5.717678038e+10|6.012726671e+10|0.000000|0.000000|0.000000
2.592674331e+06|5.423148707e+10|5.702092595e+10|5.996020129e+10|0.000000|0.000000|0.000000
2.598440019e+06|5.408064884e+10|5.686070586e+10|5.978835247e+10|0.000000|0.000000|0.000000
2.604158961e+06|5.393118311e+10|5.670179770e+10|5.961780652e+10|0.000000|0.000000|0.000000
2.610144650e+06|5.377490887e+10|5.653549357e+10|5.943921127e+10|0.000000|0.000000|0.000000
2.615806994e+06|5.362723317e+10|5.637819021e+10|5.927017644e+10|0.000000|0.000000|0.000000
2.621241140e+06|5.348565508e+10|5.622724375e+10|5.910787572e+10|0.000000|0.000000|0.000000
2.628076495e+06|5.330777829e+10|5.603740235e+10|5.890361903e+10|0.000000|0.000000|0.000000
2.634561307e+06|5.313924204e+10|5.585732739e+10|5.870973040e+10|0.000000|0.000000|0.000000
2.640517171e+06|5.298464423e+10|5.569196952e+10|5.853156719e+10|0.000000|0.000000|0.000000
2.647092157e+06|5.281419300e+10|5.550945731e+10|5.833478649e+10|0.000000|0.000000|0.000000
2.653350198e+06|5.265217452e+10|5.533577985e+10|5.814739932e+10|0.000000|0.000000|0.000000
2.659680409e+06|5.248850641e+10|5.516013865e+10|5.795776194e+10|0.000000|0.000000|0.000000
2.665708636e+06|5.233285479e+10|5.499291565e+10|5.777709013e+10|0.000000|0.000000|0.000000
2.671926212e+06|5.217253138e+10|5.482048267e+10|5.759066260e+10|0.000000|0.000000|0.000000
2.677356101e+06|5.203270265e+10|5.466993213e+10|5.742778779e+10|0.000000|0.000000|0.000000
2.682657911e+06|5.189634032e+10|5.452296816e+10|5.726869766e+10|0.000000|0.000000|0.000000
2.688057309e+06|5.175764146e+10|5.437333669e+10|5.710662261e+10|0.000000|0.000000|0.000000
2.694794993e+06|5.158481455e+10|5.418667363e+10|5.690429805e+10|0.000000|0.000000|0.000000
2.700678972e+06|5.143411650e+10|5.402371505e+10|5.672754066e+10|0.000000|0.000000|0.000000
2.707055976e+06|5.127103849e+10|5.384716062e+10|5.653590277e+10|0.000000|0.000000|0.000000
2.713890123e+06|5.109656055e+10|5.365802055e+10|5.633044922e+10|0.000000|0.000000|0.000000
2.720073041e+06|5.093897227e+10|5.348696973e+10|5.614450651e+10|0.000000|0.000000|0.000000
2.725638749e+06|5.079733300e+10|5.333304991e+10|5.597707312e+10|0.000000|0.000000|0.000000
2.732175581e+06|5.063124774e+10|5.315234381e+10|5.578036425e+10|0.000000|0.000000|0.000000
2.738509530e+06|5.047059762e+10|5.297732138e+10|5.558970007e+10|0.000000|0.000000|0.000000
2.744191372e+06|5.032672568e+10|5.282038344e+10|5.541861689e+10|0.000000|0.000000|0.000000
2.749822091e+06|5.018437421e+10|5.266492047e+10|5.524902947e+10|0.000000|0.000000|0.000000
2.756081210e+06|5.002640391e+10|5.249218337e+10|5.506046686e+10|0.000000|0.000000|0.000000
2.762402476e+06|4.986715577e+10|5.231781493e+10|5.486998220e+10|0.000000|0.000000|0.000000
2.768638153e+06|4.971035442e+10|5.214589258e+10|5.468202997e+10|0.000000|0.000000|0.000000
2.773792487e+06|4.958096535e+10|5.200384940e+10|5.452663759e+10|0.000000|0.000000|0.000000
2.779540899e+06|4.943690240e+10|5.184550685e+10|5.435330121e+10|0.000000|0.000000|0.000000
2.785856504e+06|4.927891961e+10|5.167163089e+10|5.416282282e+10|0.000000|0.000000|0.000000
2.791806259e+06|4.913037475e+10|5.150791597e+10|5.398334318e+10|0.000000|0.000000|0.000000
2.798404464e+06|4.896596999e+10|5.132646182e+10|5.378426509e+10|0.000000|0.000000|0.000000
2.805007445e+06|4.880179834e+10|5.114498849e+10|5.358500620e+10|0.000000|0.000000|0.000000
2.810380569e+06|4.866846859e+10|5.099740104e+10|5.342283573e+10|0.000000|0.000000|0.000000
2.816532500e+06|4.851610779e+10|5.082851764e+10|5.323713392e+10|0.000000|0.000000|0.000000
2.821817080e+06|4.838548217e+10|5.068352862e+10|5.307759376e+10|0.000000|0.000000|0.000000
2.827100294e+06|4.825512792e+10|5.053865620e+10|5.291807775e+10|0.000000|0.000000|0.000000
2.834135724e+06|4.808191433e+10|5.034586152e+10|5.270563315e+10|0.000000|0.000000|0.000000
2.840167659e+06|4.793375118e+10|5.018068299e+10|5.252347102e+10|0.000000|0.000000|0.000000
2.845741592e+06|4.779712426e+10|5.002814467e+10|5.235512640e+10|0.000000|0.000000|0.000000
2.851929877e+06|4.764576462e+10|4.985890676e+10|5.216821347e+10|0.000000|0.000000|0.000000
2.858148384e+06|4.749401578e+10|4.968896469e+10|5.198037558e+10|0.000000|0.000000|0.000000
2.865516907e+06|4.731466375e+10|4.948775696e+10|5.175778757e+10|0.000000|0.000000|0.000000
2.871715737e+06|4.716417438e+10|4.931862894e+10|5.157052591e+10|0.000000|0.000000|0.000000
2.878345292e+06|4.700363005e+10|4.913789347e+10|5.137024746e+10|0.000000|0.000000|0.000000
2.885208331e+06|4.683787477e+10|4.895095336e+10|5.116291311e+10|0.000000|0.000000|0.000000
2.890705872e+06|4.670542817e+10|4.880132795e+10|5.099683130e+10|0.000000|0.000000|0.000000
2.896797154e+06|4.655902343e+10|4.863567025e+10|5.081281507e+10|0.000000|0.000000|0.000000
2.902952348e+06|4.641145654e+10|4.846841301e+10|5.062687311e+10|0.000000|0.000000|0.000000
2.908541469e+06|4.627779027e+10|4.831666075e+10|5.045803794e+10|0.000000|0.000000|0.000000
2.913413795e+06|4.616152496e+10|4.818446749e+10|5.031086193e+10|0.000000|0.000000|0.000000
2.919051543e+06|4.602725231e+10|4.803160425e+10|5.014057235e+10|1.000000|1.000000|1.000000
2.924545170e+06|4.589691592e+10|4.788284039e+10|4.997465425e+10|1.000000|1.000000|1.000000
2.929582904e+06|4.577739557e+10|4.774642179e+10|4.982250496e+10|1.000000|1.000000|1.000000
2.935799452e+06|4.562990786e+10|4.757808169e+10|4.963475323e+10|1.000000|1.000000|1.000000
2.942486688e+06|4.545626531e+10|4.739699567e+10|4.943278584e+10|2.000000|1.000000|1.000000
2.948737168e+06|4.533512465e+10|4.722773672e+10|4.924400931e+10|2.000000|1.000000|1.000000
2.954320129e+06|4.522692116e+10|4.707655372e+10|4.907539311e+10|2.000000|1.000000|1.000000
2.960489514e+06|4.510735222e+10|4.690949079e+10|4.888906582e+10|2.000000|1.000000|1.000000
2.966831088e+06|4.498444605e+10|4.673776505e+10|4.869753806e+10|2.000000|1.000000|1.000000
2.973405217e+06|4.485703274e+10|4.655974189e+10|4.849898670e+10|2.000000|1.000000|1.000000
2.980221571e+06|4.472492486e+10|4.635902526e+10|4.829311969e+10|2.000000|2.000000|1.000000
2.986716484e+06|4.459904682e+10|4.622862263e+10|4.809696079e+10|2.000000|2.000000|1.000000
2.992567109e+06|4.448565577e+10|4.611115581e+10|4.792026067e+10|2.000000|2.000000|1.000000
2.999127180e+06|4.435851490e+10|4.597944496e+10|4.772213387e+10|2.000000|2.000000|1.000000
3.005524826e+06|4.423452202e+10|4.585099524e+10|4.752891265e+10|2.000000|2.000000|1.000000
3.011225725e+06|4.412403278e+10|4.573653454e+10|4.731768244e+10|2.000000|2.000000|2.000000
3.017802279e+06|4.399657247e+10|4.560449276e+10|4.718147654e+10|2.000000|2.000000|2.000000
3.023661255e+06|4.388301954e+10|4.548685826e+10|4.706013227e+10|2.000000|2.000000|2.000000
3.029608678e+06|4.376775244e+10|4.536744797e+10|4.693695621e+10|2.000000|2.000000|2.000000
3.035594940e+06|4.365173257e+10|4.524725785e+10|4.681297573e+10|2.000000|2.000000|2.000000
3.041605952e+06|4.353523305e+10|4.512657083e+10|4.668848269e+10|2.000000|2.000000|2.000000
3.047803201e+06|4.341512406e+10|4.500214461e+10|4.656013251e+10|2.000000|2.000000|2.000000
3.053425540e+06|4.330615739e+10|4.488926122e+10|4.644368918e+10|2.000000|2.000000|2.000000
3.058908680e+06|4.319988857e+10|4.477917263e+10|4.633012881e+10|2.000000|2.000000|2.000000
3.065437877e+06|4.307334609e+10|4.464808167e+10|4.619490371e+10|2.000000|2.000000|2.000000
3.071777874e+06|4.295047049e+10|4.452078940e+10|4.606359710e+10|2.000000|2.000000|2.000000
3.077816173e+06|4.283344210e+10|4.439955451e+10|4.593853890e+10|2.000000|2.000000|2.000000
3.084137570e+06|4.271092699e+10|4.427263568e+10|4.580761752e+10|2.000000|2.000000|2.000000
3.090087039e+06|4.259562022e+10|4.415318429e+10|4.568439906e+10|2.000000|2.000000|2.000000
3.095506498e+06|4.249058560e+10|4.404437427e+10|4.557215757e+10|2.000000|2.000000|2.000000
3.101732971e+06|4.236991021e+10|4.391936130e+10|4.544320214e+10|2.000000|2.000000|2.000000
3.107595471e+06|4.225628897e+10|4.380165603e+10|4.532178487e+10|2.000000|2.000000|2.000000
3.114673101e+06|4.211911731e+10|4.365955382e+10|4.517520128e+10|2.000000|2.000000|2.000000
3.121247581e+06|4.199169719e+10|4.352755368e+10|4.503903833e+10|2.000000|2.000000|2.000000
3.127298667e+06|4.187442099e+10|4.340606207e+10|4.491371532e+10|2.000000|2.000000|2.000000
3.133442316e+06|4.175535081e+10|4.328271200e+10|4.478647523e+10|2.000000|2.000000|2.000000
3.139186997e+06|4.164401304e+10|4.316737227e+10|4.466749811e+10|2.000000|2.000000|2.000000
3.145694736e+06|4.151788643e+10|4.303671213e+10|4.453271742e+10|2.000000|2.000000|2.000000
3.152243894e+06|4.139095709e+10|4.290522041e+10|4.439707892e+10|2.000000|2.000000|2.000000
3.158927306e+06|4.126142576e+10|4.277103317e+10|4.425865991e+10|2.000000|2.000000|2.000000
3.166468703e+06|4.111526580e+10|4.261961959e+10|4.410247129e+10|2.000000|2.000000|2.000000
3.172631862e+06|4.099581751e+10|4.249587782e+10|4.397482715e+10|2.000000|2.000000|2.000000
3.178553630e+06|4.088104762e+10|4.237698260e+10|4.385218241e+10|2.000000|2.000000|2.000000
3.184815644e+06|4.075968340e+10|4.225125604e+10|4.372249089e+10|2.000000|2.000000|2.000000
3.190377720e+06|4.065188471e+10|4.213958260e+10|4.360729567e+10|2.000000|2.000000|2.000000
3.196356349e+06|4.053601279e+10|4.201954574e+10|4.348347329e+10|2.000000|2.000000|2.000000
3.202514393e+06|4.041666364e+10|4.189590668e+10|4.335593509e+10|2.000000|2.000000|2.000000
3.208400364e+06|4.030258753e+10|4.177773018e+10|4.323403174e+10|2.000000|2.000000|2.000000
3.214427600e+06|4.018577354e+10|4.165671740e+10|4.310920266e+10|2.000000|2.000000|2.000000
3.220408944e+06|4.006984900e+10|4.153662604e+10|4.298532405e+10|2.000000|2.000000|2.000000
3.226684184e+06|3.994822848e+10|4.141063395e+10|4.285535862e+10|2.000000|2.000000|2.000000
3.232483551e+06|3.983583083e+10|4.129419625e+10|4.273524891e+10|2.000000|2.000000|2.000000
3.239174496e+06|3.970615351e+10|4.115985777e+10|4.259667387e+10|2.000000|2.000000|2.000000
3.245162648e+06|3.959009703e+10|4.103962972e+10|4.247265427e+10|2.000000|2.000000|2.000000
3.252889523e+06|3.944034232e+10|4.088449218e+10|4.231262426e+10|2.000000|2.000000|2.000000
3.259123037e+06|3.931953048e+10|4.075933784e+10|4.218352300e+10|2.000000|2.000000|2.000000
3.265091582e+06|3.920385399e+10|4.063950345e+10|4.205990947e+10|2.000000|2.000000|2.000000
3.271972807e+06|3.907048885e+10|4.050134459e+10|4.191739358e+10|2.000000|2.000000|2.000000
3.278640519e+06|3.894126180e+10|4.036747257e+10|4.177929973e+10|2.000000|2.000000|2.000000
3.285463583e+06|3.880902387e+10|4.023048144e+10|4.163798839e+10|2.000000|2.000000|2.000000
3.292747120e+06|3.866786151e+10|4.008424511e+10|4.148714029e+10|2.000000|2.000000|2.000000
3.299148351e+06|3.854379913e+10|3.995572339e+10|4.135456546e+10|2.000000|2.000000|2.000000
3.304794778e+06|3.843436563e+10|3.984235638e+10|4.123762327e+10|2.000000|2.000000|2.000000
3.312093910e+06|3.829290102e+10|3.969580693e+10|4.108645218e+10|2.000000|2.000000|2.000000
3.318721237e+06|3.816445668e+10|3.956274575e+10|4.094919473e+10|2.000000|2.000000|2.000000
3.325047089e+06|3.804185521e+10|3.943573746e+10|4.081818106e+10|2.000000|2.000000|2.000000
3.332109523e+06|3.790497806e+10|3.929394035e+10|4.067191219e+10|2.000000|2.000000|2.000000
3.338862248e+06|3.777410338e+10|3.915836148e+10|4.053205765e+10|2.000000|2.000000|2.000000
3.345446672e+06|3.764649052e+10|3.902616167e+10|4.039568874e+10|2.000000|2.000000|2.000000
3.351799786e+06|3.752336072e+10|3.889860605e+10|4.026411048e+10|2.000000|2.000000|2.000000
3.358311713e+06|3.739715294e+10|3.876786183e+10|4.012924305e+10|2.000000|2.000000|2.000000
3.363371920e+06|3.729908098e+10|3.866626474e+10|4.002444196e+10|2.000000|2.000000|2.000000
3.368771337e+06|3.719443477e+10|3.855785710e+10|3.991261554e+10|2.000000|2.000000|2.000000
3.375204707e+06|3.706974951e+10|3.842869012e+10|3.977937510e+10|2.000000|2.000000|2.000000
3.383243339e+06|3.691395264e+10|3.826729323e+10|3.961288834e+10|2.000000|2.000000|2.000000
3.390563271e+06|3.677208491e+10|3.812032617e+10|3.946128647e+10|2.000000|2.000000|2.000000
3.395541702e+06|3.667559785e+10|3.802037096e+10|3.935817903e+10|2.000000|2.000000|2.000000
3.402104089e+06|3.654841211e+10|3.788861361e+10|3.922226654e+10|2.000000|2.000000|2.000000
3.409423344e+06|3.640655748e+10|3.774166012e+10|3.907067867e+10|2.000000|2.000000|2.000000
3.416418653e+06|3.627098127e+10|3.760121072e+10|3.892580000e+10|2.000000|2.000000|2.000000
3.423054762e+06|3.614236674e+10|3.746797323e+10|3.878836068e+10|2.000000|2.000000|2.000000
3.430621554e+06|3.599571460e+10|3.731604979e+10|3.863164613e+10|2.000000|2.000000|2.000000
3.437975917e+06|3.585317956e+10|3.716839143e+10|3.847933116e+10|2.000000|2.000000|2.000000
3.445207532e+06|3.571302349e+10|3.702319755e+10|3.832955839e+10|2.000000|2.000000|2.000000
3.454478219e+06|3.553334814e+10|3.683706389e+10|3.813755476e+10|2.000000|2.000000|2.000000
3.462457744e+06|3.537869682e+10|3.667685375e+10|3.797229216e+10|2.000000|2.000000|2.000000
3.469537855e+06|3.524147706e+10|3.653470171e+10|3.782565717e+10|2.000000|2.000000|2.000000
3.477048466e+06|3.509591378e+10|3.638390627e+10|3.767010618e+10|2.000000|2.000000|2.000000
3.484147994e+06|3.495831769e+10|3.624136438e+10|3.752306904e+10|2.000000|2.000000|2.000000
3.491326131e+06|3.481919809e+10|3.609724423e+10|3.737440386e+10|2.000000|2.000000|2.000000
3.498700173e+06|3.467628164e+10|3.594919075e+10|3.722168132e+10|2.000000|2.000000|2.000000
3.505581109e+06|3.454292210e+10|3.581103770e+10|3.707917142e+10|2.000000|2.000000|2.000000
3.511614690e+06|3.442598516e+10|3.568989755e+10|3.695421094e+10|2.000000|2.000000|2.000000
3.518548955e+06|3.429159203e+10|3.555067375e+10|3.681059653e+10|2.000000|2.000000|2.000000
3.525212286e+06|3.416244990e+10|3.541688970e+10|3.667259341e+10|2.000000|2.000000|2.000000
3.531628907e+06|3.403808925e+10|3.528805899e+10|3.653969985e+10|2.000000|2.000000|2.000000
3.538319983e+06|3.390840938e+10|3.515371788e+10|3.640112211e+10|2.000000|2.000000|2.000000
3.545363920e+06|3.377189072e+10|3.501229215e+10|3.625523633e+10|2.000000|2.000000|2.000000
3.552175902e+06|3.363986757e+10|3.487552352e+10|3.611415452e+10|2.000000|2.000000|2.000000
3.559593398e+06|3.349610894e+10|3.472659759e+10|3.596053200e+10|2.000000|2.000000|2.000000
3.566891786e+06|3.335465875e+10|3.458006307e+10|3.580937631e+10|2.000000|2.000000|2.000000
3.575157280e+06|3.319446506e+10|3.441411133e+10|3.563819106e+10|2.000000|2.000000|2.000000
3.582566932e+06|3.305085846e+10|3.426534290e+10|3.548473101e+10|2.000000|2.000000|2.000000
3.589902380e+06|3.290869001e+10|3.411806431e+10|3.533280778e+10|2.000000|2.000000|2.000000
3.597427489e+06|3.276284574e+10|3.396697777e+10|3.517695652e+10|2.000000|2.000000|2.000000
3.605024191e+06|3.261561393e+10|3.381445381e+10|3.501962251e+10|2.000000|2.000000|2.000000
3.613378014e+06|3.245370832e+10|3.364672862e+10|3.484660788e+10|2.000000|2.000000|2.000000
3.621172464e+06|3.230264395e+10|3.349023436e+10|3.468517835e+10|2.000000|2.000000|2.000000
3.628724288e+06|3.215628190e+10|3.333861143e+10|3.452877378e+10|2.000000|2.000000|2.000000
3.636047030e+06|3.201435971e+10|3.319158795e+10|3.437711372e+10|2.000000|2.000000|2.000000
3.643656696e+06|3.186687664e+10|3.303880370e+10|3.421951121e+10|2.000000|2.000000|2.000000
3.652792024e+06|3.168982468e+10|3.285538774e+10|3.403031097e+10|2.000000|2.000000|2.000000
3.660429839e+06|3.154179604e+10|3.270203831e+10|3.387212546e+10|2.000000|2.000000|2.000000
3.667853142e+06|3.139792487e+10|3.255299579e+10|3.371838268e+10|2.000000|2.000000|2.000000
3.675029623e+06|3.125883736e+10|3.240890888e+10|3.356975179e+10|2.000000|2.000000|2.000000
3.682149036e+06|3.112085589e+10|3.226596776e+10|3.342230283e+10|2.000000|2.000000|2.000000
3.689404276e+06|3.098024196e+10|3.212029957e+10|3.327204079e+10|2.000000|2.000000|2.000000
3.696158513e+06|3.084933796e+10|3.198469032e+10|3.313215492e+10|2.000000|2.000000|2.000000
3.702917749e+06|3.071833710e+10|3.184898073e+10|3.299216553e+10|2.000000|2.000000|2.000000
3.709131226e+06|3.059791359e+10|3.172422868e+10|3.286347926e+10|2.000000|2.000000|2.000000
3.715835766e+06|3.046797278e+10|3.158961724e+10|3.272462266e+10|2.000000|2.000000|2.000000
3.723550275e+06|3.031845773e+10|3.143472798e+10|3.256484876e+10|2.000000|2.000000|2.000000
3.731161918e+06|3.017093633e+10|3.128190403e+10|3.240720529e+10|2.000000|2.000000|2.000000
3.739239723e+06|3.001438025e+10|3.111972065e+10|3.223990724e+10|2.000000|2.000000|2.000000
3.746434638e+06|2.987493547e+10|3.097526363e+10|3.209089456e+10|2.000000|2.000000|2.000000
3.753382554e+06|2.974027779e+10|3.083576577e+10|3.194699745e+10|2.000000|2.000000|2.000000
3.761425887e+06|2.958438980e+10|3.067427450e+10|3.178041334e+10|2.000000|2.000000|2.000000
3.768851592e+06|2.944047208e+10|3.052518376e+10|3.162662081e+10|2.000000|2.000000|2.000000
3.776888971e+06|2.928469950e+10|3.036381205e+10|3.146016002e+10|2.000000|2.000000|2.000000
3.785113209e+06|2.912530538e+10|3.019868862e+10|3.128982920e+10|2.000000|2.000000|2.000000
3.793310563e+06|2.896643232e+10|3.003410499e+10|3.112005519e+10|2.000000|2.000000|2.000000
3.800680644e+06|2.882359264e+10|2.988613104e+10|3.096741468e+10|2.000000|2.000000|2.000000
3.809093016e+06|2.866055230e+10|2.971723033e+10|3.079318746e+10|2.000000|2.000000|2.000000
3.815824544e+06|2.853008845e+10|2.958207705e+10|3.065377193e+10|2.000000|2.000000|2.000000
3.822702148e+06|2.839679348e+10|2.944399089e+10|3.051133103e+10|2.000000|2.000000|2.000000
3.829715897e+06|2.826085988e+10|2.930317124e+10|3.036607045e+10|2.000000|2.000000|2.000000
3.836906624e+06|2.812149628e+10|2.915879832e+10|3.021714453e+10|2.000000|2.000000|2.000000
3.844137488e+06|2.798135476e+10|2.901361951e+10|3.006738731e+10|2.000000|2.000000|2.000000
3.852418046e+06|2.782086911e+10|2.884736532e+10|2.989589007e+10|2.000000|2.000000|2.000000
3.859788428e+06|2.767802361e+10|2.869938535e+10|2.974324334e+10|2.000000|2.000000|2.000000
3.866571576e+06|2.754655930e+10|2.856319564e+10|2.960275870e+10|2.000000|2.000000|2.000000
3.873127294e+06|2.741950280e+10|2.843157219e+10|2.946698432e+10|2.000000|2.000000|2.000000
3.881324534e+06|2.726063194e+10|2.826699083e+10|2.929721266e+10|2.000000|2.000000|2.000000
3.889278867e+06|2.710646887e+10|2.810728648e+10|2.913247182e+10|2.000000|2.000000|2.000000
3.895658725e+06|2.698282073e+10|2.797919389e+10|2.900033966e+10|2.000000|2.000000|2.000000
3.902747544e+06|2.684543220e+10|2.783686704e+10|2.885352433e+10|2.000000|2.000000|2.000000
3.909575234e+06|2.671310461e+10|2.769978303e+10|2.871211718e+10|2.000000|2.000000|2.000000
3.916886405e+06|2.657140668e+10|2.755299186e+10|2.856069676e+10|2.000000|2.000000|2.000000
3.924512761e+06|2.642360012e+10|2.739987250e+10|2.840274857e+10|2.000000|2.000000|2.000000
3.933006212e+06|2.625898841e+10|2.722934394e+10|2.822684215e+10|2.000000|2.000000|2.000000
3.939979254e+06|2.612384375e+10|2.708934160e+10|2.808242465e+10|2.000000|2.000000|2.000000
3.948568100e+06|2.595738318e+10|2.691689772e+10|2.790454252e+10|2.000000|2.000000|2.000000
3.956796601e+06|2.579790643e+10|2.675168870e+10|2.773412340e+10|2.000000|2.000000|2.000000
3.965199618e+06|2.563504743e+10|2.658297584e+10|2.756008995e+10|2.000000|2.000000|2.000000
3.972172962e+06|2.550129378e+10|2.644440984e+10|2.741566619e+10|3.000000|3.000000|2.000000
3.979342446e+06|2.536388151e+10|2.630205326e+10|2.726844428e+10|3.000000|3.000000|3.000000
3.986480024e+06|2.522761499e+10|2.616088186e+10|2.712214941e+10|3.000000|3.000000|3.000000
3.992785154e+06|2.510768337e+10|2.603663185e+10|2.699338905e+10|3.000000|3.000000|3.000000
4.000115593e+06|2.496876929e+10|2.589271414e+10|2.684424586e+10|3.000000|3.000000|3.000000
4.007498430e+06|2.482942615e+10|2.574835004e+10|2.669463880e+10|3.000000|3.000000|3.000000
4.014585020e+06|2.469620521e+10|2.561032698e+10|2.655160187e+10|3.000000|3.000000|3.000000
4.023227809e+06|2.453443109e+10|2.544271917e+10|2.637790391e+10|3.000000|3.000000|3.000000
4.030823430e+06|2.439289255e+10|2.529607454e+10|2.622592942e+10|3.000000|3.000000|3.000000
4.037408758e+06|2.427065942e+10|2.516943018e+10|2.609468103e+10|3.000000|3.000000|3.000000
4.044329733e+06|2.414267474e+10|2.503682512e+10|2.595725418e+10|3.000000|3.000000|3.000000
4.051067282e+06|2.401855197e+10|2.490821984e+10|2.582397149e+10|3.000000|3.000000|3.000000
4.058798860e+06|2.387668642e+10|2.476122913e+10|2.567163342e+10|3.000000|3.000000|3.000000
4.066613224e+06|2.373391885e+10|2.461330178e+10|2.551832325e+10|3.000000|3.000000|3.000000
4.074551554e+06|2.358951970e+10|2.446368179e+10|2.536325744e+10|3.000000|3.000000|3.000000
4.081596414e+06|2.346190588e+10|2.433145227e+10|2.522621388e+10|3.000000|3.000000|3.000000
4.089108238e+06|2.332638392e+10|2.419102675e+10|2.508067471e+10|3.000000|3.000000|3.000000
4.096078528e+06|2.320113878e+10|2.406124823e+10|2.494616913e+10|3.000000|3.000000|3.000000
4.103224231e+06|2.307324694e+10|2.392872555e+10|2.480881831e+10|3.000000|3.000000|3.000000
4.111022184e+06|2.293426332e+10|2.378470756e+10|2.465955209e+10|3.000000|3.000000|3.000000
4.118206695e+06|2.280674930e+10|2.365257287e+10|2.452260102e+10|3.000000|3.000000|3.000000
4.125461070e+06|2.267851554e+10|2.351969066e+10|2.438487404e+10|3.000000|3.000000|3.000000
4.132662701e+06|2.255172980e+10|2.338830726e+10|2.424869939e+10|3.000000|3.000000|3.000000
4.140454545e+06|2.241513035e+10|2.324675241e+10|2.410198107e+10|3.000000|3.000000|3.000000
4.148269141e+06|2.227873271e+10|2.310540472e+10|2.395547615e+10|3.000000|3.000000|3.000000
4.156302452e+06|2.213914277e+10|2.296074684e+10|2.380553889e+10|3.000000|3.000000|3.000000
4.163219608e+06|2.201945394e+10|2.283671095e+10|2.367697512e+10|3.000000|3.000000|3.000000
4.170912258e+06|2.188689533e+10|2.269933607e+10|2.353458423e+10|3.000000|3.000000|3.000000
4.177889642e+06|2.176716048e+10|2.257524926e+10|2.340596550e+10|3.000000|3.000000|3.000000
4.185292972e+06|2.164063316e+10|2.244412142e+10|2.327004747e+10|3.000000|3.000000|3.000000
4.192939007e+06|2.151051504e+10|2.230927041e+10|2.313026904e+10|3.000000|3.000000|3.000000
4.200133883e+06|2.138859016e+10|2.218290900e+10|2.299928929e+10|3.000000|3.000000|3.000000
4.207417347e+06|2.126567181e+10|2.205551632e+10|2.286723948e+10|3.000000|3.000000|3.000000
4.215768542e+06|2.112536086e+10|2.191009592e+10|2.271650154e+10|3.000000|3.000000|3.000000
4.222928548e+06|2.100559508e+10|2.178596712e+10|2.258783262e+10|3.000000|3.000000|3.000000
4.230794809e+06|2.087457984e+10|2.165017724e+10|2.244707488e+10|3.000000|3.000000|3.000000
4.238362299e+06|2.074909654e+10|2.152011912e+10|2.231225740e+10|3.000000|3.000000|3.000000
4.245296755e+06|2.063458732e+10|2.140143363e+10|2.218922768e+10|3.000000|3.000000|3.000000
4.253346584e+06|2.050223058e+10|2.126424788e+10|2.204701932e+10|3.000000|3.000000|3.000000
4.260455678e+06|2.038585003e+10|2.114361957e+10|2.192197350e+10|3.000000|3.000000|3.000000
4.267954246e+06|2.026360884e+10|2.101691507e+10|2.179062786e+10|3.000000|3.000000|3.000000
4.275290225e+06|2.014452867e+10|2.089348538e+10|2.166267590e+10|3.000000|3.000000|3.000000
4.282732705e+06|2.002423425e+10|2.076879543e+10|2.153341641e+10|3.000000|3.000000|3.000000
4.290035573e+06|1.990669867e+10|2.064696355e+10|2.140711864e+10|3.000000|3.000000|3.000000
4.297177056e+06|1.979224028e+10|2.052831981e+10|2.128412487e+10|3.000000|3.000000|3.000000
4.304397609e+06|1.967699562e+10|2.040885950e+10|2.116028356e+10|3.000000|3.000000|3.000000
4.311978434e+06|1.955651976e+10|2.028397500e+10|2.103081803e+10|3.000000|3.000000|3.000000
4.320275820e+06|1.942526369e+10|2.014791388e+10|2.088976461e+10|3.000000|3.000000|3.000000
4.327917438e+06|1.930494114e+10|2.002318476e+10|2.076045780e+10|3.000000|3.000000|3.000000
4.335587438e+06|1.918470994e+10|1.989854864e+10|2.063124626e+10|3.000000|3.000000|3.000000
4.343117062e+06|1.906720218e+10|1.977673409e+10|2.050495876e+10|3.000000|3.000000|3.000000
4.350382935e+06|1.895430035e+10|1.965969273e+10|2.038361870e+10|3.000000|3.000000|3.000000
4.358033734e+06|1.883593575e+10|1.953698668e+10|2.025640480e+10|3.000000|3.000000|3.000000
4.365221791e+06|1.872521335e+10|1.942220161e+10|2.013740186e+10|3.000000|3.000000|3.000000
4.372337644e+06|1.861606289e+10|1.930904473e+10|2.002008597e+10|3.000000|3.000000|3.000000
4.379586580e+06|1.850534010e+10|1.919425633e+10|1.990107761e+10|3.000000|3.000000|3.000000
4.387056342e+06|1.839173813e+10|1.907648149e+10|1.977897199e+10|3.000000|3.000000|3.000000
4.395584139e+06|1.826265618e+10|1.894265612e+10|1.964022438e+10|3.000000|3.000000|3.000000
4.404385208e+06|1.813011849e+10|1.880524592e+10|1.949775865e+10|3.000000|3.000000|3.000000
4.412047528e+06|1.801529069e+10|1.868619494e+10|1.937432644e+10|3.000000|3.000000|3.000000
4.418647279e+06|1.791680406e+10|1.858408482e+10|1.926845768e+10|3.000000|3.000000|3.000000
4.426677320e+06|1.779749301e+10|1.846038250e+10|1.914020084e+10|3.000000|3.000000|3.000000
4.434912645e+06|1.767572237e+10|1.833412824e+10|1.900929688e+10|3.000000|3.000000|3.000000
4.441966862e+06|1.757189010e+10|1.822647138e+10|1.889767424e+10|3.000000|3.000000|3.000000
4.449446158e+06|1.746227734e+10|1.811281963e+10|1.877983491e+10|3.000000|3.000000|3.000000
4.456653683e+06|1.735711004e+10|1.800377572e+10|1.866677224e+10|3.000000|3.000000|3.000000
4.464846431e+06|1.723811664e+10|1.788039438e+10|1.853884262e+10|3.000000|3.000000|3.000000
4.471969838e+06|1.713512847e+10|1.777360700e+10|1.842811770e+10|3.000000|3.000000|3.000000
4.479454407e+06|1.702739214e+10|1.766189485e+10|1.831228546e+10|3.000000|3.000000|3.000000
4.486827501e+06|1.692173339e+10|1.755233550e+10|1.819868445e+10|3.000000|3.000000|3.000000
4.494066448e+06|1.681845236e+10|1.744524024e+10|1.808763752e+10|3.000000|3.000000|3.000000
4.500565665e+06|1.672610862e+10|1.734948504e+10|1.798834829e+10|3.000000|3.000000|3.000000
4.507316939e+06|1.663056652e+10|1.725041213e+10|1.788561813e+10|3.000000|3.000000|3.000000
4.514750763e+06|1.652581533e+10|1.714178845e+10|1.777298373e+10|3.000000|3.000000|3.000000
4.523120567e+06|1.640843807e+10|1.702007021e+10|1.764677014e+10|3.000000|3.000000|3.000000
4.532343661e+06|1.627978270e+10|1.688665467e+10|1.750842586e+10|3.000000|3.000000|3.000000
4.540065581e+06|1.617262076e+10|1.677552613e+10|1.739319081e+10|3.000000|3.000000|3.000000
4.547477450e+06|1.607023427e+10|1.666934837e+10|1.728308854e+10|3.000000|3.000000|3.000000
4.554739295e+06|1.597036786e+10|1.656578265e+10|1.717569396e+10|3.000000|3.000000|3.000000
4.561498943e+06|1.587780480e+10|1.646978961e+10|1.707615124e+10|3.000000|3.000000|3.000000
4.569087646e+06|1.577434390e+10|1.636249356e+10|1.696488662e+10|3.000000|3.000000|3.000000
4.577623724e+06|1.565854006e+10|1.624239529e+10|1.684034513e+10|3.000000|3.000000|3.000000
4.586600923e+06|1.553740426e+10|1.611676537e+10|1.671006605e+10|3.000000|3.000000|3.000000
4.594712528e+06|1.542852180e+10|1.600384168e+10|1.659296228e+10|3.000000|3.000000|3.000000
4.603000020e+06|1.531783852e+10|1.588904865e+10|1.647391887e+10|3.000000|3.000000|3.000000
4.610504217e+06|1.521810332e+10|1.578560876e+10|1.636664802e+10|3.000000|3.000000|3.000000
4.618454446e+06|1.511294321e+10|1.567654094e+10|1.625353981e+10|3.000000|3.000000|3.000000
4.626014794e+06|1.501341884e+10|1.557331687e+10|1.614649090e+10|3.000000|3.000000|3.000000
4.633674520e+06|1.491306065e+10|1.546922659e+10|1.603854274e+10|3.000000|3.000000|3.000000
4.640862717e+06|1.481931343e+10|1.537199183e+10|1.593770335e+10|3.000000|3.000000|3.000000
4.648236689e+06|1.472357768e+10|1.527269327e+10|1.583472281e+10|3.000000|3.000000|3.000000
4.655158491e+06|1.463411144e+10|1.517989637e+10|1.573848424e+10|3.000000|3.000000|3.000000
4.663897062e+06|1.452171306e+10|1.506331199e+10|1.561757488e+10|3.000000|3.000000|3.000000
4.671144713e+06|1.442895568e+10|1.496709872e+10|1.551779146e+10|3.000000|3.000000|3.000000
4.678525727e+06|1.433492279e+10|1.486956116e+10|1.541663377e+10|3.000000|3.000000|3.000000
4.685969888e+06|1.424052491e+10|1.477164372e+10|1.531508126e+10|3.000000|3.000000|3.000000
4.693329066e+06|1.414763720e+10|1.467529148e+10|1.521515123e+10|3.000000|3.000000|3.000000
4.700836634e+06|1.405331828e+10|1.457745338e+10|1.511367931e+10|3.000000|3.000000|3.000000
4.708358990e+06|1.395925970e+10|1.447988402e+10|1.501248527e+10|3.000000|3.000000|3.000000
4.716149066e+06|1.386232277e+10|1.437932751e+10|1.490819222e+10|3.000000|3.000000|3.000000
4.723856765e+06|1.376687928e+10|1.428031885e+10|1.480550364e+10|3.000000|3.000000|3.000000
4.732420229e+06|1.366138349e+10|1.417088081e+10|1.469199702e+10|3.000000|3.000000|3.000000
4.740168298e+06|1.356642502e+10|1.407237245e+10|1.458982548e+10|3.000000|3.000000|3.000000
4.749137094e+06|1.345708754e+10|1.395894585e+10|1.447217985e+10|3.000000|3.000000|3.000000
4.758033415e+06|1.334924826e+10|1.384707172e+10|1.435614329e+10|3.000000|3.000000|3.000000
4.765624009e+06|1.325771900e+10|1.375211648e+10|1.425765420e+10|3.000000|3.000000|3.000000
4.773287116e+06|1.316576434e+10|1.365671862e+10|1.415870519e+10|3.000000|3.000000|3.000000
4.781775994e+06|1.306442558e+10|1.355158378e+10|1.404965576e+10|3.000000|3.000000|3.000000
4.789324053e+06|1.297478001e+10|1.345857884e+10|1.395318701e+10|3.000000|3.000000|3.000000
4.797858525e+06|1.287394107e+10|1.335395958e+10|1.384467044e+10|3.000000|3.000000|3.000000
4.807130576e+06|1.276501282e+10|1.324094598e+10|1.372744566e+10|3.000000|3.000000|3.000000
4.814899926e+06|1.267423819e+10|1.314676544e+10|1.362975479e+10|3.000000|3.000000|3.000000
4.822122531e+06|1.259025895e+10|1.305963410e+10|1.353937511e+10|3.000000|3.000000|3.000000
4.830128111e+06|1.249763305e+10|1.296353027e+10|1.343968761e+10|3.000000|3.000000|3.000000
4.838540497e+06|1.240081657e+10|1.286307707e+10|1.333548761e+10|3.000000|3.000000|3.000000
4.846203211e+06|1.231308678e+10|1.277205059e+10|1.324106510e+10|3.000000|3.000000|3.000000
4.854051886e+06|1.222367991e+10|1.267928274e+10|1.314483545e+10|3.000000|3.000000|3.000000
4.861200186e+06|1.214264798e+10|1.259520356e+10|1.305761797e+10|3.000000|3.000000|3.000000
4.869908457e+06|1.204444175e+10|1.249330281e+10|1.295191282e+10|3.000000|3.000000|3.000000
4.878185783e+06|1.195161222e+10|1.239697959e+10|1.285199250e+10|3.000000|3.000000|3.000000
4.885799929e+06|1.186666338e+10|1.230883245e+10|1.276055279e+10|3.000000|3.000000|3.000000
4.893769881e+06|1.177819833e+10|1.221703544e+10|1.266532608e+10|3.000000|3.000000|3.000000
4.901183309e+06|1.169632553e+10|1.213207784e+10|1.257719357e+10|3.000000|3.000000|3.000000
4.909654954e+06|1.160325391e+10|1.203549812e+10|1.247700375e+10|3.000000|3.000000|3.000000
4.918629481e+06|1.150522322e+10|1.193377086e+10|1.237147299e+10|3.000000|3.000000|3.000000
4.926623152e+06|1.141839494e+10|1.184366709e+10|1.227799945e+10|3.000000|3.000000|3.000000
4.935206573e+06|1.132567110e+10|1.174744399e+10|1.217817683e+10|3.000000|3.000000|3.000000
4.944023219e+06|1.123097606e+10|1.164917379e+10|1.207622958e+10|3.000000|3.000000|3.000000
4.951610290e+06|1.114993045e+10|1.156506716e+10|1.198897509e+10|3.000000|3.000000|3.000000
4.959812516e+06|1.106277326e+10|1.147461686e+10|1.189513872e+10|3.000000|3.000000|3.000000
4.968596377e+06|1.096996316e+10|1.137829865e+10|1.179521386e+10|3.000000|3.000000|3.000000
4.976812918e+06|1.088363947e+10|1.128871070e+10|1.170227042e+10|3.000000|3.000000|3.000000
4.985416807e+06|1.079375423e+10|1.119542517e+10|1.160549005e+10|3.000000|3.000000|3.000000
4.993540280e+06|1.070936316e+10|1.110784038e+10|1.151462317e+10|3.000000|3.000000|3.000000
5.002790243e+06|1.061382941e+10|1.100868973e+10|1.141175608e+10|3.000000|3.000000|3.000000
5.011659334e+06|1.052278710e+10|1.091419908e+10|1.131372271e+10|3.000000|3.000000|3.000000
5.020086536e+06|1.043678481e+10|1.082493801e+10|1.122111414e+10|3.000000|3.000000|3.000000
5.029498457e+06|1.034131140e+10|1.072584543e+10|1.111830439e+10|3.000000|3.000000|3.000000
5.038312487e+06|1.025245406e+10|1.063361826e+10|1.102261666e+10|3.000000|3.000000|3.000000
5.046064076e+06|1.017474643e+10|1.055296249e+10|1.093893379e+10|3.000000|3.000000|3.000000
5.053838988e+06|1.009721610e+10|1.047248967e+10|1.085544005e+10|3.000000|3.000000|3.000000
5.063453765e+06|1.000190621e+10|1.037356104e+10|1.075279674e+10|3.000000|3.000000|3.000000
5.071830126e+06|9.919381948e+09|1.028790216e+10|1.066392060e+10|3.000000|3.000000|3.000000
5.080954503e+06|9.830025810e+09|1.019515050e+10|1.056768442e+10|3.000000|3.000000|3.000000
5.090569748e+06|9.736466771e+09|1.009803468e+10|1.046691914e+10|3.000000|3.000000|3.000000
5.098943278e+06|9.655493056e+09|1.001398133e+10|1.037970638e+10|3.000000|3.000000|3.000000
5.107262861e+06|9.575503061e+09|9.930947939e+09|1.029355117e+10|3.000000|3.000000|3.000000
5.115399336e+06|9.497717421e+09|9.850201637e+09|1.020976833e+10|3.000000|3.000000|3.000000
5.124673675e+06|9.409586856e+09|9.758715306e+09|1.011484072e+10|3.000000|3.000000|3.000000
5.134246720e+06|9.319211215e+09|9.664896911e+09|1.001749237e+10|3.000000|3.000000|3.000000
5.142240978e+06|9.244200371e+09|9.587027454e+09|9.936692323e+09|3.000000|3.000000|3.000000
5.150887989e+06|9.163534220e+09|9.503285988e+09|9.849798535e+09|3.000000|3.000000|3.000000
5.159001478e+06|9.088287271e+09|9.425169218e+09|9.768740482e+09|3.000000|3.000000|3.000000
5.166695751e+06|9.017322221e+09|9.351496668e+09|9.692293370e+09|3.000000|3.000000|3.000000
5.176637760e+06|8.926191833e+09|9.256888011e+09|9.594120804e+09|3.000000|3.000000|3.000000
5.186557320e+06|8.835900293e+09|9.163148652e+09|9.496849304e+09|3.000000|3.000000|3.000000
5.196041525e+06|8.750160269e+09|9.074133156e+09|9.404478762e+09|3.000000|3.000000|3.000000
5.205174960e+06|8.668132965e+09|8.988970884e+09|9.316105846e+09|3.000000|3.000000|3.000000
5.214059510e+06|8.588848712e+09|8.906655255e+09|9.230686123e+09|3.000000|3.000000|3.000000
5.225134448e+06|8.490715954e+09|8.804768762e+09|9.124956472e+09|3.000000|3.000000|3.000000
5.234744823e+06|8.406185439e+09|8.717003303e+09|9.033879563e+09|3.000000|3.000000|3.000000
5.243992892e+06|8.325387565e+09|8.633112014e+09|8.946822186e+09|3.000000|3.000000|3.000000
5.253008718e+06|8.247131957e+09|8.551859091e+09|8.862501987e+09|3.000000|3.000000|3.000000
5.262243136e+06|8.167502082e+09|8.469178010e+09|8.776698949e+09|3.000000|3.000000|3.000000
5.272097793e+06|8.083105156e+09|8.381545834e+09|8.685757016e+09|3.000000|3.000000|3.000000
5.281148297e+06|8.006121637e+09|8.301610000e+09|8.602801340e+09|3.000000|3.000000|3.000000
5.290967470e+06|7.923167492e+09|8.215473228e+09|8.513409645e+09|3.000000|3.000000|3.000000
5.300243131e+06|7.845345328e+09|8.134664061e+09|8.429546099e+09|3.000000|3.000000|3.000000
5.309620045e+06|7.767204875e+09|8.053523146e+09|8.345337509e+09|3.000000|3.000000|3.000000
5.319435929e+06|7.685976045e+09|7.969173941e+09|8.257798527e+09|3.000000|3.000000|3.000000
5.329292621e+06|7.604993265e+09|7.885078888e+09|8.170522487e+09|3.000000|3.000000|3.000000
5.338487974e+06|7.529969103e+09|7.807170240e+09|8.089666127e+09|3.000000|3.000000|3.000000
5.348629773e+06|7.447808061e+09|7.721848978e+09|8.001115882e+09|3.000000|3.000000|3.000000
5.358208655e+06|7.370768410e+09|7.641844818e+09|7.918083192e+09|3.000000|3.000000|3.000000
5.368379499e+06|7.289561671e+09|7.557511872e+09|7.830557042e+09|3.000000|3.000000|3.000000
5.377981143e+06|7.213458277e+09|7.478477476e+09|7.748529310e+09|3.000000|3.000000|3.000000
5.386718559e+06|7.144674293e+09|7.407043333e+09|7.674389050e+09|3.000000|3.000000|3.000000
5.396249679e+06|7.070149918e+09|7.329646496e+09|7.594059536e+09|3.000000|3.000000|3.000000
5.406869312e+06|6.987735831e+09|7.244054470e+09|7.505223482e+09|3.000000|3.000000|3.000000
5.416535429e+06|6.913288299e+09|7.166734946e+09|7.424972722e+09|3.000000|3.000000|3.000000
5.426958906e+06|6.833610007e+09|7.083981554e+09|7.339081309e+09|3.000000|3.000000|3.000000
5.438116797e+06|6.749007026e+09|6.996111910e+09|7.247878746e+09|3.000000|3.000000|3.000000
5.449472843e+06|6.663629592e+09|6.907436338e+09|7.155838755e+09|3.000000|3.000000|3.000000
5.459746786e+06|6.587017179e+09|6.827863030e+09|7.073245579e+09|3.000000|3.000000|3.000000
5.469749824e+06|6.512996601e+09|6.750980506e+09|6.993444589e+09|3.000000|3.000000|3.000000
5.479760652e+06|6.439480399e+09|6.674620669e+09|6.914185428e+09|3.000000|3.000000|3.000000
5.491400123e+06|6.354707302e+09|6.586567037e+09|6.822787605e+09|3.000000|3.000000|3.000000
5.502352574e+06|6.275624945e+09|6.504422933e+09|6.737522911e+09|3.000000|3.000000|3.000000
5.512502481e+06|6.202928961e+09|6.428911229e+09|6.659141866e+09|3.000000|3.000000|3.000000
5.523702183e+06|6.123371120e+09|6.346270538e+09|6.573360160e+09|3.000000|3.000000|3.000000
5.533502361e+06|6.054317558e+09|6.274540016e+09|6.498902636e+09|3.000000|3.000000|3.000000
5.543514799e+06|5.984308042e+09|6.201815387e+09|6.423412582e+09|3.000000|3.000000|3.000000
5.554627835e+06|5.907238358e+09|6.121755506e+09|6.340307614e+09|3.000000|3.000000|3.000000
5.565706900e+06|5.831066345e+09|6.042626803e+09|6.258168488e+09|3.000000|3.000000|3.000000
5.577419839e+06|5.751251193e+09|5.959712135e+09|6.172098559e+09|3.000000|3.000000|3.000000
5.588859750e+06|5.674001936e+09|5.879461623e+09|6.088793385e+09|3.000000|3.000000|3.000000
5.599730646e+06|5.601237382e+09|5.803868804e+09|6.010322492e+09|3.000000|3.000000|3.000000
5.611534202e+06|5.522934970e+09|5.722521521e+09|5.925877282e+09|3.000000|3.000000|3.000000
5.623806314e+06|5.442298002e+09|5.638747426e+09|5.838912017e+09|3.000000|3.000000|3.000000
5.635769443e+06|5.364446077e+09|5.557865299e+09|5.754948091e+09|3.000000|3.000000|3.000000
5.644290700e+06|5.309444662e+09|5.500722240e+09|5.695627279e+09|3.000000|3.000000|3.000000
5.656178082e+06|5.233341071e+09|5.421654169e+09|5.613545245e+09|3.000000|3.000000|3.000000
5.668851481e+06|5.153002707e+09|5.338184905e+09|5.526893451e+09|3.000000|3.000000|3.000000
5.682137010e+06|5.069661891e+09|5.251594590e+09|5.437000740e+09|3.000000|3.000000|3.000000
5.693781190e+06|4.997351690e+09|5.176463662e+09|5.359003745e+09|3.000000|3.000000|3.000000
5.705635514e+06|4.924436887e+09|5.100703306e+09|5.280352646e+09|3.000000|3.000000|3.000000
5.718774290e+06|4.844442158e+09|5.017585291e+09|5.194062378e+09|3.000000|3.000000|3.000000
5.728983992e+06|4.782873148e+09|4.953611375e+09|5.127646315e+09|3.000000|3.000000|3.000000
5.741883555e+06|4.705819172e+09|4.873546390e+09|5.044524258e+09|3.000000|3.000000|3.000000
5.753911017e+06|4.634710528e+09|4.799657818e+09|4.967813796e+09|3.000000|3.000000|3.000000
5.767850924e+06|4.553177894e+09|4.714936270e+09|4.879855874e+09|3.000000|3.000000|3.000000
5.781047647e+06|4.476859601e+09|4.635631585e+09|4.797521010e+09|3.000000|3.000000|3.000000
5.793529129e+06|4.405448868e+09|4.561425249e+09|4.720478667e+09|3.000000|3.000000|3.000000
5.806044786e+06|4.334590566e+09|4.487791781e+09|4.644030486e+09|3.000000|3.000000|3.000000
5.819400301e+06|4.259798025e+09|4.410068702e+09|4.563335724e+09|3.000000|3.000000|3.000000
5.831549562e+06|4.192491855e+09|4.340124198e+09|4.490716389e+09|3.000000|3.000000|3.000000
5.845407400e+06|4.116565009e+09|4.261219812e+09|4.408793904e+09|3.000000|3.000000|3.000000
5.859279453e+06|4.041455739e+09|4.183163729e+09|4.327751527e+09|3.000000|3.000000|3.000000
5.875002160e+06|3.957401296e+09|4.095809950e+09|4.237054995e+09|3.000000|3.000000|3.000000
5.888384069e+06|3.886754081e+09|4.022388383e+09|4.160823221e+09|3.000000|3.000000|3.000000
5.901158094e+06|3.820076743e+09|3.953091522e+09|4.088873537e+09|3.000000|3.000000|3.000000
5.915232947e+06|3.747463737e+09|3.877624625e+09|4.010517084e+09|3.000000|3.000000|3.000000
5.932723426e+06|3.658467827e+09|3.785129264e+09|3.914479428e+09|3.000000|3.000000|3.000000
5.948689514e+06|3.578416755e+09|3.701928907e+09|3.828092076e+09|3.000000|3.000000|3.000000
5.962891523e+06|3.508155649e+09|3.628902456e+09|3.752267835e+09|3.000000|3.000000|3.000000
5.977317652e+06|3.437689702e+09|3.555661976e+09|3.676220906e+09|3.000000|3.000000|3.000000
5.993738723e+06|3.358579130e+09|3.473435165e+09|3.590842777e+09|3.000000|3.000000|3.000000
6.010059025e+06|3.281104576e+09|3.392907466e+09|3.507228360e+09|3.000000|3.000000|3.000000
6.024908459e+06|3.211600586e+09|3.320663313e+09|3.432214593e+09|3.000000|3.000000|3.000000
6.040103887e+06|3.141443766e+09|3.247739527e+09|3.356494764e+09|3.000000|3.000000|3.000000
6.054472903e+06|3.075994738e+09|3.179708256e+09|3.285854719e+09|3.000000|3.000000|3.000000
6.070570937e+06|3.003691951e+09|3.104551766e+09|3.207815892e+09|3.000000|3.000000|3.000000
6.084972165e+06|2.939917767e+09|3.038259591e+09|3.138981070e+09|3.000000|3.000000|3.000000
6.100173487e+06|2.873522570e+09|2.969242039e+09|3.067316095e+09|3.000000|3.000000|3.000000
6.119611616e+06|2.789989601e+09|2.882408594e+09|2.977151523e+09|3.000000|3.000000|3.000000
6.139038188e+06|2.708024486e+09|2.797203642e+09|2.888677632e+09|3.000000|3.000000|3.000000
6.158798297e+06|2.626192414e+09|2.712135744e+09|2.800345833e+09|3.000000|3.000000|3.000000
6.176871439e+06|2.552692343e+09|2.635728292e+09|2.721006632e+09|3.000000|3.000000|3.000000
6.197136279e+06|2.471791743e+09|2.551626508e+09|2.633677789e+09|3.000000|3.000000|3.000000
6.217527702e+06|2.391982357e+09|2.468658084e+09|2.547525784e+09|3.000000|3.000000|3.000000
6.237362795e+06|2.315869584e+09|2.389531697e+09|2.465363305e+09|3.000000|3.000000|3.000000
6.259072505e+06|2.234260679e+09|2.304690670e+09|2.377267077e+09|3.000000|3.000000|3.000000
6.278208266e+06|2.163781524e+09|2.231419509e+09|2.301184848e+09|3.000000|3.000000|3.000000
6.299348188e+06|2.087486081e+09|2.152101025e+09|2.218823607e+09|3.000000|3.000000|3.000000
6.322653831e+06|2.005255575e+09|2.066611689e+09|2.130055285e+09|3.000000|3.000000|3.000000
6.343853910e+06|1.932146187e+09|1.990604506e+09|2.051133356e+09|3.000000|3.000000|3.000000
6.363100924e+06|1.867150847e+09|1.923032726e+09|1.980970844e+09|3.000000|3.000000|3.000000
6.384208534e+06|1.797363075e+09|1.850478368e+09|1.905635384e+09|3.000000|3.000000|3.000000
6.409100433e+06|1.717041617e+09|1.766972665e+09|1.818929812e+09|3.000000|3.000000|3.000000
6.435641858e+06|1.633722404e+09|1.680350487e+09|1.728989708e+09|3.000000|3.000000|3.000000
6.464565509e+06|1.545613760e+09|1.588749430e+09|1.633881828e+09|3.000000|3.000000|3.000000
6.492916016e+06|1.461927266e+09|1.501746516e+09|1.543550177e+09|3.000000|3.000000|3.000000
6.523923373e+06|1.373377991e+09|1.409689264e+09|1.447973402e+09|3.000000|3.000000|3.000000
6.554434329e+06|1.289230007e+09|1.322209200e+09|1.357151730e+09|3.000000|3.000000|3.000000
6.582776913e+06|1.213665349e+09|1.243654034e+09|1.275598721e+09|3.000000|3.000000|3.000000
6.612271334e+06|1.137643466e+09|1.164625603e+09|1.193557555e+09|3.000000|3.000000|3.000000
6.646582444e+06|1.052496843e+09|1.076114641e+09|1.101676765e+09|3.000000|3.000000|3.000000
6.681359181e+06|9.697313366e+08|9.900827759e+08|1.012374691e+09|3.000000|3.000000|3.000000
6.714629869e+06|8.938106055e+08|9.111700119e+08|9.304676675e+08|3.000000|3.000000|3.000000
6.750523004e+06|8.154016764e+08|8.296761738e+08|8.458879482e+08|3.000000|3.000000|3.000000
6.794658622e+06|7.238397248e+08|7.345200917e+08|7.471383199e+08|3.000000|3.000000|3.000000
6.836519441e+06|6.418115567e+08|6.492814798e+08|6.586913630e+08|3.000000|3.000000|3.000000
6.883207508e+06|5.556915820e+08|5.598030713e+08|5.658583104e+08|3.000000|3.000000|3.000000
6.933159265e+06|4.696247506e+08|4.703956891e+08|4.731157434e+08|3.000000|3.000000|3.000000
6.988532931e+06|3.813006122e+08|3.786646891e+08|3.779849324e+08|3.000000|3.000000|3.000000
7.036105874e+06|3.111583113e+08|3.058367756e+08|3.024780005e+08|3.000000|3.000000|3.000000
7.091476913e+06|2.359499664e+08|2.277745426e+08|2.215697343e+08|3.000000|3.000000|3.000000
7.158617010e+06|1.536600674e+08|1.424029584e+08|1.331255960e+08|3.000000|3.000000|3.000000
7.228569245e+06|7.781789465e+07|6.377392814e+07|5.171795653e+07|3.000000|3.000000|3.000000
7.302587199e+06|7.983931709e+06|-8.559085825e+06|-2.310770146e+07|3.000000|3.000000|3.000000
7.382779834e+06|-5.628116461e+07|-7.503547503e+07|-9.179216941e+07|3.000000|3.000000|3.000000
7.474469608e+06|-1.161790200e+08|-1.368645253e+08|-1.555547995e+08|3.000000|3.000000|3.000000
7.563828073e+06|-1.616046928e+08|-1.835969549e+08|-2.036038063e+08|3.000000|3.000000|3.000000
7.671134589e+06|-2.006394658e+08|-2.235033726e+08|-2.444050402e+08|3.000000|3.000000|3.000000
7.797299354e+06|-2.269402172e+08|-2.499356913e+08|-2.710141544e+08|3.000000|3.000000|3.000000
7.928113771e+06|-2.343786997e+08|-2.565915120e+08|-2.769569012e+08|3.000000|3.000000|3.000000
8.067484725e+06|-2.230079742e+08|-2.434754174e+08|-2.621969422e+08|3.000000|3.000000|3.000000
8.232462650e+06|-1.878288625e+08|-2.051805640e+08|-2.209447626e+08|3.000000|3.000000|3.000000
8.417998791e+06|-1.255687254e+08|-1.382872090e+08|-1.496468615e+08|3.000000|3.000000|3.000000
8.640959623e+06|-2.711527251e+07|-3.304089968e+07|-3.795199394e+07|3.000000|3.000000|3.000000
8.885607287e+06|1.001344902e+08|1.027261102e+08|1.058731600e+08|3.000000|3.000000|3.000000
9.205296636e+06|2.794194702e+08|2.939935819e+08|3.084146341e+08|3.000000|3.000000|3.000000
9.572503069e+06|4.797163179e+08|5.080351209e+08|5.352814231e+08|3.000000|3.000000|3.000000
1.003931913e+07|6.905141908e+08|7.343154659e+08|7.758243634e+08|3.000000|3.000000|3.000000
1.059008215e+07|8.354160629e+08|8.919697014e+08|9.449427905e+08|3.000000|3.000000|3.000000
1.129680597e+07|8.191181941e+08|8.798437756e+08|9.360358638e+08|3.000000|3.000000|3.000000
1.221926264e+07|4.717806331e+08|5.147473488e+08|5.539557118e+08|3.000000|3.000000|3.000000
1.344977819e+07|-3.162105568e+08|-3.297209948e+08|-3.416591959e+08|3.000000|3.000000|3.000000
1.499253441e+07|-9.859340927e+08|-1.068788568e+09|-1.140705963e+09|3.000000|3.000000|3.000000
1.703307972e+07|5.178926939e+08|5.736798036e+08|6.213522780e+08|3.000000|3.000000|3.000000
1.835145748e+07|3.363098872e+09|3.857440358e+09|4.265579613e+09|3.000000|3.000000|3.000000
