#RRR|P25fit|P50fit|P75fit|P25model|P50model|P75model
2.703072564e+05|1.485963116e+11|1.495480624e+11|1.512017275e+11|0.000000|0.000000|0.000000
4.116240316e+05|1.472142454e+11|1.483360095e+11|1.497726831e+11|0.000000|0.000000|0.000000
4.887407653e+05|1.462962757e+11|1.474692002e+11|1.488210854e+11|0.000000|0.000000|0.000000
5.473326038e+05|1.455160678e+11|1.467142718e+11|1.480180076e+11|0.000000|0.000000|0.000000
5.949172075e+05|1.448279338e+11|1.460403433e+11|1.473153938e+11|0.000000|0.000000|0.000000
6.386367716e+05|1.441515645e+11|1.453734158e+11|1.466303541e+11|0.000000|0.000000|0.000000
6.725780332e+05|1.435968161e+11|1.448243320e+11|1.460726409e+11|0.000000|0.000000|0.000000
7.069355819e+05|1.430085045e+11|1.442408111e+11|1.454851991e+11|0.000000|0.000000|0.000000
7.379096242e+05|1.424548146e+11|1.436910165e+11|1.449359965e+11|0.000000|0.000000|0.000000
7.657442807e+05|1.419382271e+11|1.431778674e+11|1.444266933e+11|0.000000|0.000000|0.000000
7.907435041e+05|1.414588202e+11|1.427016923e+11|1.439566246e+11|0.000000|0.000000|0.000000
8.163991948e+05|1.409515534e+11|1.421980532e+11|1.434618387e+11|0.000000|0.000000|0.000000
8.422391252e+05|1.404249445e+11|1.416755778e+11|1.429509022e+11|0.000000|0.000000|0.000000
8.668135349e+05|1.399094631e+11|1.411646157e+11|1.424533280e+11|0.000000|0.000000|0.000000
8.888570842e+05|1.394348791e+11|1.406946800e+11|1.419973802e+11|0.000000|0.000000|0.000000
9.120509784e+05|1.389230629e+11|1.401884607e+11|1.415078742e+11|0.000000|0.000000|0.000000
9.345627499e+05|1.384140647e+11|1.396856763e+11|1.410232423e+11|0.000000|0.000000|0.000000
9.570164178e+05|1.378943728e+11|1.391730327e+11|1.405305715e+11|0.000000|0.000000|0.000000
9.784653017e+05|1.373867428e+11|1.386730001e+11|1.400513328e+11|0.000000|0.000000|0.000000
9.993640192e+05|1.368816238e+11|1.381761578e+11|1.395763371e+11|0.000000|0.000000|0.000000
1.018821051e+06|1.364020398e+11|1.377051040e+11|1.391270069e+11|0.000000|0.000000|0.000000
1.038964136e+06|1.358961066e+11|1.372088849e+11|1.386546593e+11|0.000000|0.000000|0.000000
1.060577629e+06|1.353425888e+11|1.366668381e+11|1.381397614e+11|0.000000|0.000000|0.000000
1.080026738e+06|1.348351032e+11|1.361706421e+11|1.376693270e+11|0.000000|0.000000|0.000000
1.098541384e+06|1.343437588e+11|1.356909278e+11|1.372152844e+11|0.000000|0.000000|0.000000
1.117308210e+06|1.338375496e+11|1.351974136e+11|1.367489107e+11|0.000000|0.000000|0.000000
1.133845547e+06|1.333846859e+11|1.347565130e+11|1.363328410e+11|0.000000|0.000000|0.000000
1.152879269e+06|1.328556197e+11|1.342421377e+11|1.358480820e+11|0.000000|0.000000|0.000000
1.171561431e+06|1.323282062e+11|1.337301232e+11|1.353661910e+11|0.000000|0.000000|0.000000
1.190678450e+06|1.317802370e+11|1.331989349e+11|1.348668808e+11|0.000000|0.000000|0.000000
1.207522642e+06|1.312905168e+11|1.327248721e+11|1.344217659e+11|0.000000|0.000000|0.000000
1.223241485e+06|1.308277197e+11|1.322774323e+11|1.340020475e+11|0.000000|0.000000|0.000000
1.240435403e+06|1.303151265e+11|1.317824707e+11|1.335381700e+11|0.000000|0.000000|0.000000
1.257271046e+06|1.298068115e+11|1.312922703e+11|1.330791551e+11|0.000000|0.000000|0.000000
1.275294808e+06|1.292556535e+11|1.307614447e+11|1.325825118e+11|0.000000|0.000000|0.000000
1.291441696e+06|1.287558152e+11|1.302806503e+11|1.321330166e+11|0.000000|0.000000|0.000000
1.308028519e+06|1.282364293e+11|1.297816454e+11|1.316668067e+11|0.000000|0.000000|0.000000
1.323767455e+06|1.277380826e+11|1.293034055e+11|1.312202673e+11|0.000000|0.000000|0.000000
1.340117334e+06|1.272147575e+11|1.288017590e+11|1.307521299e+11|0.000000|0.000000|0.000000
1.354964417e+06|1.267346031e+11|1.283419878e+11|1.303232792e+11|0.000000|0.000000|0.000000
1.371744918e+06|1.261863250e+11|1.278175436e+11|1.298343220e+11|0.000000|0.000000|0.000000
1.386434655e+06|1.257015302e+11|1.273543031e+11|1.294025980e+11|0.000000|0.000000|0.000000
1.401951152e+06|1.251846031e+11|1.268608386e+11|1.289428604e+11|0.000000|0.000000|0.000000
1.417006692e+06|1.246783202e+11|1.263779987e+11|1.284931543e+11|0.000000|0.000000|0.000000
1.433186040e+06|1.241291285e+11|1.258547363e+11|1.280059251e+11|0.000000|0.000000|0.000000
1.446441804e+06|1.236752659e+11|1.254226803e+11|1.276037030e+11|0.000000|0.000000|0.000000
1.461127845e+06|1.231683670e+11|1.249405253e+11|1.271549107e+11|0.000000|0.000000|0.000000
1.474666700e+06|1.226973192e+11|1.244928260e+11|1.267382404e+11|0.000000|0.000000|0.000000
1.489604234e+06|1.221734889e+11|1.239953454e+11|1.262752784e+11|0.000000|0.000000|0.000000
1.506115967e+06|1.215894894e+11|1.234411795e+11|1.257595910e+11|0.000000|0.000000|0.000000
1.519099421e+06|1.211266671e+11|1.230023274e+11|1.253512145e+11|0.000000|0.000000|0.000000
1.533626741e+06|1.206050898e+11|1.225080934e+11|1.248912899e+11|0.000000|0.000000|0.000000
1.547130510e+06|1.201167831e+11|1.220456885e+11|1.244609584e+11|0.000000|0.000000|0.000000
1.560548047e+06|1.196283208e+11|1.215834146e+11|1.240307095e+11|0.000000|0.000000|0.000000
1.573411762e+06|1.191569976e+11|1.211376120e+11|1.236157412e+11|0.000000|0.000000|0.000000
1.587826971e+06|1.186253628e+11|1.206350436e+11|1.231478599e+11|0.000000|0.000000|0.000000
1.601738365e+06|1.181088885e+11|1.201470749e+11|1.226934813e+11|0.000000|0.000000|0.000000
1.615147951e+06|1.176079147e+11|1.196739882e+11|1.222528621e+11|0.000000|0.000000|0.000000
1.629196444e+06|1.170798302e+11|1.191755363e+11|1.217884991e+11|0.000000|0.000000|0.000000
1.643102279e+06|1.165538966e+11|1.186793388e+11|1.213261000e+11|0.000000|0.000000|0.000000
1.655491080e+06|1.160826934e+11|1.182349533e+11|1.209118561e+11|0.000000|0.000000|0.000000
1.667842113e+06|1.156104873e+11|1.177897763e+11|1.204967424e+11|0.000000|0.000000|0.000000
1.680371294e+06|1.151290236e+11|1.173360181e+11|1.200734803e+11|0.000000|0.000000|0.000000
1.692932711e+06|1.146438911e+11|1.168789384e+11|1.196469596e+11|0.000000|0.000000|0.000000
1.706601574e+06|1.141132755e+11|1.163791472e+11|1.191803853e+11|0.000000|0.000000|0.000000
1.719445122e+06|1.136121727e+11|1.159072745e+11|1.187396724e+11|0.000000|0.000000|0.000000
1.732724989e+06|1.130915271e+11|1.154171069e+11|1.182816522e+11|0.000000|0.000000|0.000000
1.745147344e+06|1.126022305e+11|1.149565390e+11|1.178510742e+11|0.000000|0.000000|0.000000
1.758927045e+06|1.120569599e+11|1.144433646e+11|1.173710549e+11|0.000000|0.000000|0.000000
1.771202042e+06|1.115690578e+11|1.139842394e+11|1.169413485e+11|0.000000|0.000000|0.000000
1.782684884e+06|1.111108303e+11|1.135530754e+11|1.165375918e+11|0.000000|0.000000|0.000000
1.793860098e+06|1.106632343e+11|1.131319386e+11|1.161430108e+11|0.000000|0.000000|0.000000
1.806361533e+06|1.101606416e+11|1.126590708e+11|1.156996985e+11|0.000000|0.000000|0.000000
1.817916120e+06|1.096943933e+11|1.122203992e+11|1.152881873e+11|0.000000|0.000000|0.000000
1.829444466e+06|1.092275970e+11|1.117812010e+11|1.148759243e+11|0.000000|0.000000|0.000000
1.843158138e+06|1.086702803e+11|1.112568029e+11|1.143833362e+11|0.000000|0.000000|0.000000
1.856708254e+06|1.081175042e+11|1.107366243e+11|1.138943204e+11|0.000000|0.000000|0.000000
1.868627376e+06|1.076295877e+11|1.102774206e+11|1.134622907e+11|0.000000|0.000000|0.000000
1.880292311e+06|1.071506041e+11|1.098265552e+11|1.130377891e+11|0.000000|0.000000|0.000000
1.891080781e+06|1.067063521e+11|1.094083099e+11|1.126437109e+11|0.000000|0.000000|0.000000
1.903402090e+06|1.061975490e+11|1.089291920e+11|1.121919249e+11|0.000000|0.000000|0.000000
1.914599309e+06|1.057338841e+11|1.084924725e+11|1.117797814e+11|0.000000|0.000000|0.000000
1.924850541e+06|1.053083582e+11|1.080915755e+11|1.114011532e+11|0.000000|0.000000|0.000000
1.937429445e+06|1.047849095e+11|1.075982770e+11|1.109348634e+11|0.000000|0.000000|0.000000
1.950201747e+06|1.042520025e+11|1.070958815e+11|1.104595165e+11|0.000000|0.000000|0.000000
1.963331573e+06|1.037027624e+11|1.065778739e+11|1.099688996e+11|0.000000|0.000000|0.000000
1.975321484e+06|1.032000106e+11|1.061035024e+11|1.095191548e+11|0.000000|0.000000|0.000000
1.985436167e+06|1.027750422e+11|1.057023550e+11|1.091384831e+11|0.000000|0.000000|0.000000
1.996975101e+06|1.022893307e+11|1.052436665e+11|1.087028052e+11|0.000000|0.000000|0.000000
2.008272084e+06|1.018129157e+11|1.047935327e+11|1.082748260e+11|0.000000|0.000000|0.000000
2.019532144e+06|1.013372297e+11|1.043438509e+11|1.078468440e+11|0.000000|0.000000|0.000000
2.029746971e+06|1.009050231e+11|1.039350541e+11|1.074573905e+11|0.000000|0.000000|0.000000
2.040181285e+06|1.004629021e+11|1.035166531e+11|1.070584007e+11|0.000000|0.000000|0.000000
2.051314066e+06|9.999052817e+10|1.030693551e+11|1.066314128e+11|0.000000|0.000000|0.000000
2.063603540e+06|9.946834025e+10|1.025745483e+11|1.061585292e+11|0.000000|0.000000|0.000000
2.075653002e+06|9.895566022e+10|1.020883844e+11|1.056933363e+11|0.000000|0.000000|0.000000
2.087996769e+06|9.842981164e+10|1.015893347e+11|1.052152123e+11|0.000000|0.000000|0.000000
2.098705021e+06|9.797315583e+10|1.011556071e+11|1.047991655e+11|0.000000|0.000000|0.000000
2.110007625e+06|9.749071857e+10|1.006970275e+11|1.043587569e+11|0.000000|0.000000|0.000000
2.120255828e+06|9.705294203e+10|1.002805607e+11|1.039583173e+11|0.000000|0.000000|0.000000
2.130238529e+06|9.662622888e+10|9.987429466e+10|1.035672415e+11|0.000000|0.000000|0.000000
2.139404636e+06|9.623421001e+10|9.950076734e+10|1.032072860e+11|0.000000|0.000000|0.000000
2.150499077e+06|9.575948956e+10|9.904804883e+10|1.027705008e+11|0.000000|0.000000|0.000000
2.162452840e+06|9.524777102e+10|9.855954788e+10|1.022985458e+11|0.000000|0.000000|0.000000
2.174824601e+06|9.471797378e+10|9.805321846e+10|1.018086424e+11|0.000000|0.000000|0.000000
2.185033115e+06|9.428072057e+10|9.763487823e+10|1.014033063e+11|0.000000|0.000000|0.000000
2.195156318e+06|9.384708010e+10|9.721957147e+10|1.010003915e+11|0.000000|0.000000|0.000000
2.208693168e+06|9.326721488e+10|9.666353716e+10|1.004601238e+11|0.000000|0.000000|0.000000
2.219038327e+06|9.282412454e+10|9.623810716e+10|1.000461069e+11|0.000000|0.000000|0.000000
2.229025005e+06|9.239647739e+10|9.582703564e+10|9.964551707e+10|0.000000|0.000000|0.000000
2.239536667e+06|9.194648663e+10|9.539397133e+10|9.922290391e+10|0.000000|0.000000|0.000000
2.249407053e+06|9.152411558e+10|9.498699059e+10|9.882518193e+10|0.000000|0.000000|0.000000
2.258948400e+06|9.111601492e+10|9.459328754e+10|9.843990743e+10|0.000000|0.000000|0.000000
2.268890163e+06|9.069102395e+10|9.418278010e+10|9.803762567e+10|0.000000|0.000000|0.000000
2.280228654e+06|9.020666887e+10|9.371427570e+10|9.757779458e+10|0.000000|0.000000|0.000000
2.291312431e+06|8.973360169e+10|9.325599134e+10|9.712724348e+10|0.000000|0.000000|0.000000
2.303733631e+06|8.920399839e+10|9.274208761e+10|9.662111037e+10|0.000000|0.000000|0.000000
2.313811341e+06|8.877479051e+10|9.232492061e+10|9.620953694e+10|0.000000|0.000000|0.000000
2.325393867e+06|8.828207770e+10|9.184524927e+10|9.573549044e+10|0.000000|0.000000|0.000000
2.336772430e+06|8.779870973e+10|9.137383566e+10|9.526874778e+10|0.000000|0.000000|0.000000
2.345710926e+06|8.741950198e+10|9.100340437e+10|9.490137971e+10|0.000000|0.000000|0.000000
2.356183374e+06|8.697582639e+10|9.056930364e+10|9.447017658e+10|0.000000|0.000000|0.000000
2.365607795e+06|8.657715099e+10|9.017857457e+10|9.408140621e+10|0.000000|0.000000|0.000000
2.375023929e+06|8.617943011e+10|8.978814187e+10|9.369230571e+10|0.000000|0.000000|0.000000
2.384486639e+06|8.578038615e+10|8.939574979e+10|9.330061269e+10|0.000000|0.000000|0.000000
2.395474436e+06|8.531788754e+10|8.894010710e+10|9.284496290e+10|0.000000|0.000000|0.000000
2.406136321e+06|8.487004087e+10|8.849799724e+10|9.240198979e+10|0.000000|0.000000|0.000000
2.418197347e+06|8.436459989e+10|8.799792730e+10|9.189990685e+10|0.000000|0.000000|0.000000
2.430832068e+06|8.383653666e+10|8.747417927e+10|9.137284638e+10|0.000000|0.000000|0.000000
2.441691873e+06|8.338388326e+10|8.702413117e+10|9.091894730e+10|0.000000|0.000000|0.000000
2.451387507e+06|8.298076266e+10|8.662245137e+10|9.051303081e+10|0.000000|0.000000|0.000000
2.460778220e+06|8.259126705e+10|8.623353619e+10|9.011928235e+10|0.000000|0.000000|0.000000
2.471015358e+06|8.216777072e+10|8.580973791e+10|8.968938397e+10|0.000000|0.000000|0.000000
2.480855365e+06|8.176183510e+10|8.540257212e+10|8.927552466e+10|0.000000|0.000000|0.000000
2.490488990e+06|8.136553092e+10|8.500415085e+10|8.886974967e+10|0.000000|0.000000|0.000000
2.500309237e+06|8.096273057e+10|8.459824251e+10|8.845551738e+10|0.000000|0.000000|0.000000
2.511797012e+06|8.049310457e+10|8.412373574e+10|8.797019559e+10|0.000000|0.000000|0.000000
2.521145338e+06|8.011223770e+10|8.373788419e+10|8.757467222e+10|0.000000|0.000000|0.000000
2.531681541e+06|7.968442164e+10|8.330333597e+10|8.712827147e+10|0.000000|0.000000|0.000000
2.544196843e+06|7.917831191e+10|8.278766006e+10|8.659718483e+10|0.000000|0.000000|0.000000
2.555308439e+06|7.873091881e+10|8.233031127e+10|8.612492121e+10|0.000000|0.000000|0.000000
2.566322058e+06|7.828934982e+10|8.187748445e+10|8.565614757e+10|0.000000|0.000000|0.000000
2.577064988e+06|7.786049803e+10|8.143628850e+10|8.519826292e+10|0.000000|0.000000|0.000000
2.586410604e+06|7.748897123e+10|8.105290542e+10|8.479943745e+10|0.000000|0.000000|0.000000
2.596240508e+06|7.709978922e+10|8.065010827e+10|8.437945641e+10|0.000000|0.000000|0.000000
2.606192835e+06|7.670747578e+10|8.024279190e+10|8.395374549e+10|0.000000|0.000000|0.000000
2.615879580e+06|7.632733525e+10|7.984684919e+10|8.353892277e+10|0.000000|0.000000|0.000000
2.626040930e+06|7.593042608e+10|7.943206751e+10|8.310328670e+10|0.000000|0.000000|0.000000
2.635812310e+06|7.555059041e+10|7.903377007e+10|8.268390805e+10|0.000000|0.000000|0.000000
2.647602120e+06|7.509476443e+10|7.855397141e+10|8.217731353e+10|0.000000|0.000000|0.000000
2.659679048e+06|7.463072123e+10|7.806340694e+10|8.165773518e+10|0.000000|0.000000|0.000000
2.670366211e+06|7.422258380e+10|7.763010679e+10|8.119741819e+10|0.000000|0.000000|0.000000
2.680591528e+06|7.383434675e+10|7.721627627e+10|8.075654181e+10|0.000000|0.000000|0.000000
2.691272941e+06|7.343121652e+10|7.678479564e+10|8.029554202e+10|0.000000|0.000000|0.000000
2.703069789e+06|7.298894193e+10|7.630925482e+10|7.978587366e+10|0.000000|0.000000|0.000000
2.712838498e+06|7.262511000e+10|7.591629323e+10|7.936342278e+10|0.000000|0.000000|0.000000
2.722899646e+06|7.225272029e+10|7.551237562e+10|7.892795344e+10|0.000000|0.000000|0.000000
2.732203369e+06|7.191051887e+10|7.513961860e+10|7.852494155e+10|0.000000|0.000000|0.000000
2.741219038e+06|7.158092878e+10|7.477911379e+10|7.813411821e+10|0.000000|0.000000|0.000000
2.751771165e+06|7.119774369e+10|7.435808737e+10|7.767634062e+10|0.000000|0.000000|0.000000
2.762783163e+06|7.080088463e+10|7.391979849e+10|7.719822483e+10|0.000000|0.000000|0.000000
2.773945694e+06|7.040182746e+10|7.347668724e+10|7.671318504e+10|0.000000|0.000000|0.000000
2.785087818e+06|7.000681506e+10|7.303559756e+10|7.622865877e+10|0.000000|0.000000|0.000000
2.796592348e+06|6.960251067e+10|7.258147150e+10|7.572799929e+10|0.000000|0.000000|0.000000
2.808179040e+06|6.919905502e+10|7.212549008e+10|7.522339905e+10|0.000000|0.000000|0.000000
2.819407867e+06|6.881171938e+10|7.168496160e+10|7.473405186e+10|0.000000|0.000000|0.000000
2.830404853e+06|6.843594873e+10|7.125487362e+10|7.425450816e+10|0.000000|0.000000|0.000000
2.839407320e+06|6.813101229e+10|7.090380754e+10|7.386172964e+10|0.000000|0.000000|0.000000
2.849746764e+06|6.778382384e+10|7.050176181e+10|7.341039828e+10|0.000000|0.000000|0.000000
2.859570424e+06|6.745652591e+10|7.012075650e+10|7.298140328e+10|1.000000|1.000000|1.000000
2.869676311e+06|6.712500355e+10|6.973080628e+10|7.253977089e+10|1.000000|1.000000|1.000000
2.879087169e+06|6.681628155e+10|6.936767479e+10|7.212851166e+10|1.000000|1.000000|1.000000
2.888980395e+06|6.649173551e+10|6.898593041e+10|7.169617267e+10|1.000000|1.000000|1.000000
2.899792024e+06|6.613706138e+10|6.856874812e+10|7.122369900e+10|1.000000|1.000000|1.000000
2.913676193e+06|6.568159295e+10|6.803300745e+10|7.061695378e+10|1.000000|1.000000|1.000000
2.925535375e+06|6.529255395e+10|6.757540379e+10|7.009870149e+10|1.000000|1.000000|1.000000
2.936992317e+06|6.491671042e+10|6.713332119e+10|6.959802733e+10|1.000000|1.000000|1.000000
2.948248840e+06|6.454744159e+10|6.669897203e+10|6.910611158e+10|1.000000|1.000000|1.000000
2.961328170e+06|6.411837581e+10|6.619428723e+10|6.853453823e+10|1.000000|1.000000|1.000000
2.972045202e+06|6.376680491e+10|6.578075510e+10|6.806619849e+10|1.000000|1.000000|1.000000
2.981446733e+06|6.345838886e+10|6.541798347e+10|6.765534681e+10|1.000000|1.000000|1.000000
2.990781033e+06|6.315217832e+10|6.505780605e+10|6.724743318e+10|1.000000|1.000000|1.000000
3.000860984e+06|6.282150681e+10|6.466885663e+10|6.680693423e+10|1.000000|1.000000|1.000000
3.010564206e+06|6.250319381e+10|6.429444381e+10|6.638289850e+10|1.000000|1.000000|1.000000
3.021257921e+06|6.215238784e+10|6.388181142e+10|6.591557775e+10|1.000000|1.000000|1.000000
3.032438365e+06|6.178561477e+10|6.345039786e+10|6.542698667e+10|1.000000|1.000000|1.000000
3.044783306e+06|6.138064052e+10|6.297405052e+10|6.488750649e+10|1.000000|1.000000|1.000000
3.058800720e+06|6.092080103e+10|6.243316842e+10|6.427493842e+10|1.000000|1.000000|1.000000
3.071489825e+06|6.050453652e+10|6.194354100e+10|6.372041808e+10|1.000000|1.000000|1.000000
3.083870698e+06|6.009838353e+10|6.146580717e+10|6.317936766e+10|1.000000|1.000000|1.000000
3.095112098e+06|5.972961081e+10|6.103204156e+10|6.268811278e+10|1.000000|1.000000|1.000000
3.106260333e+06|5.936389436e+10|6.060187084e+10|6.220092926e+10|1.000000|1.000000|1.000000
3.116084902e+06|5.904160061e+10|6.022277570e+10|6.177159063e+10|1.000000|1.000000|1.000000
3.125863073e+06|5.872082893e+10|5.984547086e+10|6.134427959e+10|1.000000|1.000000|1.000000
3.136420185e+06|5.837450418e+10|5.943810947e+10|6.088292843e+10|1.000000|1.000000|1.000000
3.147500083e+06|5.801102953e+10|5.901057566e+10|6.039873130e+10|1.000000|1.000000|1.000000
3.158707091e+06|5.764338503e+10|5.857813709e+10|5.990897935e+10|1.000000|1.000000|1.000000
3.169895518e+06|5.727635009e+10|5.814641552e+10|5.942003944e+10|1.000000|1.000000|1.000000
3.183830687e+06|5.681920861e+10|5.760870693e+10|5.859882582e+10|1.000000|1.000000|2.000000
3.196808328e+06|5.637920908e+10|5.693201532e+10|5.830000151e+10|2.000000|2.000000|2.000000
3.211096477e+06|5.604841130e+10|5.660701245e+10|5.797100132e+10|2.000000|2.000000|2.000000
3.221978792e+06|5.579646506e+10|5.635947980e+10|5.772042418e+10|2.000000|2.000000|2.000000
3.235357839e+06|5.548671472e+10|5.605515566e+10|5.741235705e+10|2.000000|2.000000|2.000000
3.247995731e+06|5.519412354e+10|5.576769008e+10|5.712135583e+10|2.000000|2.000000|2.000000
3.257007380e+06|5.498548678e+10|5.556270821e+10|5.691385282e+10|2.000000|2.000000|2.000000
3.266925575e+06|5.475586174e+10|5.533710573e+10|5.668547558e+10|2.000000|2.000000|2.000000
3.277168297e+06|5.451872328e+10|5.510412145e+10|5.644962575e+10|2.000000|2.000000|2.000000
3.287813069e+06|5.427227662e+10|5.486199204e+10|5.620451830e+10|2.000000|2.000000|2.000000
3.299808973e+06|5.399454867e+10|5.458912931e+10|5.592829954e+10|2.000000|2.000000|2.000000
3.311095445e+06|5.373324544e+10|5.433240359e+10|5.566841626e+10|2.000000|2.000000|2.000000
3.325584293e+06|5.339780111e+10|5.400283556e+10|5.533479476e+10|2.000000|2.000000|2.000000
3.340575915e+06|5.305071660e+10|5.366183126e+10|5.498959633e+10|2.000000|2.000000|2.000000
3.354896181e+06|5.271917527e+10|5.333609786e+10|5.465985663e+10|2.000000|2.000000|2.000000
3.371103710e+06|5.234394021e+10|5.296743616e+10|5.428666063e+10|2.000000|2.000000|2.000000
3.386096987e+06|5.199681740e+10|5.262639423e+10|5.394142411e+10|2.000000|2.000000|2.000000
3.399115465e+06|5.169541493e+10|5.233027173e+10|5.364165949e+10|2.000000|2.000000|2.000000
3.411988262e+06|5.139738526e+10|5.203746292e+10|5.334524933e+10|2.000000|2.000000|2.000000
3.423582196e+06|5.112896368e+10|5.177374355e+10|5.307828638e+10|2.000000|2.000000|2.000000
3.435053067e+06|5.086339124e+10|5.151282339e+10|5.281415708e+10|2.000000|2.000000|2.000000
3.446440412e+06|5.059975260e+10|5.125380317e+10|5.255195107e+10|2.000000|2.000000|2.000000
3.459472741e+06|5.029802946e+10|5.095736561e+10|5.225186752e+10|2.000000|2.000000|2.000000
3.473694852e+06|4.996876060e+10|5.063386487e+10|5.192438794e+10|2.000000|2.000000|2.000000
3.488617113e+06|4.962328193e+10|5.029443827e+10|5.158078662e+10|2.000000|2.000000|2.000000
3.503436827e+06|4.928017742e+10|4.995734426e+10|5.123954657e+10|2.000000|2.000000|2.000000
3.520318963e+06|4.888932396e+10|4.957333775e+10|5.085081703e+10|2.000000|2.000000|2.000000
3.533782263e+06|4.857762300e+10|4.926709716e+10|5.054080989e+10|2.000000|2.000000|2.000000
3.547733411e+06|4.825462746e+10|4.894975985e+10|5.021956953e+10|2.000000|2.000000|2.000000
3.563322851e+06|4.789370232e+10|4.859515738e+10|4.986060569e+10|2.000000|2.000000|2.000000
3.575610140e+06|4.760922827e+10|4.831566674e+10|4.957767750e+10|2.000000|2.000000|2.000000
3.587949144e+06|4.732355693e+10|4.803499978e+10|4.929355851e+10|2.000000|2.000000|2.000000
3.600484529e+06|4.703333895e+10|4.774986583e+10|4.900491761e+10|2.000000|2.000000|2.000000
3.613128957e+06|4.674059646e+10|4.746225159e+10|4.871376590e+10|2.000000|2.000000|2.000000
3.626802401e+06|4.642403029e+10|4.715123101e+10|4.839891997e+10|2.000000|2.000000|2.000000
3.640344469e+06|4.611050570e+10|4.684319874e+10|4.808709910e+10|2.000000|2.000000|2.000000
3.656135898e+06|4.574490416e+10|4.648400179e+10|4.772348427e+10|2.000000|2.000000|2.000000
3.669154134e+06|4.544350729e+10|4.618788478e+10|4.742372521e+10|2.000000|2.000000|2.000000
3.681538408e+06|4.515678784e+10|4.590618808e+10|4.713856382e+10|2.000000|2.000000|2.000000
3.695677728e+06|4.482943575e+10|4.558457053e+10|4.681299059e+10|2.000000|2.000000|2.000000
3.709384057e+06|4.451210824e+10|4.527280195e+10|4.649738746e+10|2.000000|2.000000|2.000000
3.723210752e+06|4.419199401e+10|4.495829548e+10|4.617901276e+10|2.000000|2.000000|2.000000
3.736027633e+06|4.389525889e+10|4.466675855e+10|4.588389013e+10|2.000000|2.000000|2.000000
3.750224880e+06|4.356656569e+10|4.434382338e+10|4.555698307e+10|2.000000|2.000000|2.000000
3.763060884e+06|4.326938782e+10|4.405185147e+10|4.526142009e+10|2.000000|2.000000|2.000000
3.775245910e+06|4.298728135e+10|4.377468693e+10|4.498084661e+10|2.000000|2.000000|2.000000
3.788187263e+06|4.268766446e+10|4.348031872e+10|4.468285786e+10|2.000000|2.000000|2.000000
3.801454903e+06|4.238049342e+10|4.317852869e+10|4.437735601e+10|2.000000|2.000000|2.000000
3.814325203e+06|4.208252156e+10|4.288577669e+10|4.408100335e+10|2.000000|2.000000|2.000000
3.828166251e+06|4.176207502e+10|4.257094372e+10|4.376229815e+10|2.000000|2.000000|2.000000
3.842559224e+06|4.142885038e+10|4.224355650e+10|4.343088428e+10|2.000000|2.000000|2.000000
3.856268489e+06|4.111145488e+10|4.193172112e+10|4.311521353e+10|2.000000|2.000000|2.000000
3.867472894e+06|4.085205166e+10|4.167686212e+10|4.285721993e+10|2.000000|2.000000|2.000000
3.881424990e+06|4.052903416e+10|4.135950323e+10|4.253595773e+10|2.000000|2.000000|2.000000
3.894530307e+06|4.022562119e+10|4.106140543e+10|4.223419353e+10|2.000000|2.000000|2.000000
3.907627227e+06|3.992240266e+10|4.076349867e+10|4.193262271e+10|2.000000|2.000000|2.000000
3.920490390e+06|3.962459601e+10|4.047090900e+10|4.163643438e+10|2.000000|2.000000|2.000000
3.933933581e+06|3.931540233e+10|4.016687128e+10|4.132865524e+10|3.000000|3.000000|3.000000
3.945596284e+06|3.904760876e+10|3.990348177e+10|4.106202011e+10|3.000000|3.000000|3.000000
3.956731283e+06|3.879264947e+10|3.965261820e+10|4.080805941e+10|3.000000|3.000000|3.000000
3.970212492e+06|3.848490056e+10|3.934968384e+10|4.050137480e+10|3.000000|3.000000|3.000000
3.983674633e+06|3.817859880e+10|3.904803054e+10|4.019597296e+10|3.000000|3.000000|3.000000
3.996191646e+06|3.789470268e+10|3.876831223e+10|3.991276331e+10|3.000000|3.000000|3.000000
4.010752419e+06|3.756553832e+10|3.844383106e+10|3.958421022e+10|3.000000|3.000000|3.000000
4.024029899e+06|3.726639633e+10|3.814879226e+10|3.928544554e+10|3.000000|3.000000|3.000000
4.036238250e+06|3.699218888e+10|3.787821558e+10|3.901142977e+10|3.000000|3.000000|3.000000
4.049310009e+06|3.669948375e+10|3.758924597e+10|3.871876140e+10|3.000000|3.000000|3.000000
4.060377516e+06|3.645237846e+10|3.734517971e+10|3.847154845e+10|3.000000|3.000000|3.000000
4.073192005e+06|3.616708958e+10|3.706326690e+10|3.818597302e+10|3.000000|3.000000|3.000000
4.086040728e+06|3.588192004e+10|3.678132782e+10|3.790033873e+10|3.000000|3.000000|3.000000
4.099304149e+06|3.558846861e+10|3.649104778e+10|3.760621804e+10|3.000000|3.000000|3.000000
4.113159635e+06|3.528291435e+10|3.618862831e+10|3.729975568e+10|3.000000|3.000000|3.000000
4.125756650e+06|3.500599370e+10|3.591439895e+10|3.702182130e+10|3.000000|3.000000|3.000000
4.137208692e+06|3.475496866e+10|3.566568881e+10|3.676971708e+10|3.000000|3.000000|3.000000
4.150585160e+06|3.446263341e+10|3.537589798e+10|3.647592893e+10|3.000000|3.000000|3.000000
4.163228810e+06|3.418717567e+10|3.510268679e+10|3.619890512e+10|3.000000|3.000000|3.000000
4.176503108e+06|3.389887802e+10|3.481658152e+10|3.590875942e+10|3.000000|3.000000|3.000000
4.190395306e+06|3.359814521e+10|3.451796035e+10|3.560586653e+10|3.000000|3.000000|3.000000
4.202526795e+06|3.333634983e+10|3.425785575e+10|3.534199397e+10|3.000000|3.000000|3.000000
4.214410823e+06|3.308063689e+10|3.400366037e+10|3.508407219e+10|3.000000|3.000000|3.000000
4.224712001e+06|3.285957648e+10|3.378380420e+10|3.486095680e+10|3.000000|3.000000|3.000000
4.236555175e+06|3.260610605e+10|3.353159057e+10|3.460496168e+10|3.000000|3.000000|3.000000
4.249754379e+06|3.232447108e+10|3.325119528e+10|3.432030736e+10|3.000000|3.000000|3.000000
4.262679933e+06|3.204955070e+10|3.297732437e+10|3.404221896e+10|3.000000|3.000000|3.000000
4.278081350e+06|3.172310097e+10|3.265191267e+10|3.371171983e+10|3.000000|3.000000|3.000000
4.290815823e+06|3.145410905e+10|3.238360470e+10|3.343915307e+10|3.000000|3.000000|3.000000
4.301457922e+06|3.122995991e+10|3.215990619e+10|3.321185842e+10|3.000000|3.000000|3.000000
4.314280063e+06|3.096067447e+10|3.189101769e+10|3.293859138e+10|3.000000|3.000000|3.000000
4.325990303e+06|3.071548689e+10|3.164605342e+10|3.268958387e+10|3.000000|3.000000|3.000000
4.339106918e+06|3.044169948e+10|3.137235871e+10|3.241130914e+10|3.000000|3.000000|3.000000
4.350926817e+06|3.019574613e+10|3.112634673e+10|3.216112290e+10|3.000000|3.000000|3.000000
4.363829930e+06|2.992808453e+10|3.085846771e+10|3.188863545e+10|3.000000|3.000000|3.000000
4.376533505e+06|2.966541165e+10|3.059542483e+10|3.162100208e+10|3.000000|3.000000|3.000000
4.388775605e+06|2.941307981e+10|3.034259056e+10|3.136369341e+10|3.000000|3.000000|3.000000
4.402278638e+06|2.913566949e+10|3.006446067e+10|3.108056996e+10|3.000000|3.000000|3.000000
4.413952515e+06|2.889661041e+10|2.982464025e+10|3.083638266e+10|3.000000|3.000000|3.000000
4.426412042e+06|2.864225507e+10|2.956933053e+10|3.057636081e+10|3.000000|3.000000|3.000000
4.437224098e+06|2.842219677e+10|2.934832594e+10|3.035122388e+10|3.000000|3.000000|3.000000
4.449777344e+06|2.816747698e+10|2.909237047e+10|3.009041982e+10|3.000000|3.000000|3.000000
4.463530050e+06|2.788938009e+10|2.881275179e+10|2.980542627e+10|3.000000|3.000000|3.000000
4.476504178e+06|2.762795159e+10|2.854972758e+10|2.953727079e+10|3.000000|3.000000|3.000000
4.488968665e+06|2.737764080e+10|2.829773837e+10|2.928029613e+10|3.000000|3.000000|3.000000
4.500808365e+06|2.714064974e+10|2.805902192e+10|2.903679340e+10|3.000000|3.000000|3.000000
4.513522813e+06|2.688699068e+10|2.780336876e+10|2.877594516e+10|3.000000|3.000000|3.000000
4.526776551e+06|2.662350397e+10|2.753764882e+10|2.850474884e+10|3.000000|3.000000|3.000000
4.538853277e+06|2.638424778e+10|2.729622142e+10|2.825827721e+10|3.000000|3.000000|3.000000
4.551074336e+06|2.614294255e+10|2.705258779e+10|2.800948645e+10|3.000000|3.000000|3.000000
4.564041611e+06|2.588779854e+10|2.679483005e+10|2.774619886e+10|3.000000|3.000000|3.000000
4.575563490e+06|2.566187095e+10|2.656645747e+10|2.751286293e+10|3.000000|3.000000|3.000000
4.586815871e+06|2.544193647e+10|2.634402479e+10|2.728553779e+10|3.000000|3.000000|3.000000
4.598025906e+06|2.522352900e+10|2.612302101e+10|2.705961564e+10|3.000000|3.000000|3.000000
4.610061230e+06|2.498982272e+10|2.588640886e+10|2.681767399e+10|3.000000|3.000000|3.000000
4.623373800e+06|2.473226037e+10|2.562549087e+10|2.655080196e+10|3.000000|3.000000|3.000000
4.635961047e+06|2.448964971e+10|2.537957225e+10|2.629919706e+10|3.000000|3.000000|3.000000
4.649786185e+06|2.422421414e+10|2.511035379e+10|2.602367003e+10|3.000000|3.000000|3.000000
4.663133363e+06|2.396898859e+10|2.485132931e+10|2.575849289e+10|3.000000|3.000000|3.000000
4.675331126e+06|2.373663511e+10|2.461537947e+10|2.551686721e+10|3.000000|3.000000|3.000000
4.686762589e+06|2.351965706e+10|2.439492431e+10|2.529104718e+10|3.000000|3.000000|3.000000
4.699246306e+06|2.328357125e+10|2.415492483e+10|2.504513900e+10|3.000000|3.000000|3.000000
4.712064853e+06|2.304209810e+10|2.390930811e+10|2.479340131e+10|3.000000|3.000000|3.000000
4.723575986e+06|2.282607419e+10|2.368945677e+10|2.456800733e+10|3.000000|3.000000|3.000000
4.735323675e+06|2.260641588e+10|2.346578990e+10|2.433863953e+10|3.000000|3.000000|3.000000
4.747371328e+06|2.238199809e+10|2.323715514e+10|2.410411220e+10|3.000000|3.000000|3.000000
4.760040365e+06|2.214693845e+10|2.299754682e+10|2.385825770e+10|3.000000|3.000000|3.000000
4.772730532e+06|2.191245139e+10|2.275838792e+10|2.361279181e+10|3.000000|3.000000|3.000000
4.784935083e+06|2.168785375e+10|2.252918980e+10|2.337748114e+10|3.000000|3.000000|3.000000
4.797854440e+06|2.145108662e+10|2.228743989e+10|2.312921131e+10|3.000000|3.000000|3.000000
4.812169215e+06|2.118993699e+10|2.202063612e+10|2.285512512e+10|3.000000|3.000000|3.000000
4.827342160e+06|2.091450761e+10|2.173906377e+10|2.256576814e+10|3.000000|3.000000|3.000000
4.839850839e+06|2.068851426e+10|2.150789248e+10|2.232812938e+10|3.000000|3.000000|3.000000
4.851156134e+06|2.048510176e+10|2.129971351e+10|2.211406719e+10|3.000000|3.000000|3.000000
4.861681358e+06|2.029644535e+10|2.110654687e+10|2.191539149e+10|3.000000|3.000000|3.000000
4.872550480e+06|2.010235814e+10|2.090772977e+10|2.171085374e+10|3.000000|3.000000|3.000000
4.885160577e+06|1.987812183e+10|2.067791564e+10|2.147436322e+10|3.000000|3.000000|3.000000
4.899032427e+06|1.963262125e+10|2.042616936e+10|2.121522472e+10|3.000000|3.000000|3.000000
4.911106666e+06|1.941994095e+10|2.020796121e+10|2.099054251e+10|3.000000|3.000000|3.000000
4.923119385e+06|1.920928009e+10|1.999171801e+10|2.076782247e+10|3.000000|3.000000|3.000000
4.936354459e+06|1.897827110e+10|1.975446540e+10|2.052339373e+10|3.000000|3.000000|3.000000
4.949424805e+06|1.875126385e+10|1.952119862e+10|2.028299991e+10|3.000000|3.000000|3.000000
4.963492675e+06|1.850819112e+10|1.927128743e+10|2.002537450e+10|3.000000|3.000000|3.000000
4.976843633e+06|1.827872188e+10|1.903523382e+10|1.978195973e+10|3.000000|3.000000|3.000000
4.989516822e+06|1.806200515e+10|1.881218436e+10|1.955188796e+10|3.000000|3.000000|3.000000
5.002601868e+06|1.783938071e+10|1.858293935e+10|1.931535809e+10|3.000000|3.000000|3.000000
5.014962583e+06|1.763014616e+10|1.836737635e+10|1.909288267e+10|3.000000|3.000000|3.000000
5.027674097e+06|1.741606110e+10|1.814671016e+10|1.886507787e+10|3.000000|3.000000|3.000000
5.039453708e+06|1.721866173e+10|1.794314797e+10|1.865487434e+10|3.000000|3.000000|3.000000
5.051055440e+06|1.702518055e+10|1.774353852e+10|1.844870035e+10|3.000000|3.000000|3.000000
5.064616250e+06|1.680021452e+10|1.751133820e+10|1.820879877e+10|3.000000|3.000000|3.000000
5.076678245e+06|1.660119448e+10|1.730582111e+10|1.799640730e+10|3.000000|3.000000|3.000000
5.089253187e+06|1.639480211e+10|1.709259521e+10|1.777599158e+10|3.000000|3.000000|3.000000
5.104200173e+06|1.615093598e+10|1.684052971e+10|1.751535116e+10|3.000000|3.000000|3.000000
5.119553224e+06|1.590210609e+10|1.658319467e+10|1.724917784e+10|3.000000|3.000000|3.000000
5.133530252e+06|1.567705254e+10|1.635032859e+10|1.700824087e+10|3.000000|3.000000|3.000000
5.146591522e+06|1.546802376e+10|1.613394206e+10|1.678429266e+10|3.000000|3.000000|3.000000
5.157898748e+06|1.528807084e+10|1.594757701e+10|1.659136734e+10|3.000000|3.000000|3.000000
5.169645658e+06|1.510211367e+10|1.575491853e+10|1.639188083e+10|3.000000|3.000000|3.000000
5.182423563e+06|1.490099166e+10|1.554646316e+10|1.617598480e+10|3.000000|3.000000|3.000000
5.195939869e+06|1.468956656e+10|1.532723380e+10|1.594887129e+10|3.000000|3.000000|3.000000
5.210159240e+06|1.446861748e+10|1.509802536e+10|1.571135552e+10|3.000000|3.000000|3.000000
5.221744731e+06|1.428971919e+10|1.491236267e+10|1.551891579e+10|3.000000|3.000000|3.000000
5.236301126e+06|1.406638525e+10|1.468048831e+10|1.527851760e+10|3.000000|3.000000|3.000000
5.250411622e+06|1.385143281e+10|1.445721623e+10|1.504697530e+10|3.000000|3.000000|3.000000
5.264952064e+06|1.363152770e+10|1.422869952e+10|1.480993089e+10|3.000000|3.000000|3.000000
5.279177984e+06|1.341795833e+10|1.400667052e+10|1.457955546e+10|3.000000|3.000000|3.000000
5.292022534e+06|1.322647719e+10|1.380752492e+10|1.437287296e+10|3.000000|3.000000|3.000000
5.306356362e+06|1.301431664e+10|1.358678500e+10|1.414372328e+10|3.000000|3.000000|3.000000
5.321641986e+06|1.278984836e+10|1.335314096e+10|1.390111466e+10|3.000000|3.000000|3.000000
5.336897304e+06|1.256766914e+10|1.312178085e+10|1.366081411e+10|3.000000|3.000000|3.000000
5.349657580e+06|1.238325160e+10|1.292966912e+10|1.346123105e+10|3.000000|3.000000|3.000000
5.361549760e+06|1.221255449e+10|1.275179141e+10|1.327639739e+10|3.000000|3.000000|3.000000
5.374093664e+06|1.203373694e+10|1.256539167e+10|1.308266941e+10|3.000000|3.000000|3.000000
5.388971362e+06|1.182330211e+10|1.234595640e+10|1.285455640e+10|3.000000|3.000000|3.000000
5.403146793e+06|1.162447732e+10|1.213855171e+10|1.263889984e+10|3.000000|3.000000|3.000000
5.417111969e+06|1.143021110e+10|1.193583203e+10|1.242806838e+10|3.000000|3.000000|3.000000
5.432732094e+06|1.121482702e+10|1.171099571e+10|1.219418238e+10|3.000000|3.000000|3.000000
5.447295427e+06|1.101583625e+10|1.150319879e+10|1.197797280e+10|3.000000|3.000000|3.000000
5.461585888e+06|1.082229223e+10|1.130102334e+10|1.176756792e+10|3.000000|3.000000|3.000000
5.477969548e+06|1.060250501e+10|1.107135663e+10|1.152850048e+10|3.000000|3.000000|3.000000
5.493355643e+06|1.039816049e+10|1.085775421e+10|1.130610579e+10|3.000000|3.000000|3.000000
5.507701209e+06|1.020944320e+10|1.066042634e+10|1.110061425e+10|3.000000|3.000000|3.000000
5.521738299e+06|1.002648144e+10|1.046906227e+10|1.090129605e+10|3.000000|3.000000|3.000000
5.534248988e+06|9.864836910e+09|1.029995092e+10|1.072512556e+10|3.000000|3.000000|3.000000
5.547643061e+06|9.693270763e+09|1.012041607e+10|1.053806629e+10|3.000000|3.000000|3.000000
5.562900854e+06|9.499720727e+09|9.917823783e+09|1.032694666e+10|3.000000|3.000000|3.000000
5.578966482e+06|9.298107791e+09|9.706734552e+09|1.010693214e+10|3.000000|3.000000|3.000000
5.595222527e+06|9.096397921e+09|9.495487270e+09|9.886712833e+09|3.000000|3.000000|3.000000
5.611462444e+06|8.897202467e+09|9.286819882e+09|9.669144799e+09|3.000000|3.000000|3.000000
5.627847490e+06|8.698582695e+09|9.078704902e+09|9.452116148e+09|3.000000|3.000000|3.000000
5.645293160e+06|8.489719657e+09|8.859804949e+09|9.223802581e+09|3.000000|3.000000|3.000000
5.660898306e+06|8.305186391e+09|8.666361804e+09|9.022009384e+09|3.000000|3.000000|3.000000
5.674640092e+06|8.144489489e+09|8.497875420e+09|8.846227329e+09|3.000000|3.000000|3.000000
5.690147455e+06|7.965180431e+09|8.309843031e+09|8.650028799e+09|3.000000|3.000000|3.000000
5.706657104e+06|7.776662337e+09|8.112119845e+09|8.443692469e+09|3.000000|3.000000|3.000000
5.720634026e+06|7.618990579e+09|7.946724487e+09|8.271072710e+09|3.000000|3.000000|3.000000
5.736278596e+06|7.444608481e+09|7.763776112e+09|8.080113724e+09|3.000000|3.000000|3.000000
5.752962694e+06|7.261094557e+09|7.571222449e+09|7.879108183e+09|3.000000|3.000000|3.000000
5.772261835e+06|7.051989766e+09|7.351789879e+09|7.650020167e+09|3.000000|3.000000|3.000000
5.790712492e+06|6.855272257e+09|7.145333635e+09|7.434458662e+09|3.000000|3.000000|3.000000
5.807692366e+06|6.677004422e+09|6.958224872e+09|7.239082552e+09|3.000000|3.000000|3.000000
5.826057585e+06|6.487188867e+09|6.758983234e+09|7.031023678e+09|3.000000|3.000000|3.000000
5.841749638e+06|6.327476327e+09|6.591332592e+09|6.855944614e+09|3.000000|3.000000|3.000000
5.858057383e+06|6.163919598e+09|6.419643159e+09|6.676640879e+09|3.000000|3.000000|3.000000
5.875846969e+06|5.988323183e+09|6.235314932e+09|6.484132155e+09|3.000000|3.000000|3.000000
5.893327478e+06|5.818652694e+09|6.057210677e+09|6.298120344e+09|3.000000|3.000000|3.000000
5.913024886e+06|5.630886724e+09|5.860120272e+09|6.092278670e+09|3.000000|3.000000|3.000000
5.931333037e+06|5.459621934e+09|5.680363409e+09|5.904542460e+09|3.000000|3.000000|3.000000
5.950625307e+06|5.282553555e+09|5.494533512e+09|5.710469209e+09|3.000000|3.000000|3.000000
5.968413952e+06|5.122383958e+09|5.326459456e+09|5.534947314e+09|3.000000|3.000000|3.000000
5.989466376e+06|4.936672363e+09|5.131614202e+09|5.331481282e+09|3.000000|3.000000|3.000000
6.011113153e+06|4.750068107e+09|4.935874061e+09|5.127100100e+09|3.000000|3.000000|3.000000
6.030797558e+06|4.584211755e+09|4.761939980e+09|4.945508452e+09|3.000000|3.000000|3.000000
6.048027615e+06|4.442031147e+09|4.612871996e+09|4.789896737e+09|3.000000|3.000000|3.000000
6.067328532e+06|4.286082851e+09|4.449415015e+09|4.619288473e+09|3.000000|3.000000|3.000000
6.089516647e+06|4.111140221e+09|4.266114406e+09|4.428003786e+09|3.000000|3.000000|3.000000
6.108289366e+06|3.966743378e+09|4.114878370e+09|4.270213256e+09|3.000000|3.000000|3.000000
6.131566324e+06|3.792298849e+09|3.932253585e+09|4.079720010e+09|3.000000|3.000000|3.000000
6.156887020e+06|3.608308281e+09|3.739746600e+09|3.878982910e+09|3.000000|3.000000|3.000000
6.179643293e+06|3.448069676e+09|3.572197969e+09|3.704333722e+09|3.000000|3.000000|3.000000
6.203638825e+06|3.284336616e+09|3.401113067e+09|3.526068122e+09|3.000000|3.000000|3.000000
6.226895012e+06|3.130755179e+09|3.240758161e+09|3.359056432e+09|3.000000|3.000000|3.000000
6.251170118e+06|2.975784329e+09|3.079088895e+09|3.190758588e+09|3.000000|3.000000|3.000000
6.275888674e+06|2.823559335e+09|2.920435142e+09|3.025692521e+09|3.000000|3.000000|3.000000
6.299706283e+06|2.682176257e+09|2.773232769e+09|2.872634590e+09|3.000000|3.000000|3.000000
6.327705095e+06|2.522572553e+09|2.607259178e+09|2.700183462e+09|3.000000|3.000000|3.000000
6.358277849e+06|2.356376162e+09|2.434687334e+09|2.521039275e+09|3.000000|3.000000|3.000000
6.389493150e+06|2.195303437e+09|2.267726385e+09|2.347905181e+09|3.000000|3.000000|3.000000
6.420713055e+06|2.042814904e+09|2.109970640e+09|2.184514692e+09|3.000000|3.000000|3.000000
6.453010991e+06|1.894001511e+09|1.956353716e+09|2.025630131e+09|3.000000|3.000000|3.000000
6.485822791e+06|1.751992137e+09|1.810124313e+09|1.874625762e+09|3.000000|3.000000|3.000000
6.526172832e+06|1.589799543e+09|1.643630631e+09|1.703040325e+09|3.000000|3.000000|3.000000
6.566450330e+06|1.441284428e+09|1.491765575e+09|1.546926871e+09|3.000000|3.000000|3.000000
6.610462536e+06|1.293872981e+09|1.341720002e+09|1.393155074e+09|3.000000|3.000000|3.000000
6.656797872e+06|1.154921947e+09|1.201081930e+09|1.249575477e+09|3.000000|3.000000|3.000000
6.710845148e+06|1.013032446e+09|1.058510449e+09|1.104755532e+09|3.000000|3.000000|3.000000
6.774986962e+06|8.713294580e+08|9.175665952e+08|9.626271674e+08|3.000000|3.000000|3.000000
6.856629525e+06|7.296096569e+08|7.787599674e+08|8.242586198e+08|3.000000|3.000000|3.000000
6.947096983e+06|6.174223053e+08|6.713964562e+08|7.192121801e+08|3.000000|3.000000|3.000000
7.062349990e+06|5.306472339e+08|5.910721841e+08|6.430219846e+08|3.000000|3.000000|3.000000
7.199866991e+06|4.846133269e+08|5.486473787e+08|6.038055105e+08|3.000000|3.000000|3.000000
7.389847069e+06|4.557081100e+08|5.044068095e+08|5.509151205e+08|3.000000|3.000000|3.000000
7.610659557e+06|3.229811526e+08|2.945880798e+08|2.889925098e+08|3.000000|3.000000|3.000000
