#PHASE|Nmant|Nmant/Nmanttot|Mmant|Mmant/Mmanttot|RRRminmant|RRRminmantEq|RRRmaxmant|RRRmaxmantEq|Ncore|Ncore/Ncoretot|Mcore|Mcore/Mcoretot|RRRmincore|RRRmaxcore|
0.000000000e+00|0.000000000e+00|0.000000000e+00|0.000000000e+00|0.000000000e+00|inf|inf|-inf|inf|0.000000000e+00|0.000000000e+00|0.000000000e+00|0.000000000e+00|inf|-inf
1.000000000e+00|1.024440000e+05|7.703367272e-01|1.706216111e+24|7.722960309e-01|2.859666950e+06|2.879585787e+06|4.744848301e+08|inf|1.024440000e+05|0.000000000e+00|0.000000000e+00|0.000000000e+00|inf|-inf
2.000000000e+00|2.000000000e+01|1.503917706e-04|3.177080916e+20|1.438063423e-04|1.201869189e+08|2.239032735e+08|4.719723067e+08|inf|2.000000000e+01|0.000000000e+00|0.000000000e+00|0.000000000e+00|inf|-inf
3.000000000e+00|2.144000000e+04|1.612199780e-01|3.537215573e+23|1.601073586e-01|3.998118641e+06|3.998118641e+06|4.747235657e+08|inf|2.144000000e+04|0.000000000e+00|0.000000000e+00|0.000000000e+00|inf|-inf
4.000000000e+00|8.289000000e+03|6.232986931e-02|1.362626916e+23|6.167749514e-02|5.068402582e+06|5.109402616e+06|4.747107740e+08|inf|8.289000000e+03|1.000000000e+00|9.583283304e+23|1.000000000e+00|2.219813290e+04|4.746032008e+08
5.000000000e+00|1.700000000e+01|1.278330050e-04|2.700548882e+20|1.222367535e-04|3.764179256e+08|4.469766658e+08|4.722968299e+08|inf|1.700000000e+01|0.000000000e+00|0.000000000e+00|0.000000000e+00|inf|-inf
6.000000000e+00|7.000000000e+00|5.263711970e-05|1.135182160e+20|5.138251073e-05|8.833946476e+06|8.833946476e+06|4.314009813e+08|inf|7.000000000e+00|0.000000000e+00|0.000000000e+00|0.000000000e+00|inf|-inf
7.000000000e+00|1.060000000e+02|7.970763840e-04|1.701593010e+21|7.702034455e-04|5.933907831e+06|5.933907831e+06|2.345905799e+07|inf|1.060000000e+02|0.000000000e+00|0.000000000e+00|0.000000000e+00|inf|-inf
8.000000000e+00|6.630000000e+02|4.985487194e-03|1.067409327e+22|4.831486358e-03|5.429599647e+06|5.440836709e+06|5.957324628e+06|inf|6.630000000e+02|0.000000000e+00|0.000000000e+00|0.000000000e+00|inf|-inf
