#PHASE|Nmant|Nmant/Nmanttot|Mmant|Mmant/Mmanttot|RRRminmant|RRRminmantEq|RRRmaxmant|RRRmaxmantEq|Ncore|Ncore/Ncoretot|Mcore|Mcore/Mcoretot|RRRmincore|RRRmaxcore|
0.000000000e+00|0.000000000e+00|0.000000000e+00|0.000000000e+00|0.000000000e+00|inf|inf|-inf|inf|0.000000000e+00|0.000000000e+00|0.000000000e+00|0.000000000e+00|inf|-inf
1.000000000e+00|2.000000000e+00|1.392175971e-05|3.971319011e+19|1.443993153e-05|1.231932918e+08|1.231932918e+08|1.231969124e+08|inf|2.000000000e+00|0.000000000e+00|0.000000000e+00|0.000000000e+00|inf|-inf
2.000000000e+00|2.300000000e+01|1.601002367e-04|4.566991882e+20|1.660583043e-04|7.105630189e+07|1.230835056e+08|3.136825729e+08|inf|2.300000000e+01|0.000000000e+00|0.000000000e+00|0.000000000e+00|inf|-inf
3.000000000e+00|6.700000000e+02|4.663789503e-03|1.268595868e+22|4.612683448e-03|3.188623952e+06|3.315511330e+06|1.234107973e+08|inf|6.700000000e+02|0.000000000e+00|0.000000000e+00|0.000000000e+00|inf|-inf
4.000000000e+00|9.624300000e+04|6.699359599e-01|1.836590219e+24|6.677941746e-01|3.145382182e+06|3.285952086e+06|1.234260516e+08|inf|9.624300000e+04|1.729360665e-01|2.041725402e+23|1.709019421e-01|6.418848930e+04|2.650050930e+06
5.000000000e+00|4.200000000e+02|2.923569539e-03|8.180047234e+21|2.974309585e-03|6.742181759e+06|6.742181759e+06|3.202937895e+08|inf|4.200000000e+02|0.000000000e+00|0.000000000e+00|0.000000000e+00|inf|-inf
6.000000000e+00|4.200000000e+01|2.923569539e-04|8.078263662e+20|2.937300525e-04|1.680147417e+07|2.703703356e+07|3.070921294e+08|inf|4.200000000e+01|0.000000000e+00|0.000000000e+00|0.000000000e+00|inf|-inf
7.000000000e+00|4.847000000e+03|3.373938466e-02|9.320766773e+22|3.389081402e-02|6.970753415e+06|7.668752638e+06|2.826253800e+08|inf|4.847000000e+03|1.875210360e-03|2.302853725e+21|1.927596012e-03|6.606881470e+06|2.944834201e+07
8.000000000e+00|4.141300000e+04|2.882709174e-01|7.982658310e+23|2.902537900e-01|3.373525113e+06|3.645132475e+06|7.751313027e+06|inf|4.141300000e+04|8.251887231e-01|9.882011418e+23|8.271704619e-01|1.686120248e+05|7.108996818e+06
