#RRR|U50|U25|U75|Umean|T50|T25|T75|Tmean|P50|P25|P75|Pmean|rho50|rho25|rho75|Pmean|S
2.745477534e+05|4.997994949e+06|5.008304157e+06|5.019339378e+06|5.009291766e+06|5.531995304e+03|5.537132191e+03|5.542623123e+03|5.537614025e+03|1.726520622e+11|1.731418686e+11|1.736661157e+11|1.731888514e+11|1.039312769e+04|1.039957178e+04|1.040645776e+04|1.040017578e+04|1.936151459e+03
4.163605823e+05|4.967239464e+06|4.976738057e+06|4.983870230e+06|4.976449770e+06|5.516632040e+03|5.521384972e+03|5.524947754e+03|5.521234200e+03|1.711909384e+11|1.716421715e+11|1.719809897e+11|1.716285203e+11|1.037384692e+04|1.037980908e+04|1.038428320e+04|1.037962109e+04|1.936151459e+03
4.950052488e+05|4.948115506e+06|4.953384799e+06|4.962108687e+06|4.955367940e+06|5.507023490e+03|5.509672996e+03|5.514056150e+03|5.510665924e+03|1.702830995e+11|1.705332581e+11|1.709473767e+11|1.706274143e+11|1.036180176e+04|1.036512354e+04|1.037061768e+04|1.036636816e+04|1.936151459e+03
5.558161940e+05|4.923229099e+06|4.929311095e+06|4.935662501e+06|4.930636471e+06|5.494489155e+03|5.497555626e+03|5.500755710e+03|5.498220301e+03|1.691016909e+11|1.693903722e+11|1.696919369e+11|1.694533472e+11|1.034609009e+04|1.034993213e+04|1.035394238e+04|1.035076562e+04|1.936151459e+03
6.048055663e+05|4.909247417e+06|4.914658904e+06|4.920983900e+06|4.915087097e+06|5.487413768e+03|5.490155071e+03|5.493356627e+03|5.490366360e+03|1.684383927e+11|1.686950968e+11|1.689951161e+11|1.687154740e+11|1.033722217e+04|1.034065527e+04|1.034466772e+04|1.034092285e+04|1.936151459e+03
6.510746051e+05|4.888844838e+06|4.893939454e+06|4.901067652e+06|4.894678984e+06|5.477063531e+03|5.479650241e+03|5.483267000e+03|5.480023108e+03|1.674707428e+11|1.677123711e+11|1.680504810e+11|1.677474542e+11|1.032426367e+04|1.032750781e+04|1.033203711e+04|1.032797168e+04|1.936151459e+03
6.962739766e+05|4.869755188e+06|4.874433723e+06|4.879521047e+06|4.874917754e+06|5.467353195e+03|5.469738530e+03|5.472325708e+03|5.469980300e+03|1.665654108e+11|1.667871786e+11|1.670285225e+11|1.668102295e+11|1.031210645e+04|1.031508545e+04|1.031832764e+04|1.031539453e+04|1.936151459e+03
7.357189341e+05|4.852325891e+06|4.857127600e+06|4.864560231e+06|4.858152536e+06|5.458441503e+03|5.460898382e+03|5.464698804e+03|5.461419511e+03|1.657392513e+11|1.659668586e+11|1.663191863e+11|1.660154499e+11|1.030096362e+04|1.030403369e+04|1.030878198e+04|1.030468359e+04|1.936151459e+03
7.744766709e+05|4.832429029e+06|4.838186383e+06|4.845647485e+06|4.838369439e+06|5.448246780e+03|5.451199073e+03|5.455022176e+03|5.451290647e+03|1.647961693e+11|1.650690454e+11|1.654227177e+11|1.650777359e+11|1.028820361e+04|1.029189893e+04|1.029668286e+04|1.029201270e+04|1.936151459e+03
8.132882063e+05|4.813114808e+06|4.819818503e+06|4.824503837e+06|4.819312383e+06|5.438308612e+03|5.441765496e+03|5.444179710e+03|5.441499692e+03|1.638810725e+11|1.641985321e+11|1.644205065e+11|1.641746564e+11|1.027578271e+04|1.028009912e+04|1.028311475e+04|1.027976855e+04|1.936151459e+03
8.454784424e+05|4.797968938e+06|4.803217151e+06|4.808038089e+06|4.803696977e+06|5.430488715e+03|5.433199910e+03|5.435688967e+03|5.433445847e+03|1.631636656e+11|1.634122555e+11|1.636405971e+11|1.634349832e+11|1.026600903e+04|1.026940234e+04|1.027250415e+04|1.026970508e+04|1.936151459e+03
8.813275475e+05|4.776237626e+06|4.782470273e+06|4.789403660e+06|4.782577073e+06|5.419244469e+03|5.422472768e+03|5.426060475e+03|5.422524391e+03|1.621344211e+11|1.624295773e+11|1.627579711e+11|1.624346849e+11|1.025195117e+04|1.025598730e+04|1.026047192e+04|1.025605566e+04|1.936151459e+03
9.141331325e+05|4.757983844e+06|4.763823769e+06|4.771218493e+06|4.764412868e+06|5.409747641e+03|5.412788102e+03|5.416635146e+03|5.413091291e+03|1.612705650e+11|1.615469015e+11|1.618968770e+11|1.615748175e+11|1.024010498e+04|1.024389990e+04|1.024869531e+04|1.024427539e+04|1.936151459e+03
9.462080539e+05|4.739934515e+06|4.745179181e+06|4.752154830e+06|4.745708361e+06|5.400337748e+03|5.403074016e+03|5.406710843e+03|5.403346970e+03|1.604164134e+11|1.606645956e+11|1.609946971e+11|1.606896419e+11|1.022835498e+04|1.023177295e+04|1.023631592e+04|1.023211230e+04|1.936151459e+03
9.747639745e+05|4.724006433e+06|4.729891910e+06|4.736830134e+06|4.729500067e+06|5.392007028e+03|5.395093696e+03|5.398717345e+03|5.394878601e+03|1.596628095e+11|1.599411307e+11|1.602694908e+11|1.599227190e+11|1.021795728e+04|1.022180762e+04|1.022632861e+04|1.022154102e+04|1.936151459e+03
1.006073851e+06|4.702623083e+06|4.709045728e+06|4.717660097e+06|4.710182848e+06|5.380771596e+03|5.384149134e+03|5.388675351e+03|5.384741845e+03|1.586514783e+11|1.589552272e+11|1.593626519e+11|1.590090221e+11|1.020394702e+04|1.020816016e+04|1.021380225e+04|1.020889844e+04|1.936151459e+03
1.034117964e+06|4.683954209e+06|4.692300696e+06|4.700654635e+06|4.692630669e+06|5.370939841e+03|5.375338036e+03|5.379735930e+03|5.375506505e+03|1.577685736e+11|1.581633097e+11|1.585583650e+11|1.581789315e+11|1.019167993e+04|1.019717432e+04|1.020265625e+04|1.019737988e+04|1.936151459e+03
1.061854120e+06|4.667836960e+06|4.675740562e+06|4.680471453e+06|4.674596757e+06|5.362406118e+03|5.366594236e+03|5.369099310e+03|5.365981458e+03|1.570067734e+11|1.573803078e+11|1.576038881e+11|1.573263010e+11|1.018105615e+04|1.018627344e+04|1.018938843e+04|1.018550781e+04|1.936151459e+03
1.091090757e+06|4.648088751e+06|4.655735235e+06|4.665804349e+06|4.655806599e+06|5.351924827e+03|5.355986011e+03|5.361328421e+03|5.356019174e+03|1.560734039e+11|1.564348128e+11|1.569107105e+11|1.564381987e+11|1.016799756e+04|1.017305469e+04|1.017971558e+04|1.017309668e+04|1.936151459e+03
1.115954559e+06|4.629570752e+06|4.639153890e+06|4.648733106e+06|4.638843958e+06|5.342062776e+03|5.347174801e+03|5.352267194e+03|5.346998029e+03|1.551984825e+11|1.556511693e+11|1.561038643e+11|1.556366495e+11|1.015571582e+04|1.016207910e+04|1.016842114e+04|1.016186035e+04|1.936151459e+03
1.143677575e+06|4.610371120e+06|4.618367018e+06|4.626154711e+06|4.619195786e+06|5.331792267e+03|5.336072321e+03|5.340237103e+03|5.336509552e+03|1.542918216e+11|1.546694108e+11|1.550371340e+11|1.547085703e+11|1.014293066e+04|1.014826172e+04|1.015344116e+04|1.014880469e+04|1.936151459e+03
1.168731283e+06|4.593705018e+06|4.600593018e+06|4.610886372e+06|4.601963236e+06|5.322858386e+03|5.326552812e+03|5.332068180e+03|5.327280739e+03|1.535047628e+11|1.538300856e+11|1.543161517e+11|1.538948049e+11|1.013181348e+04|1.013641162e+04|1.014328101e+04|1.013731836e+04|1.936151459e+03
1.193182720e+06|4.574888136e+06|4.583147964e+06|4.591182484e+06|4.584485306e+06|5.312719661e+03|5.317176359e+03|5.321504664e+03|5.317885437e+03|1.526166570e+11|1.530064953e+11|1.533856730e+11|1.530696806e+11|1.011920630e+04|1.012474707e+04|1.013012329e+04|1.012563086e+04|1.936151459e+03
1.219306499e+06|4.555536996e+06|4.565487607e+06|4.577276377e+06|4.566170010e+06|5.302261605e+03|5.307642231e+03|5.314008709e+03|5.308004441e+03|1.517034401e+11|1.521730208e+11|1.527293804e+11|1.522052401e+11|1.010620630e+04|1.011289746e+04|1.012081250e+04|1.011334473e+04|1.936151459e+03
1.242026766e+06|4.538104880e+06|4.549504101e+06|4.558832330e+06|4.550194868e+06|5.292807469e+03|5.298996354e+03|5.304044202e+03|5.299352121e+03|1.508809126e+11|1.514187450e+11|1.518589393e+11|1.514514351e+11|1.009445288e+04|1.010214258e+04|1.010842505e+04|1.010258887e+04|1.936151459e+03
1.266411985e+06|4.519888338e+06|4.528297802e+06|4.542017967e+06|4.530857991e+06|5.282881565e+03|5.287466396e+03|5.294936874e+03|5.288848983e+03|1.500217139e+11|1.504183736e+11|1.510654578e+11|1.505391795e+11|1.008212793e+04|1.008782227e+04|1.009709912e+04|1.008954004e+04|1.936151459e+03
1.289796054e+06|4.502345693e+06|4.509363060e+06|4.520722190e+06|4.511238159e+06|5.273302673e+03|5.277136784e+03|5.283336385e+03|5.278150507e+03|1.491943636e+11|1.495252710e+11|1.500610479e+11|1.496138050e+11|1.007022363e+04|1.007498779e+04|1.008269263e+04|1.007625195e+04|1.936151459e+03
1.312006419e+06|4.485430092e+06|4.496477851e+06|4.505403910e+06|4.495783777e+06|5.264020866e+03|5.270089763e+03|5.274973975e+03|5.269690583e+03|1.483969941e+11|1.489176964e+11|1.493385799e+11|1.488851394e+11|1.005870850e+04|1.006623926e+04|1.007230298e+04|1.006574902e+04|1.936151459e+03
1.336355185e+06|4.465978706e+06|4.473314767e+06|4.483907241e+06|4.474522319e+06|5.253316262e+03|5.257356407e+03|5.263183709e+03|5.258014453e+03|1.474803181e+11|1.478260471e+11|1.483252332e+11|1.478829663e+11|1.004543115e+04|1.005044482e+04|1.005767456e+04|1.005125977e+04|1.936151459e+03
1.357122610e+06|4.447219656e+06|4.455823352e+06|4.469902825e+06|4.459060574e+06|5.242955120e+03|5.247717674e+03|5.255477817e+03|5.249483357e+03|1.465964762e+11|1.470017155e+11|1.476652514e+11|1.471544214e+11|1.003258130e+04|1.003847852e+04|1.004811597e+04|1.004067578e+04|1.936151459e+03
1.379656365e+06|4.428905421e+06|4.437655157e+06|4.452042786e+06|4.440039746e+06|5.232790984e+03|5.237649724e+03|5.245628193e+03|5.238959784e+03|1.457338675e+11|1.461459550e+11|1.468236356e+11|1.462583503e+11|1.001998340e+04|1.002600781e+04|1.003588477e+04|1.002762891e+04|1.936151459e+03
1.401775357e+06|4.409426646e+06|4.416062209e+06|4.427830257e+06|4.419448581e+06|5.221956083e+03|5.225649901e+03|5.232193594e+03|5.227516866e+03|1.448165027e+11|1.451290352e+11|1.456832207e+11|1.452885764e+11|1.000654443e+04|1.001112744e+04|1.001924268e+04|1.001344336e+04|1.936151459e+03
1.423104546e+06|4.395362637e+06|4.403554205e+06|4.418584277e+06|4.406537212e+06|5.214085256e+03|5.218671811e+03|5.227053085e+03|5.220304123e+03|1.441544418e+11|1.445400410e+11|1.452478149e+11|1.446806756e+11|9.996806641e+03|1.000247852e+04|1.001286572e+04|1.000450977e+04|1.936151459e+03
1.442275661e+06|4.376040175e+06|4.385539839e+06|4.398374655e+06|4.387595737e+06|5.203248463e+03|5.208579403e+03|5.215772241e+03|5.209718150e+03|1.432448116e+11|1.436920081e+11|1.442962264e+11|1.437888592e+11|9.983387451e+03|9.989988770e+03|9.998893799e+03|9.991397461e+03|1.936151459e+03
1.463595750e+06|4.360856445e+06|4.369464413e+06|4.380508212e+06|4.370976613e+06|5.194706808e+03|5.199554782e+03|5.205756566e+03|5.200383175e+03|1.425302526e+11|1.429353332e+11|1.434551599e+11|1.430066443e+11|9.972805420e+03|9.978806641e+03|9.986494385e+03|9.979839844e+03|1.936151459e+03
1.485199749e+06|4.339852892e+06|4.346508947e+06|4.361071139e+06|4.351165158e+06|5.182831523e+03|5.186598083e+03|5.194828012e+03|5.189198964e+03|1.415422601e+11|1.418553280e+11|1.425403533e+11|1.420745599e+11|9.958125732e+03|9.962780762e+03|9.972959961e+03|9.966002930e+03|1.936151459e+03
1.504486723e+06|4.324686002e+06|4.330561050e+06|4.344496122e+06|4.334548748e+06|5.174237441e+03|5.177568313e+03|5.185459378e+03|5.179816383e+03|1.408288181e+11|1.411051830e+11|1.417606588e+11|1.412928057e+11|9.947484619e+03|9.951607910e+03|9.961372070e+03|9.954390625e+03|1.936151459e+03
1.525687669e+06|4.301660950e+06|4.310407582e+06|4.320331402e+06|4.309124049e+06|5.161116249e+03|5.166108393e+03|5.171765626e+03|5.165347520e+03|1.397463365e+11|1.401575332e+11|1.406240636e+11|1.400973181e+11|9.931269287e+03|9.937443359e+03|9.944427490e+03|9.936505859e+03|1.936151459e+03
1.544269397e+06|4.290083274e+06|4.296617218e+06|4.311793148e+06|4.299569630e+06|5.154500095e+03|5.158235118e+03|5.166898700e+03|5.159899669e+03|1.392021325e+11|1.395092301e+11|1.402226749e+11|1.396481302e+11|9.923096924e+03|9.927710449e+03|9.938418701e+03|9.929770508e+03|1.936151459e+03
1.563492046e+06|4.265059533e+06|4.277682431e+06|4.293122945e+06|4.279374048e+06|5.140136486e+03|5.147403155e+03|5.156238045e+03|5.148338722e+03|1.380260456e+11|1.386191912e+11|1.393450027e+11|1.386988506e+11|9.905354492e+03|9.914322754e+03|9.925247803e+03|9.915486328e+03|1.936151459e+03
1.581205666e+06|4.251627079e+06|4.264186181e+06|4.274295453e+06|4.263207788e+06|5.132390189e+03|5.139633224e+03|5.145455317e+03|5.139045091e+03|1.373948237e+11|1.379850070e+11|1.384600126e+11|1.379391074e+11|9.895795654e+03|9.904734863e+03|9.911919189e+03|9.904008789e+03|1.936151459e+03
1.601453217e+06|4.235581115e+06|4.243404864e+06|4.257504248e+06|4.247860934e+06|5.123119960e+03|5.127642257e+03|5.135781008e+03|5.130185358e+03|1.366409207e+11|1.370084903e+11|1.376710013e+11|1.372180151e+11|9.884340332e+03|9.889926270e+03|9.899979248e+03|9.893071289e+03|1.936151459e+03
1.621819990e+06|4.213161893e+06|4.223593567e+06|4.237788169e+06|4.228567167e+06|5.110088167e+03|5.116158001e+03|5.124396114e+03|5.119009129e+03|1.355880904e+11|1.360778945e+11|1.367446160e+11|1.363117175e+11|9.868271484e+03|9.875760742e+03|9.885921143e+03|9.879280273e+03|1.936151459e+03
1.640907291e+06|4.196896825e+06|4.205757312e+06|4.224769570e+06|4.211945997e+06|5.100608470e+03|5.105774952e+03|5.116841787e+03|5.109351569e+03|1.348243203e+11|1.352403915e+11|1.361331055e+11|1.355311281e+11|9.856578857e+03|9.862953613e+03|9.876600098e+03|9.867363281e+03|1.936151459e+03
1.658541892e+06|4.181764723e+06|4.191241530e+06|4.208168428e+06|4.195563118e+06|5.091748924e+03|5.097307704e+03|5.107179875e+03|5.099796916e+03|1.341141199e+11|1.345588645e+11|1.353536162e+11|1.347619415e+11|9.845659180e+03|9.852500488e+03|9.864685547e+03|9.855582031e+03|1.936151459e+03
1.676408297e+06|4.161905940e+06|4.171668013e+06|4.186424267e+06|4.175258070e+06|5.080078696e+03|5.085819081e+03|5.094482906e+03|5.087900092e+03|1.331822517e+11|1.336402858e+11|1.343327997e+11|1.338089030e+11|9.831275879e+03|9.838354004e+03|9.849023682e+03|9.840918945e+03|1.936151459e+03
1.693919437e+06|4.145022592e+06|4.155269699e+06|4.170502009e+06|4.158270322e+06|5.070123550e+03|5.076172405e+03|5.085133788e+03|5.077903330e+03|1.323900532e+11|1.328708577e+11|1.335855665e+11|1.330117394e+11|9.819013672e+03|9.826464844e+03|9.837505615e+03|9.828600586e+03|1.936151459e+03
1.711131244e+06|4.128250551e+06|4.138090111e+06|4.149278737e+06|4.139367217e+06|5.060175915e+03|5.066014360e+03|5.072643169e+03|5.066743740e+03|1.316031902e+11|1.320648399e+11|1.325897123e+11|1.321248048e+11|9.806772705e+03|9.813955566e+03|9.822108643e+03|9.814856445e+03|1.936151459e+03
1.731159347e+06|4.107253587e+06|4.123397064e+06|4.140162242e+06|4.125898877e+06|5.047693023e+03|5.057293386e+03|5.067242970e+03|5.058730607e+03|1.306182828e+11|1.313754975e+11|1.321620484e+11|1.314930672e+11|9.791398682e+03|9.803222168e+03|9.815467285e+03|9.804994141e+03|1.936151459e+03
1.749890631e+06|4.088512781e+06|4.097152340e+06|4.111186345e+06|4.100711005e+06|5.036477481e+03|5.041651781e+03|5.050033586e+03|5.043754867e+03|1.297395954e+11|1.301446064e+11|1.308027562e+11|1.303116203e+11|9.777610840e+03|9.783976562e+03|9.794282715e+03|9.786563477e+03|1.936151459e+03
1.766204168e+06|4.075095653e+06|4.086577086e+06|4.101091784e+06|4.088069202e+06|5.028430713e+03|5.035317408e+03|5.044009288e+03|5.036188712e+03|1.291105612e+11|1.296488501e+11|1.303293052e+11|1.297188986e+11|9.767710693e+03|9.776184570e+03|9.786868652e+03|9.777254883e+03|1.936151459e+03
1.782837973e+06|4.054428825e+06|4.066030655e+06|4.081811359e+06|4.067891779e+06|5.015981846e+03|5.022986376e+03|5.032460072e+03|5.024063717e+03|1.281420107e+11|1.286856744e+11|1.294254186e+11|1.287731074e+11|9.752411621e+03|9.761009766e+03|9.772672607e+03|9.762346680e+03|1.936151459e+03
1.799799452e+06|4.040085892e+06|4.051641917e+06|4.063755333e+06|4.053604028e+06|5.007304877e+03|5.014297102e+03|5.021615631e+03|5.015450915e+03|1.274700337e+11|1.280114005e+11|1.285790518e+11|1.281035270e+11|9.741748291e+03|9.750342773e+03|9.759328857e+03|9.751761719e+03|1.936151459e+03
1.816880326e+06|4.020736647e+06|4.031352442e+06|4.044626840e+06|4.035065546e+06|4.995565331e+03|5.002013747e+03|5.010053697e+03|5.004222584e+03|1.265635604e+11|1.270608842e+11|1.276827441e+11|1.272349435e+11|9.727321777e+03|9.735249023e+03|9.745128662e+03|9.737965820e+03|1.936151459e+03
1.833421228e+06|4.002991313e+06|4.012577875e+06|4.029309794e+06|4.018649869e+06|4.984727017e+03|4.990585238e+03|5.000775367e+03|4.994246935e+03|1.257322683e+11|1.261813883e+11|1.269651821e+11|1.264658888e+11|9.714025879e+03|9.721214844e+03|9.733727783e+03|9.725715820e+03|1.936151459e+03
1.851233948e+06|3.983822184e+06|3.993501424e+06|4.012735683e+06|3.999407936e+06|4.972991615e+03|4.978920869e+03|4.990681596e+03|4.982490535e+03|1.248344970e+11|1.252878058e+11|1.261887806e+11|1.255646016e+11|9.699615967e+03|9.706895508e+03|9.721332031e+03|9.711284180e+03|1.936151459e+03
1.868465542e+06|3.964617639e+06|3.977081533e+06|3.996744367e+06|3.981845002e+06|4.961155136e+03|4.968842488e+03|4.980905773e+03|4.971723346e+03|1.239353269e+11|1.245187968e+11|1.254396648e+11|1.247420815e+11|9.685107666e+03|9.694524902e+03|9.709334717e+03|9.698070312e+03|1.936151459e+03
1.886729309e+06|3.946579585e+06|3.959535162e+06|3.976931671e+06|3.963737589e+06|4.950008087e+03|4.958016904e+03|4.968750101e+03|4.960565513e+03|1.230909039e+11|1.236973780e+11|1.245117832e+11|1.238943016e+11|9.671428711e+03|9.681255371e+03|9.694413818e+03|9.684383789e+03|1.936151459e+03
1.901973732e+06|3.930569852e+06|3.941799743e+06|3.964428533e+06|3.949602684e+06|4.940060352e+03|4.947049192e+03|4.961038394e+03|4.951822835e+03|1.223416489e+11|1.228672121e+11|1.239264737e+11|1.232326484e+11|9.659241943e+03|9.667799316e+03|9.684961914e+03|9.673665039e+03|1.936151459e+03
1.915391406e+06|3.913827086e+06|3.927177566e+06|3.942991523e+06|3.930488988e+06|4.929621859e+03|4.937947203e+03|4.947787688e+03|4.939963504e+03|1.215583467e+11|1.221829195e+11|1.229229868e+11|1.223380923e+11|9.646457275e+03|9.656655762e+03|9.668703857e+03|9.659129883e+03|1.936151459e+03
1.931018178e+06|3.899523645e+06|3.911425639e+06|3.931533143e+06|3.916180332e+06|4.920678943e+03|4.928122800e+03|4.940660245e+03|4.931051634e+03|1.208891798e+11|1.214459891e+11|1.223867358e+11|1.216685393e+11|9.635497803e+03|9.644615234e+03|9.659975098e+03|9.648208008e+03|1.936151459e+03
1.948663604e+06|3.879265943e+06|3.890416092e+06|3.907455522e+06|3.893964540e+06|4.907929793e+03|4.914951242e+03|4.925643508e+03|4.917136796e+03|1.199414722e+11|1.204631268e+11|1.212602301e+11|1.206291930e+11|9.619895752e+03|9.628487305e+03|9.641578613e+03|9.631168945e+03|1.936151459e+03
1.965261446e+06|3.861912681e+06|3.871214350e+06|3.888725881e+06|3.878293471e+06|4.896981552e+03|4.902853248e+03|4.913887536e+03|4.907274568e+03|1.191298902e+11|1.195649369e+11|1.203840499e+11|1.198961471e+11|9.606484619e+03|9.613676758e+03|9.627188721e+03|9.619094727e+03|1.936151459e+03
1.982085531e+06|3.845843145e+06|3.861295199e+06|3.874378324e+06|3.862328530e+06|4.886771496e+03|4.896589950e+03|4.904848777e+03|4.897186214e+03|1.183784258e+11|1.191010049e+11|1.197129016e+11|1.191494552e+11|9.594006592e+03|9.606009277e+03|9.616122314e+03|9.606750977e+03|1.936151459e+03
1.998663309e+06|3.826061176e+06|3.836768277e+06|3.856331295e+06|3.841428228e+06|4.874172956e+03|4.880996011e+03|4.893437957e+03|4.883927153e+03|1.174535176e+11|1.179540531e+11|1.188688110e+11|1.181720903e+11|9.578593018e+03|9.586946289e+03|9.602156494e+03|9.590530273e+03|1.936151459e+03
2.014554473e+06|3.806328049e+06|3.815956927e+06|3.836982487e+06|3.818529459e+06|4.861523551e+03|4.867705432e+03|4.881132419e+03|4.869296969e+03|1.165311076e+11|1.169811790e+11|1.179640712e+11|1.171015944e+11|9.563143311e+03|9.570692383e+03|9.587115479e+03|9.572646484e+03|1.936151459e+03
2.027797657e+06|3.792074999e+06|3.808170683e+06|3.829761612e+06|3.812251781e+06|4.852358596e+03|4.862707088e+03|4.876532122e+03|4.865283381e+03|1.158650495e+11|1.166172114e+11|1.176264758e+11|1.168081532e+11|9.551942383e+03|9.564589844e+03|9.581484863e+03|9.567740234e+03|1.936151459e+03
2.043030548e+06|3.772362919e+06|3.788548274e+06|3.807063175e+06|3.791372573e+06|4.839618062e+03|4.850088212e+03|4.861995787e+03|4.851844310e+03|1.149439636e+11|1.157002227e+11|1.165654558e+11|1.158323646e+11|9.536385254e+03|9.549168945e+03|9.563719727e+03|9.551322266e+03|1.936151459e+03
2.057738413e+06|3.755621379e+06|3.769663769e+06|3.786923481e+06|3.773339704e+06|4.828746060e+03|4.837866804e+03|4.849041860e+03|4.840201147e+03|1.141617608e+11|1.148178209e+11|1.156242830e+11|1.149896906e+11|9.523114014e+03|9.534250000e+03|9.547889404e+03|9.537102539e+03|1.936151459e+03
2.072851003e+06|3.736117412e+06|3.749366443e+06|3.769901919e+06|3.753937225e+06|4.816020502e+03|4.824677927e+03|4.838021378e+03|4.827598817e+03|1.132505723e+11|1.138695674e+11|1.148289512e+11|1.140831588e+11|9.507585693e+03|9.518145020e+03|9.534440430e+03|9.521718750e+03|1.936151459e+03
2.090021890e+06|3.718131378e+06|3.732849536e+06|3.751934013e+06|3.735331675e+06|4.804220096e+03|4.813878568e+03|4.826348250e+03|4.815449485e+03|1.124103319e+11|1.130979261e+11|1.139895129e+11|1.132139593e+11|9.493193848e+03|9.504972168e+03|9.520189941e+03|9.506895508e+03|1.936151459e+03
2.105963342e+06|3.702076485e+06|3.714571713e+06|3.729610008e+06|3.718537105e+06|4.793649642e+03|4.801881305e+03|4.811754307e+03|4.804440768e+03|1.116605907e+11|1.122441140e+11|1.129465947e+11|1.124294662e+11|9.480303711e+03|9.490342285e+03|9.502387207e+03|9.493467773e+03|1.936151459e+03
2.121997900e+06|3.687215280e+06|3.699633305e+06|3.722593598e+06|3.704214922e+06|4.783807521e+03|4.792032933e+03|4.807150314e+03|4.795000482e+03|1.109666212e+11|1.115464640e+11|1.126187985e+11|1.117605746e+11|9.468315186e+03|9.478337891e+03|9.496773438e+03|9.481960938e+03|1.936151459e+03
2.136870329e+06|3.667039580e+06|3.687690406e+06|3.703277605e+06|3.688341697e+06|4.770411306e+03|4.784122482e+03|4.794444268e+03|4.784489546e+03|1.100247147e+11|1.109888034e+11|1.117166960e+11|1.110193882e+11|9.451988770e+03|9.468698242e+03|9.481274902e+03|9.469152344e+03|1.936151459e+03
2.150719643e+06|3.646044826e+06|3.665836634e+06|3.688777847e+06|3.668120966e+06|4.756361345e+03|4.769607284e+03|4.784843269e+03|4.771041880e+03|1.090445779e+11|1.099685550e+11|1.110395721e+11|1.100752905e+11|9.434888184e+03|9.451007324e+03|9.469574951e+03|9.452769531e+03|1.936151459e+03
2.164005056e+06|3.629795824e+06|3.646469377e+06|3.668260406e+06|3.650528386e+06|4.745458395e+03|4.756645852e+03|4.771226087e+03|4.759284585e+03|1.082861973e+11|1.090643894e+11|1.100817024e+11|1.092540088e+11|9.421608154e+03|9.435235352e+03|9.452976562e+03|9.438453125e+03|1.936151459e+03
2.177195622e+06|3.614754482e+06|3.636810488e+06|3.656082046e+06|3.639948318e+06|4.735286989e+03|4.750169155e+03|4.763083280e+03|4.752188276e+03|1.075840397e+11|1.086136236e+11|1.095131172e+11|1.087601144e+11|9.409240967e+03|9.427345703e+03|9.443072754e+03|9.429815430e+03|1.936151459e+03
2.191014941e+06|3.598147534e+06|3.615190557e+06|3.635886720e+06|3.617160253e+06|4.724033083e+03|4.735582156e+03|4.749549282e+03|4.736858399e+03|1.068089472e+11|1.076043978e+11|1.085705086e+11|1.076963952e+11|9.395553467e+03|9.409606934e+03|9.426593750e+03|9.411159180e+03|1.936151459e+03
2.207710626e+06|3.583549278e+06|3.601197831e+06|3.617870996e+06|3.601359745e+06|4.714085268e+03|4.726102031e+03|4.737396041e+03|4.726142887e+03|1.061275662e+11|1.069512719e+11|1.077295299e+11|1.069589444e+11|9.383458496e+03|9.398067871e+03|9.411812012e+03|9.398126953e+03|1.936151459e+03
2.226448023e+06|3.552010512e+06|3.571777822e+06|3.593108286e+06|3.572921650e+06|4.692470651e+03|4.706034149e+03|4.720613213e+03|4.706753355e+03|1.046561384e+11|1.055783434e+11|1.065738035e+11|1.056318622e+11|9.357194580e+03|9.373678223e+03|9.391386719e+03|9.374554688e+03|1.936151459e+03
2.240639634e+06|3.539046996e+06|3.553740263e+06|3.570609692e+06|3.556279933e+06|4.683516874e+03|4.693664189e+03|4.705234451e+03|4.695345044e+03|1.040512651e+11|1.047368477e+11|1.055238350e+11|1.048553721e+11|9.346329102e+03|9.358638672e+03|9.372709717e+03|9.360694336e+03|1.936151459e+03
2.254111723e+06|3.525741789e+06|3.547486210e+06|3.572919619e+06|3.549021846e+06|4.674310849e+03|4.689347548e+03|4.706815648e+03|4.690326207e+03|1.034307505e+11|1.044450248e+11|1.056316215e+11|1.045167712e+11|9.335141846e+03|9.353402344e+03|9.374626709e+03|9.354599609e+03|1.936151459e+03
2.267038024e+06|3.499973447e+06|3.523272375e+06|3.542457408e+06|3.524072269e+06|4.656348492e+03|4.672600382e+03|4.685873956e+03|4.673041271e+03|1.022284413e+11|1.033155692e+11|1.042103500e+11|1.033527963e+11|9.313353271e+03|9.333068848e+03|9.349188721e+03|9.333614258e+03|1.936151459e+03
2.279068431e+06|3.486004047e+06|3.513636340e+06|3.532678248e+06|3.513902412e+06|4.646569204e+03|4.665895298e+03|4.679112350e+03|4.665957068e+03|1.015768818e+11|1.028660264e+11|1.037542635e+11|1.028783700e+11|9.301482422e+03|9.324932617e+03|9.340980713e+03|9.325016602e+03|1.936151459e+03
2.291595320e+06|3.463215151e+06|3.501033420e+06|3.519904078e+06|3.494221885e+06|4.630496226e+03|4.657089770e+03|4.670266404e+03|4.652195980e+03|1.005137419e+11|1.022779107e+11|1.031584544e+11|1.019602871e+11|9.281999023e+03|9.314252930e+03|9.330225830e+03|9.308323242e+03|1.936151459e+03
2.304907858e+06|3.462172042e+06|3.485342115e+06|3.502745759e+06|3.483272316e+06|4.629758797e+03|4.646105349e+03|4.658287046e+03|4.644546901e+03|1.004650828e+11|1.015460081e+11|1.023578244e+11|1.014494664e+11|9.281110596e+03|9.300919434e+03|9.315705078e+03|9.299042969e+03|1.936151459e+03
2.319705578e+06|3.437760345e+06|3.458464376e+06|3.483146684e+06|3.459923359e+06|4.612432027e+03|4.627136789e+03|4.644565691e+03|4.628068632e+03|9.932650948e+10|1.002921205e+11|1.014436006e+11|1.003603460e+11|9.260111084e+03|9.277928711e+03|9.299050049e+03|9.279065430e+03|1.936151459e+03
2.335699583e+06|3.422012004e+06|3.444922584e+06|3.458273531e+06|3.441913854e+06|4.601183820e+03|4.617539657e+03|4.627001797e+03|4.615297878e+03|9.859213358e+10|9.966066775e+10|1.002832174e+11|9.952033136e+10|9.246486084e+03|9.266291992e+03|9.277767334e+03|9.263589844e+03|1.936151459e+03
2.353224687e+06|3.399495072e+06|3.421136816e+06|3.440985210e+06|3.419320103e+06|4.585002458e+03|4.600558008e+03|4.614732404e+03|4.599165073e+03|9.754194564e+10|9.855132403e+10|9.947697233e+10|9.846655248e+10|9.226899902e+03|9.245726562e+03|9.262896240e+03|9.244050781e+03|1.936151459e+03
2.368798434e+06|3.376236241e+06|3.395102105e+06|3.421841528e+06|3.397909659e+06|4.568184532e+03|4.581830304e+03|4.601061925e+03|4.583728015e+03|9.645724605e+10|9.733697654e+10|9.858418440e+10|9.746797356e+10|9.206537842e+03|9.223062988e+03|9.246343506e+03|9.225365234e+03|1.936151459e+03
2.380535714e+06|3.362490761e+06|3.385495162e+06|3.403543621e+06|3.384604631e+06|4.558158326e+03|4.574886498e+03|4.587924059e+03|4.574091830e+03|9.581596170e+10|9.688898439e+10|9.773083115e+10|9.684740533e+10|9.194424316e+03|9.214655273e+03|9.230434082e+03|9.213707031e+03|1.936151459e+03
2.391527786e+06|3.350684178e+06|3.373444299e+06|3.384093057e+06|3.369494951e+06|4.549531277e+03|4.566149560e+03|4.573872312e+03|4.563158182e+03|9.526521766e+10|9.632692002e+10|9.682361030e+10|9.614269591e+10|9.183994385e+03|9.204081543e+03|9.213429932e+03|9.200478516e+03|1.936151459e+03
2.403040074e+06|3.316413418e+06|3.344401167e+06|3.370410984e+06|3.345917613e+06|4.524296143e+03|4.544934573e+03|4.563937674e+03|4.545898828e+03|9.366690961e+10|9.497233967e+10|9.618539851e+10|9.504301422e+10|9.153493408e+03|9.178430664e+03|9.201412598e+03|9.179612305e+03|1.936151459e+03
2.414999460e+06|3.298349030e+06|3.327913579e+06|3.351805552e+06|3.326392867e+06|4.510881679e+03|4.532791189e+03|4.550351257e+03|4.531525103e+03|9.282437452e+10|9.420319174e+10|9.531750430e+10|9.413233313e+10|9.137296143e+03|9.163761230e+03|9.184986084e+03|9.162241211e+03|1.936151459e+03
2.426506307e+06|3.285339239e+06|3.310111361e+06|3.335759824e+06|3.308638184e+06|4.501167349e+03|4.519635201e+03|4.538579369e+03|4.518374673e+03|9.221747686e+10|9.337302690e+10|9.456922929e+10|9.330417287e+10|9.125568848e+03|9.147860840e+03|9.170755859e+03|9.146357422e+03|1.936151459e+03
2.443160863e+06|3.266178501e+06|3.285167796e+06|3.311869241e+06|3.286329499e+06|4.486792829e+03|4.501039314e+03|4.520935729e+03|4.501772761e+03|9.132367660e+10|9.220948338e+10|9.345498093e+10|9.226357224e+10|9.108221191e+03|9.125415527e+03|9.149430908e+03|9.126310547e+03|1.936151459e+03
2.459848553e+06|3.233854563e+06|3.260884524e+06|3.285191988e+06|3.258507740e+06|4.462322405e+03|4.482797012e+03|4.501057366e+03|4.480833759e+03|8.981547243e+10|9.107663515e+10|9.221061123e+10|9.096561427e+10|9.078708740e+03|9.103406250e+03|9.125436523e+03|9.101046875e+03|1.936151459e+03
2.477548791e+06|3.210656090e+06|3.242286666e+06|3.265581611e+06|3.237725085e+06|4.444597138e+03|4.468736428e+03|4.486342460e+03|4.465059117e+03|8.873301401e+10|9.020901869e+10|9.129582388e+10|8.999592402e+10|9.057341553e+03|9.086437500e+03|9.107676514e+03|9.082025391e+03|1.936151459e+03
2.492473273e+06|3.211451248e+06|3.239632932e+06|3.261644986e+06|3.233776342e+06|4.445205722e+03|4.466727212e+03|4.483371199e+03|4.462021317e+03|8.877008776e+10|9.008526684e+10|9.111212298e+10|8.981164006e+10|9.058074707e+03|9.084011719e+03|9.104095703e+03|9.078364258e+03|1.936151459e+03
2.501781297e+06|3.188653742e+06|3.219129964e+06|3.237435329e+06|3.214984689e+06|4.427643212e+03|4.451078455e+03|4.465053288e+03|4.447677665e+03|8.770618698e+10|8.912837084e+10|8.998267237e+10|8.893476783e+10|9.036924072e+03|9.065159668e+03|9.081997803e+03|9.061075195e+03|1.936151459e+03
2.510533797e+06|3.159160091e+06|3.208962788e+06|3.230058840e+06|3.199072141e+06|4.404723642e+03|4.443301177e+03|4.459426128e+03|4.435378140e+03|8.632948383e+10|8.865406370e+10|8.963827027e+10|8.819202109e+10|9.009330078e+03|9.055777832e+03|9.075217285e+03|9.046262695e+03|1.936151459e+03
2.520026515e+06|3.150951215e+06|3.204045166e+06|3.227567689e+06|3.191681428e+06|4.398301663e+03|4.439525703e+03|4.457524455e+03|4.429673177e+03|8.594616104e+10|8.842467701e+10|8.952204676e+10|8.784709305e+10|9.001603027e+03|9.051229492e+03|9.072930176e+03|9.039389648e+03|1.936151459e+03
2.531025019e+06|3.137549949e+06|3.176799052e+06|3.206990151e+06|3.171040477e+06|4.387787746e+03|4.418474965e+03|4.441790976e+03|4.413749399e+03|8.532053705e+10|8.715314032e+10|8.856209870e+10|8.688374387e+10|8.988943604e+03|9.025877930e+03|9.053958008e+03|9.020208984e+03|1.936151459e+03
2.542991903e+06|3.106556258e+06|3.145330263e+06|3.181107997e+06|3.143703045e+06|4.363253421e+03|4.393900408e+03|4.421809301e+03|4.392291753e+03|8.387311941e+10|8.568383702e+10|8.735416842e+10|8.560727718e+10|8.959441650e+03|8.996304688e+03|9.029894287e+03|8.994394531e+03|1.936151459e+03
2.564315017e+06|3.073997005e+06|3.100760459e+06|3.132590265e+06|3.102147046e+06|4.337178263e+03|4.358622250e+03|4.383870033e+03|4.359411358e+03|8.235204879e+10|8.360221013e+10|8.508876134e+10|8.366641208e+10|8.928112061e+03|8.953883301e+03|8.984236084e+03|8.954855469e+03|1.936151459e+03
2.596672587e+06|3.038441525e+06|3.059608269e+06|3.080344469e+06|3.054941503e+06|4.308320692e+03|4.325532103e+03|4.342280921e+03|4.321453167e+03|8.068972188e+10|8.167920048e+10|8.264854778e+10|8.146044483e+10|8.893467773e+03|8.914136719e+03|8.934246582e+03|8.909256836e+03|1.936151459e+03
2.608685938e+06|3.021221167e+06|3.050699606e+06|3.086145453e+06|3.045439687e+06|4.294204194e+03|4.318309674e+03|4.346929002e+03|4.313580130e+03|7.988432389e+10|8.126292513e+10|8.291947041e+10|8.101581245e+10|8.876533447e+03|8.905461914e+03|8.939832275e+03|8.899816406e+03|1.936151459e+03
2.616168245e+06|3.007748868e+06|3.054286955e+06|3.081294702e+06|3.039291846e+06|4.283103885e+03|4.321219104e+03|4.343042561e+03|4.308458181e+03|7.925423680e+10|8.143052706e+10|8.269292686e+10|8.072807373e+10|8.863220703e+03|8.908958984e+03|8.935161865e+03|8.893677734e+03|1.936151459e+03
2.622128673e+06|3.028173496e+06|3.068709487e+06|3.096618327e+06|3.055825162e+06|4.299907289e+03|4.332901365e+03|4.355310935e+03|4.321936498e+03|8.020945007e+10|8.210479023e+10|8.340861388e+10|8.150112035e+10|8.883381592e+03|8.922979004e+03|8.949905273e+03|8.909854492e+03|1.936151459e+03
2.627731068e+06|2.996231480e+06|3.045302576e+06|3.088893839e+06|3.039663405e+06|4.273554467e+03|4.313929791e+03|4.349129849e+03|4.308670015e+03|7.871527116e+10|8.101077103e+10|8.304782521e+10|8.074523093e+10|8.851773682e+03|8.900195801e+03|8.942482422e+03|8.893938477e+03|1.936151459e+03
2.633590845e+06|2.992189531e+06|3.048887870e+06|3.085364301e+06|3.035032092e+06|4.270199565e+03|4.316839773e+03|4.346303259e+03|4.304680512e+03|7.852619272e+10|8.117827958e+10|8.288298868e+10|8.052810307e+10|8.847750000e+03|8.903691895e+03|8.939080811e+03|8.889165039e+03|1.936151459e+03
2.638956083e+06|3.017028774e+06|3.052822162e+06|3.092230229e+06|3.044712844e+06|4.290762553e+03|4.320031194e+03|4.351800404e+03|4.312714904e+03|7.968838574e+10|8.136209161e+10|8.320363808e+10|8.098111478e+10|8.872399902e+03|8.907531250e+03|8.945691895e+03|8.898796875e+03|1.936151459e+03
2.645418573e+06|2.943302068e+06|3.030030695e+06|3.089011283e+06|3.019798543e+06|4.229154320e+03|4.301430297e+03|4.349223873e+03|4.291919029e+03|7.623733983e+10|8.029631936e+10|8.305331000e+10|7.981489823e+10|8.798567627e+03|8.885205078e+03|8.942595459e+03|8.873874023e+03|1.936151459e+03
2.653437040e+06|2.941643701e+06|3.007452851e+06|3.081756665e+06|3.010177565e+06|4.227745087e+03|4.282858671e+03|4.343412801e+03|4.283983164e+03|7.615960872e+10|7.924037427e+10|8.271450204e+10|7.936477851e+10|8.796882568e+03|8.862924316e+03|8.935609131e+03|8.864353516e+03|1.936151459e+03
2.695368231e+06|2.370163614e+06|2.890412358e+06|2.958043286e+06|2.738999977e+06|3.670502338e+03|4.183826979e+03|4.241621211e+03|4.026839205e+03|4.901431122e+10|7.375819520e+10|7.692789894e+10|6.651549635e+10|8.133916748e+03|8.744313965e+03|8.813494385e+03|8.558023438e+03|1.936151459e+03
2.750215392e+06|2.300283229e+06|2.329193810e+06|2.364025139e+06|2.332844829e+06|3.588823957e+03|3.623089150e+03|3.663479843e+03|3.626426203e+03|4.559572470e+10|4.701416083e+10|4.871530928e+10|4.718408481e+10|8.037313477e+03|8.077834229e+03|8.125606201e+03|8.081804199e+03|1.936151459e+03
2.755478403e+06|2.273456871e+06|2.308802368e+06|2.337142205e+06|2.305648360e+06|3.556314604e+03|3.598970030e+03|3.632386731e+03|3.594252089e+03|4.427180049e+10|4.601374662e+10|4.740299948e+10|4.584962198e+10|7.998906982e+03|8.049319580e+03|8.088827881e+03|8.043762695e+03|1.936151459e+03
2.759097151e+06|2.267507088e+06|2.298272847e+06|2.325543527e+06|2.296978697e+06|3.549014344e+03|3.586398231e+03|3.618816622e+03|3.583812900e+03|4.397728306e+10|4.549641160e+10|4.683579777e+10|4.542243123e+10|7.990283447e+03|8.034454346e+03|8.072773926e+03|8.031424316e+03|1.936151459e+03
2.761977588e+06|2.249221780e+06|2.275914422e+06|2.310053856e+06|2.276229876e+06|3.526382971e+03|3.559328701e+03|3.600458216e+03|3.558968537e+03|4.307037818e+10|4.439357354e+10|4.607517683e+10|4.440152776e+10|7.963552490e+03|8.002464355e+03|8.051082397e+03|8.002057617e+03|1.936151459e+03
2.764668010e+06|2.240527718e+06|2.264982000e+06|2.297868035e+06|2.261673137e+06|3.515524736e+03|3.545915064e+03|3.585909724e+03|3.540563789e+03|4.263845886e+10|4.385239374e+10|4.547641926e+10|4.367500339e+10|7.950719971e+03|7.986622070e+03|8.033878296e+03|7.980322266e+03|1.936151459e+03
2.766969097e+06|2.233337800e+06|2.255527932e+06|2.291913337e+06|2.259186538e+06|3.506464534e+03|3.534253488e+03|3.578721547e+03|3.537885577e+03|4.228002308e+10|4.338425200e+10|4.518255254e+10|4.355619361e+10|7.940022705e+03|7.972837646e+03|8.025384766e+03|7.977153320e+03|1.936151459e+03
2.769388048e+06|2.213685039e+06|2.238839813e+06|2.283909549e+06|2.246337685e+06|3.481448605e+03|3.513415688e+03|3.569053143e+03|3.521083102e+03|4.129809689e+10|4.255471082e+10|4.478823122e+10|4.290921367e+10|7.910491455e+03|7.948227051e+03|8.013958984e+03|7.957321777e+03|1.936151459e+03
2.772383267e+06|2.191551953e+06|2.227267577e+06|2.254674192e+06|2.221281112e+06|3.452764167e+03|3.498760818e+03|3.533188251e+03|3.489493483e+03|4.018643900e+10|4.197665997e+10|4.334172928e+10|4.165973156e+10|7.876635010e+03|7.930936523e+03|7.971583862e+03|7.920017578e+03|1.936151459e+03
2.775878163e+06|2.171619721e+06|2.211078783e+06|2.249553559e+06|2.204516775e+06|3.426457860e+03|3.478085982e+03|3.526796653e+03|3.467367033e+03|3.918003604e+10|4.116715413e+10|4.308693567e+10|4.081270700e+10|7.845588257e+03|7.906523438e+03|7.964041626e+03|7.893902344e+03|1.936151459e+03
2.780058130e+06|2.127663771e+06|2.190773380e+06|2.227690514e+06|2.176414821e+06|3.366714332e+03|3.451741800e+03|3.499297634e+03|3.429955354e+03|3.694044508e+10|4.014713482e+10|4.199778811e+10|3.938917710e+10|7.775117065e+03|7.875427490e+03|7.931567871e+03|7.849755859e+03|1.936151459e+03
2.784626022e+06|2.107055337e+06|2.161025065e+06|2.201171748e+06|2.142288616e+06|3.337829128e+03|3.412287578e+03|3.465297211e+03|3.383392062e+03|3.587992125e+10|3.864308112e+10|4.067029232e+10|3.764600493e+10|7.741047974e+03|7.828871094e+03|7.891421997e+03|7.794816406e+03|1.936151459e+03
2.790606395e+06|2.030614110e+06|2.086424819e+06|2.141762095e+06|2.082057789e+06|3.225038280e+03|3.308304929e+03|3.386157620e+03|3.298284882e+03|3.187382650e+10|3.481073808e+10|3.766228075e+10|3.453487686e+10|7.608067627e+03|7.706234619e+03|7.798043701e+03|7.694439453e+03|1.936151459e+03
2.799575356e+06|1.987998410e+06|2.006649256e+06|2.074815032e+06|2.017214342e+06|3.157625316e+03|3.187570886e+03|3.291420849e+03|3.201722819e+03|2.957841492e+10|3.058919123e+10|3.420576001e+10|3.112149887e+10|7.528601562e+03|7.563906250e+03|7.686323242e+03|7.580588379e+03|1.936151459e+03
2.938014986e+06|7.708612949e+06|7.748938144e+06|7.793829265e+06|7.746569936e+06|3.967206349e+03|3.975868116e+03|3.985234009e+03|3.975090069e+03|8.827406472e+10|8.911768601e+10|9.005992846e+10|8.906958625e+10|4.747565308e+03|4.757767334e+03|4.769061646e+03|4.757105469e+03|3.305559730e+03
2.945938548e+06|7.674373653e+06|7.710529227e+06|7.750999234e+06|7.705628357e+06|3.959831107e+03|3.967618565e+03|3.976310127e+03|3.966342068e+03|8.756017152e+10|8.831408398e+10|8.916088729e+10|8.821133406e+10|4.738876099e+03|4.748052246e+03|4.758289795e+03|4.746730957e+03|3.305559730e+03
2.950576614e+06|7.634696010e+06|7.668657466e+06|7.703103298e+06|7.672934285e+06|3.950862886e+03|3.958597960e+03|3.966020850e+03|3.959179748e+03|8.672688209e+10|8.744120434e+10|8.815903759e+10|8.752695456e+10|4.728674683e+03|4.737421875e+03|4.746169312e+03|4.738402832e+03|3.305559730e+03
2.954692793e+06|7.577474940e+06|7.631158659e+06|7.665228434e+06|7.633582064e+06|3.937183868e+03|3.950018870e+03|3.957857910e+03|3.950179749e+03|8.551578789e+10|8.665179674e+10|8.736987392e+10|8.669860913e+10|4.713729248e+03|4.727753174e+03|4.736551270e+03|4.728234863e+03|3.305559730e+03
2.959252701e+06|7.570527844e+06|7.614825322e+06|7.665907590e+06|7.619062988e+06|3.935519340e+03|3.946118955e+03|3.958004539e+03|3.946794959e+03|8.536925971e+10|8.630547154e+10|8.738399538e+10|8.639234438e+10|4.711909912e+03|4.723493896e+03|4.736725098e+03|4.724455078e+03|3.305559730e+03
2.964391785e+06|7.541687951e+06|7.590652864e+06|7.629481658e+06|7.591533413e+06|3.928600455e+03|3.940339046e+03|3.949618625e+03|3.940498778e+03|8.476214875e+10|8.579403937e+10|8.661621497e+10|8.581268129e+10|4.704348999e+03|4.717176025e+03|4.727318481e+03|4.717319824e+03|3.305559730e+03
2.970792144e+06|7.481727851e+06|7.536788662e+06|7.567427832e+06|7.523222197e+06|3.915440485e+03|3.927423685e+03|3.934776270e+03|3.924987283e+03|8.349077859e+10|8.465919975e+10|8.530391513e+10|8.436970475e+10|4.688458496e+03|4.703060791e+03|4.711096680e+03|4.699365723e+03|3.305559730e+03
3.025018574e+06|6.425255055e+06|7.276836482e+06|7.418775762e+06|7.014513707e+06|3.659971811e+03|3.872597189e+03|3.902066916e+03|3.804148320e+03|6.149695053e+10|7.919723615e+10|8.215723830e+10|7.375548571e+10|4.386440308e+03|4.633779053e+03|4.671656372e+03|4.555849609e+03|3.305559730e+03
3.108904692e+06|6.374983480e+06|6.395189290e+06|6.418416102e+06|6.389712760e+06|3.645862761e+03|3.651540428e+03|3.658055724e+03|3.650014110e+03|6.044923717e+10|6.086946548e+10|6.135398791e+10|6.075671368e+10|4.370479370e+03|4.376902344e+03|4.384271973e+03|4.375124023e+03|3.305559730e+03
3.116397471e+06|6.330351780e+06|6.358681257e+06|6.383304059e+06|6.355691483e+06|3.633432421e+03|3.641294277e+03|3.648201883e+03|3.640501886e+03|5.952125168e+10|6.011065222e+10|6.062213943e+10|6.004882665e+10|4.356191650e+03|4.365281738e+03|4.373125732e+03|4.364271973e+03|3.305559730e+03
3.122892823e+06|6.310815801e+06|6.336746683e+06|6.369529721e+06|6.338335930e+06|3.628000308e+03|3.635208687e+03|3.644328729e+03|3.635658848e+03|5.911527298e+10|5.965422920e+10|6.033601731e+10|5.968794759e+10|4.349910400e+03|4.358243896e+03|4.368745117e+03|4.358716797e+03|3.305559730e+03
3.128958731e+06|6.296344947e+06|6.325462109e+06|6.347905469e+06|6.321747988e+06|3.623970983e+03|3.632073629e+03|3.638305971e+03|3.631028341e+03|5.881480949e+10|5.941960224e+10|5.988636612e+10|5.934328942e+10|4.345250000e+03|4.354619873e+03|4.361826416e+03|4.353398926e+03|3.305559730e+03
3.135305962e+06|6.279632848e+06|6.306894633e+06|6.332977527e+06|6.306491584e+06|3.619311672e+03|3.626908949e+03|3.634161869e+03|3.626762927e+03|5.846808698e+10|5.903383479e+10|5.957584720e+10|5.902690515e+10|4.339861694e+03|4.348649170e+03|4.357033936e+03|4.348496094e+03|3.305559730e+03
3.144292895e+06|6.232935887e+06|6.272593962e+06|6.304698232e+06|6.268020898e+06|3.606090705e+03|3.617347323e+03|3.626297492e+03|3.615953156e+03|5.750532057e+10|5.832214368e+10|5.898822463e+10|5.823136677e+10|4.324806396e+03|4.337591797e+03|4.347939575e+03|4.336108887e+03|3.305559730e+03
3.162206698e+06|6.173876603e+06|6.223708535e+06|6.263537829e+06|6.223131510e+06|3.589135020e+03|3.603446898e+03|3.614818331e+03|3.603150903e+03|5.630043762e+10|5.731640027e+10|5.813445621e+10|5.730963198e+10|4.305720703e+03|4.321832520e+03|4.334664673e+03|4.321593750e+03|3.305559730e+03
3.244740826e+06|6.254085805e+06|6.281332833e+06|6.305773860e+06|6.276692737e+06|3.612143020e+03|3.619785921e+03|3.626596941e+03|3.618385247e+03|5.793945973e+10|5.850334226e+10|5.901056078e+10|5.841051161e+10|4.331620972e+03|4.340411621e+03|4.348286987e+03|4.338892578e+03|3.305559730e+03
3.260360174e+06|6.210939572e+06|6.236727817e+06|6.267921772e+06|6.234854399e+06|3.599785156e+03|3.607176516e+03|3.616042820e+03|3.606546686e+03|5.705593139e+10|5.758307469e+10|5.822530136e+10|5.754851325e+10|4.317709351e+03|4.326029785e+03|4.336081299e+03|4.325400391e+03|3.305559730e+03
3.269241953e+06|6.179131895e+06|6.195436527e+06|6.235533677e+06|6.200567665e+06|3.590647105e+03|3.595334241e+03|3.606834658e+03|3.596738198e+03|5.640751854e+10|5.673983163e+10|5.755857919e+10|5.684485726e+10|4.307423462e+03|4.312700928e+03|4.325645630e+03|4.314296387e+03|3.305559730e+03
3.279202126e+06|6.152136334e+06|6.190027572e+06|6.210340259e+06|6.182099262e+06|3.582846210e+03|3.593780007e+03|3.599613215e+03|3.591414526e+03|5.585632239e+10|5.662957370e+10|5.704370918e+10|5.646643233e+10|4.298643555e+03|4.310951416e+03|4.317516357e+03|4.308294922e+03|3.305559730e+03
3.290238510e+06|6.100255611e+06|6.135590099e+06|6.168398238e+06|6.137436322e+06|3.567520186e+03|3.577965286e+03|3.587558004e+03|3.578408937e+03|5.478743844e+10|5.551458440e+10|5.618882873e+10|5.555127481e+10|4.281425781e+03|4.293162109e+03|4.303944702e+03|4.293666992e+03|3.305559730e+03
3.302674013e+06|6.075404257e+06|6.110730309e+06|6.137386888e+06|6.106903313e+06|3.560156053e+03|3.570619638e+03|3.578495634e+03|3.569416433e+03|5.427818149e+10|5.500262744e+10|5.555165612e+10|5.492450934e+10|4.273152344e+03|4.284909912e+03|4.293755859e+03|4.283560547e+03|3.305559730e+03
3.330080470e+06|5.999602780e+06|6.036291834e+06|6.075535704e+06|6.034749512e+06|3.537215823e+03|3.548401101e+03|3.560195042e+03|3.547778459e+03|5.271333028e+10|5.347238183e+10|5.428087067e+10|5.343862787e+10|4.247417725e+03|4.259958496e+03|4.273195557e+03|4.259271484e+03|3.305559730e+03
3.391102977e+06|5.973888862e+06|6.022956414e+06|6.052947573e+06|6.008402693e+06|3.529356833e+03|3.544339362e+03|3.553468060e+03|3.539752049e+03|5.218379357e+10|5.319601595e+10|5.381831807e+10|5.289476240e+10|4.238603760e+03|4.255404297e+03|4.265639282e+03|4.250270508e+03|3.305559730e+03
3.406105649e+06|5.971085856e+06|5.998603094e+06|6.035217678e+06|5.995867501e+06|3.528499134e+03|3.536910592e+03|3.548074082e+03|3.535970986e+03|5.212619643e+10|5.269270547e+10|5.345010213e+10|5.263631876e+10|4.237642456e+03|4.247074463e+03|4.259590942e+03|4.246028320e+03|3.305559730e+03
3.415664598e+06|5.936853307e+06|5.972964168e+06|6.008530497e+06|5.975516555e+06|3.517852590e+03|3.529073909e+03|3.539940608e+03|3.529697018e+03|5.141584031e+10|5.216478948e+10|5.289765739e+10|5.221504920e+10|4.225719727e+03|4.238286133e+03|4.250473145e+03|4.238998535e+03|3.305559730e+03
3.425756548e+06|5.919466422e+06|5.947862185e+06|5.980309935e+06|5.947275532e+06|3.512388016e+03|3.521308688e+03|3.531320843e+03|3.520990573e+03|5.105388140e+10|5.164552814e+10|5.231583490e+10|5.163079035e+10|4.219606079e+03|4.229586914e+03|4.240808105e+03|4.229242676e+03|3.305559730e+03
3.436999051e+06|5.887218105e+06|5.923026484e+06|5.963804114e+06|5.920982750e+06|3.502232705e+03|3.513507561e+03|3.526270164e+03|3.512733735e+03|5.038511099e+10|5.112791151e+10|5.197666959e+10|5.108517161e+10|4.208244019e+03|4.220858398e+03|4.235141479e+03|4.220001953e+03|3.305559730e+03
3.450857686e+06|5.857534271e+06|5.889379394e+06|5.927619424e+06|5.890737223e+06|3.492813695e+03|3.502914132e+03|3.514951406e+03|3.503224044e+03|4.977014416e+10|5.042982656e+10|5.122348603e+10|5.045756070e+10|4.197706909e+03|4.209005127e+03|4.222474976e+03|4.209360840e+03|3.305559730e+03
3.473952348e+06|5.818287484e+06|5.851077655e+06|5.889080747e+06|5.853239154e+06|3.480092152e+03|3.490723516e+03|3.502819979e+03|3.491225507e+03|4.894915755e+10|4.963482628e+10|5.042364683e+10|4.967842248e+10|4.183503418e+03|4.195373291e+03|4.208899536e+03|4.195964355e+03|3.305559730e+03
3.527977692e+06|5.774405078e+06|5.825404897e+06|5.873731050e+06|5.818023258e+06|3.465821452e+03|3.482402113e+03|3.497977718e+03|3.479865356e+03|4.803585474e+10|4.909776662e+10|5.010642102e+10|4.894804783e+10|4.167568848e+03|4.186084473e+03|4.203481201e+03|4.183315918e+03|3.305559730e+03
3.552123505e+06|5.782388033e+06|5.819506610e+06|5.849400995e+06|5.809291098e+06|3.468421150e+03|3.480487910e+03|3.490180563e+03|3.477081485e+03|4.820150271e+10|4.897460382e+10|4.959970324e+10|4.876667119e+10|4.170470337e+03|4.183947266e+03|4.194768066e+03|4.180205078e+03|3.305559730e+03
3.562513526e+06|5.765002528e+06|5.798550316e+06|5.822799215e+06|5.790502932e+06|3.462741653e+03|3.473679669e+03|3.481556588e+03|3.471004481e+03|4.784220423e+10|4.853770358e+10|4.904334653e+10|4.837484059e+10|4.164166870e+03|4.176344971e+03|4.185139404e+03|4.173418945e+03|3.305559730e+03
3.571592162e+06|5.731340982e+06|5.761227835e+06|5.796688534e+06|5.761478953e+06|3.451677091e+03|3.461502378e+03|3.473074278e+03|3.461520773e+03|4.715198559e+10|4.776466796e+10|4.849894081e+10|4.777436765e+10|4.151997803e+03|4.162805176e+03|4.175668701e+03|4.162897949e+03|3.305559730e+03
3.582625934e+06|5.705875737e+06|5.738894772e+06|5.773621307e+06|5.735157000e+06|3.443287022e+03|3.454162564e+03|3.465566125e+03|3.452827583e+03|4.663168453e+10|4.730663481e+10|4.801961780e+10|4.723334884e+10|4.142766968e+03|4.154730713e+03|4.167284790e+03|4.153310059e+03|3.305559730e+03
3.597224644e+06|5.664421462e+06|5.709758247e+06|5.739124623e+06|5.704125706e+06|3.429471289e+03|3.444567321e+03|3.454238188e+03|3.442587670e+03|4.578288657e+10|4.671090417e+10|4.731134108e+10|4.659591391e+10|4.127586060e+03|4.144174316e+03|4.154814575e+03|4.142021973e+03|3.305559730e+03
3.617265392e+06|5.645193888e+06|5.675334105e+06|5.714551303e+06|5.674976338e+06|3.422953358e+03|3.433166217e+03|3.446147299e+03|3.432805966e+03|4.538691019e+10|4.600821504e+10|4.680875857e+10|4.599785940e+10|4.120439941e+03|4.131636230e+03|4.145914673e+03|4.131272461e+03|3.305559730e+03
3.647009245e+06|5.597397159e+06|5.638737798e+06|5.687529599e+06|5.641519841e+06|3.406708261e+03|3.420762603e+03|3.437232027e+03|3.421480640e+03|4.440839968e+10|4.525425442e+10|4.625784048e+10|4.531087978e+10|4.102625366e+03|4.118038574e+03|4.136105713e+03|4.118845703e+03|3.305559730e+03
3.688448166e+06|5.582868853e+06|5.633638400e+06|5.674253597e+06|5.624798440e+06|3.401692510e+03|3.419031425e+03|3.432800503e+03|3.415848210e+03|4.410927785e+10|4.514958320e+10|4.598588567e+10|4.496804347e+10|4.097130615e+03|4.116140381e+03|4.131235474e+03|4.112662109e+03|3.305559730e+03
3.705279223e+06|5.562541664e+06|5.604600528e+06|5.636147742e+06|5.597982825e+06|3.394579051e+03|3.409160420e+03|3.419883433e+03|3.406686837e+03|4.368777647e+10|4.455532793e+10|4.520107394e+10|4.441657491e+10|4.089350098e+03|4.105312744e+03|4.117074463e+03|4.102620117e+03|3.305559730e+03
3.716577619e+06|5.544119384e+06|5.577377641e+06|5.611146005e+06|5.575274662e+06|3.388122652e+03|3.399771950e+03|3.411387468e+03|3.398845449e+03|4.330714417e+10|4.399525861e+10|4.468900538e+10|4.394927450e+10|4.082285095e+03|4.095030151e+03|4.107755371e+03|4.094031494e+03|3.305559730e+03
3.728039462e+06|5.521015101e+06|5.563763279e+06|5.599568310e+06|5.558335675e+06|3.380012417e+03|3.395006873e+03|3.407447530e+03|3.392952563e+03|4.283163216e+10|4.371306187e+10|4.445266104e+10|4.360022901e+10|4.073411438e+03|4.089818604e+03|4.103433594e+03|4.087580322e+03|3.305559730e+03
3.741999027e+06|5.490985975e+06|5.528929259e+06|5.576630038e+06|5.528378312e+06|3.369333763e+03|3.382792127e+03|3.399510417e+03|3.382392758e+03|4.221103493e+10|4.299428134e+10|4.397974365e+10|4.298176700e+10|4.061739807e+03|4.076452637e+03|4.094744202e+03|4.076031006e+03|3.305559730e+03
3.759269843e+06|5.461962158e+06|5.498570937e+06|5.544609075e+06|5.500352928e+06|3.358832171e+03|3.372074432e+03|3.388294371e+03|3.372362104e+03|4.160698707e+10|4.236946273e+10|4.331724793e+10|4.240150211e+10|4.050278870e+03|4.064730347e+03|4.082473145e+03|4.065073486e+03|3.305559730e+03
3.778629209e+06|5.445627245e+06|5.475987033e+06|5.522553551e+06|5.480632167e+06|3.352911735e+03|3.363909615e+03|3.380552907e+03|3.365385649e+03|4.126853612e+10|4.189844193e+10|4.286323042e+10|4.199353563e+10|4.043815979e+03|4.055819702e+03|4.074004211e+03|4.057446045e+03|3.305559730e+03
3.810345051e+06|5.378790580e+06|5.422973881e+06|5.483458090e+06|5.429147606e+06|3.328214592e+03|3.344667817e+03|3.366612174e+03|3.346600965e+03|3.987658697e+10|4.080016944e+10|4.205403159e+10|4.092409582e+10|4.016897522e+03|4.034817871e+03|4.058770142e+03|4.036954102e+03|3.305559730e+03
3.841539419e+06|5.386380429e+06|5.439136742e+06|5.476016384e+06|5.422277339e+06|3.331054798e+03|3.350557272e+03|3.363920240e+03|3.344096578e+03|4.003508208e+10|4.113436482e+10|4.189905201e+10|4.078140296e+10|4.019990234e+03|4.041245361e+03|4.055831421e+03|4.034220703e+03|3.305559730e+03
3.858301925e+06|5.365482198e+06|5.410613609e+06|5.433030528e+06|5.399000664e+06|3.323230667e+03|3.340112515e+03|3.348341158e+03|3.335578842e+03|3.959927782e+10|4.054282256e+10|4.100829707e+10|4.029790245e+10|4.011468506e+03|4.029849731e+03|4.038825623e+03|4.024929932e+03|3.305559730e+03
3.872680235e+06|5.326722835e+06|5.380073525e+06|5.407085873e+06|5.372173519e+06|3.308576473e+03|3.328694808e+03|3.338794961e+03|3.325542185e+03|3.879103764e+10|3.990335825e+10|4.046874627e+10|3.973822862e+10|3.995520813e+03|4.017420044e+03|4.028415405e+03|4.014003662e+03|3.305559730e+03
3.884970223e+06|5.313936250e+06|5.369906756e+06|5.389395270e+06|5.349338881e+06|3.303636763e+03|3.324888197e+03|3.332182559e+03|3.316899207e+03|3.852147436e+10|3.969138460e+10|4.009810755e+10|3.926146474e+10|3.990157715e+03|4.013276245e+03|4.021216248e+03|4.004611572e+03|3.305559730e+03
3.897537120e+06|5.296737159e+06|5.335278697e+06|5.372647274e+06|5.332892633e+06|3.296985316e+03|3.311879270e+03|3.325914578e+03|3.310703144e+03|3.816005540e+10|3.897182037e+10|3.974847794e+10|3.891793828e+10|3.982932312e+03|3.999107056e+03|4.014393127e+03|3.997862793e+03|3.305559730e+03
3.915229806e+06|5.273328349e+06|5.315006015e+06|5.352683833e+06|5.310908108e+06|3.287919255e+03|3.304050220e+03|3.318433116e+03|3.302286157e+03|3.767031000e+10|3.854399642e+10|3.933333507e+10|3.845878049e+10|3.973085022e+03|3.990606567e+03|4.006245300e+03|3.988727539e+03|3.305559730e+03
3.936407889e+06|5.244998671e+06|5.286754542e+06|5.324337874e+06|5.280965598e+06|3.276847864e+03|3.293120988e+03|3.307655462e+03|3.290739344e+03|3.707942969e+10|3.795089650e+10|3.874070172e+10|3.783290055e+10|3.961124023e+03|3.978734863e+03|3.994522156e+03|3.976210938e+03|3.305559730e+03
3.963480660e+06|5.206581378e+06|5.246427416e+06|5.293250356e+06|5.242569016e+06|3.261673894e+03|3.277411353e+03|3.295635852e+03|3.275658723e+03|3.628156753e+10|3.710924459e+10|3.808694980e+10|3.703231976e+10|3.944840393e+03|3.961729126e+03|3.981467957e+03|3.959948975e+03|3.305559730e+03
3.992988605e+06|5.199600463e+06|5.242031392e+06|5.277598857e+06|5.230620224e+06|3.258911943e+03|3.275677320e+03|3.289574329e+03|3.270920494e+03|3.613738109e+10|3.701755417e+10|3.775946692e+10|3.678256547e+10|3.941876038e+03|3.959869263e+03|3.974880005e+03|3.954841553e+03|3.305559730e+03
4.011281732e+06|5.164915564e+06|5.222325034e+06|5.257347591e+06|5.210821224e+06|3.245013725e+03|3.267897259e+03|3.281716701e+03|3.263142394e+03|3.541761714e+10|3.660768622e+10|3.733738261e+10|3.637062130e+10|3.926987244e+03|3.951519897e+03|3.966346680e+03|3.946462891e+03|3.305559730e+03
4.024499251e+06|5.149941899e+06|5.173330209e+06|5.216759733e+06|5.178732569e+06|3.238910359e+03|3.248440854e+03|3.265698107e+03|3.250356028e+03|3.510483526e+10|3.559389834e+10|3.649227209e+10|3.570319151e+10|3.920465271e+03|3.930646729e+03|3.949159729e+03|3.932739990e+03|3.305559730e+03
4.036882860e+06|5.130122160e+06|5.170279699e+06|5.210138171e+06|5.167422755e+06|3.230822098e+03|3.247198667e+03|3.263080478e+03|3.245724562e+03|3.469261598e+10|3.552994956e+10|3.635513998e+10|3.546756242e+10|3.911823730e+03|3.929319824e+03|3.946350098e+03|3.927790283e+03|3.305559730e+03
4.051679154e+06|5.112399301e+06|5.146274941e+06|5.180497406e+06|5.139628417e+06|3.223580238e+03|3.237414732e+03|3.251347765e+03|3.234486264e+03|3.432574676e+10|3.502841411e+10|3.574388173e+10|3.488946445e+10|3.904083130e+03|3.918868286e+03|3.933753906e+03|3.915757080e+03|3.305559730e+03
4.068924049e+06|5.092785379e+06|5.119408125e+06|5.159911681e+06|5.114597656e+06|3.215426304e+03|3.226445219e+03|3.242974795e+03|3.224152666e+03|3.391594921e+10|3.447063266e+10|3.531296431e+10|3.436752830e+10|3.895380371e+03|3.907145142e+03|3.924808655e+03|3.904721191e+03|3.305559730e+03
4.088891292e+06|5.071412997e+06|5.103585124e+06|5.141965905e+06|5.100773451e+06|3.206401774e+03|3.219946060e+03|3.235656736e+03|3.218435339e+03|3.346609507e+10|3.414268932e+10|3.493870252e+10|3.407851946e+10|3.885762817e+03|3.900199951e+03|3.916989807e+03|3.898617432e+03|3.305559730e+03
4.113348953e+06|5.014353967e+06|5.037819121e+06|5.092939614e+06|5.051679555e+06|3.182048631e+03|3.192190993e+03|3.215491481e+03|3.197734990e+03|3.226914264e+10|3.276421029e+10|3.391918515e+10|3.305043031e+10|3.859820435e+03|3.870613770e+03|3.895449463e+03|3.876547119e+03|3.305559730e+03
4.141997291e+06|4.983059863e+06|5.024618131e+06|5.084594749e+06|5.025754536e+06|3.168342816e+03|3.186538213e+03|3.211969346e+03|3.186526550e+03|3.160721392e+10|3.248753363e+10|3.374323578e+10|3.250442462e+10|3.845247192e+03|3.864590820e+03|3.891697205e+03|3.864618652e+03|3.305559730e+03
4.161307122e+06|4.986885926e+06|5.020246156e+06|5.064917105e+06|5.022201813e+06|3.170019936e+03|3.184626232e+03|3.203656343e+03|3.185175502e+03|3.168782511e+10|3.239443653e+10|3.332987906e+10|3.243150935e+10|3.847029175e+03|3.862558105e+03|3.882835266e+03|3.863166992e+03|3.305559730e+03
4.174818589e+06|4.971069696e+06|5.005939716e+06|5.044967890e+06|5.002630329e+06|3.163084431e+03|3.178366068e+03|3.195217650e+03|3.176627067e+03|3.135517378e+10|3.209058595e+10|3.291304153e+10|3.201845418e+10|3.839652588e+03|3.855904541e+03|3.873840515e+03|3.854076172e+03|3.305559730e+03
4.188789564e+06|4.950468534e+06|4.992757521e+06|5.027545516e+06|4.982436251e+06|3.153938966e+03|3.172592930e+03|3.187818143e+03|3.167732502e+03|3.091984341e+10|3.181170391e+10|3.254993458e+10|3.159166538e+10|3.829936462e+03|3.849766968e+03|3.865949951e+03|3.844621582e+03|3.305559730e+03
4.204093078e+06|4.925947670e+06|4.965254918e+06|4.992515243e+06|4.956289025e+06|3.142807193e+03|3.160532895e+03|3.172486774e+03|3.156189080e+03|3.039531913e+10|3.123326021e+10|3.180658961e+10|3.103820119e+10|3.818134827e+03|3.836939819e+03|3.849654419e+03|3.832354736e+03|3.305559730e+03
4.220098920e+06|4.913589595e+06|4.940574336e+06|4.982019777e+06|4.939599519e+06|3.137190933e+03|3.149449196e+03|3.167886832e+03|3.148709066e+03|3.013245647e+10|3.070772715e+10|3.158531626e+10|3.068385394e+10|3.812175659e+03|3.825176758e+03|3.844763123e+03|3.824414062e+03|3.305559730e+03
4.238956500e+06|4.868251295e+06|4.904391811e+06|4.937528108e+06|4.904001933e+06|3.116241694e+03|3.133008248e+03|3.148066364e+03|3.132419730e+03|2.916375766e+10|2.993746988e+10|3.064254828e+10|2.992493232e+10|3.789983521e+03|3.807739624e+03|3.823710022e+03|3.807148193e+03|3.305559730e+03
4.263485084e+06|4.847742498e+06|4.882447264e+06|4.921396334e+06|4.879326284e+06|3.106571943e+03|3.122928689e+03|3.140739264e+03|3.121031499e+03|2.872286655e+10|2.947067902e+10|3.029839287e+10|2.939730227e+10|3.779755493e+03|3.797055542e+03|3.815941895e+03|3.795083496e+03|3.305559730e+03
4.288392899e+06|4.804628678e+06|4.846946279e+06|4.891262356e+06|4.844924593e+06|3.085928434e+03|3.106196321e+03|3.127033730e+03|3.104775730e+03|2.779384022e+10|2.870580815e+10|2.966010139e+10|2.865868828e+10|3.757941284e+03|3.779358521e+03|3.801400391e+03|3.777897217e+03|3.305559730e+03
4.310121054e+06|4.810580234e+06|4.842893448e+06|4.883014204e+06|4.843290986e+06|3.088840913e+03|3.104284082e+03|3.123192518e+03|3.104161226e+03|2.792376848e+10|2.861905836e+10|2.948288430e+10|2.862528176e+10|3.761012146e+03|3.777334229e+03|3.797334351e+03|3.777231445e+03|3.305559730e+03
4.325537980e+06|4.802271609e+06|4.835233684e+06|4.870160925e+06|4.828276351e+06|3.084774815e+03|3.100668843e+03|3.117141523e+03|3.096980351e+03|2.774244189e+10|2.845542154e+10|2.920496175e+10|2.830220086e+10|3.756723694e+03|3.773510010e+03|3.790934631e+03|3.769653809e+03|3.305559730e+03
4.339005613e+06|4.757929132e+06|4.795470628e+06|4.829535486e+06|4.791908255e+06|3.063045962e+03|3.081445266e+03|3.097978439e+03|3.079382159e+03|2.678489309e+10|2.759450023e+10|2.833396255e+10|2.751694308e+10|3.733794983e+03|3.753212402e+03|3.770661682e+03|3.751092529e+03|3.305559730e+03
4.354168813e+06|4.753416948e+06|4.786563644e+06|4.824702888e+06|4.785365428e+06|3.060782806e+03|3.077083029e+03|3.095696070e+03|3.076184495e+03|2.668626250e+10|2.740137642e+10|2.823113754e+10|2.737546893e+10|3.731424500e+03|3.748610352e+03|3.768245300e+03|3.747724365e+03|3.305559730e+03
4.368030964e+06|4.733004199e+06|4.766622889e+06|4.797544672e+06|4.761314788e+06|3.050483592e+03|3.067309848e+03|3.082460781e+03|3.064351707e+03|2.624035263e+10|2.697153399e+10|2.763956832e+10|2.685468285e+10|3.720664551e+03|3.738294312e+03|3.754283875e+03|3.735275635e+03|3.305559730e+03
4.385071438e+06|4.700591369e+06|4.742721080e+06|4.772022354e+06|4.737177968e+06|3.034109805e+03|3.055387422e+03|3.069957174e+03|3.052265605e+03|2.554096069e+10|2.645209446e+10|2.708767972e+10|2.633125336e+10|3.703543823e+03|3.725789307e+03|3.741090881e+03|3.722598633e+03|3.305559730e+03
4.404760682e+06|4.678398561e+06|4.715387589e+06|4.749924758e+06|4.712855359e+06|3.022610216e+03|3.041587366e+03|3.059021464e+03|3.039894523e+03|2.505603018e+10|2.585890941e+10|2.660970008e+10|2.580213187e+10|3.691570557e+03|3.711364502e+03|3.729586670e+03|3.709664062e+03|3.305559730e+03
4.427273899e+06|4.643752460e+06|4.684318333e+06|4.739211061e+06|4.687323320e+06|3.004450891e+03|3.025710464e+03|3.053616270e+03|3.026743081e+03|2.429988325e+10|2.518629437e+10|2.637549715e+10|2.524622895e+10|3.672682739e+03|3.694793579e+03|3.723936829e+03|3.695936768e+03|3.305559730e+03
4.454946573e+06|4.612417501e+06|4.644277299e+06|4.704287136e+06|4.651650444e+06|2.987574272e+03|3.004726156e+03|3.035978123e+03|3.007979915e+03|2.360825693e+10|2.431125582e+10|2.562012275e+10|2.446475751e+10|3.655165833e+03|3.672969604e+03|3.705498230e+03|3.676407471e+03|3.305559730e+03
4.473459909e+06|4.611610007e+06|4.665397544e+06|4.689411308e+06|4.648767465e+06|2.987133095e+03|3.015798899e+03|3.028377096e+03|3.006605295e+03|2.359030693e+10|2.477104844e+10|2.529863025e+10|2.440322571e+10|3.654708496e+03|3.684489502e+03|3.697564087e+03|3.674960205e+03|3.305559730e+03
4.487487892e+06|4.598522997e+06|4.646935243e+06|4.678121953e+06|4.634022708e+06|2.979981213e+03|3.006120177e+03|3.022465356e+03|2.998715309e+03|2.330035742e+10|2.436885222e+10|2.504994219e+10|2.407867274e+10|3.647290588e+03|3.674420532e+03|3.691418335e+03|3.666763184e+03|3.305559730e+03
4.501669114e+06|4.569877275e+06|4.620342560e+06|4.657650412e+06|4.612201803e+06|2.964221750e+03|2.991903553e+03|3.011738409e+03|2.987002651e+03|2.266798431e+10|2.378475397e+10|2.460187645e+10|2.359846491e+10|3.630943726e+03|3.659653809e+03|3.680265503e+03|3.654599121e+03|3.305559730e+03
4.515955170e+06|4.558839763e+06|4.590245085e+06|4.633719234e+06|4.589660696e+06|2.957926272e+03|2.975455789e+03|2.999187312e+03|2.974645318e+03|2.241767341e+10|2.311786573e+10|2.408321062e+10|2.309894469e+10|3.624433411e+03|3.642594360e+03|3.667206421e+03|3.641784180e+03|3.305559730e+03
4.531547259e+06|4.533642240e+06|4.564162915e+06|4.590113632e+06|4.562939515e+06|2.943547487e+03|2.960962684e+03|2.975383900e+03|2.959739123e+03|2.185135792e+10|2.253821400e+10|2.311498232e+10|2.250321628e+10|3.609559570e+03|3.627574219e+03|3.642518799e+03|3.626342529e+03|3.305559730e+03
4.551977708e+06|4.491388662e+06|4.532324056e+06|4.587091221e+06|4.537811692e+06|2.918753777e+03|2.942795009e+03|2.973731291e+03|2.945253270e+03|2.089143201e+10|2.182193037e+10|2.304851542e+10|2.193621044e+10|3.583956116e+03|3.608781860e+03|3.640804871e+03|3.611367188e+03|3.305559730e+03
4.573243793e+06|4.483490762e+06|4.517076720e+06|4.562270125e+06|4.517835403e+06|2.914040454e+03|2.934079326e+03|2.959883052e+03|2.933830829e+03|2.071133017e+10|2.148259222e+10|2.249531818e+10|2.148700924e+10|3.579092773e+03|3.599760132e+03|3.626457092e+03|3.599551758e+03|3.305559730e+03
4.594793637e+06|4.451376643e+06|4.489258316e+06|4.521565884e+06|4.487852924e+06|2.894535037e+03|2.917482502e+03|2.936652771e+03|2.916008836e+03|1.997387644e+10|2.084276161e+10|2.158251387e+10|2.080306356e+10|3.558989807e+03|3.582644409e+03|3.602424011e+03|3.581161865e+03|3.305559730e+03
4.618303421e+06|4.431478383e+06|4.473750030e+06|4.520851075e+06|4.473457235e+06|2.882096881e+03|2.908226404e+03|2.936244602e+03|2.907334457e+03|1.950998524e+10|2.049032449e+10|2.156665039e+10|2.047283700e+10|3.546195984e+03|3.573092041e+03|3.601999207e+03|3.572218750e+03|3.305559730e+03
4.635940603e+06|4.421905568e+06|4.453298809e+06|4.497773604e+06|4.457530388e+06|2.876112263e+03|2.895736426e+03|2.922563717e+03|2.897676072e+03|1.928882133e+10|2.001903207e+10|2.103758862e+10|2.010650983e+10|3.540036560e+03|3.560224976e+03|3.587885498e+03|3.562264648e+03|3.305559730e+03
4.650024932e+06|4.413606056e+06|4.453226789e+06|4.485245199e+06|4.444734017e+06|2.870923266e+03|2.895691429e+03|2.915087531e+03|2.889802414e+03|1.909813852e+10|2.001729728e+10|2.075126567e+10|1.981078352e+10|3.534694763e+03|3.560178955e+03|3.580172729e+03|3.554157227e+03|3.305559730e+03
4.664961354e+06|4.378440929e+06|4.429063574e+06|4.467731684e+06|4.422533325e+06|2.847917286e+03|2.880587258e+03|2.904633664e+03|2.875722111e+03|1.826116859e+10|1.945409493e+10|2.035437148e+10|1.929139467e+10|3.511099426e+03|3.544641235e+03|3.569384888e+03|3.539686035e+03|3.305559730e+03
4.680106232e+06|4.366486124e+06|4.401277454e+06|4.447385938e+06|4.401756100e+06|2.840074297e+03|2.862899771e+03|2.892040669e+03|2.862455633e+03|1.798023149e+10|1.880414994e+10|1.988039261e+10|1.880385513e+10|3.503050720e+03|3.526464966e+03|3.556424866e+03|3.526056641e+03|3.305559730e+03
4.696899472e+06|4.348242112e+06|4.371717893e+06|4.414605022e+06|4.378708623e+06|2.827636547e+03|2.843506592e+03|2.871547856e+03|2.847468707e+03|1.753740145e+10|1.810288020e+10|1.912103907e+10|1.825875690e+10|3.490327148e+03|3.506572632e+03|3.535337036e+03|3.510676514e+03|3.305559730e+03
4.716831288e+06|4.324240596e+06|4.356703633e+06|4.392160074e+06|4.356220980e+06|2.811074356e+03|2.833476741e+03|2.856918000e+03|2.832351963e+03|1.695600501e+10|1.774479377e+10|1.858634934e+10|1.771933382e+10|3.473389587e+03|3.496295410e+03|3.520332581e+03|3.495195557e+03|3.305559730e+03
4.739172860e+06|4.296965810e+06|4.328979054e+06|4.362437530e+06|4.331520979e+06|2.791585605e+03|2.814343671e+03|2.837407597e+03|2.815326365e+03|1.628008724e+10|1.706995358e+10|1.788520473e+10|1.711981993e+10|3.453502808e+03|3.476734009e+03|3.500314514e+03|3.477790527e+03|3.305559730e+03
4.764478214e+06|4.268702786e+06|4.296248659e+06|4.341151356e+06|4.302002361e+06|2.770993175e+03|2.791063830e+03|2.822743007e+03|2.794492754e+03|1.558268292e+10|1.626216870e+10|1.736457685e+10|1.639620631e+10|3.432505798e+03|3.452970215e+03|3.485323120e+03|3.456525879e+03|3.305559730e+03
4.783965145e+06|4.253635862e+06|4.282966445e+06|4.311566794e+06|4.282257633e+06|2.759521972e+03|2.781402022e+03|2.802211064e+03|2.780175883e+03|1.519514762e+10|1.593290884e+10|1.664805301e+10|1.590609129e+10|3.420901367e+03|3.443119751e+03|3.464330017e+03|3.441946289e+03|3.305559730e+03
4.799319964e+06|4.255580115e+06|4.297960707e+06|4.318923821e+06|4.285423884e+06|2.761001832e+03|2.792309478e+03|2.807406291e+03|2.782476417e+03|1.524474073e+10|1.630497112e+10|1.682864519e+10|1.598532717e+10|3.422398438e+03|3.454240356e+03|3.469635193e+03|3.444291260e+03|3.305559730e+03
4.813470716e+06|4.217910352e+06|4.267974137e+06|4.294238835e+06|4.258351644e+06|2.731952007e+03|2.770438276e+03|2.789601604e+03|2.762229889e+03|1.428770767e+10|1.556379281e+10|1.621202885e+10|1.530389164e+10|3.392995178e+03|3.431944824e+03|3.451480225e+03|3.423723389e+03|3.305559730e+03
4.827598181e+06|4.206371006e+06|4.238193786e+06|4.272147479e+06|4.238138377e+06|2.722650969e+03|2.747772445e+03|2.773534696e+03|2.746967395e+03|1.398499177e+10|1.480554111e+10|1.566834326e+10|1.479320564e+10|3.383596191e+03|3.409004028e+03|3.435091980e+03|3.408231934e+03|3.305559730e+03
4.843497734e+06|4.198440486e+06|4.223001726e+06|4.257281552e+06|4.225814714e+06|2.716262411e+03|2.736057674e+03|2.762296972e+03|2.737446079e+03|1.377922469e+10|1.442246617e+10|1.528824256e+10|1.447930659e+10|3.377137512e+03|3.397143555e+03|3.423709839e+03|3.398581787e+03|3.305559730e+03
4.859563666e+06|4.175359690e+06|4.199980905e+06|4.229225168e+06|4.202396021e+06|2.697293428e+03|2.717503091e+03|2.740951830e+03|2.718748008e+03|1.317592939e+10|1.381909011e+10|1.458275220e+10|1.387221457e+10|3.357969604e+03|3.378390869e+03|3.402092590e+03|3.379666504e+03|3.305559730e+03
4.880119132e+06|4.146580973e+06|4.176751422e+06|4.198867551e+06|4.174926557e+06|2.672470431e+03|2.698466176e+03|2.716606364e+03|2.695828526e+03|1.239948355e+10|1.321305728e+10|1.379027507e+10|1.314395877e+10|3.332904236e+03|3.359153809e+03|3.377485229e+03|3.356512695e+03|3.305559730e+03
4.902027064e+06|4.125978571e+06|4.154811688e+06|4.181970578e+06|4.154109140e+06|2.653613141e+03|2.679659036e+03|2.702865248e+03|2.678114354e+03|1.181863257e+10|1.262159195e+10|1.335271979e+10|1.258562621e+10|3.313903442e+03|3.340167114e+03|3.363591919e+03|3.338626953e+03|3.305559730e+03
4.924666549e+06|4.102008319e+06|4.131821754e+06|4.163827969e+06|4.133346208e+06|2.631099917e+03|2.658957210e+03|2.687516187e+03|2.659203767e+03|1.114101646e+10|1.198149797e+10|1.286758346e+10|1.200706339e+10|3.291220032e+03|3.319289429e+03|3.348101013e+03|3.319563477e+03|3.305559730e+03
4.946947373e+06|4.092692946e+06|4.112133440e+06|4.137448566e+06|4.113353975e+06|2.621957342e+03|2.640962709e+03|2.664106593e+03|2.640763911e+03|1.086911968e+10|1.143813816e+10|1.213977046e+10|1.144673431e+10|3.282021973e+03|3.301141235e+03|3.324478760e+03|3.300979492e+03|3.305559730e+03
4.962198102e+06|4.086266858e+06|4.101302380e+06|4.121649072e+06|4.101647497e+06|2.615656782e+03|2.630406790e+03|2.649655172e+03|2.630023930e+03|1.068406777e+10|1.112029921e+10|1.169872470e+10|1.111880649e+10|3.275677490e+03|3.290523315e+03|3.309912354e+03|3.290153076e+03|3.305559730e+03
4.974677830e+06|4.062222594e+06|4.086935697e+06|4.109761609e+06|4.085980462e+06|2.590916066e+03|2.616312358e+03|2.638717808e+03|2.614236779e+03|9.964779001e+09|1.070324988e+10|1.137067266e+10|1.065649324e+10|3.250808838e+03|3.276336304e+03|3.298880798e+03|3.274275391e+03|3.305559730e+03
4.990007697e+06|4.046260052e+06|4.065602623e+06|4.083090873e+06|4.065560827e+06|2.574049555e+03|2.594493114e+03|2.612544811e+03|2.593264580e+03|9.487711820e+09|1.006781573e+10|1.059339181e+10|1.004880572e+10|3.233854248e+03|3.254401123e+03|3.272542603e+03|3.253187744e+03|3.305559730e+03
5.009643222e+06|4.028169872e+06|4.046390077e+06|4.064386166e+06|4.046055157e+06|2.553324337e+03|2.574186767e+03|2.593205550e+03|2.572119099e+03|8.905101517e+09|9.491534374e+09|1.003066060e+10|9.447614978e+09|3.213071472e+03|3.233992676e+03|3.253108215e+03|3.231949707e+03|3.305559730e+03
5.031542749e+06|4.006090114e+06|4.024507922e+06|4.042627714e+06|4.025058561e+06|2.526880744e+03|2.549128664e+03|2.569919443e+03|2.548693505e+03|8.182333037e+09|8.789887440e+09|9.370103801e+09|8.790273154e+09|3.186549377e+03|3.208859253e+03|3.229714539e+03|3.208431641e+03|3.305559730e+03
5.053578873e+06|3.988344597e+06|4.005053913e+06|4.021833271e+06|4.003940854e+06|2.504459446e+03|2.525583556e+03|2.546066112e+03|2.522661090e+03|7.587396809e+09|8.147289068e+09|8.706381199e+09|8.086422386e+09|3.164059448e+03|3.185248413e+03|3.205784973e+03|3.182319336e+03|3.305559730e+03
5.075069365e+06|3.970270321e+06|3.987452760e+06|4.002147089e+06|3.985668331e+06|2.479583534e+03|2.503228765e+03|2.521946367e+03|2.498889320e+03|6.938621364e+09|7.554385083e+09|8.049548117e+09|7.455945428e+09|3.139121521e+03|3.162828247e+03|3.181601685e+03|3.158479004e+03|3.305559730e+03
5.094470542e+06|3.956882538e+06|3.970987618e+06|3.981269665e+06|3.969054700e+06|2.459755273e+03|2.480568166e+03|2.494705944e+03|2.476603984e+03|6.431650499e+09|6.963571400e+09|7.328457173e+09|6.871252175e+09|3.119241821e+03|3.140110474e+03|3.154288330e+03|3.136134033e+03|3.305559730e+03
5.109453540e+06|3.944831079e+06|3.956318307e+06|3.968255479e+06|3.955792335e+06|2.441368330e+03|2.458892914e+03|2.476818851e+03|2.456367670e+03|5.978120323e+09|6.409885205e+09|6.868866935e+09|6.362911637e+09|3.100791382e+03|3.118378174e+03|3.136348083e+03|3.115844727e+03|3.305559730e+03
5.122319139e+06|3.931764948e+06|3.943955659e+06|3.954982497e+06|3.944534023e+06|2.419029676e+03|2.439971529e+03|2.456851950e+03|2.438812283e+03|5.424931963e+09|5.943570423e+09|6.358555946e+09|5.922483806e+09|3.078393433e+03|3.099389160e+03|3.116331604e+03|3.098244141e+03|3.305559730e+03
5.135521715e+06|3.924152798e+06|3.934372990e+06|3.944669258e+06|3.934618247e+06|2.405818901e+03|2.423500157e+03|2.441128486e+03|2.422718027e+03|5.115178020e+09|5.532131267e+09|5.972449112e+09|5.524812301e+09|3.065138550e+03|3.082878174e+03|3.100549683e+03|3.082111816e+03|3.305559730e+03
5.148279665e+06|3.916372218e+06|3.926002785e+06|3.937403938e+06|3.926948297e+06|2.390655400e+03|2.409171322e+03|2.428702450e+03|2.408942082e+03|4.745249218e+09|5.194995734e+09|5.659336078e+09|5.193399953e+09|3.050002441e+03|3.068495728e+03|3.088096802e+03|3.068317139e+03|3.305559730e+03
5.167413002e+06|3.901742198e+06|3.911407005e+06|3.921419818e+06|3.911427205e+06|2.360247952e+03|2.381013196e+03|2.400484979e+03|2.378872537e+03|4.038163921e+09|4.522364265e+09|4.982610204e+09|4.482467317e+09|3.019605957e+03|3.040368042e+03|3.059817871e+03|3.038218994e+03|3.305559730e+03
5.198778481e+06|3.878972701e+06|3.886875382e+06|3.898017192e+06|3.889075904e+06|2.300856741e+03|2.323685096e+03|2.351800122e+03|2.326213268e+03|2.715724691e+09|3.212530366e+09|3.846488264e+09|3.285808940e+09|2.960061951e+03|2.982983887e+03|3.011154297e+03|2.985468750e+03|3.305559730e+03
5.234479293e+06|3.862991309e+06|3.866944895e+06|3.872634865e+06|3.868206775e+06|2.234555307e+03|2.254905345e+03|2.279245644e+03|2.256250058e+03|1.298755532e+09|1.728241353e+09|2.256018788e+09|1.757744453e+09|2.893179565e+03|2.913764648e+03|2.938319336e+03|2.914763184e+03|3.305559730e+03
5.262543987e+06|3.853347002e+06|3.856375450e+06|3.858845169e+06|3.856173191e+06|2.179748274e+03|2.188014781e+03|2.205671932e+03|2.194523507e+03|8.590285398e+06|9.155497889e+07|5.950305530e+08|3.370658947e+08|2.817238708e+03|2.839244385e+03|2.862961914e+03|2.839809326e+03|3.305559730e+03
5.279355163e+06|3.845846665e+06|3.848142323e+06|3.851152339e+06|3.848886420e+06|2.170609014e+03|2.172897849e+03|2.176232496e+03|2.174177974e+03|1.882674129e+04|3.082741141e+05|1.571487106e+06|5.158673354e+06|2.760598877e+03|2.781488892e+03|2.802652161e+03|2.781137207e+03|3.305559730e+03
5.291540374e+06|3.844966261e+06|3.845315660e+06|3.846582101e+06|3.846297269e+06|2.170060568e+03|2.170278224e+03|2.171288061e+03|2.171326691e+03|6.655702675e+00|1.578389878e+02|1.407449017e+05|7.323607013e+05|2.713422363e+03|2.744122070e+03|2.770474365e+03|2.740626221e+03|3.305559730e+03
5.301986600e+06|3.844966261e+06|3.844966261e+06|3.845092286e+06|3.845208199e+06|2.170060568e+03|2.170060568e+03|2.170139074e+03|2.170238675e+03|6.655702675e+00|6.655702675e+00|2.273048532e+01|1.644142864e+04|2.668254761e+03|2.709243042e+03|2.737220642e+03|2.700732422e+03|3.305559730e+03
5.313872252e+06|3.844966261e+06|3.844966261e+06|3.844966261e+06|3.844975359e+06|2.170060568e+03|2.170060568e+03|2.170060568e+03|2.170066237e+03|6.655702675e+00|6.655702675e+00|6.655702675e+00|1.765750504e+01|2.610313049e+03|2.649005371e+03|2.686249756e+03|2.645995850e+03|3.305559730e+03
5.327405709e+06|3.844966255e+06|3.844966259e+06|3.844966261e+06|3.844966258e+06|2.170060568e+03|2.170060568e+03|2.170060568e+03|2.170060568e+03|6.655702630e+00|6.655702630e+00|6.655702675e+00|6.655702648e+00|2.524670959e+03|2.567187866e+03|2.607693665e+03|2.565108887e+03|3.305559730e+03
5.341795862e+06|3.844966257e+06|3.844966261e+06|3.844966261e+06|3.844966259e+06|2.170060568e+03|2.170060568e+03|2.170060568e+03|2.170060568e+03|6.655702630e+00|6.655702630e+00|6.655702630e+00|6.655702629e+00|2.411091370e+03|2.464762817e+03|2.520781067e+03|2.460277100e+03|3.305559730e+03
5.357400819e+06|3.844966257e+06|3.844966261e+06|3.844966261e+06|3.844966259e+06|2.170060568e+03|2.170060568e+03|2.170060568e+03|2.170060568e+03|6.655702603e+00|6.655702630e+00|6.655702630e+00|6.655702618e+00|2.313582153e+03|2.371086670e+03|2.410647217e+03|2.363906982e+03|3.305559730e+03
5.374726158e+06|3.844966254e+06|3.844966254e+06|3.844966260e+06|3.844966256e+06|2.170060567e+03|2.170060567e+03|2.170060567e+03|2.170060567e+03|6.655702581e+00|6.655702584e+00|6.655702584e+00|6.655702582e+00|2.164218567e+03|2.233089966e+03|2.291149109e+03|2.224311768e+03|3.305559730e+03
5.401991228e+06|3.844966254e+06|3.844966255e+06|3.844966260e+06|3.844966257e+06|2.170060567e+03|2.170060567e+03|2.170060567e+03|2.170060567e+03|6.655702539e+00|6.655702539e+00|6.655702539e+00|6.655702542e+00|1.936654968e+03|2.034873352e+03|2.113506958e+03|2.024863281e+03|3.305559730e+03
5.438595829e+06|3.844966253e+06|3.844966257e+06|3.844966258e+06|3.844966256e+06|2.170060566e+03|2.170060566e+03|2.170060567e+03|2.170060566e+03|6.655702447e+00|6.655702448e+00|6.655702494e+00|6.655702461e+00|1.632415771e+03|1.728317322e+03|1.820343567e+03|1.724667480e+03|3.305559730e+03
5.494504088e+06|3.844966253e+06|3.844966255e+06|3.844966258e+06|3.844966256e+06|2.170060564e+03|2.170060565e+03|2.170060565e+03|2.170060565e+03|6.655702222e+00|6.655702301e+00|6.655702376e+00|6.655702292e+00|1.188260529e+03|1.291091309e+03|1.446807251e+03|1.314905273e+03|3.305559730e+03
5.569193135e+06|3.844966249e+06|3.844966252e+06|3.844966254e+06|3.844966252e+06|2.170060560e+03|2.170060562e+03|2.170060563e+03|2.170060562e+03|6.655701860e+00|6.655702013e+00|6.655702086e+00|6.655701978e+00|8.202269897e+02|9.456638794e+02|1.001495911e+03|9.204233398e+02|3.305559730e+03
