#RRR|P25fit|P50fit|P75fit|P25model|P50model|P75model
2.677069082e+05|1.740255756e+11|1.762002070e+11|1.779704692e+11|0.000000|0.000000|0.000000
4.076777353e+05|1.717724221e+11|1.741083574e+11|1.762934772e+11|0.000000|0.000000|0.000000
4.848343141e+05|1.704696836e+11|1.728612255e+11|1.752179080e+11|0.000000|0.000000|0.000000
5.428540729e+05|1.694484611e+11|1.718701221e+11|1.743341571e+11|0.000000|0.000000|0.000000
5.907041362e+05|1.685742605e+11|1.710147448e+11|1.735553381e+11|0.000000|0.000000|0.000000
6.322367519e+05|1.677892529e+11|1.702425172e+11|1.728419015e+11|0.000000|0.000000|0.000000
6.673086418e+05|1.671057869e+11|1.695677602e+11|1.722118942e+11|0.000000|0.000000|0.000000
7.005088238e+05|1.664403252e+11|1.689091338e+11|1.715919584e+11|0.000000|0.000000|0.000000
7.321893398e+05|1.657877072e+11|1.682620345e+11|1.709788127e+11|0.000000|0.000000|0.000000
7.596868960e+05|1.652067125e+11|1.676852271e+11|1.704293821e+11|0.000000|0.000000|0.000000
7.837654891e+05|1.646864661e+11|1.671683138e+11|1.699350118e+11|0.000000|0.000000|0.000000
8.081056565e+05|1.641493437e+11|1.666343489e+11|1.694226180e+11|0.000000|0.000000|0.000000
8.336130586e+05|1.635740350e+11|1.660622269e+11|1.688719301e+11|0.000000|0.000000|0.000000
8.550456819e+05|1.630805669e+11|1.655714171e+11|1.683983075e+11|0.000000|0.000000|0.000000
8.737645508e+05|1.626419112e+11|1.651351202e+11|1.679764762e+11|0.000000|0.000000|0.000000
8.933208276e+05|1.621758645e+11|1.646716194e+11|1.675276051e+11|0.000000|0.000000|0.000000
9.132957289e+05|1.616915211e+11|1.641900069e+11|1.670604862e+11|0.000000|0.000000|0.000000
9.332686977e+05|1.611986935e+11|1.637000862e+11|1.665846632e+11|0.000000|0.000000|0.000000
9.502330184e+05|1.607733157e+11|1.632773475e+11|1.661736324e+11|0.000000|0.000000|0.000000
9.664043823e+05|1.603619502e+11|1.628686679e+11|1.657759192e+11|0.000000|0.000000|0.000000
9.826690774e+05|1.599423730e+11|1.624519811e+11|1.653701004e+11|0.000000|0.000000|0.000000
9.981514571e+05|1.595374892e+11|1.620500436e+11|1.649783834e+11|0.000000|0.000000|0.000000
1.013535370e+06|1.591298346e+11|1.616455222e+11|1.645839207e+11|0.000000|0.000000|0.000000
1.028643066e+06|1.587242739e+11|1.612432537e+11|1.641914581e+11|0.000000|0.000000|0.000000
1.044342283e+06|1.582973091e+11|1.608199517e+11|1.637782923e+11|0.000000|0.000000|0.000000
1.058697584e+06|1.579019336e+11|1.604281546e+11|1.633957345e+11|0.000000|0.000000|0.000000
1.072140129e+06|1.575273762e+11|1.600571573e+11|1.630333787e+11|0.000000|0.000000|0.000000
1.085838968e+06|1.571413561e+11|1.596749830e+11|1.626600141e+11|0.000000|0.000000|0.000000
1.097654261e+06|1.568048932e+11|1.593420208e+11|1.623346633e+11|0.000000|0.000000|0.000000
1.110081459e+06|1.564474739e+11|1.589884741e+11|1.619891444e+11|0.000000|0.000000|0.000000
1.123551253e+06|1.560559650e+11|1.586013903e+11|1.616107984e+11|0.000000|0.000000|0.000000
1.134950694e+06|1.557212863e+11|1.582706473e+11|1.612874880e+11|0.000000|0.000000|0.000000
1.147986479e+06|1.553347946e+11|1.578888771e+11|1.609142686e+11|0.000000|0.000000|0.000000
1.161669430e+06|1.549247754e+11|1.574840738e+11|1.605185095e+11|0.000000|0.000000|0.000000
1.173272838e+06|1.545735792e+11|1.571375148e+11|1.601796832e+11|0.000000|0.000000|0.000000
1.183200453e+06|1.542705547e+11|1.568386170e+11|1.598874522e+11|0.000000|0.000000|0.000000
1.193220971e+06|1.539623070e+11|1.565346863e+11|1.595903023e+11|0.000000|0.000000|0.000000
1.204314141e+06|1.536182615e+11|1.561956006e+11|1.592587880e+11|0.000000|0.000000|0.000000
1.215228907e+06|1.532768728e+11|1.558592801e+11|1.589299881e+11|0.000000|0.000000|0.000000
1.226148552e+06|1.529324738e+11|1.555201413e+11|1.585984480e+11|0.000000|0.000000|0.000000
1.236737678e+06|1.525957671e+11|1.551887193e+11|1.582744702e+11|0.000000|0.000000|0.000000
1.246542174e+06|1.522816099e+11|1.548796187e+11|1.579723316e+11|0.000000|0.000000|0.000000
1.257995053e+06|1.519117121e+11|1.545158291e+11|1.576167625e+11|0.000000|0.000000|0.000000
1.267575818e+06|1.515998590e+11|1.542092540e+11|1.573171403e+11|0.000000|0.000000|0.000000
1.277814061e+06|1.512641687e+11|1.538793755e+11|1.569947709e+11|0.000000|0.000000|0.000000
1.286721525e+06|1.509700647e+11|1.535904731e+11|1.567124701e+11|0.000000|0.000000|0.000000
1.296113108e+06|1.506579141e+11|1.532839543e+11|1.564129828e+11|0.000000|0.000000|0.000000
1.306086810e+06|1.503240993e+11|1.529562873e+11|1.560928651e+11|0.000000|0.000000|0.000000
1.315369699e+06|1.500112635e+11|1.526493291e+11|1.557930108e+11|0.000000|0.000000|0.000000
1.323835354e+06|1.497241696e+11|1.523677270e+11|1.555179537e+11|0.000000|0.000000|0.000000
1.332404301e+06|1.494318269e+11|1.520810714e+11|1.552379889e+11|0.000000|0.000000|0.000000
1.341770789e+06|1.491102676e+11|1.517658770e+11|1.549301850e+11|0.000000|0.000000|0.000000
1.351233629e+06|1.487832743e+11|1.514454722e+11|1.546173298e+11|0.000000|0.000000|0.000000
1.360294064e+06|1.484681867e+11|1.511368424e+11|1.543160078e+11|0.000000|0.000000|0.000000
1.369743738e+06|1.481374822e+11|1.508130294e+11|1.539999005e+11|0.000000|0.000000|0.000000
1.379526334e+06|1.477928929e+11|1.504757429e+11|1.536706822e+11|0.000000|0.000000|0.000000
1.387960821e+06|1.474939695e+11|1.501832539e+11|1.533852249e+11|0.000000|0.000000|0.000000
1.396802093e+06|1.471788233e+11|1.498749897e+11|1.530844068e+11|0.000000|0.000000|0.000000
1.404945035e+06|1.468869370e+11|1.495895662e+11|1.528059103e+11|0.000000|0.000000|0.000000
1.413994941e+06|1.465607083e+11|1.492706603e+11|1.524947807e+11|0.000000|0.000000|0.000000
1.422817153e+06|1.462408357e+11|1.489580682e+11|1.521898486e+11|0.000000|0.000000|0.000000
1.430169627e+06|1.459728591e+11|1.486962661e+11|1.519344905e+11|0.000000|0.000000|0.000000
1.438345844e+06|1.456733757e+11|1.484037633e+11|1.516492180e+11|0.000000|0.000000|0.000000
1.447561289e+06|1.453339591e+11|1.480723583e+11|1.513260437e+11|0.000000|0.000000|0.000000
1.456059042e+06|1.450192270e+11|1.477651489e+11|1.510265005e+11|0.000000|0.000000|0.000000
1.466143690e+06|1.446435509e+11|1.473985678e+11|1.506691126e+11|0.000000|0.000000|0.000000
1.474071331e+06|1.443465803e+11|1.471088743e+11|1.503867185e+11|0.000000|0.000000|0.000000
1.482420821e+06|1.440322442e+11|1.468023232e+11|1.500879241e+11|0.000000|0.000000|0.000000
1.491267207e+06|1.436974580e+11|1.464759201e+11|1.497698163e+11|0.000000|0.000000|0.000000
1.499437645e+06|1.433866652e+11|1.461729926e+11|1.494746203e+11|0.000000|0.000000|0.000000
1.507177640e+06|1.430908451e+11|1.458847315e+11|1.491937451e+11|0.000000|0.000000|0.000000
1.515401858e+06|1.427750304e+11|1.455770635e+11|1.488939905e+11|0.000000|0.000000|0.000000
1.523458047e+06|1.424641876e+11|1.452743151e+11|1.485990588e+11|0.000000|0.000000|0.000000
1.530492757e+06|1.421915644e+11|1.450088517e+11|1.483404733e+11|0.000000|0.000000|0.000000
1.539094300e+06|1.418567142e+11|1.446828717e+11|1.480229686e+11|0.000000|0.000000|0.000000
1.547679725e+06|1.415208466e+11|1.443559838e+11|1.477046114e+11|0.000000|0.000000|0.000000
1.555074661e+06|1.412302403e+11|1.440732123e+11|1.474292443e+11|0.000000|0.000000|0.000000
1.563413763e+06|1.409010810e+11|1.437529986e+11|1.471174424e+11|0.000000|0.000000|0.000000
1.572430071e+06|1.405434715e+11|1.434051919e+11|1.467788036e+11|0.000000|0.000000|0.000000
1.580508098e+06|1.402215669e+11|1.430921842e+11|1.464740733e+11|0.000000|0.000000|0.000000
1.588565490e+06|1.398990708e+11|1.427786689e+11|1.461688732e+11|0.000000|0.000000|0.000000
1.596127430e+06|1.395951273e+11|1.424832501e+11|1.458813108e+11|0.000000|0.000000|0.000000
1.604035409e+06|1.392759588e+11|1.421730947e+11|1.455794251e+11|0.000000|0.000000|0.000000
1.611639162e+06|1.389678065e+11|1.418737028e+11|1.452880355e+11|0.000000|0.000000|0.000000
1.619946237e+06|1.386297446e+11|1.415453158e+11|1.449684467e+11|0.000000|0.000000|0.000000
1.626974136e+06|1.383425991e+11|1.412664393e+11|1.446970583e+11|0.000000|0.000000|0.000000
1.634270853e+06|1.380433704e+11|1.409758766e+11|1.444143122e+11|0.000000|0.000000|0.000000
1.641860540e+06|1.377309453e+11|1.406725514e+11|1.441191624e+11|0.000000|0.000000|0.000000
1.650161000e+06|1.373878901e+11|1.403395476e+11|1.437951504e+11|0.000000|0.000000|0.000000
1.657285661e+06|1.370922948e+11|1.400526612e+11|1.435160235e+11|0.000000|0.000000|0.000000
1.664968782e+06|1.367723614e+11|1.397422028e+11|1.432139743e+11|0.000000|0.000000|0.000000
1.672649231e+06|1.364513357e+11|1.394307339e+11|1.429109535e+11|0.000000|0.000000|0.000000
1.680487531e+06|1.361224799e+11|1.391117177e+11|1.426006008e+11|0.000000|0.000000|0.000000
1.688458567e+06|1.357867876e+11|1.387861196e+11|1.422838546e+11|0.000000|0.000000|0.000000
1.695197024e+06|1.355020140e+11|1.385099475e+11|1.420151973e+11|0.000000|0.000000|0.000000
1.701853792e+06|1.352198080e+11|1.382362991e+11|1.417489999e+11|0.000000|0.000000|0.000000
1.710110841e+06|1.348685469e+11|1.378957346e+11|1.414177141e+11|0.000000|0.000000|0.000000
1.718979566e+06|1.344897800e+11|1.375285559e+11|1.410605441e+11|0.000000|0.000000|0.000000
1.726574779e+06|1.341641907e+11|1.372129705e+11|1.407535635e+11|0.000000|0.000000|0.000000
1.733317827e+06|1.338742024e+11|1.369319241e+11|1.404801809e+11|0.000000|0.000000|0.000000
1.740227874e+06|1.335761321e+11|1.366430750e+11|1.401992080e+11|0.000000|0.000000|0.000000
1.747521356e+06|1.332605415e+11|1.363372793e+11|1.399017489e+11|0.000000|0.000000|0.000000
1.754879411e+06|1.329411445e+11|1.360278273e+11|1.396007299e+11|0.000000|0.000000|0.000000
1.762210464e+06|1.326219170e+11|1.357185699e+11|1.392998958e+11|0.000000|0.000000|0.000000
1.769278475e+06|1.323132041e+11|1.354195263e+11|1.390089916e+11|0.000000|0.000000|0.000000
1.776396551e+06|1.320013805e+11|1.351174955e+11|1.387151745e+11|0.000000|0.000000|0.000000
1.783504776e+06|1.316890710e+11|1.348150189e+11|1.384209154e+11|0.000000|0.000000|0.000000
1.790697066e+06|1.313721434e+11|1.345080937e+11|1.381223185e+11|0.000000|0.000000|0.000000
1.797368110e+06|1.310773606e+11|1.342226347e+11|1.378445953e+11|0.000000|0.000000|0.000000
1.805563868e+06|1.307141283e+11|1.338709164e+11|1.375023929e+11|0.000000|0.000000|0.000000
1.813037881e+06|1.303818605e+11|1.335492038e+11|1.371893679e+11|0.000000|0.000000|0.000000
1.819845033e+06|1.300783987e+11|1.332553995e+11|1.369034823e+11|0.000000|0.000000|0.000000
1.826570271e+06|1.297778099e+11|1.329643918e+11|1.366203023e+11|0.000000|0.000000|0.000000
1.832891367e+06|1.294945855e+11|1.326902077e+11|1.363534779e+11|0.000000|0.000000|0.000000
1.839943532e+06|1.291778132e+11|1.323835596e+11|1.360550420e+11|0.000000|0.000000|0.000000
1.847791007e+06|1.288243462e+11|1.320414043e+11|1.357220242e+11|0.000000|0.000000|0.000000
1.854655737e+06|1.285143151e+11|1.317413061e+11|1.354299165e+11|0.000000|0.000000|0.000000
1.862395955e+06|1.281638275e+11|1.314020583e+11|1.350996732e+11|0.000000|0.000000|0.000000
1.869465687e+06|1.278428611e+11|1.310913934e+11|1.347972258e+11|0.000000|0.000000|0.000000
1.876328499e+06|1.275305316e+11|1.307890944e+11|1.345028956e+11|0.000000|0.000000|0.000000
1.882735368e+06|1.272382867e+11|1.305062393e+11|1.342274707e+11|0.000000|0.000000|0.000000
1.889043462e+06|1.269499266e+11|1.302271471e+11|1.339556841e+11|0.000000|0.000000|0.000000
1.896106915e+06|1.266263144e+11|1.299139380e+11|1.336506418e+11|0.000000|0.000000|0.000000
1.903494187e+06|1.262870603e+11|1.295855904e+11|1.333308177e+11|0.000000|0.000000|0.000000
1.910197662e+06|1.259785050e+11|1.292869538e+11|1.330398978e+11|0.000000|0.000000|0.000000
1.917146942e+06|1.256579377e+11|1.289766891e+11|1.327376129e+11|0.000000|0.000000|0.000000
1.923644095e+06|1.253575928e+11|1.286859933e+11|1.324543576e+11|0.000000|0.000000|0.000000
1.930127659e+06|1.250572734e+11|1.283953175e+11|1.321710855e+11|0.000000|0.000000|0.000000
1.937024225e+06|1.247371719e+11|1.280854881e+11|1.318691062e+11|0.000000|0.000000|0.000000
1.944253424e+06|1.244009205e+11|1.277600181e+11|1.315518347e+11|0.000000|0.000000|0.000000
1.951709112e+06|1.240533839e+11|1.274236132e+11|1.312238500e+11|0.000000|0.000000|0.000000
1.957960871e+06|1.237613884e+11|1.271409601e+11|1.309482278e+11|0.000000|0.000000|0.000000
1.964468433e+06|1.234568936e+11|1.268461958e+11|1.306607517e+11|0.000000|0.000000|0.000000
1.970474635e+06|1.231753656e+11|1.265736528e+11|1.303949062e+11|0.000000|0.000000|0.000000
1.977567718e+06|1.228422933e+11|1.262511947e+11|1.300803191e+11|0.000000|0.000000|0.000000
1.984141446e+06|1.225330385e+11|1.259517781e+11|1.297881581e+11|0.000000|0.000000|0.000000
1.990502171e+06|1.222332909e+11|1.256615494e+11|1.295049120e+11|0.000000|0.000000|0.000000
1.997106749e+06|1.219215264e+11|1.253596664e+11|1.292102379e+11|0.000000|0.000000|0.000000
2.004031856e+06|1.215940669e+11|1.250425633e+11|1.289006458e+11|0.000000|0.000000|0.000000
2.011342764e+06|1.212477487e+11|1.247071711e+11|1.285731275e+11|0.000000|0.000000|0.000000
2.017783597e+06|1.209421323e+11|1.244111720e+11|1.282840154e+11|0.000000|0.000000|0.000000
2.023913554e+06|1.206508283e+11|1.241290122e+11|1.280083650e+11|0.000000|0.000000|0.000000
2.030771284e+06|1.203244421e+11|1.238128435e+11|1.276994241e+11|0.000000|0.000000|0.000000
2.037313964e+06|1.200125706e+11|1.235107061e+11|1.274041265e+11|0.000000|0.000000|0.000000
2.043639876e+06|1.197105953e+11|1.232181275e+11|1.271181070e+11|0.000000|0.000000|0.000000
2.049421897e+06|1.194342155e+11|1.229503221e+11|1.268562485e+11|0.000000|0.000000|0.000000
2.056148691e+06|1.191122426e+11|1.226383057e+11|1.265510907e+11|0.000000|0.000000|0.000000
2.063941760e+06|1.187386642e+11|1.222762337e+11|1.261968804e+11|0.000000|0.000000|0.000000
2.070965602e+06|1.184014503e+11|1.219493617e+11|1.258770136e+11|0.000000|0.000000|0.000000
2.077852070e+06|1.180703744e+11|1.216283965e+11|1.255628397e+11|0.000000|0.000000|0.000000
2.083567855e+06|1.177952452e+11|1.213616357e+11|1.253016559e+11|0.000000|0.000000|0.000000
2.089639494e+06|1.175026618e+11|1.210779167e+11|1.250237996e+11|0.000000|0.000000|0.000000
2.096107831e+06|1.171906023e+11|1.207752707e+11|1.247273277e+11|0.000000|0.000000|0.000000
2.102606405e+06|1.168767203e+11|1.204708128e+11|1.244289958e+11|0.000000|0.000000|0.000000
2.108167189e+06|1.166078518e+11|1.202099803e+11|1.241733424e+11|0.000000|0.000000|0.000000
2.114765680e+06|1.162884812e+11|1.199001099e+11|1.238695398e+11|0.000000|0.000000|0.000000
2.120620558e+06|1.160048121e+11|1.196248363e+11|1.235995777e+11|0.000000|0.000000|0.000000
2.126824359e+06|1.157039490e+11|1.193328324e+11|1.233131252e+11|0.000000|0.000000|0.000000
2.133225233e+06|1.153932266e+11|1.190312091e+11|1.230171449e+11|0.000000|0.000000|0.000000
2.140306365e+06|1.150491367e+11|1.186971338e+11|1.226892089e+11|0.000000|0.000000|0.000000
2.147006405e+06|1.147232431e+11|1.183806634e+11|1.223784446e+11|0.000000|0.000000|0.000000
2.153704647e+06|1.143971359e+11|1.180639235e+11|1.220673064e+11|0.000000|0.000000|0.000000
2.160162897e+06|1.140824390e+11|1.177582053e+11|1.217668892e+11|0.000000|0.000000|0.000000
2.166443349e+06|1.137761580e+11|1.174606040e+11|1.214743461e+11|0.000000|0.000000|0.000000
2.172406198e+06|1.134851485e+11|1.171777861e+11|1.211962402e+11|0.000000|0.000000|0.000000
2.178578398e+06|1.131837086e+11|1.168847729e+11|1.209080092e+11|0.000000|0.000000|0.000000
2.184941846e+06|1.128727108e+11|1.165824050e+11|1.206104680e+11|0.000000|0.000000|0.000000
2.191481164e+06|1.125528988e+11|1.162713978e+11|1.203043084e+11|0.000000|0.000000|0.000000
2.197251654e+06|1.122705115e+11|1.159967248e+11|1.200338163e+11|0.000000|0.000000|0.000000
2.203828963e+06|1.119484513e+11|1.156833920e+11|1.197251355e+11|0.000000|0.000000|0.000000
2.209453833e+06|1.116728754e+11|1.154152224e+11|1.194608464e+11|0.000000|0.000000|0.000000
2.215884442e+06|1.113576626e+11|1.151084102e+11|1.191583574e+11|0.000000|0.000000|0.000000
2.222794451e+06|1.110187704e+11|1.147784630e+11|1.188329181e+11|0.000000|0.000000|0.000000
2.228347119e+06|1.107463211e+11|1.145131383e+11|1.185711103e+11|0.000000|0.000000|0.000000
2.234299631e+06|1.104541369e+11|1.142285270e+11|1.182901625e+11|0.000000|0.000000|0.000000
2.240254040e+06|1.101617485e+11|1.139436451e+11|1.180088326e+11|0.000000|0.000000|0.000000
2.246651588e+06|1.098474863e+11|1.136373693e+11|1.177062449e+11|0.000000|0.000000|0.000000
2.252644454e+06|1.095530062e+11|1.133502941e+11|1.174225017e+11|0.000000|0.000000|0.000000
2.258313717e+06|1.092743497e+11|1.130785730e+11|1.171538211e+11|0.000000|0.000000|0.000000
2.264383182e+06|1.089759480e+11|1.127875193e+11|1.168658999e+11|0.000000|0.000000|0.000000
2.271433009e+06|1.086292635e+11|1.124492668e+11|1.165311236e+11|0.000000|0.000000|0.000000
2.278061385e+06|1.083032353e+11|1.121310632e+11|1.162160258e+11|0.000000|0.000000|0.000000
2.284389531e+06|1.079919243e+11|1.118271261e+11|1.159149038e+11|0.000000|0.000000|0.000000
2.290976416e+06|1.076678451e+11|1.115106197e+11|1.156011688e+11|0.000000|0.000000|0.000000
2.297567625e+06|1.073435253e+11|1.111937704e+11|1.152869273e+11|0.000000|0.000000|0.000000
2.303247825e+06|1.070640194e+11|1.109206141e+11|1.150158830e+11|0.000000|0.000000|0.000000
2.308540433e+06|1.068035831e+11|1.106660190e+11|1.147631412e+11|0.000000|0.000000|0.000000
2.314915067e+06|1.064899099e+11|1.103592825e+11|1.144584875e+11|0.000000|0.000000|0.000000
2.320878798e+06|1.061964723e+11|1.100722349e+11|1.141732381e+11|0.000000|0.000000|0.000000
2.327170374e+06|1.058869321e+11|1.097693294e+11|1.138720691e+11|0.000000|0.000000|0.000000
2.333131869e+06|1.055936690e+11|1.094822495e+11|1.135864801e+11|0.000000|0.000000|0.000000
2.339083907e+06|1.053009176e+11|1.091955690e+11|1.133011355e+11|0.000000|0.000000|0.000000
2.344878888e+06|1.050159452e+11|1.089164068e+11|1.130231248e+11|0.000000|0.000000|0.000000
2.350061067e+06|1.047611605e+11|1.086667324e+11|1.127743536e+11|0.000000|0.000000|0.000000
2.356228349e+06|1.044580174e+11|1.083695635e+11|1.124781016e+11|0.000000|0.000000|0.000000
2.362473507e+06|1.041511399e+11|1.080686144e+11|1.121779031e+11|0.000000|0.000000|0.000000
2.368736513e+06|1.038434916e+11|1.077667864e+11|1.118766450e+11|0.000000|0.000000|0.000000
2.374103704e+06|1.035799409e+11|1.075081218e+11|1.116183207e+11|0.000000|0.000000|0.000000
2.379659350e+06|1.033072358e+11|1.072403737e+11|1.113507788e+11|0.000000|0.000000|0.000000
2.385868677e+06|1.030025743e+11|1.069411290e+11|1.110515861e+11|0.000000|0.000000|0.000000
2.392494715e+06|1.026776312e+11|1.066218198e+11|1.107321212e+11|0.000000|0.000000|0.000000
2.398262639e+06|1.023949194e+11|1.063438868e+11|1.104538722e+11|0.000000|0.000000|0.000000
2.404486409e+06|1.020900319e+11|1.060440223e+11|1.101534755e+11|0.000000|0.000000|0.000000
2.411474232e+06|1.017479368e+11|1.057073984e+11|1.098160138e+11|0.000000|0.000000|0.000000
2.418010552e+06|1.014281724e+11|1.053925872e+11|1.095001848e+11|0.000000|0.000000|0.000000
2.424341091e+06|1.011186977e+11|1.050877555e+11|1.091941481e+11|0.000000|0.000000|0.000000
2.430839392e+06|1.008012635e+11|1.047749261e+11|1.088798538e+11|0.000000|0.000000|0.000000
2.436073693e+06|1.005457617e+11|1.045230126e+11|1.086265900e+11|0.000000|0.000000|0.000000
2.441563381e+06|1.002779822e+11|1.042588789e+11|1.083608745e+11|0.000000|0.000000|0.000000
2.447352071e+06|9.999583607e+10|1.039804446e+11|1.080805862e+11|0.000000|0.000000|0.000000
2.452057850e+06|9.976664406e+10|1.037541684e+11|1.078526602e+11|0.000000|0.000000|0.000000
2.457783529e+06|9.948799488e+10|1.034789420e+11|1.075752518e+11|0.000000|0.000000|0.000000
2.463713532e+06|9.919966236e+10|1.031940077e+11|1.072878530e+11|0.000000|0.000000|0.000000
2.470106833e+06|9.888911243e+10|1.028869515e+11|1.069779031e+11|0.000000|0.000000|0.000000
2.475718457e+06|9.861680701e+10|1.026175650e+11|1.067057716e+11|0.000000|0.000000|0.000000
2.481272035e+06|9.834758126e+10|1.023510900e+11|1.064363886e+11|0.000000|0.000000|0.000000
2.486308664e+06|9.810365000e+10|1.021095330e+11|1.061920277e+11|0.000000|0.000000|0.000000
2.492042983e+06|9.782620851e+10|1.018346531e+11|1.059137602e+11|0.000000|0.000000|0.000000
2.498411927e+06|9.751842339e+10|1.015295340e+11|1.056046316e+11|0.000000|0.000000|0.000000
2.504680307e+06|9.721588252e+10|1.012294301e+11|1.053003243e+11|0.000000|0.000000|0.000000
2.510112221e+06|9.695403214e+10|1.009695391e+11|1.050365817e+11|0.000000|0.000000|0.000000
2.515571113e+06|9.669118880e+10|1.007085203e+11|1.047714941e+11|0.000000|0.000000|0.000000
2.522059884e+06|9.637917069e+10|1.003984798e+11|1.044563555e+11|0.000000|0.000000|0.000000
2.528112145e+06|9.608855987e+10|1.001095235e+11|1.041623847e+11|0.000000|0.000000|0.000000
2.534453123e+06|9.578453169e+10|9.980702903e+10|1.038543642e+11|0.000000|0.000000|0.000000
2.540714531e+06|9.548477998e+10|9.950858817e+10|1.035501896e+11|0.000000|0.000000|0.000000
2.547443414e+06|9.516317584e+10|9.918816371e+10|1.032232924e+11|0.000000|0.000000|0.000000
2.554035075e+06|9.484867568e+10|9.887458551e+10|1.029030566e+11|0.000000|0.000000|0.000000
2.559399628e+06|9.459313286e+10|9.861961984e+10|1.026424383e+11|0.000000|0.000000|0.000000
2.565259278e+06|9.431443723e+10|9.834137457e+10|1.023577753e+11|0.000000|0.000000|0.000000
2.570922941e+06|9.404550165e+10|9.807269328e+10|1.020826468e+11|0.000000|0.000000|0.000000
2.577004962e+06|9.375719265e+10|9.778445655e+10|1.017872160e+11|0.000000|0.000000|0.000000
2.582644043e+06|9.349034693e+10|9.751748961e+10|1.015133256e+11|0.000000|0.000000|0.000000
2.587800543e+06|9.324673914e+10|9.727361041e+10|1.012628997e+11|0.000000|0.000000|0.000000
2.592893994e+06|9.300649488e+10|9.703294570e+10|1.010155638e+11|0.000000|0.000000|0.000000
2.598035200e+06|9.276439398e+10|9.679026509e+10|1.007659412e+11|0.000000|0.000000|0.000000
2.602949570e+06|9.253335391e+10|9.655852340e+10|1.005273664e+11|0.000000|0.000000|0.000000
2.608259556e+06|9.228413936e+10|9.630838686e+10|1.002696274e+11|0.000000|0.000000|0.000000
2.613804403e+06|9.202438217e+10|9.604748316e+10|1.000005395e+11|0.000000|0.000000|0.000000
2.620035863e+06|9.173305733e+10|9.575464304e+10|9.969819904e+10|0.000000|0.000000|0.000000
2.627358129e+06|9.139156394e+10|9.541105821e+10|9.934303650e+10|0.000000|0.000000|0.000000
2.633361337e+06|9.111227077e+10|9.512979625e+10|9.905194428e+10|0.000000|0.000000|0.000000
2.639192059e+06|9.084160432e+10|9.485699543e+10|9.876930037e+10|0.000000|0.000000|0.000000
2.644990346e+06|9.057304376e+10|9.458609263e+10|9.848831746e+10|0.000000|0.000000|0.000000
2.651034209e+06|9.029375871e+10|9.430413002e+10|9.819553464e+10|0.000000|0.000000|0.000000
2.656893086e+06|9.002366756e+10|9.403121039e+10|9.791181747e+10|0.000000|0.000000|0.000000
2.663302939e+06|8.972891970e+10|9.373310218e+10|9.760154445e+10|0.000000|0.000000|0.000000
2.669204364e+06|8.945825106e+10|9.345909105e+10|9.731600468e+10|0.000000|0.000000|0.000000
2.675720556e+06|8.916018143e+10|9.315705027e+10|9.700086396e+10|0.000000|0.000000|0.000000
2.681721223e+06|8.888644586e+10|9.287939418e+10|9.671079667e+10|0.000000|0.000000|0.000000
2.687440375e+06|8.862623651e+10|9.261521021e+10|9.643447011e+10|0.000000|0.000000|0.000000
2.693295207e+06|8.836055811e+10|9.234521945e+10|9.615172822e+10|0.000000|0.000000|0.000000
2.699458138e+06|8.808168232e+10|9.206153522e+10|9.585426785e+10|0.000000|0.000000|0.000000
2.705192502e+06|8.782293372e+10|9.179806177e+10|9.557764673e+10|0.000000|0.000000|0.000000
2.710973149e+06|8.756282567e+10|9.153294325e+10|9.529894954e+10|0.000000|0.000000|0.000000
2.715945227e+06|8.733969503e+10|9.130530212e+10|9.505936557e+10|0.000000|0.000000|0.000000
2.720865373e+06|8.711944453e+10|9.108040354e+10|9.482240684e+10|0.000000|0.000000|0.000000
2.725685154e+06|8.690422435e+10|9.086045029e+10|9.459040397e+10|0.000000|0.000000|0.000000
2.731401316e+06|8.664967716e+10|9.060005688e+10|9.431541516e+10|0.000000|0.000000|0.000000
2.737113361e+06|8.639608286e+10|9.034036556e+10|9.404080546e+10|0.000000|0.000000|0.000000
2.743574615e+06|8.611016891e+10|9.004724419e+10|9.373040303e+10|0.000000|0.000000|0.000000
2.749519911e+06|8.584798472e+10|8.977813350e+10|9.344500660e+10|0.000000|0.000000|0.000000
2.755748071e+06|8.557426522e+10|8.949685164e+10|9.314626462e+10|0.000000|0.000000|0.000000
2.761986662e+06|8.530106593e+10|8.921575959e+10|9.284726908e+10|0.000000|0.000000|0.000000
2.767810754e+06|8.504691650e+10|8.895395161e+10|9.256836920e+10|0.000000|0.000000|0.000000
2.773662079e+06|8.479246554e+10|8.869152103e+10|9.228839564e+10|0.000000|0.000000|0.000000
2.780176239e+06|8.451025240e+10|8.840008440e+10|9.197698666e+10|0.000000|0.000000|0.000000
2.786245415e+06|8.424833974e+10|8.812925242e+10|9.168712325e+10|0.000000|0.000000|0.000000
2.792812069e+06|8.396608724e+10|8.783699146e+10|9.137380601e+10|0.000000|0.000000|0.000000
2.799460672e+06|8.368152639e+10|8.754191381e+10|9.105691187e+10|0.000000|0.000000|0.000000
2.805054372e+06|8.344307623e+10|8.729431338e+10|9.079056480e+10|0.000000|0.000000|0.000000
2.810973457e+06|8.319172542e+10|8.703297623e+10|9.050899692e+10|0.000000|0.000000|0.000000
2.817324325e+06|8.292298522e+10|8.675322562e+10|9.020715704e+10|1.000000|1.000000|1.000000
2.823501138e+06|8.266346107e+10|8.648241852e+10|8.991412324e+10|1.000000|1.000000|1.000000
2.829458635e+06|8.241315166e+10|8.622122677e+10|8.963149397e+10|1.000000|1.000000|1.000000
2.835336458e+06|8.216618986e+10|8.596352816e+10|8.935264456e+10|1.000000|1.000000|1.000000
2.841082417e+06|8.192476838e+10|8.571161075e+10|8.908005083e+10|1.000000|1.000000|1.000000
2.846325559e+06|8.170447322e+10|8.548173814e+10|8.883131125e+10|1.000000|1.000000|1.000000
2.850803239e+06|8.151633961e+10|8.528542532e+10|8.861888591e+10|1.000000|1.000000|1.000000
2.855979803e+06|8.129884182e+10|8.505847169e+10|8.837330488e+10|1.000000|1.000000|1.000000
2.861579687e+06|8.106355782e+10|8.481295859e+10|8.810764111e+10|1.000000|1.000000|1.000000
2.867599907e+06|8.081061307e+10|8.454901693e+10|8.782203623e+10|1.000000|1.000000|1.000000
2.873993491e+06|8.054198109e+10|8.426870603e+10|8.751871859e+10|1.000000|1.000000|1.000000
2.879818781e+06|8.029722647e+10|8.401331057e+10|8.724236136e+10|1.000000|1.000000|1.000000
2.886238587e+06|8.002749278e+10|8.373185006e+10|8.693779976e+10|1.000000|1.000000|1.000000
2.891524896e+06|7.980538389e+10|8.350008487e+10|8.668701226e+10|1.000000|1.000000|1.000000
2.897393733e+06|7.955879962e+10|8.324278021e+10|8.640858913e+10|1.000000|1.000000|1.000000
2.905167821e+06|7.923216461e+10|8.290194456e+10|8.603977913e+10|1.000000|1.000000|1.000000
2.912374978e+06|7.892934963e+10|8.258596453e+10|8.569786480e+10|1.000000|1.000000|1.000000
2.919012551e+06|7.865046627e+10|8.229495657e+10|8.538297214e+10|1.000000|1.000000|1.000000
2.925439801e+06|7.838041979e+10|8.201316967e+10|8.507805736e+10|1.000000|1.000000|1.000000
2.931315884e+06|7.813353106e+10|8.175554731e+10|8.479929045e+10|1.000000|1.000000|1.000000
2.937406040e+06|7.787764789e+10|8.148853948e+10|8.451036774e+10|1.000000|1.000000|1.000000
2.943365089e+06|7.762727324e+10|8.122727966e+10|8.422766483e+10|1.000000|1.000000|1.000000
2.949550581e+06|7.736738445e+10|8.095609206e+10|8.393421929e+10|1.000000|1.000000|1.000000
2.956221279e+06|7.708710931e+10|8.066363181e+10|8.361775515e+10|1.000000|1.000000|1.000000
2.962219044e+06|7.683510800e+10|8.040067461e+10|8.333321552e+10|1.000000|1.000000|1.000000
2.967808472e+06|7.660026332e+10|8.015561992e+10|8.306804779e+10|1.000000|1.000000|1.000000
2.972806149e+06|7.639028160e+10|7.993650914e+10|8.283095332e+10|1.000000|1.000000|1.000000
2.977584190e+06|7.618952808e+10|7.972702775e+10|8.260427858e+10|1.000000|1.000000|1.000000
2.982677103e+06|7.597554491e+10|7.950374154e+10|8.236266599e+10|1.000000|1.000000|1.000000
2.988199948e+06|7.574349781e+10|7.926160606e+10|8.210065705e+10|1.000000|1.000000|1.000000
2.993669059e+06|7.551370835e+10|7.902182638e+10|8.184119727e+10|1.000000|1.000000|1.000000
3.000561413e+06|7.522412012e+10|7.871964814e+10|8.151421752e+10|1.000000|1.000000|1.000000
3.006663598e+06|7.496773155e+10|7.845211293e+10|8.122472416e+10|1.000000|1.000000|1.000000
3.013212883e+06|7.469255765e+10|7.816497571e+10|8.091401992e+10|1.000000|1.000000|1.000000
3.019862121e+06|7.441318416e+10|7.787345630e+10|8.059857384e+10|1.000000|1.000000|1.000000
3.026531599e+06|7.413296026e+10|7.758104951e+10|8.028216753e+10|1.000000|1.000000|1.000000
3.033283719e+06|7.384926407e+10|7.728501948e+10|7.996184061e+10|1.000000|1.000000|1.000000
3.039752122e+06|7.357748854e+10|7.700142835e+10|7.965497352e+10|1.000000|1.000000|1.000000
3.046258616e+06|7.330411252e+10|7.671616716e+10|7.934629930e+10|1.000000|1.000000|1.000000
3.052024844e+06|7.306183947e+10|7.646336116e+10|7.907274405e+10|1.000000|1.000000|1.000000
3.058335086e+06|7.279670917e+10|7.618670417e+10|7.877338023e+10|1.000000|1.000000|1.000000
3.065703897e+06|7.248710221e+10|7.586363688e+10|7.842379695e+10|1.000000|1.000000|1.000000
3.071902716e+06|7.222665344e+10|7.559186496e+10|7.812971914e+10|1.000000|1.000000|1.000000
3.077918156e+06|7.197390953e+10|7.532813287e+10|7.784434103e+10|1.000000|1.000000|1.000000
3.084452993e+06|7.169934268e+10|7.504162908e+10|7.753432222e+10|1.000000|1.000000|1.000000
3.090872210e+06|7.142963370e+10|7.476019435e+10|7.722978852e+10|1.000000|1.000000|1.000000
3.096435806e+06|7.119587439e+10|7.451627223e+10|7.696584630e+10|1.000000|1.000000|1.000000
3.102201791e+06|7.095361154e+10|7.426347687e+10|7.669230257e+10|1.000000|1.000000|1.000000
3.107066323e+06|7.074922401e+10|7.405020347e+10|7.646152460e+10|1.000000|1.000000|1.000000
3.111690554e+06|7.055493295e+10|7.384746550e+10|7.624214676e+10|1.000000|1.000000|1.000000
3.117695476e+06|7.030263096e+10|7.358419455e+10|7.595726763e+10|1.000000|1.000000|1.000000
3.123971730e+06|7.003892869e+10|7.330902768e+10|7.565951623e+10|1.000000|1.000000|1.000000
3.130287527e+06|6.977356498e+10|7.303212713e+10|7.535988886e+10|1.000000|1.000000|1.000000
3.136863949e+06|6.949725092e+10|7.274380017e+10|7.504789724e+10|1.000000|1.000000|1.000000
3.144027182e+06|6.919628148e+10|7.242974592e+10|7.470806675e+10|1.000000|1.000000|1.000000
3.151476490e+06|6.888329235e+10|7.210314941e+10|7.435466458e+10|1.000000|1.000000|1.000000
3.158109048e+06|6.860461968e+10|7.181236130e+10|7.404000981e+10|1.000000|1.000000|1.000000
3.164869898e+06|6.832055672e+10|7.151594855e+10|7.371926875e+10|1.000000|1.000000|1.000000
3.171810981e+06|6.802892110e+10|7.121163391e+10|7.338997726e+10|1.000000|1.000000|1.000000
3.178344147e+06|6.775442444e+10|7.092520335e+10|7.308003769e+10|1.000000|1.000000|1.000000
3.184767033e+06|6.748456134e+10|7.064360780e+10|7.277532997e+10|1.000000|1.000000|1.000000
3.191415222e+06|6.720523192e+10|7.035213438e+10|7.245993365e+10|1.000000|1.000000|1.000000
3.197943616e+06|6.693093579e+10|7.006591308e+10|7.215022052e+10|1.000000|1.000000|1.000000
3.204500839e+06|6.665542837e+10|6.977842783e+10|7.183913969e+10|1.000000|1.000000|1.000000
3.211374789e+06|6.636661339e+10|6.947705646e+10|7.151303303e+10|1.000000|1.000000|1.000000
3.217711087e+06|6.610038835e+10|6.919925714e+10|7.121243313e+10|1.000000|1.000000|1.000000
3.223729841e+06|6.584750518e+10|6.893537974e+10|7.092689778e+10|1.000000|1.000000|1.000000
3.228607889e+06|6.564254975e+10|6.872151376e+10|7.069547858e+10|1.000000|1.000000|1.000000
3.234025596e+06|6.541492011e+10|6.848398779e+10|7.043845750e+10|1.000000|1.000000|1.000000
3.239330337e+06|6.519203683e+10|6.825141453e+10|7.018679561e+10|1.000000|1.000000|1.000000
3.244665097e+06|6.496789224e+10|6.801752514e+10|6.993370956e+10|1.000000|1.000000|1.000000
3.250481225e+06|6.472352259e+10|6.776253138e+10|6.965778700e+10|1.000000|1.000000|1.000000
3.256265739e+06|6.437916294e+10|6.750892367e+10|6.938336423e+10|2.000000|1.000000|1.000000
3.262306363e+06|6.422908320e+10|6.724408741e+10|6.909679133e+10|2.000000|1.000000|1.000000
3.269147688e+06|6.405911002e+10|6.694414643e+10|6.877223247e+10|2.000000|1.000000|1.000000
3.276260162e+06|6.388240011e+10|6.663231760e+10|6.843481005e+10|2.000000|1.000000|1.000000
3.282635372e+06|6.372400757e+10|6.635281225e+10|6.813236408e+10|2.000000|1.000000|1.000000
3.289503108e+06|6.355337817e+10|6.605171331e+10|6.780655221e+10|2.000000|1.000000|1.000000
3.297874296e+06|6.334539544e+10|6.568469927e+10|6.740941522e+10|2.000000|1.000000|1.000000
3.307460976e+06|6.310721371e+10|6.526439497e+10|6.695461412e+10|2.000000|1.000000|1.000000
3.316570175e+06|6.288089501e+10|6.486502462e+10|6.652246514e+10|2.000000|1.000000|1.000000
3.326391998e+06|6.263687113e+10|6.443441105e+10|6.605650863e+10|2.000000|1.000000|1.000000
3.335910501e+06|6.240038327e+10|6.401709582e+10|6.560494194e+10|2.000000|1.000000|1.000000
3.344778124e+06|6.218006655e+10|6.362831679e+10|6.518425356e+10|2.000000|1.000000|1.000000
3.353559521e+06|6.196189214e+10|6.324331813e+10|6.476765585e+10|2.000000|1.000000|1.000000
3.360987924e+06|6.177733294e+10|6.291763815e+10|6.441524543e+10|2.000000|1.000000|1.000000
3.367866973e+06|6.160642250e+10|6.261604326e+10|6.408889691e+10|2.000000|1.000000|1.000000
3.373942172e+06|6.145548376e+10|6.234969117e+10|6.380068377e+10|2.000000|1.000000|1.000000
3.379259723e+06|6.132336882e+10|6.211655625e+10|6.354841412e+10|2.000000|1.000000|1.000000
3.385261742e+06|6.117424825e+10|6.185341258e+10|6.326367273e+10|2.000000|1.000000|1.000000
3.391699156e+06|6.101431024e+10|6.157118005e+10|6.295827575e+10|2.000000|1.000000|1.000000
3.397774894e+06|6.086335813e+10|6.120735880e+10|6.267003707e+10|2.000000|2.000000|1.000000
3.404223134e+06|6.070315113e+10|6.105461414e+10|6.236412646e+10|2.000000|2.000000|1.000000
3.411481965e+06|6.052280499e+10|6.088266841e+10|6.201976074e+10|2.000000|2.000000|1.000000
3.418891166e+06|6.033872287e+10|6.070716072e+10|6.166826129e+10|2.000000|2.000000|1.000000
3.425866739e+06|6.016541427e+10|6.054192471e+10|6.133733354e+10|2.000000|2.000000|1.000000
3.433310057e+06|5.998048452e+10|6.036560887e+10|6.080187084e+10|2.000000|2.000000|2.000000
3.441293488e+06|5.978213562e+10|6.017649894e+10|6.062317985e+10|2.000000|2.000000|2.000000
3.450756811e+06|5.954701869e+10|5.995233360e+10|6.041136482e+10|2.000000|2.000000|2.000000
3.460232909e+06|5.931158437e+10|5.972786566e+10|6.019926387e+10|2.000000|2.000000|2.000000
3.470055804e+06|5.906753387e+10|5.949518287e+10|5.997940065e+10|2.000000|2.000000|2.000000
3.480332858e+06|5.881219974e+10|5.925174203e+10|5.974937210e+10|2.000000|2.000000|2.000000
3.490187989e+06|5.856734833e+10|5.901829564e+10|5.952878736e+10|2.000000|2.000000|2.000000
3.498955664e+06|5.834951484e+10|5.881060869e+10|5.933254285e+10|2.000000|2.000000|2.000000
3.507526653e+06|5.813656800e+10|5.860758078e+10|5.914070069e+10|2.000000|2.000000|2.000000
3.516683529e+06|5.790906479e+10|5.839067452e+10|5.893574480e+10|2.000000|2.000000|2.000000
3.522672208e+06|5.776027563e+10|5.824881587e+10|5.880170180e+10|2.000000|2.000000|2.000000
3.528090657e+06|5.762565389e+10|5.812046472e+10|5.868042211e+10|2.000000|2.000000|2.000000
3.534080549e+06|5.747683461e+10|5.797857735e+10|5.854635198e+10|2.000000|2.000000|2.000000
3.540188294e+06|5.732508726e+10|5.783389828e+10|5.840964396e+10|2.000000|2.000000|2.000000
3.547822387e+06|5.713541768e+10|5.765306340e+10|5.823877210e+10|2.000000|2.000000|2.000000
3.555118570e+06|5.695414352e+10|5.748023286e+10|5.807546361e+10|2.000000|2.000000|2.000000
3.562116728e+06|5.678027379e+10|5.731446188e+10|5.791882572e+10|2.000000|2.000000|2.000000
3.569679047e+06|5.659238744e+10|5.713532715e+10|5.774956035e+10|2.000000|2.000000|2.000000
3.576440066e+06|5.642440945e+10|5.697517346e+10|5.759823028e+10|2.000000|2.000000|2.000000
3.584007457e+06|5.623639711e+10|5.679591861e+10|5.742885141e+10|2.000000|2.000000|2.000000
3.590972738e+06|5.606334420e+10|5.663092640e+10|5.727294938e+10|2.000000|2.000000|2.000000
3.599719490e+06|5.584603054e+10|5.642373506e+10|5.707717318e+10|2.000000|2.000000|2.000000
3.609325714e+06|5.560736324e+10|5.619618473e+10|5.686215966e+10|2.000000|2.000000|2.000000
3.618780048e+06|5.537246966e+10|5.597223234e+10|5.665054584e+10|2.000000|2.000000|2.000000
3.627081999e+06|5.516620710e+10|5.577557736e+10|5.646472550e+10|2.000000|2.000000|2.000000
3.635631359e+06|5.495379767e+10|5.557306182e+10|5.627336748e+10|2.000000|2.000000|2.000000
3.645120541e+06|5.471803828e+10|5.534828394e+10|5.606097367e+10|2.000000|2.000000|2.000000
3.653414495e+06|5.451197440e+10|5.515181838e+10|5.587533231e+10|2.000000|2.000000|2.000000
3.660965246e+06|5.432437547e+10|5.497295769e+10|5.570632588e+10|2.000000|2.000000|2.000000
3.666840462e+06|5.417840531e+10|5.483378673e+10|5.557482250e+10|2.000000|2.000000|2.000000
3.672550160e+06|5.403654747e+10|5.469853654e+10|5.544702386e+10|2.000000|2.000000|2.000000
3.679230439e+06|5.387057546e+10|5.454029540e+10|5.529750096e+10|2.000000|2.000000|2.000000
3.685840844e+06|5.370633949e+10|5.438370943e+10|5.514954204e+10|2.000000|2.000000|2.000000
3.692573282e+06|5.353907161e+10|5.422423277e+10|5.499885170e+10|2.000000|2.000000|2.000000
3.699623394e+06|5.336391109e+10|5.405723111e+10|5.484105094e+10|2.000000|2.000000|2.000000
3.706714810e+06|5.318772436e+10|5.388925105e+10|5.468232568e+10|2.000000|2.000000|2.000000
3.714104257e+06|5.300413304e+10|5.371421130e+10|5.451692968e+10|2.000000|2.000000|2.000000
3.721860904e+06|5.281141861e+10|5.353047338e+10|5.434331473e+10|2.000000|2.000000|2.000000
3.729880907e+06|5.261216107e+10|5.334049713e+10|5.416380516e+10|2.000000|2.000000|2.000000
3.738142657e+06|5.240689731e+10|5.314479441e+10|5.397888462e+10|2.000000|2.000000|2.000000
3.745958357e+06|5.221271570e+10|5.295965766e+10|5.380394790e+10|2.000000|2.000000|2.000000
3.754579165e+06|5.199853112e+10|5.275544966e+10|5.361099067e+10|2.000000|2.000000|2.000000
3.763509430e+06|5.177665807e+10|5.254391131e+10|5.341110695e+10|2.000000|2.000000|2.000000
3.771455258e+06|5.157924343e+10|5.235569211e+10|5.323325763e+10|2.000000|2.000000|2.000000
3.779268788e+06|5.138511572e+10|5.217060675e+10|5.305836948e+10|2.000000|2.000000|2.000000
3.787084123e+06|5.119094317e+10|5.198547863e+10|5.288344093e+10|2.000000|2.000000|2.000000
3.796169995e+06|5.096520406e+10|5.177025430e+10|5.268007430e+10|2.000000|2.000000|2.000000
3.804595974e+06|5.075586002e+10|5.157066137e+10|5.249147788e+10|2.000000|2.000000|2.000000
3.810784332e+06|5.060210984e+10|5.142407277e+10|5.235296553e+10|2.000000|2.000000|2.000000
3.815900627e+06|5.047479308e+10|5.130258049e+10|5.223844885e+10|3.000000|3.000000|2.000000
3.821893296e+06|5.032547135e+10|5.115998562e+10|5.210385830e+10|3.000000|3.000000|3.000000
3.828862704e+06|5.015154004e+10|5.099374427e+10|5.194677255e+10|3.000000|3.000000|3.000000
3.836626561e+06|4.995744604e+10|5.080804925e+10|5.177106948e+10|3.000000|3.000000|3.000000
3.843402589e+06|4.978776501e+10|5.064555535e+10|5.161711907e+10|3.000000|3.000000|3.000000
3.850558965e+06|4.960828096e+10|5.047351801e+10|5.145392695e+10|3.000000|3.000000|3.000000
3.857240450e+06|4.944045527e+10|5.031251250e+10|5.130101606e+10|3.000000|3.000000|3.000000
3.865216073e+06|4.923981317e+10|5.011984549e+10|5.111780630e+10|3.000000|3.000000|3.000000
3.872788030e+06|4.904902221e+10|4.993646007e+10|5.094319453e+10|3.000000|3.000000|3.000000
3.879930477e+06|4.886879018e+10|4.976306660e+10|5.077789563e+10|3.000000|3.000000|3.000000
3.887077831e+06|4.868818550e+10|4.958916356e+10|5.061191788e+10|3.000000|3.000000|3.000000
3.894931803e+06|4.848944691e+10|4.939762708e+10|5.042889023e+10|3.000000|3.000000|3.000000
3.903902165e+06|4.826211372e+10|4.917831396e+10|5.021904155e+10|3.000000|3.000000|3.000000
3.911325584e+06|4.807371530e+10|4.899638808e+10|5.004474517e+10|3.000000|3.000000|3.000000
3.918644304e+06|4.788774369e+10|4.881665319e+10|4.987235400e+10|3.000000|3.000000|3.000000
3.927144451e+06|4.767147438e+10|4.860744878e+10|4.967145873e+10|3.000000|3.000000|3.000000
3.935653233e+06|4.745469808e+10|4.839755408e+10|4.946964701e+10|3.000000|3.000000|3.000000
3.943452395e+06|4.725575798e+10|4.820475583e+10|4.928405342e+10|3.000000|3.000000|3.000000
3.951906188e+06|4.703986810e+10|4.799534581e+10|4.908223435e+10|3.000000|3.000000|3.000000
3.958627102e+06|4.686805235e+10|4.782855105e+10|4.892131382e+10|3.000000|3.000000|3.000000
3.965417663e+06|4.669430082e+10|4.765975602e+10|4.875831060e+10|3.000000|3.000000|3.000000
3.971717135e+06|4.653298028e+10|4.750292959e+10|4.860672932e+10|3.000000|3.000000|3.000000
3.976749631e+06|4.640401528e+10|4.737748343e+10|4.848538564e+10|3.000000|3.000000|3.000000
3.982746956e+06|4.625022426e+10|4.722780363e+10|4.834049379e+10|3.000000|3.000000|3.000000
3.990016291e+06|4.606367301e+10|4.704611651e+10|4.816446383e+10|3.000000|3.000000|3.000000
3.997585146e+06|4.586927718e+10|4.685664764e+10|4.798071632e+10|3.000000|3.000000|3.000000
4.004701159e+06|4.568637176e+10|4.667824750e+10|4.780753945e+10|3.000000|3.000000|3.000000
4.012190999e+06|4.549371810e+10|4.649020408e+10|4.762483209e+10|3.000000|3.000000|3.000000
4.019639631e+06|4.530198962e+10|4.630292764e+10|4.744269944e+10|3.000000|3.000000|3.000000
4.027827504e+06|4.509108658e+10|4.609676704e+10|4.724200746e+10|3.000000|3.000000|3.000000
4.035448407e+06|4.489465791e+10|4.590461121e+10|4.705476852e+10|3.000000|3.000000|3.000000
4.042846185e+06|4.470386821e+10|4.571784021e+10|4.687261240e+10|3.000000|3.000000|3.000000
4.050222824e+06|4.451352076e+10|4.553137453e+10|4.669059480e+10|3.000000|3.000000|3.000000
4.057465058e+06|4.432654820e+10|4.534809220e+10|4.651153166e+10|3.000000|3.000000|3.000000
4.065478573e+06|4.411956364e+10|4.514505266e+10|4.631299154e+10|3.000000|3.000000|3.000000
4.073844107e+06|4.390338381e+10|4.493283770e+10|4.610528600e+10|3.000000|3.000000|3.000000
4.081201480e+06|4.371317754e+10|4.474599016e+10|4.592224759e+10|3.000000|3.000000|3.000000
4.088722853e+06|4.351866223e+10|4.455478549e+10|4.573478674e+10|3.000000|3.000000|3.000000
4.096088438e+06|4.332811479e+10|4.436736073e+10|4.555088246e+10|3.000000|3.000000|3.000000
4.103240995e+06|4.314302687e+10|4.418519314e+10|4.537199675e+10|3.000000|3.000000|3.000000
4.110391272e+06|4.295795330e+10|4.400292961e+10|4.519288063e+10|3.000000|3.000000|3.000000
4.116500140e+06|4.279980409e+10|4.384709528e+10|4.503963054e+10|3.000000|3.000000|3.000000
4.123554384e+06|4.261715030e+10|4.366701698e+10|4.486241739e+10|3.000000|3.000000|3.000000
4.129970934e+06|4.245098457e+10|4.350310378e+10|4.470100049e+10|3.000000|3.000000|3.000000
4.136402483e+06|4.228441228e+10|4.333870384e+10|4.453899858e+10|3.000000|3.000000|3.000000
4.143809832e+06|4.209255057e+10|4.314923896e+10|4.435216759e+10|3.000000|3.000000|3.000000
4.150260104e+06|4.192546862e+10|4.298415329e+10|4.418926490e+10|3.000000|3.000000|3.000000
4.156991440e+06|4.175110119e+10|4.281177971e+10|4.401906065e+10|3.000000|3.000000|3.000000
4.164508672e+06|4.155637573e+10|4.261917392e+10|4.382874737e+10|3.000000|3.000000|3.000000
4.173082454e+06|4.133428938e+10|4.239936870e+10|4.361139103e+10|3.000000|3.000000|3.000000
4.180734928e+06|4.113608233e+10|4.220307610e+10|4.341713649e+10|3.000000|3.000000|3.000000
4.187520477e+06|4.096034694e+10|4.202894332e+10|4.324469560e+10|3.000000|3.000000|3.000000
4.196102833e+06|4.073810819e+10|4.180860501e+10|4.302634360e+10|3.000000|3.000000|3.000000
4.203559447e+06|4.054505559e+10|4.161708994e+10|4.283641651e+10|3.000000|3.000000|3.000000
4.210547415e+06|4.036417192e+10|4.143755226e+10|4.265825193e+10|3.000000|3.000000|3.000000
4.217051204e+06|4.019585684e+10|4.127040815e+10|4.249228674e+10|3.000000|3.000000|3.000000
4.223447914e+06|4.003035047e+10|4.110597727e+10|4.232892306e+10|3.000000|3.000000|3.000000
4.230812653e+06|3.983984887e+10|4.091662117e+10|4.214068341e+10|3.000000|3.000000|3.000000
4.238664754e+06|3.963680763e+10|4.071469294e+10|4.193981450e+10|3.000000|3.000000|3.000000
4.246685886e+06|3.942947399e+10|4.050838209e+10|4.173444771e+10|3.000000|3.000000|3.000000
4.253160079e+06|3.926218921e+10|4.034183953e+10|4.156856645e+10|3.000000|3.000000|3.000000
4.260339945e+06|3.907674163e+10|4.015712891e+10|4.138448514e+10|3.000000|3.000000|3.000000
4.266581495e+06|3.891559424e+10|3.999654920e+10|4.122436441e+10|3.000000|3.000000|3.000000
4.273207147e+06|3.874459973e+10|3.982608372e+10|4.105429739e+10|3.000000|3.000000|3.000000
4.279895846e+06|3.857205520e+10|3.965399710e+10|4.088252117e+10|3.000000|3.000000|3.000000
4.286134474e+06|3.841119443e+10|3.949349508e+10|4.072222628e+10|3.000000|3.000000|3.000000
4.294390881e+06|3.819842106e+10|3.928109609e+10|4.050998044e+10|3.000000|3.000000|3.000000
4.301788726e+06|3.800789070e+10|3.909080498e+10|4.031971078e+10|3.000000|3.000000|3.000000
4.309168205e+06|3.781794967e+10|3.890101304e+10|4.012983244e+10|3.000000|3.000000|3.000000
4.316904091e+06|3.761896577e+10|3.870209039e+10|3.993070496e+10|3.000000|3.000000|3.000000
4.323897082e+06|3.743921118e+10|3.852230835e+10|3.975063821e+10|3.000000|3.000000|3.000000
4.331114533e+06|3.725381189e+10|3.833679911e+10|3.956473713e+10|3.000000|3.000000|3.000000
4.338678896e+06|3.705964303e+10|3.814242698e+10|3.936984866e+10|3.000000|3.000000|3.000000
4.346247260e+06|3.686552247e+10|3.794801384e+10|3.917481193e+10|3.000000|3.000000|3.000000
4.352788278e+06|3.669787839e+10|3.778004578e+10|3.900621967e+10|3.000000|3.000000|3.000000
4.359579147e+06|3.652395868e+10|3.760572067e+10|3.883116381e+10|3.000000|3.000000|3.000000
4.367617642e+06|3.631826030e+10|3.739945244e+10|3.862392288e+10|3.000000|3.000000|3.000000
4.374671490e+06|3.613791877e+10|3.721853139e+10|3.844205323e+10|3.000000|3.000000|3.000000
4.381595847e+06|3.596103846e+10|3.704101074e+10|3.826351595e+10|3.000000|3.000000|3.000000
4.389129470e+06|3.576876921e+10|3.684796527e+10|3.806926937e+10|3.000000|3.000000|3.000000
4.395585577e+06|3.560414856e+10|3.668261414e+10|3.790281102e+10|3.000000|3.000000|3.000000
4.402637972e+06|3.542448470e+10|3.650208424e+10|3.772099039e+10|3.000000|3.000000|3.000000
4.408714277e+06|3.526982562e+10|3.634662253e+10|3.756434927e+10|3.000000|3.000000|3.000000
4.415086800e+06|3.510776775e+10|3.618366731e+10|3.740009093e+10|3.000000|3.000000|3.000000
4.421965421e+06|3.493300488e+10|3.600787260e+10|3.722281433e+10|3.000000|3.000000|3.000000
4.429263902e+06|3.474776700e+10|3.582146890e+10|3.703475379e+10|3.000000|3.000000|3.000000
4.436781420e+06|3.455718180e+10|3.562960732e+10|3.684109583e+10|3.000000|3.000000|3.000000
4.444035422e+06|3.437348605e+10|3.544460807e+10|3.665427779e+10|3.000000|3.000000|3.000000
4.450874070e+06|3.420050043e+10|3.527032971e+10|3.647820895e+10|3.000000|3.000000|3.000000
4.458234541e+06|3.401452783e+10|3.508289723e+10|3.628876813e+10|3.000000|3.000000|3.000000
4.466523452e+06|3.380536680e+10|3.487200819e+10|3.607551788e+10|3.000000|3.000000|3.000000
4.473450529e+06|3.363079407e+10|3.469592394e+10|3.589738055e+10|3.000000|3.000000|3.000000
4.480660693e+06|3.344930832e+10|3.451280051e+10|3.571204394e+10|3.000000|3.000000|3.000000
4.488509889e+06|3.325199919e+10|3.431363478e+10|3.551038167e+10|3.000000|3.000000|3.000000
4.495530124e+06|3.307576355e+10|3.413567425e+10|3.533011226e+10|3.000000|3.000000|3.000000
4.502041194e+06|3.291251238e+10|3.397076961e+10|3.516300286e+10|3.000000|3.000000|3.000000
4.509430765e+06|3.272747479e+10|3.378379362e+10|3.497345171e+10|3.000000|3.000000|3.000000
4.515771455e+06|3.256890845e+10|3.362351219e+10|3.481089959e+10|3.000000|3.000000|3.000000
4.523481190e+06|3.237636721e+10|3.342882184e+10|3.461337332e+10|3.000000|3.000000|3.000000
4.530344563e+06|3.220520849e+10|3.325569184e+10|3.443765038e+10|3.000000|3.000000|3.000000
4.536685497e+06|3.204728729e+10|3.309590134e+10|3.427540786e+10|3.000000|3.000000|3.000000
4.543671341e+06|3.187354037e+10|3.292004218e+10|3.409678529e+10|3.000000|3.000000|3.000000
4.551529527e+06|3.167839717e+10|3.272245763e+10|3.389601562e+10|3.000000|3.000000|3.000000
4.558913285e+06|3.149532951e+10|3.253703376e+10|3.370752602e+10|3.000000|3.000000|3.000000
4.565866410e+06|3.132320309e+10|3.236263415e+10|3.353017583e+10|3.000000|3.000000|3.000000
4.572142651e+06|3.116805645e+10|3.220539085e+10|3.337021685e+10|3.000000|3.000000|3.000000
4.577774797e+06|3.102901430e+10|3.206443147e+10|3.322677873e+10|3.000000|3.000000|3.000000
4.584423596e+06|3.086509888e+10|3.189820970e+10|3.305758059e+10|3.000000|3.000000|3.000000
4.592507229e+06|3.066614248e+10|3.169638726e+10|3.285206721e+10|3.000000|3.000000|3.000000
4.599932682e+06|3.048371142e+10|3.151126438e+10|3.266348508e+10|3.000000|3.000000|3.000000
4.607496793e+06|3.029819932e+10|3.132295282e+10|3.247158294e+10|3.000000|3.000000|3.000000
4.614689795e+06|3.012209761e+10|3.114413602e+10|3.228929017e+10|3.000000|3.000000|3.000000
4.621730045e+06|2.995003092e+10|3.096936257e+10|3.211105736e+10|3.000000|3.000000|3.000000
4.628666693e+06|2.978078546e+10|3.079740309e+10|3.193563486e+10|3.000000|3.000000|3.000000
4.635028005e+06|2.962583272e+10|3.063992089e+10|3.177492992e+10|3.000000|3.000000|3.000000
4.643832295e+06|2.941178012e+10|3.042230433e+10|3.155278005e+10|3.000000|3.000000|3.000000
4.651189778e+06|2.923327031e+10|3.024076085e+10|3.136738431e+10|3.000000|3.000000|3.000000
4.657855391e+06|2.907183931e+10|3.007653859e+10|3.119962260e+10|3.000000|3.000000|3.000000
4.664468066e+06|2.891196804e+10|2.991385851e+10|3.103338546e+10|3.000000|3.000000|3.000000
4.671418103e+06|2.874424170e+10|2.974313798e+10|3.085887801e+10|3.000000|3.000000|3.000000
4.678791615e+06|2.856663655e+10|2.956230974e+10|3.067397875e+10|3.000000|3.000000|3.000000
4.686591433e+06|2.837914923e+10|2.937136169e+10|3.047866548e+10|3.000000|3.000000|3.000000
4.693628446e+06|2.821034215e+10|2.919938776e+10|3.030270223e+10|3.000000|3.000000|3.000000
4.700931291e+06|2.803550724e+10|2.902122236e+10|3.012034649e+10|3.000000|3.000000|3.000000
4.707784975e+06|2.787175212e+10|2.885430142e+10|2.994944707e+10|3.000000|3.000000|3.000000
4.714298350e+06|2.771642387e+10|2.869592901e+10|2.978725324e+10|3.000000|3.000000|3.000000
4.720518926e+06|2.756834968e+10|2.854491564e+10|2.963255396e+10|3.000000|3.000000|3.000000
4.727160461e+06|2.741055030e+10|2.838394429e+10|2.946760875e+10|3.000000|3.000000|3.000000
4.734393499e+06|2.723904712e+10|2.820894740e+10|2.928823954e+10|3.000000|3.000000|3.000000
4.741551068e+06|2.706969581e+10|2.803609918e+10|2.911101972e+10|3.000000|3.000000|3.000000
4.748207347e+06|2.691253164e+10|2.787564816e+10|2.894646385e+10|3.000000|3.000000|3.000000
4.755525108e+06|2.674011511e+10|2.769958000e+10|2.876583986e+10|3.000000|3.000000|3.000000
4.763103734e+06|2.656195998e+10|2.751760163e+10|2.857909656e+10|3.000000|3.000000|3.000000
4.770195511e+06|2.639562859e+10|2.734765507e+10|2.840464893e+10|3.000000|3.000000|3.000000
4.777267848e+06|2.623012125e+10|2.717850693e+10|2.823097218e+10|3.000000|3.000000|3.000000
4.784578305e+06|2.605943097e+10|2.700401658e+10|2.805175963e+10|3.000000|3.000000|3.000000
4.791226242e+06|2.590455625e+10|2.684565434e+10|2.788906757e+10|3.000000|3.000000|3.000000
4.799723078e+06|2.570709296e+10|2.664369023e+10|2.768152105e+10|3.000000|3.000000|3.000000
4.807333006e+06|2.553070647e+10|2.646323218e+10|2.749601815e+10|3.000000|3.000000|3.000000
4.813808189e+06|2.538097073e+10|2.631000238e+10|2.733846287e+10|3.000000|3.000000|3.000000
4.821637456e+06|2.520035438e+10|2.612512559e+10|2.714831649e+10|3.000000|3.000000|3.000000
4.828915653e+06|2.503287816e+10|2.595365438e+10|2.697190855e+10|3.000000|3.000000|3.000000
4.835500589e+06|2.488171175e+10|2.579884544e+10|2.681260217e+10|3.000000|3.000000|3.000000
4.842144141e+06|2.472954615e+10|2.564297835e+10|2.665216841e+10|3.000000|3.000000|3.000000
4.849365349e+06|2.456454706e+10|2.547392624e+10|2.647811996e+10|3.000000|3.000000|3.000000
4.856150845e+06|2.440988333e+10|2.531542635e+10|2.631489491e+10|3.000000|3.000000|3.000000
4.863480351e+06|2.424323597e+10|2.514460571e+10|2.613893801e+10|3.000000|3.000000|3.000000
4.870696272e+06|2.407959613e+10|2.497682785e+10|2.596607146e+10|3.000000|3.000000|3.000000
4.878372574e+06|2.390598203e+10|2.479878033e+10|2.578257652e+10|3.000000|3.000000|3.000000
4.885186309e+06|2.375228167e+10|2.464111815e+10|2.562005030e+10|3.000000|3.000000|3.000000
4.891853733e+06|2.360225293e+10|2.448718896e+10|2.546133594e+10|3.000000|3.000000|3.000000
4.898201459e+06|2.345976115e+10|2.434096236e+10|2.531053063e+10|3.000000|3.000000|3.000000
4.905670557e+06|2.329252840e+10|2.416930884e+10|2.513346146e+10|3.000000|3.000000|3.000000
4.913240215e+06|2.312352268e+10|2.399579456e+10|2.495442842e+10|3.000000|3.000000|3.000000
4.920475378e+06|2.296243831e+10|2.383037483e+10|2.478370611e+10|3.000000|3.000000|3.000000
4.927623299e+06|2.280373384e+10|2.366736286e+10|2.461542961e+10|3.000000|3.000000|3.000000
4.934932949e+06|2.264189098e+10|2.350109049e+10|2.444374768e+10|3.000000|3.000000|3.000000
4.942945472e+06|2.246501454e+10|2.331933076e+10|2.425602894e+10|3.000000|3.000000|3.000000
4.951217895e+06|2.228298462e+10|2.313222936e+10|2.406274405e+10|3.000000|3.000000|3.000000
4.958457107e+06|2.212417948e+10|2.296896195e+10|2.389404025e+10|3.000000|3.000000|3.000000
4.965277570e+06|2.197498080e+10|2.281553895e+10|2.373547442e+10|3.000000|3.000000|3.000000
4.972280706e+06|2.182221283e+10|2.265841364e+10|2.357304803e+10|3.000000|3.000000|3.000000
4.979495067e+06|2.166529154e+10|2.249698303e+10|2.340613536e+10|3.000000|3.000000|3.000000
4.986571801e+06|2.151181418e+10|2.233906260e+10|2.324281726e+10|3.000000|3.000000|3.000000
4.992417735e+06|2.138536794e+10|2.220893162e+10|2.310821274e+10|3.000000|3.000000|3.000000
4.999192641e+06|2.123921259e+10|2.205849006e+10|2.295257066e+10|3.000000|3.000000|3.000000
5.006886926e+06|2.107372622e+10|2.188811559e+10|2.277626962e+10|3.000000|3.000000|3.000000
5.014640715e+06|2.090750373e+10|2.171694603e+10|2.259910655e+10|3.000000|3.000000|3.000000
5.022685980e+06|2.073561268e+10|2.153990016e+10|2.241582028e+10|3.000000|3.000000|3.000000
5.030320345e+06|2.057304968e+10|2.137242572e+10|2.224240462e+10|3.000000|3.000000|3.000000
5.036307938e+06|2.044592817e+10|2.124143903e+10|2.210674543e+10|3.000000|3.000000|3.000000
5.042637085e+06|2.031191590e+10|2.110332886e+10|2.196368439e+10|3.000000|3.000000|3.000000
5.050309625e+06|2.014995804e+10|2.093638690e+10|2.179072497e+10|3.000000|3.000000|3.000000
5.058123602e+06|1.998557940e+10|2.076691439e+10|2.161510704e+10|3.000000|3.000000|3.000000
5.065987629e+06|1.982072606e+10|2.059691693e+10|2.143890824e+10|3.000000|3.000000|3.000000
5.073517131e+06|1.966343139e+10|2.043468099e+10|2.127071989e+10|3.000000|3.000000|3.000000
5.080442049e+06|1.951924035e+10|2.028593212e+10|2.111648429e+10|3.000000|3.000000|3.000000
5.087431642e+06|1.937416470e+10|2.013624356e+10|2.096124640e+10|3.000000|3.000000|3.000000
5.095059542e+06|1.921637231e+10|1.997340316e+10|2.079233748e+10|3.000000|3.000000|3.000000
5.103418198e+06|1.904410349e+10|1.979558678e+10|2.060785714e+10|3.000000|3.000000|3.000000
5.110633922e+06|1.889593073e+10|1.964261215e+10|2.044911857e+10|3.000000|3.000000|3.000000
5.117178482e+06|1.876197509e+10|1.950429137e+10|2.030556152e+10|3.000000|3.000000|3.000000
5.124704270e+06|1.860844881e+10|1.934573430e+10|2.014097373e+10|3.000000|3.000000|3.000000
5.132988912e+06|1.844007938e+10|1.917181356e+10|1.996040329e+10|3.000000|3.000000|3.000000
5.139964800e+06|1.829882796e+10|1.902587751e+10|1.980885979e+10|3.000000|3.000000|3.000000
5.147255844e+06|1.815170523e+10|1.887384893e+10|1.965096294e+10|3.000000|3.000000|3.000000
5.154267849e+06|1.801070668e+10|1.872812348e+10|1.949958711e+10|3.000000|3.000000|3.000000
5.161382233e+06|1.786814578e+10|1.858075825e+10|1.934648283e+10|3.000000|3.000000|3.000000
5.168729584e+06|1.772144307e+10|1.842908544e+10|1.918887703e+10|3.000000|3.000000|3.000000
5.176704975e+06|1.756280812e+10|1.826504637e+10|1.901839160e+10|3.000000|3.000000|3.000000
5.183694859e+06|1.742429737e+10|1.812179187e+10|1.886948250e+10|3.000000|3.000000|3.000000
5.190746625e+06|1.728505604e+10|1.797775820e+10|1.871974014e+10|3.000000|3.000000|3.000000
5.198790483e+06|1.712683508e+10|1.781406308e+10|1.854952887e+10|3.000000|3.000000|3.000000
5.205892175e+06|1.698768824e+10|1.767007699e+10|1.839978657e+10|3.000000|3.000000|3.000000
5.213213800e+06|1.684476591e+10|1.752215983e+10|1.824593226e+10|3.000000|3.000000|3.000000
5.219914813e+06|1.671443461e+10|1.738725236e+10|1.810558896e+10|3.000000|3.000000|3.000000
5.227045110e+06|1.657625536e+10|1.724419921e+10|1.795675018e+10|3.000000|3.000000|3.000000
5.235371785e+06|1.641554757e+10|1.707779430e+10|1.778358746e+10|3.000000|3.000000|3.000000
5.243142982e+06|1.626620059e+10|1.692312547e+10|1.762261091e+10|3.000000|3.000000|3.000000
5.250853385e+06|1.611863434e+10|1.677027497e+10|1.746350196e+10|3.000000|3.000000|3.000000
5.259146420e+06|1.596060032e+10|1.660655346e+10|1.729304968e+10|3.000000|3.000000|3.000000
5.266916702e+06|1.581317220e+10|1.645379318e+10|1.713398410e+10|3.000000|3.000000|3.000000
5.274259697e+06|1.567442552e+10|1.631000519e+10|1.698423915e+10|3.000000|3.000000|3.000000
5.281040022e+06|1.554680748e+10|1.617773045e+10|1.684646575e+10|3.000000|3.000000|3.000000
5.288816981e+06|1.540101997e+10|1.602660019e+10|1.668903128e+10|3.000000|3.000000|3.000000
5.297197922e+06|1.524461652e+10|1.586443771e+10|1.652007883e+10|3.000000|3.000000|3.000000
5.305173236e+06|1.509646506e+10|1.571080520e+10|1.635998934e+10|3.000000|3.000000|3.000000
5.312383652e+06|1.496309672e+10|1.557248126e+10|1.621583188e+10|3.000000|3.000000|3.000000
5.319484463e+06|1.483228983e+10|1.543679429e+10|1.607440440e+10|3.000000|3.000000|3.000000
5.326317491e+06|1.470691744e+10|1.530672636e+10|1.593881691e+10|3.000000|3.000000|3.000000
5.334454584e+06|1.455826121e+10|1.515247953e+10|1.577800336e+10|3.000000|3.000000|3.000000
5.341647998e+06|1.442742855e+10|1.501670601e+10|1.563643082e+10|3.000000|3.000000|3.000000
5.348818433e+06|1.429756004e+10|1.488191406e+10|1.549586455e+10|3.000000|3.000000|3.000000
5.356097638e+06|1.416628047e+10|1.474563843e+10|1.535373375e+10|3.000000|3.000000|3.000000
5.364084720e+06|1.402288375e+10|1.459676262e+10|1.519844170e+10|3.000000|3.000000|3.000000
5.371240490e+06|1.389499032e+10|1.446396324e+10|1.505990177e+10|3.000000|3.000000|3.000000
5.378991659e+06|1.375707328e+10|1.432073553e+10|1.491046475e+10|3.000000|3.000000|3.000000
5.387363970e+06|1.360882755e+10|1.416675810e+10|1.474979139e+10|3.000000|3.000000|3.000000
5.395759576e+06|1.346092519e+10|1.401311336e+10|1.458944414e+10|3.000000|3.000000|3.000000
5.404531763e+06|1.330719906e+10|1.385339349e+10|1.442273473e+10|3.000000|3.000000|3.000000
5.411608319e+06|1.318379226e+10|1.372515655e+10|1.428886991e+10|3.000000|3.000000|3.000000
5.418202934e+06|1.306927685e+10|1.360614429e+10|1.416462195e+10|3.000000|3.000000|3.000000
5.426367553e+06|1.292815018e+10|1.345945640e+10|1.401146421e+10|3.000000|3.000000|3.000000
5.434506496e+06|1.278818640e+10|1.331395612e+10|1.385952856e+10|3.000000|3.000000|3.000000
5.442265504e+06|1.265542585e+10|1.317592471e+10|1.371537583e+10|3.000000|3.000000|3.000000
5.449539788e+06|1.253155374e+10|1.304711774e+10|1.358084247e+10|3.000000|3.000000|3.000000
5.458291327e+06|1.238328960e+10|1.289292566e+10|1.341977771e+10|3.000000|3.000000|3.000000
5.466859787e+06|1.223893659e+10|1.274277885e+10|1.326292019e+10|3.000000|3.000000|3.000000
5.474079886e+06|1.211792223e+10|1.261689058e+10|1.313139167e+10|3.000000|3.000000|3.000000
5.482152060e+06|1.198330182e+10|1.247683031e+10|1.298504163e+10|3.000000|3.000000|3.000000
5.489538356e+06|1.186074543e+10|1.234930519e+10|1.285177649e+10|3.000000|3.000000|3.000000
5.497871284e+06|1.172320078e+10|1.220616562e+10|1.270217933e+10|3.000000|3.000000|3.000000
5.506086262e+06|1.158834982e+10|1.206581041e+10|1.255547720e+10|3.000000|3.000000|3.000000
5.513777649e+06|1.146276674e+10|1.193508460e+10|1.241882679e+10|3.000000|3.000000|3.000000
5.521673994e+06|1.133451505e+10|1.180156427e+10|1.227924236e+10|3.000000|3.000000|3.000000
5.529780659e+06|1.120356271e+10|1.166521512e+10|1.213668740e+10|3.000000|3.000000|3.000000
5.537721611e+06|1.107599076e+10|1.153236899e+10|1.199778224e+10|3.000000|3.000000|3.000000
5.545889313e+06|1.094550318e+10|1.139646974e+10|1.185567200e+10|3.000000|3.000000|3.000000
5.553628908e+06|1.082253620e+10|1.126838738e+10|1.172172431e+10|3.000000|3.000000|3.000000
5.561697904e+06|1.069504213e+10|1.113557369e+10|1.158281695e+10|3.000000|3.000000|3.000000
5.570063972e+06|1.056361639e+10|1.099864740e+10|1.143959608e+10|3.000000|3.000000|3.000000
5.577118279e+06|1.045340118e+10|1.088380622e+10|1.131946616e+10|3.000000|3.000000|3.000000
5.584489916e+06|1.033881860e+10|1.076440170e+10|1.119455382e+10|3.000000|3.000000|3.000000
5.592729553e+06|1.021145897e+10|1.063166737e+10|1.105568627e+10|3.000000|3.000000|3.000000
5.601086197e+06|1.008306216e+10|1.049783612e+10|1.091566013e+10|3.000000|3.000000|3.000000
5.611100844e+06|9.930214936e+09|1.033849877e+10|1.074893318e+10|3.000000|3.000000|3.000000
5.619535247e+06|9.802352851e+09|1.020519022e+10|1.060943066e+10|3.000000|3.000000|3.000000
5.627485920e+06|9.682550209e+09|1.008027022e+10|1.047869720e+10|3.000000|3.000000|3.000000
5.636084870e+06|9.553773072e+09|9.945977159e+09|1.033814470e+10|3.000000|3.000000|3.000000
5.644189564e+06|9.433153534e+09|9.820176891e+09|1.020647188e+10|3.000000|3.000000|3.000000
5.652417289e+06|9.311453461e+09|9.693235816e+09|1.007359643e+10|3.000000|3.000000|3.000000
5.660638397e+06|9.190606877e+09|9.567171287e+09|9.941630201e+09|3.000000|3.000000|3.000000
5.669267526e+06|9.064575402e+09|9.435683539e+09|9.803978294e+09|3.000000|3.000000|3.000000
5.679345955e+06|8.918430848e+09|9.283193601e+09|9.644328989e+09|3.000000|3.000000|3.000000
5.688033679e+06|8.793364688e+09|9.152681704e+09|9.507680826e+09|3.000000|3.000000|3.000000
5.696807804e+06|8.667912211e+09|9.021752366e+09|9.370587758e+09|3.000000|3.000000|3.000000
5.704044303e+06|8.565093341e+09|8.914434134e+09|9.258211670e+09|3.000000|3.000000|3.000000
5.711927493e+06|8.453753435e+09|8.798211272e+09|9.136505723e+09|3.000000|3.000000|3.000000
5.720107299e+06|8.338960065e+09|8.678371901e+09|9.011006805e+09|3.000000|3.000000|3.000000
5.729100234e+06|8.213620432e+09|8.547509336e+09|8.873957599e+09|3.000000|3.000000|3.000000
5.737469582e+06|8.097786051e+09|8.426558565e+09|8.747282985e+09|3.000000|3.000000|3.000000
5.746846716e+06|7.968935836e+09|8.292003282e+09|8.606353816e+09|3.000000|3.000000|3.000000
5.755370127e+06|7.852671235e+09|8.170578515e+09|8.479171804e+09|3.000000|3.000000|3.000000
5.763402067e+06|7.743855466e+09|8.056922652e+09|8.360122694e+09|3.000000|3.000000|3.000000
5.772627605e+06|7.619760725e+09|7.927295888e+09|8.224339973e+09|3.000000|3.000000|3.000000
5.781288093e+06|7.504134107e+09|7.806503028e+09|8.097806305e+09|3.000000|3.000000|3.000000
5.791425477e+06|7.369856373e+09|7.666211657e+09|7.950842530e+09|3.000000|3.000000|3.000000
5.800418250e+06|7.251702932e+09|7.542754329e+09|7.821509422e+09|3.000000|3.000000|3.000000
5.809074142e+06|7.138830586e+09|7.424804452e+09|7.697942678e+09|3.000000|3.000000|3.000000
5.817431565e+06|7.030645693e+09|7.311743158e+09|7.579494644e+09|3.000000|3.000000|3.000000
5.826781762e+06|6.910535465e+09|7.186207950e+09|7.447975643e+09|3.000000|3.000000|3.000000
5.836845462e+06|6.782351857e+09|7.052222027e+09|7.307600338e+09|3.000000|3.000000|3.000000
5.847268169e+06|6.650788372e+09|6.914689779e+09|7.163507087e+09|3.000000|3.000000|3.000000
5.856279522e+06|6.538017894e+09|6.796792421e+09|7.039983785e+09|3.000000|3.000000|3.000000
5.864649835e+06|6.434081373e+09|6.688121983e+09|6.926126680e+09|3.000000|3.000000|3.000000
5.873881230e+06|6.320358679e+09|6.569210252e+09|6.801538693e+09|3.000000|3.000000|3.000000
5.883838934e+06|6.198753272e+09|6.442045405e+09|6.668303125e+09|3.000000|3.000000|3.000000
5.893966988e+06|6.076200220e+09|6.313878536e+09|6.534017645e+09|3.000000|3.000000|3.000000
5.903202688e+06|5.965439894e+09|6.198035181e+09|6.412644366e+09|3.000000|3.000000|3.000000
5.913393173e+06|5.844329485e+09|6.071356698e+09|6.279919604e+09|3.000000|3.000000|3.000000
5.923214134e+06|5.728702026e+09|5.950403601e+09|6.153194815e+09|3.000000|3.000000|3.000000
5.931745510e+06|5.629126099e+09|5.846233922e+09|6.044055720e+09|3.000000|3.000000|3.000000
5.940921774e+06|5.522923659e+09|5.735124583e+09|5.927647709e+09|3.000000|3.000000|3.000000
5.950715547e+06|5.410602914e+09|5.617606038e+09|5.804527296e+09|3.000000|3.000000|3.000000
5.961107154e+06|5.292585650e+09|5.494118441e+09|5.675156536e+09|3.000000|3.000000|3.000000
5.971557647e+06|5.175102397e+09|5.371180726e+09|5.546365726e+09|3.000000|3.000000|3.000000
5.981691751e+06|5.062326324e+09|5.253160591e+09|5.422730818e+09|3.000000|3.000000|3.000000
5.991507166e+06|4.954175058e+09|5.139973004e+09|5.304162751e+09|3.000000|3.000000|3.000000
6.002311053e+06|4.836357236e+09|5.016660777e+09|5.174994260e+09|3.000000|3.000000|3.000000
6.012923286e+06|4.721877189e+09|4.896834275e+09|5.049483172e+09|3.000000|3.000000|3.000000
6.023528448e+06|4.608706730e+09|4.778371282e+09|4.925406887e+09|3.000000|3.000000|3.000000
6.034088454e+06|4.497241077e+09|4.661686016e+09|4.803199651e+09|3.000000|3.000000|3.000000
6.044376429e+06|4.389818345e+09|4.549226819e+09|4.685425767e+09|3.000000|3.000000|3.000000
6.055822782e+06|4.271656600e+09|4.425518387e+09|4.555880059e+09|3.000000|3.000000|3.000000
6.066869052e+06|4.158976848e+09|4.307542988e+09|4.432347515e+09|3.000000|3.000000|3.000000
6.078125902e+06|4.045512231e+09|4.188739926e+09|4.307958640e+09|3.000000|3.000000|3.000000
6.088289158e+06|3.944250190e+09|4.082708799e+09|4.196951660e+09|3.000000|3.000000|3.000000
6.100264495e+06|3.826366741e+09|3.959268112e+09|4.067730259e+09|3.000000|3.000000|3.000000
6.112919339e+06|3.703475462e+09|3.830577792e+09|3.933028414e+09|3.000000|3.000000|3.000000
6.126723747e+06|3.571385451e+09|3.692248668e+09|3.788256096e+09|3.000000|3.000000|3.000000
6.138972363e+06|3.455893983e+09|3.571297477e+09|3.661688263e+09|3.000000|3.000000|3.000000
6.151176396e+06|3.342418951e+09|3.452454289e+09|3.537343123e+09|3.000000|3.000000|3.000000
6.165162143e+06|3.214330409e+09|3.318302357e+09|3.397002090e+09|3.000000|3.000000|3.000000
6.175863321e+06|3.117728157e+09|3.217124846e+09|3.291173009e+09|3.000000|3.000000|3.000000
6.187218789e+06|3.016547128e+09|3.111149909e+09|3.180341983e+09|3.000000|3.000000|3.000000
6.199804488e+06|2.905996880e+09|2.995360195e+09|3.059266439e+09|3.000000|3.000000|3.000000
6.211714977e+06|2.802914790e+09|2.887391493e+09|2.946389025e+09|3.000000|3.000000|3.000000
6.223410074e+06|2.703146751e+09|2.782893383e+09|2.837159686e+09|3.000000|3.000000|3.000000
6.236563630e+06|2.592647762e+09|2.667155464e+09|2.716205774e+09|3.000000|3.000000|3.000000
6.250044404e+06|2.481272527e+09|2.550500296e+09|2.594320706e+09|3.000000|3.000000|3.000000
6.264481770e+06|2.364088012e+09|2.427761828e+09|2.466111520e+09|3.000000|3.000000|3.000000
6.279823960e+06|2.241922555e+09|2.299808826e+09|2.332492869e+09|3.000000|3.000000|3.000000
6.295899546e+06|2.116517602e+09|2.168466662e+09|2.195377994e+09|3.000000|3.000000|3.000000
6.313833341e+06|1.979740806e+09|2.025220230e+09|2.045889574e+09|3.000000|3.000000|3.000000
6.332546544e+06|1.840512207e+09|1.879414373e+09|1.893793269e+09|3.000000|3.000000|3.000000
6.354149314e+06|1.684191599e+09|1.715721945e+09|1.723122165e+09|3.000000|3.000000|3.000000
6.374622538e+06|1.540372649e+09|1.565135822e+09|1.566202253e+09|3.000000|3.000000|3.000000
6.398455826e+06|1.378213952e+09|1.395368588e+09|1.389404711e+09|3.000000|3.000000|3.000000
6.424410655e+06|1.208006131e+09|1.217204973e+09|1.204004100e+09|3.000000|3.000000|3.000000
6.455209993e+06|1.014576860e+09|1.014781768e+09|9.935586001e+08|3.000000|3.000000|3.000000
6.493908951e+06|7.845191613e+08|7.741107182e+08|7.436740832e+08|3.000000|3.000000|3.000000
6.533112003e+06|5.659817059e+08|5.456009477e+08|5.068084722e+08|3.000000|3.000000|3.000000
6.580447395e+06|3.212189723e+08|2.898384570e+08|2.422559078e+08|3.000000|3.000000|3.000000
6.643457108e+06|2.707210587e+07|-1.719626047e+07|-7.430540161e+07|3.000000|3.000000|3.000000
6.726723218e+06|-3.079954292e+08|-3.662643133e+08|-4.322404444e+08|3.000000|3.000000|3.000000
6.842267487e+06|-6.767153667e+08|-7.488471364e+08|-8.203805269e+08|3.000000|3.000000|3.000000
7.012819981e+06|-1.032351457e+09|-1.113739631e+09|-1.180165462e+09|3.000000|3.000000|3.000000
7.210158055e+06|-1.196157761e+09|-1.273150336e+09|-1.316307289e+09|3.000000|3.000000|3.000000
7.563953918e+06|-9.663904686e+08|-1.003028516e+09|-9.698245887e+08|3.000000|3.000000|3.000000
8.126558972e+06|1.763706603e+08|2.490496859e+08|4.377670103e+08|3.000000|3.000000|3.000000
9.395982104e+06|1.395611717e+09|1.541971081e+09|1.734275797e+09|3.000000|3.000000|3.000000
1.166002962e+07|-5.232166169e+09|-5.762695160e+09|-6.607225591e+09|3.000000|3.000000|3.000000
