#RRR|P25fit|P50fit|P75fit|P25model|P50model|P75model
2.756238609e+05|1.724306272e+11|1.732223248e+11|1.738959750e+11|0.000000|0.000000|0.000000
4.186267814e+05|1.701944277e+11|1.711078220e+11|1.719098373e+11|0.000000|0.000000|0.000000
4.987212034e+05|1.688810480e+11|1.698746533e+11|1.707526362e+11|0.000000|0.000000|0.000000
5.573067166e+05|1.678859968e+11|1.689402057e+11|1.698728155e+11|0.000000|0.000000|0.000000
6.080039850e+05|1.669985859e+11|1.681051335e+11|1.690832756e+11|0.000000|0.000000|0.000000
6.480458850e+05|1.662789741e+11|1.674261273e+11|1.684385880e+11|0.000000|0.000000|0.000000
6.881077537e+05|1.655413971e+11|1.667280615e+11|1.677730582e+11|0.000000|0.000000|0.000000
7.197494687e+05|1.649457636e+11|1.661625886e+11|1.672318217e+11|0.000000|0.000000|0.000000
7.516594854e+05|1.643328792e+11|1.655789888e+11|1.666712170e+11|0.000000|0.000000|0.000000
7.789175695e+05|1.637992939e+11|1.650693926e+11|1.661800249e+11|0.000000|0.000000|0.000000
8.076874927e+05|1.632257431e+11|1.645200240e+11|1.656487668e+11|0.000000|0.000000|0.000000
8.324352065e+05|1.627236158e+11|1.640376858e+11|1.651808757e+11|0.000000|0.000000|0.000000
8.579850480e+05|1.621964873e+11|1.635299382e+11|1.646869023e+11|0.000000|0.000000|0.000000
8.805331732e+05|1.617237535e+11|1.630733749e+11|1.642415025e+11|0.000000|0.000000|0.000000
9.050972101e+05|1.612005372e+11|1.625667326e+11|1.637459358e+11|0.000000|0.000000|0.000000
9.287871079e+05|1.606876553e+11|1.620687656e+11|1.632575554e+11|0.000000|0.000000|0.000000
9.512169910e+05|1.601944072e+11|1.615886394e+11|1.627854990e+11|0.000000|0.000000|0.000000
9.723809292e+05|1.597220563e+11|1.611277545e+11|1.623313193e+11|0.000000|0.000000|0.000000
9.947982220e+05|1.592142564e+11|1.606311088e+11|1.618408051e+11|0.000000|0.000000|0.000000
1.015951642e+06|1.587279200e+11|1.601543461e+11|1.613689073e+11|0.000000|0.000000|0.000000
1.035813880e+06|1.582648390e+11|1.596994014e+11|1.609177145e+11|0.000000|0.000000|0.000000
1.057167928e+06|1.577599302e+11|1.592023083e+11|1.604237738e+11|0.000000|0.000000|0.000000
1.077504109e+06|1.572722076e+11|1.587211243e+11|1.599447454e+11|0.000000|0.000000|0.000000
1.095989913e+06|1.568229626e+11|1.582770534e+11|1.595019213e+11|0.000000|0.000000|0.000000
1.116337805e+06|1.563218890e+11|1.577808257e+11|1.590062875e+11|0.000000|0.000000|0.000000
1.134577386e+06|1.558668089e+11|1.573293331e+11|1.585546406e+11|0.000000|0.000000|0.000000
1.154011333e+06|1.553756970e+11|1.568412588e+11|1.580656967e+11|0.000000|0.000000|0.000000
1.173140176e+06|1.548859492e+11|1.563537140e+11|1.575765960e+11|0.000000|0.000000|0.000000
1.190610301e+06|1.544331122e+11|1.559022117e+11|1.571230763e+11|0.000000|0.000000|0.000000
1.208000444e+06|1.539770298e+11|1.554468216e+11|1.566651234e+11|0.000000|0.000000|0.000000
1.224426100e+06|1.535413267e+11|1.550111957e+11|1.562265791e+11|0.000000|0.000000|0.000000
1.244791435e+06|1.529944302e+11|1.544636274e+11|1.556747371e+11|0.000000|0.000000|0.000000
1.260077315e+06|1.525790321e+11|1.540471753e+11|1.552546132e+11|0.000000|0.000000|0.000000
1.276732636e+06|1.521215902e+11|1.535880578e+11|1.547910551e+11|0.000000|0.000000|0.000000
1.293301164e+06|1.516614988e+11|1.531257644e+11|1.543239026e+11|0.000000|0.000000|0.000000
1.311438958e+06|1.511520316e+11|1.526132879e+11|1.538056196e+11|0.000000|0.000000|0.000000
1.327153307e+06|1.507057004e+11|1.521638558e+11|1.533507606e+11|0.000000|0.000000|0.000000
1.342993944e+06|1.502511131e+11|1.517056914e+11|1.528867685e+11|0.000000|0.000000|0.000000
1.358278666e+06|1.498080076e+11|1.512587163e+11|1.524338450e+11|0.000000|0.000000|0.000000
1.375111209e+06|1.493149177e+11|1.507609052e+11|1.519291307e+11|0.000000|0.000000|0.000000
1.390913191e+06|1.488471105e+11|1.502882420e+11|1.514496689e+11|0.000000|0.000000|0.000000
1.406671079e+06|1.483758493e+11|1.498117452e+11|1.509661035e+11|0.000000|0.000000|0.000000
1.421349129e+06|1.479325835e+11|1.493632636e+11|1.505107942e+11|0.000000|0.000000|0.000000
1.435801615e+06|1.474920579e+11|1.489172963e+11|1.500578902e+11|0.000000|0.000000|0.000000
1.451954045e+06|1.469949115e+11|1.484137256e+11|1.495463343e+11|0.000000|0.000000|0.000000
1.464731371e+06|1.465980360e+11|1.480115247e+11|1.491376569e+11|0.000000|0.000000|0.000000
1.479872705e+06|1.461235855e+11|1.475305004e+11|1.486487919e+11|0.000000|0.000000|0.000000
1.496329093e+06|1.456028045e+11|1.470022707e+11|1.481118579e+11|0.000000|0.000000|0.000000
1.509792211e+06|1.451727626e+11|1.465659154e+11|1.476682579e+11|0.000000|0.000000|0.000000
1.524282828e+06|1.447058746e+11|1.460920283e+11|1.471864664e+11|0.000000|0.000000|0.000000
1.538424984e+06|1.442461746e+11|1.456253098e+11|1.467119445e+11|0.000000|0.000000|0.000000
1.551617354e+06|1.438137374e+11|1.451861734e+11|1.462654654e+11|0.000000|0.000000|0.000000
1.566762207e+06|1.433129866e+11|1.446775694e+11|1.457483763e+11|0.000000|0.000000|0.000000
1.581492629e+06|1.428215009e+11|1.441782988e+11|1.452408167e+11|0.000000|0.000000|0.000000
1.593532345e+06|1.424165305e+11|1.437668729e+11|1.448226051e+11|0.000000|0.000000|0.000000
1.606063553e+06|1.419919037e+11|1.433354520e+11|1.443841253e+11|0.000000|0.000000|0.000000
1.619719631e+06|1.415255207e+11|1.428615936e+11|1.439025953e+11|0.000000|0.000000|0.000000
1.633910842e+06|1.410368287e+11|1.423650733e+11|1.433981451e+11|0.000000|0.000000|0.000000
1.647608671e+06|1.405612169e+11|1.418818665e+11|1.429073453e+11|0.000000|0.000000|0.000000
1.660662331e+06|1.401043882e+11|1.414177822e+11|1.424360993e+11|0.000000|0.000000|0.000000
1.674618726e+06|1.396120887e+11|1.409177258e+11|1.419284861e+11|0.000000|0.000000|0.000000
1.686560402e+06|1.391876671e+11|1.404866832e+11|1.414910759e+11|0.000000|0.000000|0.000000
1.699875946e+06|1.387109404e+11|1.400026088e+11|1.410000264e+11|0.000000|0.000000|0.000000
1.712481642e+06|1.382562432e+11|1.395410066e+11|1.405319596e+11|0.000000|0.000000|0.000000
1.726680567e+06|1.377401263e+11|1.390171928e+11|1.400010473e+11|0.000000|0.000000|0.000000
1.738005351e+06|1.373254754e+11|1.385964800e+11|1.395748280e+11|0.000000|0.000000|0.000000
1.750068871e+06|1.368808363e+11|1.381454741e+11|1.391181235e+11|0.000000|0.000000|0.000000
1.763732386e+06|1.363735555e+11|1.376311145e+11|1.385975370e+11|0.000000|0.000000|0.000000
1.776157801e+06|1.359088523e+11|1.371601145e+11|1.381211032e+11|0.000000|0.000000|0.000000
1.788253429e+06|1.354533773e+11|1.366986560e+11|1.376545821e+11|0.000000|0.000000|0.000000
1.801515729e+06|1.349504434e+11|1.361893471e+11|1.371399996e+11|0.000000|0.000000|0.000000
1.812481290e+06|1.345318169e+11|1.357656119e+11|1.367121387e+11|0.000000|0.000000|0.000000
1.824129241e+06|1.340843699e+11|1.353129144e+11|1.362553068e+11|0.000000|0.000000|0.000000
1.836883267e+06|1.335911582e+11|1.348141801e+11|1.357523566e+11|0.000000|0.000000|0.000000
1.848955151e+06|1.331211678e+11|1.343391988e+11|1.352737029e+11|0.000000|0.000000|0.000000
1.860563009e+06|1.326663439e+11|1.338798098e+11|1.348110916e+11|0.000000|0.000000|0.000000
1.872328008e+06|1.322024596e+11|1.334115498e+11|1.343398914e+11|0.000000|0.000000|0.000000
1.884532333e+06|1.317181622e+11|1.329229987e+11|1.338486550e+11|0.000000|0.000000|0.000000
1.896101793e+06|1.312561492e+11|1.324572392e+11|1.333807104e+11|0.000000|0.000000|0.000000
1.906762227e+06|1.308279295e+11|1.320258286e+11|1.329476116e+11|0.000000|0.000000|0.000000
1.919276533e+06|1.303221708e+11|1.315166625e+11|1.324368800e+11|0.000000|0.000000|0.000000
1.929979669e+06|1.298869770e+11|1.310788601e+11|1.319981112e+11|0.000000|0.000000|0.000000
1.940833201e+06|1.294431883e+11|1.306327292e+11|1.315513658e+11|0.000000|0.000000|0.000000
1.952664669e+06|1.289565671e+11|1.301439196e+11|1.310623227e+11|0.000000|0.000000|0.000000
1.965044117e+06|1.284442291e+11|1.296297197e+11|1.305483860e+11|0.000000|0.000000|0.000000
1.977803969e+06|1.279127444e+11|1.290967976e+11|1.300163013e+11|0.000000|0.000000|0.000000
1.989007568e+06|1.274432333e+11|1.286264471e+11|1.295471792e+11|0.000000|0.000000|0.000000
1.999109240e+06|1.270176169e+11|1.282004275e+11|1.291226772e+11|0.000000|0.000000|0.000000
2.009899456e+06|1.265605975e+11|1.277433630e+11|1.286676777e+11|0.000000|0.000000|0.000000
2.021144133e+06|1.260816999e+11|1.272648586e+11|1.281918296e+11|0.000000|0.000000|0.000000
2.032775314e+06|1.255835180e+11|1.267675753e+11|1.276978539e+11|0.000000|0.000000|0.000000
2.044087187e+06|1.250962590e+11|1.262816889e+11|1.272157490e+11|0.000000|0.000000|0.000000
2.054074045e+06|1.246638188e+11|1.258508843e+11|1.267887606e+11|0.000000|0.000000|0.000000
2.066187277e+06|1.241364656e+11|1.253260681e+11|1.262691935e+11|0.000000|0.000000|0.000000
2.076542671e+06|1.236831739e+11|1.248754427e+11|1.258236107e+11|0.000000|0.000000|0.000000
2.087861565e+06|1.231851067e+11|1.243808330e+11|1.253351165e+11|0.000000|0.000000|0.000000
2.099080769e+06|1.226887480e+11|1.238884799e+11|1.248494656e+11|0.000000|0.000000|0.000000
2.109413692e+06|1.222292426e+11|1.234331901e+11|1.244009290e+11|0.000000|0.000000|0.000000
2.119601721e+06|1.217739686e+11|1.229825823e+11|1.239575393e+11|0.000000|0.000000|0.000000
2.130085797e+06|1.213031737e+11|1.225171330e+11|1.235001136e+11|0.000000|0.000000|0.000000
2.141600696e+06|1.207834123e+11|1.220038981e+11|1.229964059e+11|0.000000|0.000000|0.000000
2.152546298e+06|1.202867524e+11|1.215140972e+11|1.225163737e+11|0.000000|0.000000|0.000000
2.161954168e+06|1.198578476e+11|1.210916129e+11|1.221028549e+11|0.000000|0.000000|0.000000
2.171048903e+06|1.194414450e+11|1.206818905e+11|1.217023115e+11|0.000000|0.000000|0.000000
2.182400037e+06|1.189192889e+11|1.201687423e+11|1.212013420e+11|0.000000|0.000000|0.000000
2.193212228e+06|1.184194032e+11|1.196781474e+11|1.207231115e+11|0.000000|0.000000|0.000000
2.204024510e+06|1.179170561e+11|1.191858040e+11|1.202438967e+11|0.000000|0.000000|0.000000
2.214727849e+06|1.174173531e+11|1.186967247e+11|1.197685845e+11|0.000000|0.000000|0.000000
2.224284287e+06|1.169691649e+11|1.182586435e+11|1.193434580e+11|0.000000|0.000000|0.000000
2.234775805e+06|1.164749196e+11|1.177761858e+11|1.188759589e+11|0.000000|0.000000|0.000000
2.244943438e+06|1.159937349e+11|1.173071326e+11|1.184221536e+11|0.000000|0.000000|0.000000
2.255770506e+06|1.154789679e+11|1.168060684e+11|1.179381572e+11|0.000000|0.000000|0.000000
2.265142770e+06|1.150313939e+11|1.163710246e+11|1.175185946e+11|0.000000|0.000000|0.000000
2.275073421e+06|1.145551570e+11|1.159087572e+11|1.170734611e+11|0.000000|0.000000|0.000000
2.285691688e+06|1.140436750e+11|1.154130178e+11|1.165968906e+11|0.000000|0.000000|0.000000
2.295936829e+06|1.135479464e+11|1.149332862e+11|1.161365025e+11|0.000000|0.000000|0.000000
2.305981832e+06|1.130597884e+11|1.144616000e+11|1.156846075e+11|0.000000|0.000000|0.000000
2.316581773e+06|1.125423965e+11|1.139624542e+11|1.152072505e+11|0.000000|0.000000|0.000000
2.326644805e+06|1.120490627e+11|1.134872811e+11|1.147536392e+11|0.000000|0.000000|0.000000
2.336730112e+06|1.115525406e+11|1.130097976e+11|1.142986383e+11|0.000000|0.000000|0.000000
2.345165471e+06|1.111356403e+11|1.126094777e+11|1.139178065e+11|0.000000|0.000000|0.000000
2.355342075e+06|1.106307352e+11|1.121253874e+11|1.134580708e+11|0.000000|0.000000|0.000000
2.364624182e+06|1.101683565e+11|1.116827824e+11|1.130384981e+11|0.000000|0.000000|0.000000
2.374062987e+06|1.096963621e+11|1.112316819e+11|1.126116337e+11|0.000000|0.000000|0.000000
2.384341859e+06|1.091802877e+11|1.107392801e+11|1.121465762e+11|0.000000|0.000000|0.000000
2.394046966e+06|1.086910417e+11|1.102732820e+11|1.117073222e+11|0.000000|0.000000|0.000000
2.404350161e+06|1.081695469e+11|1.097774390e+11|1.112408738e+11|0.000000|0.000000|0.000000
2.413634108e+06|1.076977938e+11|1.093296733e+11|1.108204942e+11|0.000000|0.000000|0.000000
2.422489893e+06|1.072461689e+11|1.089017145e+11|1.104194661e+11|0.000000|0.000000|0.000000
2.431839758e+06|1.067676253e+11|1.084490034e+11|1.099960576e+11|0.000000|0.000000|0.000000
2.441472396e+06|1.062727632e+11|1.079816795e+11|1.095598715e+11|0.000000|0.000000|0.000000
2.451462886e+06|1.057575429e+11|1.074960294e+11|1.091075497e+11|0.000000|0.000000|0.000000
2.460713244e+06|1.052787040e+11|1.070455018e+11|1.086888354e+11|0.000000|0.000000|0.000000
2.470954005e+06|1.047465974e+11|1.065458011e+11|1.082254414e+11|0.000000|0.000000|0.000000
2.479879219e+06|1.042811363e+11|1.061095097e+11|1.078217391e+11|0.000000|0.000000|0.000000
2.489626635e+06|1.037709816e+11|1.056322148e+11|1.073810584e+11|0.000000|0.000000|0.000000
2.499160847e+06|1.032701572e+11|1.051645609e+11|1.069502667e+11|0.000000|0.000000|0.000000
2.508849779e+06|1.027593581e+11|1.046885310e+11|1.065127766e+11|0.000000|0.000000|0.000000
2.517412373e+06|1.023063936e+11|1.042671976e+11|1.061264216e+11|0.000000|0.000000|0.000000
2.526438119e+06|1.018273618e+11|1.038224403e+11|1.057194815e+11|0.000000|0.000000|0.000000
2.535793618e+06|1.013291367e+11|1.033607669e+11|1.052980472e+11|0.000000|0.000000|0.000000
2.545584702e+06|1.008058751e+11|1.028768939e+11|1.048574374e+11|0.000000|0.000000|0.000000
2.555982340e+06|1.002481442e+11|1.023622835e+11|1.043900780e+11|0.000000|0.000000|0.000000
2.565506192e+06|9.973543307e+10|1.018902555e+11|1.039625302e+11|0.000000|0.000000|0.000000
2.574244455e+06|9.926346231e+10|1.014566253e+11|1.035707352e+11|0.000000|0.000000|0.000000
2.582448650e+06|9.881899014e+10|1.010490456e+11|1.032033374e+11|0.000000|0.000000|0.000000
2.591910986e+06|9.830474098e+10|1.005784380e+11|1.027801750e+11|0.000000|0.000000|0.000000
2.600861230e+06|9.781673437e+10|1.001328024e+11|1.023805167e+11|0.000000|0.000000|0.000000
2.611201563e+06|9.725101827e+10|9.961737874e+10|1.019195611e+11|0.000000|0.000000|0.000000
2.619970242e+06|9.676968282e+10|9.917983428e+10|1.015293555e+11|0.000000|0.000000|0.000000
2.628663496e+06|9.629103933e+10|9.874565504e+10|1.011431633e+11|0.000000|0.000000|0.000000
2.637449910e+06|9.580580592e+10|9.830643885e+10|1.007535296e+11|0.000000|0.000000|0.000000
2.646834334e+06|9.528593082e+10|9.783692440e+10|1.003381880e+11|0.000000|0.000000|0.000000
2.655846328e+06|9.478512143e+10|9.738567096e+10|9.994015467e+10|0.000000|0.000000|0.000000
2.664290467e+06|9.431448103e+10|9.696253963e+10|9.956796786e+10|0.000000|0.000000|0.000000
2.675100903e+06|9.371000107e+10|9.642042246e+10|9.909261343e+10|0.000000|0.000000|0.000000
2.683967005e+06|9.321261114e+10|9.597548768e+10|9.870374287e+10|0.000000|0.000000|0.000000
2.692809253e+06|9.271510200e+10|9.553148354e+10|9.831684262e+10|0.000000|0.000000|0.000000
2.700935031e+06|9.225662632e+10|9.512323928e+10|9.796213585e+10|0.000000|0.000000|0.000000
2.708890146e+06|9.180659756e+10|9.472338389e+10|9.761568869e+10|0.000000|0.000000|0.000000
2.717611300e+06|9.131189384e+10|9.428483180e+10|9.723683181e+10|0.000000|0.000000|0.000000
2.727667683e+06|9.073971743e+10|9.377891184e+10|9.680124966e+10|0.000000|0.000000|0.000000
2.738192094e+06|9.013893324e+10|9.324922113e+10|9.634691693e+10|0.000000|0.000000|0.000000
2.747412870e+06|8.961091116e+10|9.278498072e+10|9.595018749e+10|0.000000|0.000000|0.000000
2.754891523e+06|8.918151969e+10|9.240835834e+10|9.562935341e+10|0.000000|0.000000|0.000000
2.762792317e+06|8.872679449e+10|9.201040217e+10|9.529134985e+10|0.000000|0.000000|0.000000
2.771563080e+06|8.822068457e+10|9.156855481e+10|9.491729109e+10|0.000000|0.000000|0.000000
2.781204029e+06|8.766277266e+10|9.108280771e+10|9.450757377e+10|0.000000|0.000000|0.000000
2.790601115e+06|8.711737888e+10|9.060931116e+10|9.410972954e+10|0.000000|0.000000|0.000000
2.799714541e+06|8.658695230e+10|9.015009895e+10|9.372536088e+10|0.000000|0.000000|0.000000
2.808739172e+06|8.606024886e+10|8.969537700e+10|9.334620098e+10|0.000000|0.000000|0.000000
2.817734204e+06|8.553384862e+10|8.924218620e+10|9.296977429e+10|0.000000|0.000000|0.000000
2.826985428e+06|8.499097950e+10|8.877615457e+10|9.258422016e+10|0.000000|0.000000|0.000000
2.836379461e+06|8.443820575e+10|8.830302474e+10|9.219441282e+10|0.000000|0.000000|0.000000
2.844207792e+06|8.397639492e+10|8.790884509e+10|9.187091535e+10|0.000000|0.000000|0.000000
2.852148342e+06|8.350688431e+10|8.750911945e+10|9.154405521e+10|0.000000|0.000000|0.000000
2.862056978e+06|8.291948644e+10|8.701049409e+10|9.113802522e+10|0.000000|0.000000|0.000000
2.871707808e+06|8.234575994e+10|8.652505651e+10|9.074457600e+10|0.000000|0.000000|0.000000
2.880018580e+06|8.185042994e+10|8.610721724e+10|9.040739323e+10|0.000000|0.000000|0.000000
2.889004662e+06|8.131353758e+10|8.565565086e+10|9.004455395e+10|0.000000|0.000000|0.000000
2.898579241e+06|8.073999053e+10|8.517479662e+10|8.965999011e+10|0.000000|0.000000|0.000000
2.907716217e+06|8.019122818e+10|8.471622157e+10|8.929500907e+10|0.000000|0.000000|0.000000
2.916742063e+06|7.964777764e+10|8.426354021e+10|8.893643552e+10|0.000000|0.000000|0.000000
2.925729043e+06|7.910532913e+10|8.381314621e+10|8.858139286e+10|0.000000|0.000000|0.000000
2.935306271e+06|7.852579244e+10|8.333357162e+10|8.820526231e+10|0.000000|0.000000|0.000000
2.945094429e+06|7.793194340e+10|8.284389381e+10|8.782327936e+10|0.000000|0.000000|0.000000
2.953967866e+06|7.739224605e+10|8.240040639e+10|8.747916442e+10|0.000000|0.000000|0.000000
2.962470787e+06|7.687389153e+10|8.197584426e+10|8.715139567e+10|0.000000|0.000000|0.000000
2.971369254e+06|7.633018110e+10|8.153198344e+10|8.681049303e+10|0.000000|0.000000|0.000000
2.980122544e+06|7.579435430e+10|8.109573278e+10|8.647685045e+10|1.000000|1.000000|1.000000
2.989762058e+06|7.520186572e+10|8.061632606e+10|8.611379580e+10|1.000000|1.000000|1.000000
2.999447534e+06|7.460655209e+10|8.013463348e+10|8.574901008e+10|1.000000|1.000000|1.000000
3.009083324e+06|7.401429239e+10|7.965541195e+10|8.538609568e+10|1.000000|1.000000|1.000000
3.018616372e+06|7.342834772e+10|7.918130017e+10|8.502705090e+10|1.000000|1.000000|1.000000
3.028058652e+06|7.284798201e+10|7.871170256e+10|8.467142469e+10|1.000000|1.000000|1.000000
3.036206430e+06|7.234718239e+10|7.830648512e+10|8.436455358e+10|1.000000|1.000000|1.000000
3.046517146e+06|7.171343863e+10|7.779369715e+10|8.397621932e+10|1.000000|1.000000|1.000000
3.057530110e+06|7.073021701e+10|7.724598394e+10|8.356143619e+10|2.000000|1.000000|1.000000
3.066665727e+06|7.052224302e+10|7.679163780e+10|8.321735992e+10|2.000000|1.000000|1.000000
3.075830844e+06|7.031359745e+10|7.633582451e+10|8.287217257e+10|2.000000|1.000000|1.000000
3.085198632e+06|7.010033803e+10|7.586993165e+10|8.251935198e+10|2.000000|1.000000|1.000000
3.094625495e+06|6.988573376e+10|7.540110079e+10|8.216430644e+10|2.000000|1.000000|1.000000
3.104014985e+06|6.967198030e+10|7.493412864e+10|8.181066849e+10|2.000000|1.000000|1.000000
3.114538938e+06|6.943240056e+10|7.441073565e+10|8.141430305e+10|2.000000|1.000000|1.000000
3.125071808e+06|6.919261784e+10|7.388689921e+10|8.101760179e+10|2.000000|1.000000|1.000000
3.134394853e+06|6.898037703e+10|7.342323163e+10|8.066646640e+10|2.000000|1.000000|1.000000
3.143059369e+06|6.878312771e+10|7.299231494e+10|8.034013325e+10|2.000000|1.000000|1.000000
3.152058091e+06|6.857827016e+10|7.254477705e+10|8.000121286e+10|2.000000|1.000000|1.000000
3.161448604e+06|6.836449341e+10|7.207775403e+10|7.964753640e+10|2.000000|1.000000|1.000000
3.172279688e+06|6.811792178e+10|7.153908634e+10|7.923960343e+10|2.000000|1.000000|1.000000
3.183968148e+06|6.785183184e+10|7.095777835e+10|7.879937897e+10|2.000000|1.000000|1.000000
3.193800704e+06|6.762799189e+10|7.046877096e+10|7.842905375e+10|2.000000|1.000000|1.000000
3.203294069e+06|6.741187371e+10|6.999663279e+10|7.807150357e+10|2.000000|1.000000|1.000000
3.214383400e+06|6.715942303e+10|6.944512155e+10|7.765384419e+10|2.000000|1.000000|1.000000
3.224071244e+06|6.693887750e+10|6.896331123e+10|7.728896931e+10|2.000000|1.000000|1.000000
3.232151604e+06|6.675492662e+10|6.856144669e+10|7.698463734e+10|2.000000|1.000000|1.000000
3.242190692e+06|6.652638494e+10|6.779862688e+10|7.660653348e+10|2.000000|2.000000|1.000000
3.253228607e+06|6.627510477e+10|6.754315801e+10|7.619081060e+10|2.000000|2.000000|1.000000
3.263124292e+06|6.604982769e+10|6.731412568e+10|7.581810776e+10|2.000000|2.000000|1.000000
3.272427098e+06|6.583804760e+10|6.709881534e+10|7.546773460e+10|2.000000|2.000000|1.000000
3.282563874e+06|6.560728202e+10|6.686420303e+10|7.508595148e+10|2.000000|2.000000|1.000000
3.293249038e+06|6.536403230e+10|6.661689846e+10|7.468351434e+10|2.000000|2.000000|1.000000
3.304196516e+06|6.511481095e+10|6.636352273e+10|7.427119762e+10|2.000000|2.000000|1.000000
3.315524150e+06|6.485693528e+10|6.610134842e+10|7.384456303e+10|2.000000|2.000000|1.000000
3.327255253e+06|6.458987457e+10|6.582983595e+10|7.340273252e+10|2.000000|2.000000|1.000000
3.338175111e+06|6.434128199e+10|6.557709947e+10|7.299145605e+10|2.000000|2.000000|1.000000
3.348919775e+06|6.409667774e+10|6.532841780e+10|7.258677796e+10|2.000000|2.000000|1.000000
3.359355394e+06|6.385910896e+10|6.508688887e+10|7.219373947e+10|2.000000|2.000000|1.000000
3.370377977e+06|6.360817783e+10|6.483177486e+10|7.177859406e+10|2.000000|2.000000|1.000000
3.379924184e+06|6.339085669e+10|6.461083110e+10|7.141905368e+10|2.000000|2.000000|1.000000
3.389841066e+06|6.316509702e+10|6.438130814e+10|7.104555244e+10|2.000000|2.000000|1.000000
3.400913613e+06|6.291302846e+10|6.412503774e+10|7.062852523e+10|2.000000|2.000000|1.000000
3.411304482e+06|6.267647842e+10|6.388454454e+10|7.023717218e+10|2.000000|2.000000|1.000000
3.420909041e+06|6.245782888e+10|6.366225023e+10|6.987543407e+10|2.000000|2.000000|1.000000
3.430905038e+06|6.223026815e+10|6.343089619e+10|6.949895312e+10|2.000000|2.000000|1.000000
3.443112602e+06|6.195236074e+10|6.314835621e+10|6.903917760e+10|2.000000|2.000000|1.000000
3.453283747e+06|6.172081275e+10|6.291294845e+10|6.865610005e+10|2.000000|2.000000|1.000000
3.465709249e+06|6.143794391e+10|6.262536434e+10|6.818811626e+10|2.000000|2.000000|1.000000
3.478539104e+06|6.114586990e+10|6.232842161e+10|6.770490324e+10|2.000000|2.000000|1.000000
3.491548678e+06|6.084970456e+10|6.202731937e+10|6.721492147e+10|2.000000|2.000000|1.000000
3.504746357e+06|6.054925697e+10|6.172186347e+10|6.671785504e+10|2.000000|2.000000|1.000000
3.516259005e+06|6.028716942e+10|6.145540707e+10|6.628425223e+10|2.000000|2.000000|1.000000
3.527121144e+06|6.003989084e+10|6.120400649e+10|6.587514967e+10|2.000000|2.000000|1.000000
3.538927656e+06|5.977111342e+10|6.093074870e+10|6.543047900e+10|2.000000|2.000000|1.000000
3.550468119e+06|5.950839266e+10|6.066364853e+10|6.499582859e+10|2.000000|2.000000|1.000000
3.562216462e+06|5.924093946e+10|6.039173703e+10|6.455334874e+10|2.000000|2.000000|1.000000
3.574982546e+06|5.895031722e+10|6.009627028e+10|6.407253758e+10|2.000000|2.000000|1.000000
3.588524688e+06|5.864202786e+10|5.978284190e+10|6.356249758e+10|2.000000|2.000000|1.000000
3.600709912e+06|5.836462900e+10|5.950081896e+10|6.310356343e+10|2.000000|2.000000|1.000000
3.613091833e+06|5.808275231e+10|5.921424354e+10|6.263722107e+10|2.000000|2.000000|1.000000
3.626813163e+06|5.777038371e+10|5.889666793e+10|6.212043230e+10|2.000000|2.000000|1.000000
3.640600906e+06|5.745650320e+10|5.857755520e+10|6.160114219e+10|2.000000|2.000000|1.000000
3.653912714e+06|5.715345744e+10|5.826945784e+10|6.109977732e+10|2.000000|2.000000|1.000000
3.667613569e+06|5.684155495e+10|5.795235610e+10|6.058375967e+10|2.000000|2.000000|1.000000
3.679800096e+06|5.656412643e+10|5.767030300e+10|6.012477646e+10|2.000000|2.000000|1.000000
3.691231859e+06|5.630388024e+10|5.740571866e+10|5.969422004e+10|2.000000|2.000000|1.000000
3.703038955e+06|5.603508954e+10|5.713244736e+10|5.924952739e+10|2.000000|2.000000|1.000000
3.715957443e+06|5.574099778e+10|5.683345325e+10|5.876297618e+10|2.000000|2.000000|1.000000
3.729965498e+06|5.542210183e+10|5.650924148e+10|5.823538843e+10|2.000000|2.000000|1.000000
3.745009831e+06|5.507961484e+10|5.616104542e+10|5.758313120e+10|2.000000|2.000000|2.000000
3.758418946e+06|5.477435386e+10|5.585069590e+10|5.726690347e+10|2.000000|2.000000|2.000000
3.772795581e+06|5.444706713e+10|5.551795349e+10|5.692785871e+10|2.000000|2.000000|2.000000
3.785937330e+06|5.414789279e+10|5.521379208e+10|5.661793629e+10|2.000000|2.000000|2.000000
3.798773535e+06|5.385567423e+10|5.491670239e+10|5.631521954e+10|2.000000|2.000000|2.000000
3.809463009e+06|5.361232638e+10|5.466929807e+10|5.606312923e+10|2.000000|2.000000|2.000000
3.822342230e+06|5.331912855e+10|5.437121280e+10|5.575939804e+10|2.000000|2.000000|2.000000
3.835372260e+06|5.302249753e+10|5.406963710e+10|5.545211032e+10|2.000000|2.000000|2.000000
3.848023340e+06|5.273449337e+10|5.377683206e+10|5.515375937e+10|2.000000|2.000000|2.000000
3.860512508e+06|5.245017516e+10|5.348777442e+10|5.485922680e+10|2.000000|2.000000|2.000000
3.872862696e+06|5.216902087e+10|5.320193345e+10|5.456797182e+10|2.000000|2.000000|2.000000
3.886489217e+06|5.185881062e+10|5.288655217e+10|5.424661702e+10|2.000000|2.000000|2.000000
3.901143345e+06|5.152520669e+10|5.254738724e+10|5.390102810e+10|2.000000|2.000000|2.000000
3.915153892e+06|5.120625402e+10|5.222311781e+10|5.357061682e+10|2.000000|2.000000|2.000000
3.929697457e+06|5.087516708e+10|5.188651183e+10|5.322763531e+10|2.000000|2.000000|2.000000
3.941738177e+06|5.060105787e+10|5.160783337e+10|5.294367851e+10|2.000000|2.000000|2.000000
3.953350145e+06|5.033670931e+10|5.133907826e+10|5.266983301e+10|2.000000|2.000000|2.000000
3.965533426e+06|5.005935467e+10|5.105710028e+10|5.238251419e+10|2.000000|2.000000|2.000000
3.976800239e+06|4.980286359e+10|5.079633363e+10|5.211680846e+10|2.000000|2.000000|2.000000
3.988869398e+06|4.952810696e+10|5.051699696e+10|5.183218099e+10|2.000000|2.000000|2.000000
4.002442257e+06|4.921911834e+10|5.020285767e+10|5.151209170e+10|2.000000|2.000000|2.000000
4.016284223e+06|4.890400344e+10|4.988248997e+10|5.118565604e+10|2.000000|2.000000|2.000000
4.028638779e+06|4.862274970e+10|4.959654789e+10|5.089429804e+10|2.000000|2.000000|2.000000
4.041766078e+06|4.832390434e+10|4.929272095e+10|5.058471643e+10|2.000000|2.000000|2.000000
4.055073774e+06|4.802095219e+10|4.898471875e+10|5.027088048e+10|2.000000|2.000000|2.000000
4.070448094e+06|4.767095297e+10|4.862888524e+10|4.990830726e+10|2.000000|2.000000|2.000000
4.082324521e+06|4.740058393e+10|4.835400929e+10|4.962822500e+10|2.000000|2.000000|2.000000
4.093316786e+06|4.715220948e+10|4.809959697e+10|4.936899395e+10|3.000000|2.000000|2.000000
4.105309658e+06|4.688120337e+10|4.782425496e+10|4.908616555e+10|3.000000|3.000000|2.000000
4.116578340e+06|4.662718676e+10|4.756578844e+10|4.882281334e+10|3.000000|3.000000|3.000000
4.129579091e+06|4.633487477e+10|4.726857937e+10|4.851927795e+10|3.000000|3.000000|3.000000
4.141957431e+06|4.605729913e+10|4.698657076e+10|4.823137289e+10|3.000000|3.000000|3.000000
4.153376682e+06|4.580186927e+10|4.672724488e+10|4.796671499e+10|3.000000|3.000000|3.000000
4.166017884e+06|4.551981823e+10|4.644109169e+10|4.767477718e+10|3.000000|3.000000|3.000000
4.180070003e+06|4.520716057e+10|4.612412676e+10|4.735152427e+10|3.000000|3.000000|3.000000
4.194266999e+06|4.489220911e+10|4.580508561e+10|4.702627890e+10|3.000000|3.000000|3.000000
4.208396253e+06|4.457968359e+10|4.548874301e+10|4.670390632e+10|3.000000|3.000000|3.000000
4.219322610e+06|4.433863156e+10|4.524490710e+10|4.645550398e+10|3.000000|3.000000|3.000000
4.230779133e+06|4.408646949e+10|4.498997889e+10|4.619587634e+10|3.000000|3.000000|3.000000
4.242779121e+06|4.382298651e+10|4.472376171e+10|4.592483203e+10|3.000000|3.000000|3.000000
4.253427009e+06|4.358973845e+10|4.448822351e+10|4.568509047e+10|3.000000|3.000000|3.000000
4.266658312e+06|4.330061297e+10|4.419642522e+10|4.538817139e+10|3.000000|3.000000|3.000000
4.278523852e+06|4.304200165e+10|4.393557517e+10|4.512282350e+10|3.000000|3.000000|3.000000
4.290778173e+06|4.277557911e+10|4.366699268e+10|4.484968728e+10|3.000000|3.000000|3.000000
4.302264174e+06|4.252646935e+10|4.341599448e+10|4.459450336e+10|3.000000|3.000000|3.000000
4.313587480e+06|4.228146249e+10|4.316925090e+10|4.434370977e+10|3.000000|3.000000|3.000000
4.326869170e+06|4.199480526e+10|4.288070969e+10|4.405051251e+10|3.000000|3.000000|3.000000
4.340756735e+06|4.169590400e+10|4.258000922e+10|4.374504988e+10|3.000000|3.000000|3.000000
4.355433641e+06|4.138093484e+10|4.226332101e+10|4.342344371e+10|3.000000|3.000000|3.000000
4.366673815e+06|4.114035606e+10|4.202154778e+10|4.317798179e+10|3.000000|3.000000|3.000000
4.378588871e+06|4.088593387e+10|4.176597088e+10|4.291856641e+10|3.000000|3.000000|3.000000
4.389164312e+06|4.066063331e+10|4.153973837e+10|4.268898737e+10|3.000000|3.000000|3.000000
4.400227640e+06|4.042545721e+10|4.130367777e+10|4.244948521e+10|3.000000|3.000000|3.000000
4.413175870e+06|4.015088444e+10|4.102818315e+10|4.217003790e+10|3.000000|3.000000|3.000000
4.423659423e+06|3.992910482e+10|4.080574355e+10|4.194445597e+10|3.000000|3.000000|3.000000
4.435066328e+06|3.968832730e+10|4.056433252e+10|4.169968332e+10|3.000000|3.000000|3.000000
4.447288191e+06|3.943096519e+10|4.030638590e+10|4.143819971e+10|3.000000|3.000000|3.000000
4.458921734e+06|3.918658329e+10|4.006153474e+10|4.119004247e+10|3.000000|3.000000|3.000000
4.471746177e+06|3.891785119e+10|3.979237971e+10|4.091730962e+10|3.000000|3.000000|3.000000
4.484130152e+06|3.865901033e+10|3.953322042e+10|4.065475991e+10|3.000000|3.000000|3.000000
4.496994331e+06|3.839081859e+10|3.926478730e+10|4.038287007e+10|3.000000|3.000000|3.000000
4.510278080e+06|3.811461102e+10|3.898842162e+10|4.010300252e+10|3.000000|3.000000|3.000000
4.523103711e+06|3.784863199e+10|3.872237353e+10|3.983363647e+10|3.000000|3.000000|3.000000
4.535503634e+06|3.759213599e+10|3.846588497e+10|3.957399724e+10|3.000000|3.000000|3.000000
4.545981336e+06|3.737590210e+10|3.824971153e+10|3.935520407e+10|3.000000|3.000000|3.000000
4.556221452e+06|3.716501320e+10|3.803892748e+10|3.914189629e+10|3.000000|3.000000|3.000000
4.567377727e+06|3.693575258e+10|3.780983025e+10|3.891008959e+10|3.000000|3.000000|3.000000
4.578502046e+06|3.670766251e+10|3.758195173e+10|3.867954981e+10|3.000000|3.000000|3.000000
4.591119574e+06|3.644957574e+10|3.732416059e+10|3.841878758e+10|3.000000|3.000000|3.000000
4.602116064e+06|3.622518261e+10|3.710007077e+10|3.819214819e+10|3.000000|3.000000|3.000000
4.614389447e+06|3.597532146e+10|3.685059543e+10|3.793986960e+10|3.000000|3.000000|3.000000
4.627659464e+06|3.570586735e+10|3.658161114e+10|3.766790301e+10|3.000000|3.000000|3.000000
4.639081368e+06|3.547451833e+10|3.635070745e+10|3.743447140e+10|3.000000|3.000000|3.000000
4.650434630e+06|3.524508876e+10|3.612175558e+10|3.720304136e+10|3.000000|3.000000|3.000000
4.663280420e+06|3.498613267e+10|3.586337921e+10|3.694190112e+10|3.000000|3.000000|3.000000
4.676577134e+06|3.471879507e+10|3.559668215e+10|3.667238634e+10|3.000000|3.000000|3.000000
4.689012652e+06|3.446942335e+10|3.534794363e+10|3.642105075e+10|3.000000|3.000000|3.000000
4.697748285e+06|3.429462180e+10|3.517360502e+10|3.624490904e+10|3.000000|3.000000|3.000000
4.709172912e+06|3.406648021e+10|3.494608965e+10|3.601506108e+10|3.000000|3.000000|3.000000
4.721149500e+06|3.382788408e+10|3.470817311e+10|3.577472929e+10|3.000000|3.000000|3.000000
4.732456051e+06|3.360316887e+10|3.448411905e+10|3.554842219e+10|3.000000|3.000000|3.000000
4.743023211e+06|3.339361589e+10|3.427519937e+10|3.533741967e+10|3.000000|3.000000|3.000000
4.754694042e+06|3.316270020e+10|3.404499843e+10|3.510494303e+10|3.000000|3.000000|3.000000
4.766559490e+06|3.292849677e+10|3.381153606e+10|3.486919245e+10|3.000000|3.000000|3.000000
4.778382234e+06|3.269570014e+10|3.357949009e+10|3.463489093e+10|3.000000|3.000000|3.000000
4.791796792e+06|3.243224071e+10|3.331689457e+10|3.436976429e+10|3.000000|3.000000|3.000000
4.803363251e+06|3.220565824e+10|3.309106519e+10|3.414177533e+10|3.000000|3.000000|3.000000
4.815139049e+06|3.197552674e+10|3.286170616e+10|3.391023827e+10|3.000000|3.000000|3.000000
4.827593138e+06|3.173274499e+10|3.261974557e+10|3.366599571e+10|3.000000|3.000000|3.000000
4.839544314e+06|3.150035190e+10|3.238814247e+10|3.343222250e+10|3.000000|3.000000|3.000000
4.850933443e+06|3.127942059e+10|3.216796404e+10|3.320999300e+10|3.000000|3.000000|3.000000
4.862381553e+06|3.105786876e+10|3.194716735e+10|3.298715040e+10|3.000000|3.000000|3.000000
4.872269075e+06|3.086694093e+10|3.175688914e+10|3.279511724e+10|3.000000|3.000000|3.000000
4.883891934e+06|3.064300420e+10|3.153371156e+10|3.256989018e+10|3.000000|3.000000|3.000000
4.894297667e+06|3.044297649e+10|3.133435811e+10|3.236871354e+10|3.000000|3.000000|3.000000
4.906881539e+06|3.020165767e+10|3.109384620e+10|3.212601057e+10|3.000000|3.000000|3.000000
4.918597224e+06|2.997755757e+10|3.087048738e+10|3.190062449e+10|3.000000|3.000000|3.000000
4.931048156e+06|2.973999563e+10|3.063370092e+10|3.166169589e+10|3.000000|3.000000|3.000000
4.942636210e+06|2.951945480e+10|3.041386888e+10|3.143988069e+10|3.000000|3.000000|3.000000
4.954156721e+06|2.930073237e+10|3.019583729e+10|3.121988674e+10|3.000000|3.000000|3.000000
4.964722938e+06|2.910059500e+10|2.999632026e+10|3.101857731e+10|3.000000|3.000000|3.000000
4.975878173e+06|2.888978632e+10|2.978615155e+10|3.080652328e+10|3.000000|3.000000|3.000000
4.989517596e+06|2.863270995e+10|2.952983512e+10|3.054791045e+10|3.000000|3.000000|3.000000
5.001626732e+06|2.840510181e+10|2.930287931e+10|3.031892303e+10|3.000000|3.000000|3.000000
5.014515940e+06|2.816347786e+10|2.906192494e+10|3.007581255e+10|3.000000|3.000000|3.000000
5.025609733e+06|2.795604564e+10|2.885504735e+10|2.986708369e+10|3.000000|3.000000|3.000000
5.035003627e+06|2.778078514e+10|2.868024000e+10|2.969071150e+10|3.000000|3.000000|3.000000
5.046057553e+06|2.757500851e+10|2.847497638e+10|2.948360919e+10|3.000000|3.000000|3.000000
5.057605272e+06|2.736056528e+10|2.826104472e+10|2.926775918e+10|3.000000|3.000000|3.000000
5.067941347e+06|2.716907859e+10|2.806999396e+10|2.907499294e+10|3.000000|3.000000|3.000000
5.080111974e+06|2.694415789e+10|2.784555892e+10|2.884853920e+10|3.000000|3.000000|3.000000
5.090846331e+06|2.674627735e+10|2.764808102e+10|2.864928137e+10|3.000000|3.000000|3.000000
5.103815069e+06|2.650782977e+10|2.741008662e+10|2.840913644e+10|3.000000|3.000000|3.000000
5.116007694e+06|2.628427403e+10|2.718692259e+10|2.818394973e+10|3.000000|3.000000|3.000000
5.127684018e+06|2.607075086e+10|2.697374234e+10|2.796883097e+10|3.000000|3.000000|3.000000
5.138722049e+06|2.586941009e+10|2.677269594e+10|2.776595012e+10|3.000000|3.000000|3.000000
5.149993411e+06|2.566432563e+10|2.656788139e+10|2.755925989e+10|3.000000|3.000000|3.000000
5.160938837e+06|2.546566806e+10|2.636945555e+10|2.735900972e+10|3.000000|3.000000|3.000000
5.172390576e+06|2.525834559e+10|2.616234275e+10|2.714998459e+10|3.000000|3.000000|3.000000
5.184029124e+06|2.504819189e+10|2.595236702e+10|2.693806103e+10|3.000000|3.000000|3.000000
5.195988032e+06|2.483283311e+10|2.573715347e+10|2.672084088e+10|3.000000|3.000000|3.000000
5.208092110e+06|2.461545963e+10|2.551988734e+10|2.650153788e+10|3.000000|3.000000|3.000000
5.221274107e+06|2.437941597e+10|2.528391428e+10|2.626333908e+10|3.000000|3.000000|3.000000
5.231817684e+06|2.419113471e+10|2.509565414e+10|2.607329256e+10|3.000000|3.000000|3.000000
5.241939211e+06|2.401082395e+10|2.491533360e+10|2.589125165e+10|3.000000|3.000000|3.000000
5.251868844e+06|2.383434550e+10|2.473881655e+10|2.571304126e+10|3.000000|3.000000|3.000000
5.262190714e+06|2.365133133e+10|2.455573142e+10|2.552818972e+10|3.000000|3.000000|3.000000
5.274310615e+06|2.343700487e+10|2.434128099e+10|2.531165666e+10|3.000000|3.000000|3.000000
5.286968213e+06|2.321382677e+10|2.411792591e+10|2.508611618e+10|3.000000|3.000000|3.000000
5.299013272e+06|2.300207405e+10|2.390595912e+10|2.487205935e+10|3.000000|3.000000|3.000000
5.311404796e+06|2.278486871e+10|2.368848650e+10|2.465242544e+10|3.000000|3.000000|3.000000
5.322484265e+06|2.259121161e+10|2.349454958e+10|2.445654608e+10|3.000000|3.000000|3.000000
5.332737757e+06|2.241245564e+10|2.331549993e+10|2.427569005e+10|3.000000|3.000000|3.000000
5.343044586e+06|2.223322059e+10|2.313593577e+10|2.409430133e+10|3.000000|3.000000|3.000000
5.354105341e+06|2.204137910e+10|2.294370296e+10|2.390010035e+10|3.000000|3.000000|3.000000
5.365492600e+06|2.184442179e+10|2.274630120e+10|2.370066101e+10|3.000000|3.000000|3.000000
5.378677410e+06|2.161706951e+10|2.251838120e+10|2.347036692e+10|3.000000|3.000000|3.000000
5.390244439e+06|2.141823077e+10|2.231899711e+10|2.326888648e+10|3.000000|3.000000|3.000000
5.401579153e+06|2.122394744e+10|2.212413619e+10|2.307195865e+10|3.000000|3.000000|3.000000
5.412656848e+06|2.103460893e+10|2.193419165e+10|2.287998159e+10|3.000000|3.000000|3.000000
5.424321543e+06|2.083581596e+10|2.173471588e+10|2.267835194e+10|3.000000|3.000000|3.000000
5.435906326e+06|2.063897448e+10|2.153715072e+10|2.247863342e+10|3.000000|3.000000|3.000000
5.446818906e+06|2.045409416e+10|2.135154699e+10|2.229098800e+10|3.000000|3.000000|3.000000
5.459159231e+06|2.024565827e+10|2.114224406e+10|2.207936036e+10|3.000000|3.000000|3.000000
5.470323286e+06|2.005767171e+10|2.095342814e+10|2.188842648e+10|3.000000|3.000000|3.000000
5.481532589e+06|1.986948125e+10|2.076436184e+10|2.169721914e+10|3.000000|3.000000|3.000000
5.491096114e+06|1.970936516e+10|2.060346425e+10|2.153448317e+10|3.000000|3.000000|3.000000
5.503365452e+06|1.950454821e+10|2.039759840e+10|2.132624273e+10|3.000000|3.000000|3.000000
5.515380772e+06|1.930462902e+10|2.019660146e+10|2.112290256e+10|3.000000|3.000000|3.000000
5.525581074e+06|1.913542215e+10|2.002644032e+10|2.095073807e+10|3.000000|3.000000|3.000000
5.536013920e+06|1.896284697e+10|1.985285168e+10|2.077508682e+10|3.000000|3.000000|3.000000
5.548318041e+06|1.875995667e+10|1.964871746e+10|2.056850210e+10|3.000000|3.000000|3.000000
5.561565028e+06|1.854229528e+10|1.942965788e+10|2.034678216e+10|3.000000|3.000000|3.000000
5.574296603e+06|1.833386538e+10|1.921982654e+10|2.013437207e+10|3.000000|3.000000|3.000000
5.585214180e+06|1.815573112e+10|1.904044552e+10|1.995276234e+10|3.000000|3.000000|3.000000
5.595346152e+06|1.799091176e+10|1.887443193e+10|1.978466588e+10|3.000000|3.000000|3.000000
5.606566395e+06|1.780894987e+10|1.869110581e+10|1.959901662e+10|3.000000|3.000000|3.000000
5.617177231e+06|1.763741551e+10|1.851824099e+10|1.942393867e+10|3.000000|3.000000|3.000000
5.629655695e+06|1.743636999e+10|1.831558072e+10|1.921865536e+10|3.000000|3.000000|3.000000
5.640496798e+06|1.726230507e+10|1.814006902e+10|1.904084673e+10|3.000000|3.000000|3.000000
5.651757688e+06|1.708209428e+10|1.795831228e+10|1.885668610e+10|3.000000|3.000000|3.000000
5.662570982e+06|1.690961926e+10|1.778431143e+10|1.868035948e+10|3.000000|3.000000|3.000000
5.674070206e+06|1.672682238e+10|1.759984762e+10|1.849340341e+10|3.000000|3.000000|3.000000
5.686548431e+06|1.652918851e+10|1.740035334e+10|1.829118238e+10|3.000000|3.000000|3.000000
5.696901652e+06|1.636578756e+10|1.723536818e+10|1.812391702e+10|3.000000|3.000000|3.000000
5.707584065e+06|1.619774203e+10|1.706564956e+10|1.795182862e+10|3.000000|3.000000|3.000000
5.719744045e+06|1.600713755e+10|1.687309310e+10|1.775655330e+10|3.000000|3.000000|3.000000
5.731209439e+06|1.582809199e+10|1.669216094e+10|1.757303664e+10|3.000000|3.000000|3.000000
5.744446477e+06|1.562219568e+10|1.648403104e+10|1.736189736e+10|3.000000|3.000000|3.000000
5.757801721e+06|1.541535220e+10|1.627487403e+10|1.714967613e+10|3.000000|3.000000|3.000000
5.767848005e+06|1.526035105e+10|1.611809302e+10|1.699057145e+10|3.000000|3.000000|3.000000
5.778672279e+06|1.509392043e+10|1.594970688e+10|1.681966362e+10|3.000000|3.000000|3.000000
5.789780836e+06|1.492374118e+10|1.577748011e+10|1.664482931e+10|3.000000|3.000000|3.000000
5.801750352e+06|1.474108215e+10|1.559256902e+10|1.645708620e+10|3.000000|3.000000|3.000000
5.813185828e+06|1.456726470e+10|1.541655577e+10|1.627834543e+10|3.000000|3.000000|3.000000
5.823291464e+06|1.441422672e+10|1.526154157e+10|1.612090301e+10|3.000000|3.000000|3.000000
5.835222823e+06|1.423422818e+10|1.507916677e+10|1.593563958e+10|3.000000|3.000000|3.000000
5.847035984e+06|1.405675112e+10|1.489929135e+10|1.575288084e+10|3.000000|3.000000|3.000000
5.859170130e+06|1.387522151e+10|1.471525123e+10|1.556585473e+10|3.000000|3.000000|3.000000
5.870277857e+06|1.370973571e+10|1.454742578e+10|1.539527415e+10|3.000000|3.000000|3.000000
5.882708339e+06|1.352532843e+10|1.436035347e+10|1.520509386e+10|3.000000|3.000000|3.000000
5.894697890e+06|1.334825338e+10|1.418066144e+10|1.502237919e+10|3.000000|3.000000|3.000000
5.907969134e+06|1.315316096e+10|1.398261940e+10|1.482096270e+10|3.000000|3.000000|3.000000
5.919842418e+06|1.297943702e+10|1.380620980e+10|1.464150842e+10|3.000000|3.000000|3.000000
5.932644542e+06|1.279299447e+10|1.361682237e+10|1.444881081e+10|3.000000|3.000000|3.000000
5.943666829e+06|1.263320202e+10|1.345445390e+10|1.428356955e+10|3.000000|3.000000|3.000000
5.953230781e+06|1.249510190e+10|1.331408838e+10|1.414069415e+10|3.000000|3.000000|3.000000
5.963739785e+06|1.234394897e+10|1.316041405e+10|1.398424343e+10|3.000000|3.000000|3.000000
5.975638849e+06|1.217355728e+10|1.298712705e+10|1.380778935e+10|3.000000|3.000000|3.000000
5.987648830e+06|1.200239555e+10|1.281299985e+10|1.363044017e+10|3.000000|3.000000|3.000000
6.000556711e+06|1.181936052e+10|1.262672963e+10|1.344067856e+10|3.000000|3.000000|3.000000
6.012718269e+06|1.164778996e+10|1.245206581e+10|1.326269803e+10|3.000000|3.000000|3.000000
6.025133921e+06|1.147352366e+10|1.227459678e+10|1.308181570e+10|3.000000|3.000000|3.000000
6.037860340e+06|1.129583450e+10|1.209357811e+10|1.289726953e+10|3.000000|3.000000|3.000000
6.049645335e+06|1.113214381e+10|1.192676245e+10|1.272716126e+10|3.000000|3.000000|3.000000
6.062332757e+06|1.095684360e+10|1.174805346e+10|1.254487941e+10|3.000000|3.000000|3.000000
6.074942228e+06|1.078357787e+10|1.157135453e+10|1.236460058e+10|3.000000|3.000000|3.000000
6.085508954e+06|1.063912180e+10|1.142398689e+10|1.221421063e+10|3.000000|3.000000|3.000000
6.096918299e+06|1.048390991e+10|1.126559614e+10|1.205253362e+10|3.000000|3.000000|3.000000
6.108400544e+06|1.032851223e+10|1.110696277e+10|1.189056883e+10|3.000000|3.000000|3.000000
6.121026571e+06|1.015857509e+10|1.093342563e+10|1.171334037e+10|3.000000|3.000000|3.000000
6.132443696e+06|1.000576302e+10|1.077732070e+10|1.155387216e+10|3.000000|3.000000|3.000000
6.146347936e+06|9.820766486e+09|1.058826621e+10|1.136068906e+10|3.000000|3.000000|3.000000
6.159587151e+06|9.645754312e+09|1.040934182e+10|1.117780004e+10|3.000000|3.000000|3.000000
6.171111566e+06|9.494320151e+09|1.025446409e+10|1.101944452e+10|3.000000|3.000000|3.000000
6.181115420e+06|9.363558141e+09|1.012068434e+10|1.088262565e+10|3.000000|3.000000|3.000000
6.193046223e+06|9.208454927e+09|9.961947693e+09|1.072023985e+10|3.000000|3.000000|3.000000
6.207404800e+06|9.023020237e+09|9.772090945e+09|1.052595577e+10|3.000000|3.000000|3.000000
6.220302736e+06|8.857604350e+09|9.602657324e+09|1.035251187e+10|3.000000|3.000000|3.000000
6.232086063e+06|8.707447031e+09|9.448792117e+09|1.019495530e+10|3.000000|3.000000|3.000000
6.243544728e+06|8.562316330e+09|9.300021723e+09|1.004256983e+10|3.000000|3.000000|3.000000
6.256902638e+06|8.394246398e+09|9.127666845e+09|9.865968956e+09|3.000000|3.000000|3.000000
6.269305187e+06|8.239280937e+09|8.968682716e+09|9.703011806e+09|3.000000|3.000000|3.000000
6.281635474e+06|8.086261704e+09|8.811630137e+09|9.541979949e+09|3.000000|3.000000|3.000000
6.293084123e+06|7.945122360e+09|8.666712049e+09|9.393340767e+09|3.000000|3.000000|3.000000
6.304924935e+06|7.800106697e+09|8.517754181e+09|9.240507563e+09|3.000000|3.000000|3.000000
6.317769545e+06|7.643907995e+09|8.357240180e+09|9.075758800e+09|3.000000|3.000000|3.000000
6.328890979e+06|7.509605120e+09|8.219168412e+09|8.933994320e+09|3.000000|3.000000|3.000000
6.342255472e+06|7.349379667e+09|8.054374219e+09|8.764730513e+09|3.000000|3.000000|3.000000
6.355836271e+06|7.187874292e+09|7.888181984e+09|8.593960255e+09|3.000000|3.000000|3.000000
6.369371693e+06|7.028237636e+09|7.723830046e+09|8.425009261e+09|3.000000|3.000000|3.000000
6.381195335e+06|6.889884825e+09|7.581322429e+09|8.278454412e+09|3.000000|3.000000|3.000000
6.393388789e+06|6.748283248e+09|7.435401215e+09|8.128330148e+09|3.000000|3.000000|3.000000
6.409488474e+06|6.563011533e+09|7.244371993e+09|7.931705739e+09|3.000000|3.000000|3.000000
6.422678690e+06|6.412670196e+09|7.089267927e+09|7.771978702e+09|3.000000|3.000000|3.000000
6.434656797e+06|6.277285418e+09|6.949522527e+09|7.628004638e+09|3.000000|3.000000|3.000000
6.446666749e+06|6.142640156e+09|6.810471134e+09|7.484684040e+09|3.000000|3.000000|3.000000
6.458587658e+06|6.010090629e+09|6.673514604e+09|7.343460815e+09|3.000000|3.000000|3.000000
6.471873851e+06|5.863659556e+09|6.522132463e+09|7.187288949e+09|3.000000|3.000000|3.000000
6.484680797e+06|5.723817780e+09|6.377478974e+09|7.037984036e+09|3.000000|3.000000|3.000000
6.498373675e+06|5.575734659e+09|6.224208674e+09|6.879702920e+09|3.000000|3.000000|3.000000
6.512090218e+06|5.428893119e+09|6.072126800e+09|6.722562371e+09|3.000000|3.000000|3.000000
6.523998682e+06|5.302634108e+09|5.941282304e+09|6.587294027e+09|3.000000|3.000000|3.000000
6.535744544e+06|5.179225006e+09|5.813317561e+09|6.454936552e+09|3.000000|3.000000|3.000000
6.550788125e+06|5.022815530e+09|5.651025756e+09|6.286976004e+09|3.000000|3.000000|3.000000
6.565701676e+06|4.869601582e+09|5.491927289e+09|6.122210125e+09|3.000000|3.000000|3.000000
6.578458408e+06|4.740016338e+09|5.357266459e+09|5.982663599e+09|3.000000|3.000000|3.000000
6.590179366e+06|4.622158716e+09|5.234710977e+09|5.855588100e+09|3.000000|3.000000|3.000000
6.603757991e+06|4.487078299e+09|5.094146735e+09|5.709750091e+09|3.000000|3.000000|3.000000
6.617767644e+06|4.349363410e+09|4.950727073e+09|5.560846937e+09|3.000000|3.000000|3.000000
6.630913593e+06|4.221680001e+09|4.817646982e+09|5.422582047e+09|3.000000|3.000000|3.000000
6.644574003e+06|4.090595434e+09|4.680909433e+09|5.280416119e+09|3.000000|3.000000|3.000000
6.657421337e+06|3.968810463e+09|4.553765638e+09|5.148128942e+09|3.000000|3.000000|3.000000
6.671348431e+06|3.838444650e+09|4.417543842e+09|5.006289447e+09|3.000000|3.000000|3.000000
6.684150695e+06|3.720140028e+09|4.293812838e+09|4.877355587e+09|3.000000|3.000000|3.000000
6.699215532e+06|3.582824687e+09|4.150058288e+09|4.727430585e+09|3.000000|3.000000|3.000000
6.714753134e+06|3.443370562e+09|4.003901151e+09|4.574854414e+09|3.000000|3.000000|3.000000
6.728988217e+06|3.317561233e+09|3.871894924e+09|4.436917834e+09|3.000000|3.000000|3.000000
6.741167587e+06|3.211417939e+09|3.760406688e+09|4.320317802e+09|3.000000|3.000000|3.000000
6.753725929e+06|3.103431001e+09|3.646866450e+09|4.201469844e+09|3.000000|3.000000|3.000000
6.769411834e+06|2.970650707e+09|3.507088993e+09|4.055009770e+09|3.000000|3.000000|3.000000
6.785783379e+06|2.834579496e+09|3.363641432e+09|3.904524006e+09|3.000000|3.000000|3.000000
6.799763808e+06|2.720435029e+09|3.243137552e+09|3.777957993e+09|3.000000|3.000000|3.000000
6.814415582e+06|2.602859903e+09|3.118836777e+09|3.647252135e+09|3.000000|3.000000|3.000000
6.831385962e+06|2.469329199e+09|2.977436700e+09|3.498366325e+09|3.000000|3.000000|3.000000
6.847725135e+06|2.343482445e+09|2.843930965e+09|3.357584452e+09|3.000000|3.000000|3.000000
6.861428249e+06|2.240016401e+09|2.733977949e+09|3.241476490e+09|3.000000|3.000000|3.000000
6.877412119e+06|2.121748974e+09|2.608068840e+09|3.108326531e+09|3.000000|3.000000|3.000000
6.892346707e+06|2.013623756e+09|2.492728952e+09|2.986160595e+09|3.000000|3.000000|3.000000
6.908695552e+06|1.897922091e+09|2.369044718e+09|2.854935992e+09|3.000000|3.000000|3.000000
6.922850386e+06|1.800018614e+09|2.264156707e+09|2.743461466e+09|3.000000|3.000000|3.000000
6.939085719e+06|1.690347833e+09|2.146388997e+09|2.618071917e+09|3.000000|3.000000|3.000000
6.957073614e+06|1.572146583e+09|2.019106848e+09|2.482260111e+09|3.000000|3.000000|3.000000
6.974407381e+06|1.461572396e+09|1.899669461e+09|2.354517362e+09|3.000000|3.000000|3.000000
6.990219941e+06|1.363584695e+09|1.793497216e+09|2.240693975e+09|3.000000|3.000000|3.000000
7.008114463e+06|1.256050966e+09|1.676583763e+09|2.115034731e+09|3.000000|3.000000|3.000000
7.026912028e+06|1.146973125e+09|1.557514203e+09|1.986676606e+09|3.000000|3.000000|3.000000
7.045333194e+06|1.043986853e+09|1.444593851e+09|1.864551096e+09|3.000000|3.000000|3.000000
7.062071527e+06|9.538035239e+08|1.345257642e+09|1.756761055e+09|3.000000|3.000000|3.000000
7.081047427e+06|8.555215442e+08|1.236448883e+09|1.638263351e+09|3.000000|3.000000|3.000000
7.100247078e+06|7.604130680e+08|1.130521291e+09|1.522416906e+09|3.000000|3.000000|3.000000
7.121293618e+06|6.612290427e+08|1.019275722e+09|1.400161997e+09|3.000000|3.000000|3.000000
7.145618595e+06|5.533010662e+08|8.971336947e+08|1.265114055e+09|3.000000|3.000000|3.000000
7.169659248e+06|4.538094432e+08|7.832929203e+08|1.138322177e+09|3.000000|3.000000|3.000000
7.202012326e+06|3.313787508e+08|6.410540561e+08|9.783376259e+08|3.000000|3.000000|3.000000
7.233002526e+06|2.266778754e+08|5.168133715e+08|8.367473191e+08|3.000000|3.000000|3.000000
7.265080251e+06|1.315351554e+08|4.008250988e+08|7.024254561e+08|3.000000|3.000000|3.000000
7.313389596e+06|1.427921444e+07|2.508973394e+08|5.241364115e+08|3.000000|3.000000|3.000000
7.376441815e+06|-9.019563971e+07|1.012467945e+08|3.360354884e+08|3.000000|3.000000|3.000000
7.450015681e+06|-1.397272376e+08|-5.076325827e+06|1.826393949e+08|3.000000|3.000000|3.000000
7.586617767e+06|-1.241723996e+07|2.973974055e+06|9.625969799e+07|3.000000|3.000000|3.000000
7.810935811e+06|8.749350175e+08|6.437691303e+08|5.582719867e+08|3.000000|3.000000|3.000000
