#RRR|P25fit|P50fit|P75fit|P25model|P50model|P75model
2.516140311e+05|1.769314434e+11|1.778945033e+11|1.789358077e+11|0.000000|0.000000|0.000000
3.814437097e+05|1.756585149e+11|1.765409126e+11|1.774195855e+11|0.000000|0.000000|0.000000
4.540793064e+05|1.747138596e+11|1.755511489e+11|1.763622696e+11|0.000000|0.000000|0.000000
5.089477978e+05|1.738912039e+11|1.746949590e+11|1.754643250e+11|0.000000|0.000000|0.000000
5.530476809e+05|1.731626170e+11|1.739399570e+11|1.746808289e+11|0.000000|0.000000|0.000000
5.924835762e+05|1.724606289e+11|1.732148664e+11|1.739336688e+11|0.000000|0.000000|0.000000
6.315504487e+05|1.717185788e+11|1.724505005e+11|1.731502928e+11|0.000000|0.000000|0.000000
6.674324498e+05|1.709964165e+11|1.717084090e+11|1.723929919e+11|0.000000|0.000000|0.000000
7.020840486e+05|1.702623635e+11|1.709556805e+11|1.716274132e+11|0.000000|0.000000|0.000000
7.316141621e+05|1.696085592e+11|1.702864395e+11|1.709485062e+11|0.000000|0.000000|0.000000
7.637102310e+05|1.688686506e+11|1.695302866e+11|1.701830543e+11|0.000000|0.000000|0.000000
7.923183657e+05|1.681835814e+11|1.688312334e+11|1.694766671e+11|0.000000|0.000000|0.000000
8.196985917e+05|1.675054792e+11|1.681402057e+11|1.687793764e+11|0.000000|0.000000|0.000000
8.461909305e+05|1.668285936e+11|1.674512577e+11|1.680850009e+11|0.000000|0.000000|0.000000
8.747700047e+05|1.660756129e+11|1.666857719e+11|1.673142822e+11|0.000000|0.000000|0.000000
9.000904964e+05|1.653888456e+11|1.659883792e+11|1.666127324e+11|0.000000|0.000000|0.000000
9.251704689e+05|1.646905113e+11|1.652799527e+11|1.659005797e+11|0.000000|0.000000|0.000000
9.492209244e+05|1.640040224e+11|1.645841995e+11|1.652015757e+11|0.000000|0.000000|0.000000
9.742419122e+05|1.632724464e+11|1.638434241e+11|1.644577106e+11|0.000000|0.000000|0.000000
9.997975585e+05|1.625070376e+11|1.630690900e+11|1.636804856e+11|0.000000|0.000000|0.000000
1.020929135e+06|1.618603146e+11|1.624153518e+11|1.630245299e+11|0.000000|0.000000|0.000000
1.042786820e+06|1.611782766e+11|1.617264100e+11|1.623334337e+11|0.000000|0.000000|0.000000
1.065581066e+06|1.604529042e+11|1.609942239e+11|1.615991270e+11|0.000000|0.000000|0.000000
1.088771041e+06|1.597002324e+11|1.602350287e+11|1.608378819e+11|0.000000|0.000000|0.000000
1.107476046e+06|1.590823757e+11|1.596122131e+11|1.602134753e+11|0.000000|0.000000|0.000000
1.130083212e+06|1.583228750e+11|1.588470820e+11|1.594464781e+11|0.000000|0.000000|0.000000
1.149057890e+06|1.576746911e+11|1.581944810e+11|1.587923456e+11|0.000000|0.000000|0.000000
1.169083906e+06|1.569800356e+11|1.574954702e+11|1.580917406e+11|0.000000|0.000000|0.000000
1.191289169e+06|1.561971747e+11|1.567081493e+11|1.573026652e+11|0.000000|0.000000|0.000000
1.209191432e+06|1.555564100e+11|1.560640721e+11|1.566571745e+11|0.000000|0.000000|0.000000
1.228861380e+06|1.548425348e+11|1.553468489e+11|1.559383911e+11|0.000000|0.000000|0.000000
1.247409700e+06|1.541599722e+11|1.546614089e+11|1.552514659e+11|0.000000|0.000000|0.000000
1.266714961e+06|1.534399180e+11|1.539386477e+11|1.545271386e+11|0.000000|0.000000|0.000000
1.286068777e+06|1.527082350e+11|1.532045448e+11|1.537914392e+11|0.000000|0.000000|0.000000
1.305196449e+06|1.519754918e+11|1.524696983e+11|1.530549842e+11|0.000000|0.000000|0.000000
1.322679947e+06|1.512974182e+11|1.517899517e+11|1.523737375e+11|0.000000|0.000000|0.000000
1.339525989e+06|1.506365903e+11|1.511277361e+11|1.517100475e+11|0.000000|0.000000|0.000000
1.357558907e+06|1.499211106e+11|1.504110135e+11|1.509917134e+11|0.000000|0.000000|0.000000
1.375208668e+06|1.492127677e+11|1.497016953e+11|1.502807835e+11|0.000000|0.000000|0.000000
1.393277433e+06|1.484793844e+11|1.489675586e+11|1.495449614e+11|0.000000|0.000000|0.000000
1.410237946e+06|1.477834493e+11|1.482711402e+11|1.488469282e+11|0.000000|0.000000|0.000000
1.426368474e+06|1.471148344e+11|1.476022647e+11|1.481764884e+11|0.000000|0.000000|0.000000
1.441812383e+06|1.464685543e+11|1.469559152e+11|1.475286160e+11|0.000000|0.000000|0.000000
1.457832448e+06|1.457918605e+11|1.462793338e+11|1.468504302e+11|0.000000|0.000000|0.000000
1.473476050e+06|1.451249027e+11|1.456126647e+11|1.461821721e+11|0.000000|0.000000|0.000000
1.489866242e+06|1.444196089e+11|1.449078608e+11|1.454756821e+11|0.000000|0.000000|0.000000
1.506830930e+06|1.436826164e+11|1.441715748e+11|1.447376308e+11|0.000000|0.000000|0.000000
1.522326791e+06|1.430032614e+11|1.434930396e+11|1.440574686e+11|0.000000|0.000000|0.000000
1.536746996e+06|1.423657956e+11|1.428564842e+11|1.434193894e+11|0.000000|0.000000|0.000000
1.552164938e+06|1.416786303e+11|1.421704473e+11|1.427317164e+11|0.000000|0.000000|0.000000
1.565313810e+06|1.410880490e+11|1.415809527e+11|1.421408237e+11|0.000000|0.000000|0.000000
1.579693761e+06|1.404374032e+11|1.409316245e+11|1.414899668e+11|0.000000|0.000000|0.000000
1.596001940e+06|1.396935077e+11|1.401893835e+11|1.407459971e+11|0.000000|0.000000|0.000000
1.612582731e+06|1.389306672e+11|1.394283964e+11|1.399832635e+11|0.000000|0.000000|0.000000
1.627143671e+06|1.382553691e+11|1.387548651e+11|1.393082128e+11|0.000000|0.000000|0.000000
1.641081479e+06|1.376042749e+11|1.381055814e+11|1.386574920e+11|0.000000|0.000000|0.000000
1.655639187e+06|1.369193417e+11|1.374226610e+11|1.379730935e+11|0.000000|0.000000|0.000000
1.669747790e+06|1.362508018e+11|1.367561880e+11|1.373052150e+11|0.000000|0.000000|0.000000
1.682782678e+06|1.356290152e+11|1.361364100e+11|1.366841669e+11|0.000000|0.000000|0.000000
1.697021807e+06|1.349452771e+11|1.354549722e+11|1.360013777e+11|0.000000|0.000000|0.000000
1.712774364e+06|1.341834099e+11|1.346957752e+11|1.352407364e+11|0.000000|0.000000|0.000000
1.727835849e+06|1.334496327e+11|1.339646706e+11|1.345083079e+11|0.000000|0.000000|0.000000
1.741118096e+06|1.327982329e+11|1.333157216e+11|1.338582436e+11|0.000000|0.000000|0.000000
1.755213742e+06|1.321025500e+11|1.326227327e+11|1.331641311e+11|0.000000|0.000000|0.000000
1.767878944e+06|1.314736267e+11|1.319963092e+11|1.325367558e+11|0.000000|0.000000|0.000000
1.781626277e+06|1.307868737e+11|1.313123513e+11|1.318518327e+11|0.000000|0.000000|0.000000
1.795364090e+06|1.300963591e+11|1.306247120e+11|1.311633060e+11|0.000000|0.000000|0.000000
1.808985314e+06|1.294075431e+11|1.299388245e+11|1.304766215e+11|0.000000|0.000000|0.000000
1.822591620e+06|1.287153645e+11|1.292496452e+11|1.297867351e+11|0.000000|0.000000|0.000000
1.836824115e+06|1.279869489e+11|1.285244425e+11|1.290608958e+11|0.000000|0.000000|0.000000
1.849839753e+06|1.273169095e+11|1.278574056e+11|1.283933758e+11|0.000000|0.000000|0.000000
1.862551635e+06|1.266589261e+11|1.272024110e+11|1.277380072e+11|0.000000|0.000000|0.000000
1.874353865e+06|1.260448739e+11|1.265911811e+11|1.271265221e+11|0.000000|0.000000|0.000000
1.886195177e+06|1.254257504e+11|1.259749325e+11|1.265101119e+11|0.000000|0.000000|0.000000
1.899568738e+06|1.247228711e+11|1.252753493e+11|1.258104665e+11|0.000000|0.000000|0.000000
1.913303021e+06|1.239970316e+11|1.245529455e+11|1.250881398e+11|0.000000|0.000000|0.000000
1.927361758e+06|1.232498673e+11|1.238093471e+11|1.243447771e+11|0.000000|0.000000|0.000000
1.938507496e+06|1.226545283e+11|1.232168677e+11|1.237526036e+11|0.000000|0.000000|0.000000
1.952266487e+06|1.219159775e+11|1.224818831e+11|1.230181498e+11|0.000000|0.000000|0.000000
1.964295775e+06|1.212670050e+11|1.218360582e+11|1.223729344e+11|0.000000|0.000000|0.000000
1.975606059e+06|1.206540548e+11|1.212260900e+11|1.217636692e+11|0.000000|0.000000|0.000000
1.987360757e+06|1.200141908e+11|1.205893458e+11|1.211277949e+11|0.000000|0.000000|0.000000
1.998952659e+06|1.193803774e+11|1.199586268e+11|1.204980789e+11|0.000000|0.000000|0.000000
2.011613508e+06|1.186849425e+11|1.192665889e+11|1.198073085e+11|0.000000|0.000000|0.000000
2.025350611e+06|1.179266618e+11|1.185120102e+11|1.190543171e+11|0.000000|0.000000|0.000000
2.040393269e+06|1.170918877e+11|1.176813043e+11|1.182256148e+11|0.000000|0.000000|0.000000
2.051715698e+06|1.164605272e+11|1.170530120e+11|1.175990221e+11|0.000000|0.000000|0.000000
2.062719593e+06|1.158444430e+11|1.164399120e+11|1.169877380e+11|0.000000|0.000000|0.000000
2.075107046e+06|1.151479788e+11|1.157468069e+11|1.162968778e+11|0.000000|0.000000|0.000000
2.085581709e+06|1.145566583e+11|1.151583241e+11|1.157104650e+11|0.000000|0.000000|0.000000
2.096420375e+06|1.139424850e+11|1.145470818e+11|1.151015364e+11|0.000000|0.000000|0.000000
2.107626407e+06|1.133050426e+11|1.139126617e+11|1.144696979e+11|0.000000|0.000000|0.000000
2.120210704e+06|1.125862419e+11|1.131972419e+11|1.137574150e+11|0.000000|0.000000|0.000000
2.133898603e+06|1.118008718e+11|1.124155290e+11|1.129794102e+11|0.000000|0.000000|0.000000
2.147265161e+06|1.110304072e+11|1.116486106e+11|1.122164220e+11|0.000000|0.000000|0.000000
2.160422095e+06|1.102686372e+11|1.108903022e+11|1.114622920e+11|0.000000|0.000000|0.000000
2.171439229e+06|1.096281875e+11|1.102527255e+11|1.108284588e+11|0.000000|0.000000|0.000000
2.181119344e+06|1.090635369e+11|1.096905777e+11|1.102697899e+11|0.000000|0.000000|0.000000
2.190679061e+06|1.085041504e+11|1.091336412e+11|1.097164677e+11|0.000000|0.000000|0.000000
2.201246854e+06|1.078837516e+11|1.085159233e+11|1.091029578e+11|0.000000|0.000000|0.000000
2.211673242e+06|1.072695803e+11|1.079043665e+11|1.084957768e+11|0.000000|0.000000|0.000000
2.223827673e+06|1.065510307e+11|1.071888230e+11|1.077856237e+11|0.000000|0.000000|0.000000
2.235365375e+06|1.058663781e+11|1.065069790e+11|1.071091930e+11|0.000000|0.000000|0.000000
2.249556980e+06|1.050208382e+11|1.056648288e+11|1.062741096e+11|0.000000|0.000000|0.000000
2.263803589e+06|1.041682688e+11|1.048155838e+11|1.054324271e+11|0.000000|0.000000|0.000000
2.274107611e+06|1.035493098e+11|1.041989767e+11|1.048215909e+11|0.000000|0.000000|0.000000
2.285412937e+06|1.028679671e+11|1.035201602e+11|1.041494057e+11|0.000000|0.000000|0.000000
2.295233770e+06|1.022742019e+11|1.029285410e+11|1.035638075e+11|0.000000|0.000000|0.000000
2.302754062e+06|1.018183450e+11|1.024742955e+11|1.031143398e+11|0.000000|0.000000|0.000000
2.311657369e+06|1.012773347e+11|1.019351555e+11|1.025810478e+11|0.000000|0.000000|0.000000
2.322052471e+06|1.006438733e+11|1.013038243e+11|1.019568124e+11|0.000000|0.000000|0.000000
2.334004746e+06|9.991313325e+10|1.005754592e+11|1.012369711e+11|0.000000|0.000000|0.000000
2.347158056e+06|9.910603092e+10|9.977087363e+10|1.004422290e+11|0.000000|0.000000|0.000000
2.361357674e+06|9.823129877e+10|9.889873830e+10|9.958128061e+10|0.000000|0.000000|0.000000
2.374695861e+06|9.740641453e+10|9.807617350e+10|9.876976954e+10|0.000000|0.000000|0.000000
2.384987801e+06|9.676780481e+10|9.743927030e+10|9.814176639e+10|0.000000|0.000000|0.000000
2.395385053e+06|9.612079909e+10|9.679391186e+10|9.750573487e+10|0.000000|0.000000|0.000000
2.404583597e+06|9.554683564e+10|9.622133920e+10|9.694170100e+10|0.000000|0.000000|0.000000
2.412700029e+06|9.503918926e+10|9.571486640e+10|9.644299064e+10|0.000000|0.000000|0.000000
2.420386289e+06|9.455741242e+10|9.523415331e+10|9.596982906e+10|0.000000|0.000000|0.000000
2.430583425e+06|9.391705925e+10|9.459515592e+10|9.534108265e+10|1.000000|1.000000|1.000000
2.441034938e+06|9.325751887e+10|9.393684404e+10|9.469393617e+10|1.000000|1.000000|1.000000
2.452572996e+06|9.252941229e+10|9.321009366e+10|9.397951196e+10|1.000000|1.000000|1.000000
2.466900253e+06|9.162529392e+10|9.230765935e+10|9.309238353e+10|1.000000|1.000000|1.000000
2.481814829e+06|9.068411295e+10|9.136823147e+10|9.216888897e+10|1.000000|1.000000|1.000000
2.492369943e+06|9.001803483e+10|9.070339403e+10|9.151532760e+10|1.000000|1.000000|1.000000
2.499824887e+06|8.954759223e+10|9.023382770e+10|9.105372543e+10|1.000000|1.000000|1.000000
2.508617809e+06|8.899271686e+10|8.967998586e+10|9.050927712e+10|1.000000|1.000000|1.000000
2.516189295e+06|8.851491991e+10|8.920307889e+10|9.004045880e+10|1.000000|1.000000|1.000000
2.523983530e+06|8.802306643e+10|8.871214156e+10|8.955784809e+10|1.000000|1.000000|1.000000
2.531953984e+06|8.752009273e+10|8.821010473e+10|8.906432613e+10|1.000000|1.000000|1.000000
2.541770162e+06|8.690064501e+10|8.759181082e+10|8.845651890e+10|1.000000|1.000000|1.000000
2.556967885e+06|8.594159609e+10|8.663454827e+10|8.751549216e+10|1.000000|1.000000|1.000000
2.576697596e+06|8.469655710e+10|8.539182836e+10|8.629384959e+10|1.000000|1.000000|1.000000
2.593197707e+06|8.365532124e+10|8.435253196e+10|8.527218035e+10|1.000000|1.000000|1.000000
2.601870577e+06|8.310802171e+10|8.380625186e+10|8.473516551e+10|1.000000|1.000000|1.000000
2.608580935e+06|8.268456606e+10|8.338358496e+10|8.431966732e+10|1.000000|1.000000|1.000000
2.614422909e+06|8.231590964e+10|8.301561522e+10|8.395793859e+10|1.000000|1.000000|1.000000
2.619361139e+06|8.200428374e+10|8.270456977e+10|8.365216868e+10|1.000000|1.000000|1.000000
2.623738103e+06|8.172807636e+10|8.242887687e+10|8.338115171e+10|1.000000|1.000000|1.000000
2.628569815e+06|8.142317225e+10|8.212454069e+10|8.308197728e+10|1.000000|1.000000|1.000000
2.634573707e+06|8.104429800e+10|8.174637215e+10|8.271022272e+10|1.000000|1.000000|1.000000
2.642127807e+06|8.056759819e+10|8.127056026e+10|8.224248092e+10|1.000000|1.000000|1.000000
2.651518678e+06|7.997498938e+10|8.067905528e+10|8.166100825e+10|1.000000|1.000000|1.000000
2.694077771e+06|7.728930731e+10|7.799837570e+10|7.902579476e+10|1.000000|1.000000|1.000000
2.724368654e+06|7.537780787e+10|7.609043672e+10|7.715021568e+10|1.000000|1.000000|1.000000
2.729711831e+06|7.504062787e+10|7.575388477e+10|7.681937188e+10|1.000000|1.000000|1.000000
2.733259654e+06|7.481674332e+10|7.553041724e+10|7.659969450e+10|1.000000|1.000000|1.000000
2.736770916e+06|7.459516591e+10|7.530925254e+10|7.638228091e+10|1.000000|1.000000|1.000000
2.740128951e+06|7.438325787e+10|7.509773922e+10|7.617435499e+10|1.000000|1.000000|1.000000
2.743417189e+06|7.417575432e+10|7.489062217e+10|7.597075079e+10|1.000000|1.000000|1.000000
2.746319380e+06|7.399261226e+10|7.470782124e+10|7.579105028e+10|1.000000|1.000000|1.000000
2.749609066e+06|7.378501733e+10|7.450061299e+10|7.558735642e+10|1.000000|1.000000|1.000000
2.752959370e+06|7.357359711e+10|7.428958658e+10|7.537990915e+10|1.000000|1.000000|1.000000
2.756700980e+06|7.333748367e+10|7.405391293e+10|7.514823269e+10|1.000000|1.000000|1.000000
2.761168471e+06|7.305556363e+10|7.377251801e+10|7.487161041e+10|1.000000|1.000000|1.000000
2.765451078e+06|7.278531069e+10|7.350276846e+10|7.460643598e+10|1.000000|1.000000|1.000000
2.770185824e+06|7.248652558e+10|7.320453988e+10|7.431326556e+10|1.000000|1.000000|1.000000
2.777160863e+06|7.204636734e+10|7.276520150e+10|7.388137864e+10|1.000000|1.000000|1.000000
2.867631319e+06|6.633724939e+10|6.706671766e+10|6.827954485e+10|1.000000|1.000000|1.000000
2.901828414e+06|6.417924932e+10|6.491273719e+10|6.616209731e+10|1.000000|1.000000|1.000000
2.908134416e+06|6.378131046e+10|6.451553955e+10|6.577163640e+10|1.000000|1.000000|1.000000
2.913373494e+06|6.345069961e+10|6.418554451e+10|6.544723829e+10|1.000000|1.000000|1.000000
2.918682107e+06|6.291440848e+10|6.385116967e+10|6.511853467e+10|2.000000|1.000000|1.000000
2.925199979e+06|6.275301835e+10|6.344062695e+10|6.471495503e+10|2.000000|1.000000|1.000000
2.932335630e+06|6.257633128e+10|6.285957352e+10|6.427312316e+10|2.000000|2.000000|1.000000
2.939515551e+06|6.239854803e+10|6.268090974e+10|6.382855012e+10|2.000000|2.000000|1.000000
2.949232542e+06|6.215794397e+10|6.243911399e+10|6.313607076e+10|2.000000|2.000000|2.000000
3.033993843e+06|6.005915498e+10|6.032993001e+10|6.096325564e+10|2.000000|2.000000|2.000000
3.056903152e+06|5.949189367e+10|5.975985914e+10|6.037598652e+10|2.000000|2.000000|2.000000
3.064975223e+06|5.929201975e+10|5.955899528e+10|6.016906288e+10|2.000000|2.000000|2.000000
3.072532828e+06|5.910488459e+10|5.937093326e+10|5.997532729e+10|2.000000|2.000000|2.000000
3.080367033e+06|5.891090052e+10|5.917598842e+10|5.977450123e+10|2.000000|2.000000|2.000000
3.088517541e+06|5.870908440e+10|5.897317273e+10|5.956556688e+10|2.000000|2.000000|2.000000
3.096752219e+06|5.850518414e+10|5.876826258e+10|5.935447487e+10|2.000000|2.000000|2.000000
3.108465461e+06|5.821515056e+10|5.847679251e+10|5.905421156e+10|2.000000|2.000000|2.000000
3.139643947e+06|5.744313478e+10|5.770095305e+10|5.825496610e+10|2.000000|2.000000|2.000000
3.184373219e+06|5.633558565e+10|5.658791839e+10|5.710835274e+10|2.000000|2.000000|2.000000
3.196297783e+06|5.604031950e+10|5.629118982e+10|5.680267229e+10|2.000000|2.000000|2.000000
3.206899939e+06|5.577779772e+10|5.602736781e+10|5.653089113e+10|2.000000|2.000000|2.000000
3.217512089e+06|5.551502846e+10|5.576329709e+10|5.625885377e+10|2.000000|2.000000|2.000000
3.228015597e+06|5.525494930e+10|5.550192980e+10|5.598960140e+10|2.000000|2.000000|2.000000
3.240263850e+06|5.495166824e+10|5.519714663e+10|5.567562334e+10|2.000000|2.000000|2.000000
3.256935986e+06|5.453884663e+10|5.478228038e+10|5.524824115e+10|2.000000|2.000000|2.000000
3.286651848e+06|5.380304712e+10|5.404283656e+10|5.448648935e+10|2.000000|2.000000|2.000000
3.317018709e+06|5.305112812e+10|5.328719342e+10|5.370804951e+10|2.000000|2.000000|2.000000
3.330339670e+06|5.268372825e+10|5.295571716e+10|5.336657306e+10|3.000000|2.000000|2.000000
3.341628472e+06|5.238476384e+10|5.265915706e+10|5.306358129e+10|3.000000|3.000000|3.000000
3.352431271e+06|5.209566514e+10|5.237724153e+10|5.277527108e+10|3.000000|3.000000|3.000000
3.362625898e+06|5.182029899e+10|5.210825429e+10|5.250063879e+10|3.000000|3.000000|3.000000
3.374522352e+06|5.149602866e+10|5.179095041e+10|5.217720203e+10|3.000000|3.000000|3.000000
3.388550764e+06|5.110985655e+10|5.141235302e+10|5.179196662e+10|3.000000|3.000000|3.000000
3.409298542e+06|5.053187380e+10|5.084435446e+10|5.121524218e+10|3.000000|3.000000|3.000000
3.444615881e+06|4.953188918e+10|4.985822734e+10|5.021691963e+10|3.000000|3.000000|3.000000
3.460817052e+06|4.906744921e+10|4.939890904e+10|4.975298910e+10|3.000000|3.000000|3.000000
3.473658838e+06|4.869716480e+10|4.903216627e+10|4.938297768e+10|3.000000|3.000000|3.000000
3.486134133e+06|4.833583843e+10|4.867385985e+10|4.902179713e+10|3.000000|3.000000|3.000000
3.497710634e+06|4.799928295e+10|4.833974987e+10|4.868526562e+10|3.000000|3.000000|3.000000
3.508447295e+06|4.768618184e+10|4.802862091e+10|4.837208641e+10|3.000000|3.000000|3.000000
3.520376578e+06|4.733734825e+10|4.768165669e+10|4.802304823e+10|3.000000|3.000000|3.000000
3.536725386e+06|4.685789685e+10|4.720424024e+10|4.754310706e+10|3.000000|3.000000|3.000000
3.562483575e+06|4.610001877e+10|4.644840603e+10|4.678394398e+10|3.000000|3.000000|3.000000
3.586789288e+06|4.538307108e+10|4.573218238e+10|4.606518358e+10|3.000000|3.000000|3.000000
3.601082078e+06|4.496105773e+10|4.531009110e+10|4.564182421e+10|3.000000|3.000000|3.000000
3.614087765e+06|4.457697131e+10|4.492563090e+10|4.525632990e+10|3.000000|3.000000|3.000000
3.627055670e+06|4.419406167e+10|4.454207661e+10|4.487184145e+10|3.000000|3.000000|3.000000
3.639193748e+06|4.383581850e+10|4.418299690e+10|4.451196151e+10|3.000000|3.000000|3.000000
3.650565134e+06|4.350043354e+10|4.384663436e+10|4.417490358e+10|3.000000|3.000000|3.000000
3.664780600e+06|4.308159418e+10|4.342632378e+10|4.375378324e+10|3.000000|3.000000|3.000000
3.681802235e+06|4.258087950e+10|4.292350696e+10|4.325006175e+10|3.000000|3.000000|3.000000
3.707114817e+06|4.183833798e+10|4.217721482e+10|4.250250066e+10|3.000000|3.000000|3.000000
3.726447176e+06|4.127323919e+10|4.160880090e+10|4.193313585e+10|3.000000|3.000000|3.000000
3.741787302e+06|4.082626748e+10|4.115895138e+10|4.148251979e+10|3.000000|3.000000|3.000000
3.753519271e+06|4.048536212e+10|4.081571104e+10|4.113867641e+10|3.000000|3.000000|3.000000
3.765676739e+06|4.013300272e+10|4.046081961e+10|4.078313796e+10|3.000000|3.000000|3.000000
3.778690243e+06|3.975691374e+10|4.008190422e+10|4.040349850e+10|3.000000|3.000000|3.000000
3.790809867e+06|3.940770997e+10|3.972996993e+10|4.005085499e+10|3.000000|3.000000|3.000000
3.805677874e+06|3.898076301e+10|3.929955726e+10|3.961951918e+10|3.000000|3.000000|3.000000
3.821667952e+06|3.852344444e+10|3.883838600e+10|3.915728151e+10|3.000000|3.000000|3.000000
3.843387142e+06|3.790546752e+10|3.821500166e+10|3.853231204e+10|3.000000|3.000000|3.000000
3.863292191e+06|3.734245607e+10|3.764689419e+10|3.796260058e+10|3.000000|3.000000|3.000000
3.879152708e+06|3.689619901e+10|3.719650422e+10|3.751082203e+10|3.000000|3.000000|3.000000
3.891351856e+06|3.655440564e+10|3.685149982e+10|3.716468033e+10|3.000000|3.000000|3.000000
3.904754805e+06|3.618035041e+10|3.647389401e+10|3.678575395e+10|3.000000|3.000000|3.000000
3.918442504e+06|3.579994457e+10|3.608984713e+10|3.640028064e+10|3.000000|3.000000|3.000000
3.929750990e+06|3.548688420e+10|3.577377399e+10|3.608296930e+10|3.000000|3.000000|3.000000
3.943375169e+06|3.511118996e+10|3.539445249e+10|3.570208430e+10|3.000000|3.000000|3.000000
3.959096702e+06|3.467966050e+10|3.495875178e+10|3.526448254e+10|3.000000|3.000000|3.000000
3.977151244e+06|3.418672935e+10|3.446106573e+10|3.476448739e+10|3.000000|3.000000|3.000000
3.997539242e+06|3.363345027e+10|3.390248548e+10|3.420314240e+10|3.000000|3.000000|3.000000
4.014551153e+06|3.317448475e+10|3.343917008e+10|3.373739775e+10|3.000000|3.000000|3.000000
4.028967926e+06|3.278742387e+10|3.304848651e+10|3.334457279e+10|3.000000|3.000000|3.000000
4.040926068e+06|3.246766756e+10|3.272577590e+10|3.302003136e+10|3.000000|3.000000|3.000000
4.053413716e+06|3.213498602e+10|3.239006335e+10|3.268235696e+10|3.000000|3.000000|3.000000
4.066780465e+06|3.178025627e+10|3.203215592e+10|3.232229648e+10|3.000000|3.000000|3.000000
4.080459271e+06|3.141868338e+10|3.166740835e+10|3.195529297e+10|3.000000|3.000000|3.000000
4.094545382e+06|3.104782876e+10|3.129337217e+10|3.157888298e+10|3.000000|3.000000|3.000000
4.111945926e+06|3.059173287e+10|3.083347759e+10|3.111599316e+10|3.000000|3.000000|3.000000
4.129820913e+06|3.012544547e+10|3.036344951e+10|3.064282666e+10|3.000000|3.000000|3.000000
4.149096284e+06|2.962506870e+10|2.985923430e+10|3.013517170e+10|3.000000|3.000000|3.000000
4.163093537e+06|2.926322678e+10|2.949473860e+10|2.976815131e+10|3.000000|3.000000|3.000000
4.175449342e+06|2.894483401e+10|2.917410041e+10|2.944527169e+10|3.000000|3.000000|3.000000
4.189397075e+06|2.858651759e+10|2.881336213e+10|2.908199487e+10|3.000000|3.000000|3.000000
4.202095037e+06|2.826127783e+10|2.848602438e+10|2.875234393e+10|3.000000|3.000000|3.000000
4.215005205e+06|2.793150723e+10|2.815422761e+10|2.841819889e+10|3.000000|3.000000|3.000000
4.229420028e+06|2.756432686e+10|2.778491496e+10|2.804627540e+10|3.000000|3.000000|3.000000
4.245147836e+06|2.716486424e+10|2.738328540e+10|2.764181958e+10|3.000000|3.000000|3.000000
4.262277698e+06|2.673107898e+10|2.694733284e+10|2.720282722e+10|3.000000|3.000000|3.000000
4.279449822e+06|2.629746687e+10|2.651175290e+10|2.676425337e+10|3.000000|3.000000|3.000000
4.294513046e+06|2.591804617e+10|2.613077679e+10|2.638070574e+10|3.000000|3.000000|3.000000
4.308937638e+06|2.555546412e+10|2.576685594e+10|2.601437917e+10|3.000000|3.000000|3.000000
4.322555239e+06|2.521378390e+10|2.542404763e+10|2.566935796e+10|3.000000|3.000000|3.000000
4.334628123e+06|2.491131929e+10|2.512069340e+10|2.536409458e+10|3.000000|3.000000|3.000000
4.346809396e+06|2.460653515e+10|2.481511683e+10|2.505664677e+10|3.000000|3.000000|3.000000
4.360744369e+06|2.425831157e+10|2.446611596e+10|2.470557897e+10|3.000000|3.000000|3.000000
4.375059413e+06|2.390102236e+10|2.410817117e+10|2.434559954e+10|3.000000|3.000000|3.000000
4.389990153e+06|2.352876879e+10|2.373538693e+10|2.397079652e+10|3.000000|3.000000|3.000000
4.407441954e+06|2.309409426e+10|2.330028803e+10|2.353348205e+10|3.000000|3.000000|3.000000
4.422728305e+06|2.271366287e+10|2.291965587e+10|2.315104578e+10|3.000000|3.000000|3.000000
4.440186331e+06|2.227944792e+10|2.248540316e+10|2.271489888e+10|3.000000|3.000000|3.000000
4.453567302e+06|2.194677046e+10|2.215283212e+10|2.238100239e+10|3.000000|3.000000|3.000000
4.467334543e+06|2.160456282e+10|2.181085368e+10|2.203778000e+10|3.000000|3.000000|3.000000
4.480356808e+06|2.128090331e+10|2.148751997e+10|2.171338557e+10|3.000000|3.000000|3.000000
4.492159822e+06|2.098754399e+10|2.119454510e+10|2.141954975e+10|3.000000|3.000000|3.000000
4.506319271e+06|2.063557734e+10|2.084314823e+10|2.106724969e+10|3.000000|3.000000|3.000000
4.521155795e+06|2.026669492e+10|2.047498551e+10|2.069829631e+10|3.000000|3.000000|3.000000
4.535370037e+06|1.991316510e+10|2.012225815e+10|2.034496451e+10|3.000000|3.000000|3.000000
4.550302540e+06|1.954160904e+10|1.975165865e+10|1.997389466e+10|3.000000|3.000000|3.000000
4.568178654e+06|1.909654462e+10|1.930788380e+10|1.952978241e+10|3.000000|3.000000|3.000000
4.583502524e+06|1.871475942e+10|1.892732127e+10|1.914912895e+10|3.000000|3.000000|3.000000
4.596820639e+06|1.838272713e+10|1.859643324e+10|1.881831178e+10|3.000000|3.000000|3.000000
4.610887327e+06|1.803179558e+10|1.824678659e+10|1.846889181e+10|3.000000|3.000000|3.000000
4.624445301e+06|1.769331476e+10|1.790961240e+10|1.813208363e+10|3.000000|3.000000|3.000000
4.636641433e+06|1.738862591e+10|1.760615099e+10|1.782907466e+10|3.000000|3.000000|3.000000
4.650672630e+06|1.703784767e+10|1.725683963e+10|1.748042693e+10|3.000000|3.000000|3.000000
4.664007875e+06|1.670422667e+10|1.692466061e+10|1.714901885e+10|3.000000|3.000000|3.000000
4.676841811e+06|1.638293029e+10|1.660478979e+10|1.683001687e+10|3.000000|3.000000|3.000000
4.692135887e+06|1.599977846e+10|1.622337663e+10|1.644979799e+10|3.000000|3.000000|3.000000
4.710078876e+06|1.554992440e+10|1.577560383e+10|1.600363969e+10|3.000000|3.000000|3.000000
4.727327523e+06|1.511717393e+10|1.534488029e+10|1.557467600e+10|3.000000|3.000000|3.000000
4.742359658e+06|1.473983359e+10|1.496931413e+10|1.520080087e+10|3.000000|3.000000|3.000000
4.757360623e+06|1.436313706e+10|1.459438323e+10|1.482769459e+10|3.000000|3.000000|3.000000
4.769702808e+06|1.405313965e+10|1.428582651e+10|1.452073497e+10|3.000000|3.000000|3.000000
4.780183721e+06|1.378987095e+10|1.402376729e+10|1.426009519e+10|3.000000|3.000000|3.000000
4.793631148e+06|1.345209756e+10|1.368751977e+10|1.392574711e+10|3.000000|3.000000|3.000000
4.806452344e+06|1.313011045e+10|1.336695246e+10|1.360706491e+10|3.000000|3.000000|3.000000
4.821066329e+06|1.276323329e+10|1.300164128e+10|1.324397953e+10|3.000000|3.000000|3.000000
4.835405348e+06|1.240347430e+10|1.264335306e+10|1.288794219e+10|3.000000|3.000000|3.000000
4.853705126e+06|1.194479022e+10|1.218643201e+10|1.243396739e+10|3.000000|3.000000|3.000000
4.868875009e+06|1.156506945e+10|1.180805869e+10|1.205807773e+10|3.000000|3.000000|3.000000
4.884664981e+06|1.117046322e+10|1.141472769e+10|1.166734885e+10|3.000000|3.000000|3.000000
4.900000468e+06|1.078797916e+10|1.103334137e+10|1.128848362e+10|3.000000|3.000000|3.000000
4.912271467e+06|1.048257170e+10|1.072870111e+10|1.098584020e+10|3.000000|3.000000|3.000000
4.924070059e+06|1.018954590e+10|1.043631104e+10|1.069533989e+10|3.000000|3.000000|3.000000
4.936818704e+06|9.873704094e+09|1.012103460e+10|1.038205793e+10|3.000000|3.000000|3.000000
4.949547101e+06|9.559272728e+09|9.807031928e+09|1.006998174e+10|3.000000|3.000000|3.000000
4.963200001e+06|9.223137695e+09|9.471194233e+09|9.736119234e+09|3.000000|3.000000|3.000000
4.978266996e+06|8.853718901e+09|9.101893181e+09|9.368862630e+09|3.000000|3.000000|3.000000
4.997507573e+06|8.384622462e+09|8.632598789e+09|8.901924507e+09|3.000000|3.000000|3.000000
5.020207587e+06|7.835588231e+09|8.082780569e+09|8.354431364e+09|3.000000|3.000000|3.000000
5.041067162e+06|7.335928142e+09|7.581822827e+09|7.855077384e+09|3.000000|3.000000|3.000000
5.054608071e+06|7.014394660e+09|7.259126265e+09|7.533099747e+09|3.000000|3.000000|3.000000
5.064209854e+06|6.787869131e+09|7.031613699e+09|7.305924290e+09|3.000000|3.000000|3.000000
5.072348470e+06|6.596880555e+09|6.839678669e+09|7.114153662e+09|3.000000|3.000000|3.000000
5.082119202e+06|6.368892518e+09|6.610416551e+09|6.884931811e+09|3.000000|3.000000|3.000000
5.091220487e+06|6.157869715e+09|6.398067083e+09|6.672455689e+09|3.000000|3.000000|3.000000
5.100600839e+06|5.941806430e+09|6.180490364e+09|6.454571945e+09|3.000000|3.000000|3.000000
5.110603113e+06|5.713101920e+09|5.950003116e+09|6.223547441e+09|3.000000|3.000000|3.000000
5.122888705e+06|5.434704156e+09|5.669168130e+09|5.941735904e+09|3.000000|3.000000|3.000000
5.141705352e+06|5.014080632e+09|5.244257710e+09|5.514594887e+09|3.000000|3.000000|3.000000
5.191836203e+06|3.932474849e+09|4.147659548e+09|4.406991667e+09|3.000000|3.000000|3.000000
5.228711910e+06|3.179528183e+09|3.379996159e+09|3.625590577e+09|3.000000|3.000000|3.000000
5.241279930e+06|2.932445013e+09|3.127112698e+09|3.366747055e+09|3.000000|3.000000|3.000000
5.247807791e+06|2.806175906e+09|2.997665411e+09|3.233925496e+09|3.000000|3.000000|3.000000
5.252551070e+06|2.715341495e+09|2.904449188e+09|3.138133758e+09|3.000000|3.000000|3.000000
5.257957105e+06|2.612775871e+09|2.799093478e+09|3.029712645e+09|3.000000|3.000000|3.000000
5.264187672e+06|2.495864247e+09|2.678865071e+09|2.905775442e+09|3.000000|3.000000|3.000000
5.270368982e+06|2.381282357e+09|2.560883938e+09|2.783924032e+09|3.000000|3.000000|3.000000
5.276050864e+06|2.277222585e+09|2.453602614e+09|2.672913241e+09|3.000000|3.000000|3.000000
5.281597562e+06|2.176833399e+09|2.349977619e+09|2.565484845e+09|3.000000|3.000000|3.000000
5.287911509e+06|2.064027137e+09|2.233377049e+09|2.444354466e+09|3.000000|3.000000|3.000000
5.296186661e+06|1.918611528e+09|2.082806783e+09|2.287515611e+09|3.000000|3.000000|3.000000
5.306757574e+06|1.736992115e+09|1.894296500e+09|2.090431659e+09|3.000000|3.000000|3.000000
5.323390766e+06|1.461038388e+09|1.606784648e+09|1.788082937e+09|3.000000|3.000000|3.000000
5.349207314e+06|1.058096491e+09|1.184097028e+09|1.338878954e+09|3.000000|3.000000|3.000000
5.399776465e+06|3.685727285e+08|4.490644950e+08|5.381295973e+08|3.000000|3.000000|3.000000
5.470078491e+06|-3.315241516e+08|-3.309931569e+08|-3.691806526e+08|3.000000|3.000000|3.000000
