#PHASE|Nmant|Nmant/Nmanttot|Mmant|Mmant/Mmanttot|RRRminmant|RRRminmantEq|RRRmaxmant|RRRmaxmantEq|Ncore|Ncore/Ncoretot|Mcore|Mcore/Mcoretot|RRRmincore|RRRmaxcore|
0.000000000e+00|0.000000000e+00|0.000000000e+00|0.000000000e+00|0.000000000e+00|inf|inf|-inf|inf|0.000000000e+00|0.000000000e+00|0.000000000e+00|0.000000000e+00|inf|-inf
1.000000000e+00|2.616000000e+03|2.704071612e-02|5.602765923e+22|2.702337995e-02|2.888209418e+06|2.932910000e+06|3.958178877e+06|inf|2.616000000e+03|0.000000000e+00|0.000000000e+00|0.000000000e+00|inf|-inf
2.000000000e+00|7.000000000e+00|7.235665630e-05|1.499157056e+20|7.230766251e-05|2.385090692e+08|inf|2.913947407e+08|inf|7.000000000e+00|0.000000000e+00|0.000000000e+00|0.000000000e+00|inf|-inf
3.000000000e+00|4.146200000e+04|4.285788119e-01|8.880062954e+23|4.283050881e-01|2.885629535e+06|2.931771016e+06|1.638974625e+08|inf|4.146200000e+04|0.000000000e+00|0.000000000e+00|0.000000000e+00|inf|-inf
4.000000000e+00|4.560600000e+04|4.714139524e-01|9.775735564e+23|4.715053602e-01|3.015482080e+06|3.026894669e+06|1.640973319e+08|inf|4.560600000e+04|9.771570572e-01|8.758352682e+23|9.771568183e-01|6.845280273e+04|2.897110544e+06
5.000000000e+00|2.270000000e+02|2.346422997e-03|4.883583108e+21|2.355460208e-03|1.000371272e+07|inf|2.866483949e+08|inf|2.270000000e+02|0.000000000e+00|0.000000000e+00|0.000000000e+00|inf|-inf
6.000000000e+00|8.000000000e+00|8.269332148e-05|1.718885219e+20|8.290563807e-05|1.035332753e+07|inf|2.500120175e+08|inf|8.000000000e+00|0.000000000e+00|0.000000000e+00|0.000000000e+00|inf|-inf
7.000000000e+00|1.242000000e+03|1.283813816e-02|2.668557500e+22|1.287104338e-02|6.292584882e+06|6.380653285e+06|1.931993515e+08|inf|1.242000000e+03|0.000000000e+00|0.000000000e+00|0.000000000e+00|inf|-inf
8.000000000e+00|5.575000000e+03|5.762690841e-02|1.198046932e+23|5.778445483e-02|5.405172324e+06|5.464050372e+06|6.407130727e+06|inf|5.575000000e+03|2.284294282e-02|2.047456848e+22|2.284318173e-02|2.425425016e+06|3.814720502e+06
