#RRR|P25fit|P50fit|P75fit|P25model|P50model|P75model
2.633166468e+05|1.717093099e+11|1.738206284e+11|1.767197416e+11|0.000000|0.000000|0.000000
4.016293075e+05|1.726032143e+11|1.739751549e+11|1.755372343e+11|0.000000|0.000000|0.000000
4.748858790e+05|1.724077668e+11|1.735365492e+11|1.746524168e+11|0.000000|0.000000|0.000000
5.347227076e+05|1.719538476e+11|1.729449451e+11|1.738051788e+11|0.000000|0.000000|0.000000
5.782325988e+05|1.714744228e+11|1.723946162e+11|1.731216780e+11|0.000000|0.000000|0.000000
6.226867696e+05|1.708662292e+11|1.717358364e+11|1.723666809e+11|0.000000|0.000000|0.000000
6.556397352e+05|1.703440226e+11|1.711885957e+11|1.717710702e+11|0.000000|0.000000|0.000000
6.866349483e+05|1.698012803e+11|1.706308016e+11|1.711835942e+11|0.000000|0.000000|0.000000
7.192187349e+05|1.691803012e+11|1.700018210e+11|1.705381391e+11|0.000000|0.000000|0.000000
7.472371325e+05|1.686075960e+11|1.694278590e+11|1.699607385e+11|0.000000|0.000000|0.000000
7.711647832e+05|1.680918392e+11|1.689146352e+11|1.694515579e+11|0.000000|0.000000|0.000000
7.967015078e+05|1.675158085e+11|1.683445172e+11|1.688920658e+11|0.000000|0.000000|0.000000
8.239362146e+05|1.668739984e+11|1.677121717e+11|1.682773858e+11|0.000000|0.000000|0.000000
8.502909186e+05|1.662275224e+11|1.670774799e+11|1.676651858e+11|0.000000|0.000000|0.000000
8.713849395e+05|1.656931149e+11|1.665540582e+11|1.671630601e+11|0.000000|0.000000|0.000000
8.930854865e+05|1.651284405e+11|1.660018750e+11|1.666354032e+11|0.000000|0.000000|0.000000
9.184963131e+05|1.644490497e+11|1.653383370e+11|1.660034246e+11|0.000000|0.000000|0.000000
9.398740522e+05|1.638631440e+11|1.647665459e+11|1.654601256e+11|0.000000|0.000000|0.000000
9.614684199e+05|1.632587373e+11|1.641769005e+11|1.649006792e+11|0.000000|0.000000|0.000000
9.840849133e+05|1.626129211e+11|1.635468721e+11|1.643034292e+11|0.000000|0.000000|0.000000
1.001624582e+06|1.621035258e+11|1.630498157e+11|1.638323627e+11|0.000000|0.000000|0.000000
1.022645615e+06|1.614836970e+11|1.624447369e+11|1.632588252e+11|0.000000|0.000000|0.000000
1.044958143e+06|1.608152437e+11|1.617917280e+11|1.626394668e+11|0.000000|0.000000|0.000000
1.063264188e+06|1.602591435e+11|1.612480131e+11|1.621232708e+11|0.000000|0.000000|0.000000
1.082554141e+06|1.596660585e+11|1.606675902e+11|1.615715595e+11|0.000000|0.000000|0.000000
1.100355223e+06|1.591126036e+11|1.601253780e+11|1.610554224e+11|0.000000|0.000000|0.000000
1.119110817e+06|1.585234017e+11|1.595474761e+11|1.605043982e+11|0.000000|0.000000|0.000000
1.138149372e+06|1.579192504e+11|1.589541375e+11|1.599375606e+11|0.000000|0.000000|0.000000
1.156630197e+06|1.573272445e+11|1.583719158e+11|1.593801645e+11|0.000000|0.000000|0.000000
1.174052726e+06|1.567643688e+11|1.578175578e+11|1.588482787e+11|0.000000|0.000000|0.000000
1.190711407e+06|1.562220365e+11|1.572826770e+11|1.583339408e+11|0.000000|0.000000|0.000000
1.206834653e+06|1.556934506e+11|1.567606152e+11|1.578308005e+11|0.000000|0.000000|0.000000
1.225525458e+06|1.550763473e+11|1.561501786e+11|1.572410177e+11|0.000000|0.000000|0.000000
1.242408667e+06|1.545150851e+11|1.555940683e+11|1.567022978e+11|0.000000|0.000000|0.000000
1.256729519e+06|1.540362618e+11|1.551189401e+11|1.562409224e+11|0.000000|0.000000|0.000000
1.273354196e+06|1.534773666e+11|1.545635295e+11|1.557002708e+11|0.000000|0.000000|0.000000
1.291707635e+06|1.528566938e+11|1.539456674e+11|1.550971297e+11|0.000000|0.000000|0.000000
1.307809807e+06|1.523091043e+11|1.533996230e+11|1.545625863e+11|0.000000|0.000000|0.000000
1.322031401e+06|1.518231738e+11|1.529143252e+11|1.540863100e+11|0.000000|0.000000|0.000000
1.336165963e+06|1.513381435e+11|1.524292316e+11|1.536090986e+11|0.000000|0.000000|0.000000
1.353274187e+06|1.507483778e+11|1.518384529e+11|1.530263808e+11|0.000000|0.000000|0.000000
1.369623476e+06|1.501820859e+11|1.512702234e+11|1.524643086e+11|0.000000|0.000000|0.000000
1.382851193e+06|1.497220349e+11|1.508079052e+11|1.520058473e+11|0.000000|0.000000|0.000000
1.396744483e+06|1.492370558e+11|1.503198674e+11|1.515207631e+11|0.000000|0.000000|0.000000
1.412882234e+06|1.486714729e+11|1.497498583e+11|1.509527584e+11|0.000000|0.000000|0.000000
1.428645490e+06|1.481167048e+11|1.491898601e+11|1.503932262e+11|0.000000|0.000000|0.000000
1.442958052e+06|1.476110339e+11|1.486786664e+11|1.498811715e+11|0.000000|0.000000|0.000000
1.455655260e+06|1.471608838e+11|1.482230031e+11|1.494237187e+11|0.000000|0.000000|0.000000
1.470375673e+06|1.466371865e+11|1.476921972e+11|1.488896307e+11|0.000000|0.000000|0.000000
1.486236084e+06|1.460707466e+11|1.471172454e+11|1.483096948e+11|0.000000|0.000000|0.000000
1.498084928e+06|1.456460927e+11|1.466856622e+11|1.478734124e+11|0.000000|0.000000|0.000000
1.511417192e+06|1.451667492e+11|1.461979474e+11|1.473794187e+11|0.000000|0.000000|0.000000
1.526366028e+06|1.446273487e+11|1.456484489e+11|1.468216426e+11|0.000000|0.000000|0.000000
1.541176783e+06|1.440908902e+11|1.451012594e+11|1.462649766e+11|0.000000|0.000000|0.000000
1.553116803e+06|1.436569138e+11|1.446581178e+11|1.458132837e+11|0.000000|0.000000|0.000000
1.566779460e+06|1.431586594e+11|1.441488270e+11|1.452932254e+11|0.000000|0.000000|0.000000
1.580015942e+06|1.426742219e+11|1.436531539e+11|1.447861381e+11|0.000000|0.000000|0.000000
1.593098766e+06|1.421937071e+11|1.431610251e+11|1.442817968e+11|0.000000|0.000000|0.000000
1.607833156e+06|1.416504630e+11|1.426041168e+11|1.437100528e+11|0.000000|0.000000|0.000000
1.620463735e+06|1.411829980e+11|1.421244656e+11|1.432167962e+11|0.000000|0.000000|0.000000
1.631672802e+06|1.407667291e+11|1.416970318e+11|1.427766211e+11|0.000000|0.000000|0.000000
1.644203154e+06|1.402997789e+11|1.412172277e+11|1.422818531e+11|0.000000|0.000000|0.000000
1.656669801e+06|1.398334702e+11|1.407377587e+11|1.417867656e+11|0.000000|0.000000|0.000000
1.670063865e+06|1.393304920e+11|1.402202513e+11|1.412516963e+11|0.000000|0.000000|0.000000
1.682901053e+06|1.388464446e+11|1.397219237e+11|1.407358094e+11|0.000000|0.000000|0.000000
1.696228290e+06|1.383418035e+11|1.392021167e+11|1.401970551e+11|0.000000|0.000000|0.000000
1.707618016e+06|1.379087673e+11|1.387558657e+11|1.397340611e+11|0.000000|0.000000|0.000000
1.721125553e+06|1.373930432e+11|1.382241940e+11|1.391819132e+11|0.000000|0.000000|0.000000
1.733464270e+06|1.369198236e+11|1.377361718e+11|1.386746347e+11|0.000000|0.000000|0.000000
1.745230664e+06|1.364666060e+11|1.372686538e+11|1.381882968e+11|0.000000|0.000000|0.000000
1.756662270e+06|1.360244059e+11|1.368124102e+11|1.377133732e+11|0.000000|0.000000|0.000000
1.767997519e+06|1.355840499e+11|1.363580053e+11|1.372400915e+11|0.000000|0.000000|0.000000
1.779796770e+06|1.351236150e+11|1.358828396e+11|1.367449356e+11|0.000000|0.000000|0.000000
1.792365349e+06|1.346307814e+11|1.353742238e+11|1.362146847e+11|0.000000|0.000000|0.000000
1.804411740e+06|1.341560457e+11|1.348843032e+11|1.357037390e+11|0.000000|0.000000|0.000000
1.817447085e+06|1.336396247e+11|1.343514209e+11|1.351478366e+11|0.000000|0.000000|0.000000
1.828797825e+06|1.331875706e+11|1.338850369e+11|1.346612218e+11|0.000000|0.000000|0.000000
1.838210250e+06|1.328109854e+11|1.334965915e+11|1.342558974e+11|0.000000|0.000000|0.000000
1.850477619e+06|1.323177556e+11|1.329879620e+11|1.337251679e+11|0.000000|0.000000|0.000000
1.861720724e+06|1.318632304e+11|1.325194077e+11|1.332362980e+11|0.000000|0.000000|0.000000
1.872937391e+06|1.314073378e+11|1.320496283e+11|1.327462336e+11|0.000000|0.000000|0.000000
1.884433781e+06|1.309374731e+11|1.315656729e+11|1.322415121e+11|0.000000|0.000000|0.000000
1.895674470e+06|1.304754325e+11|1.310900243e+11|1.317456264e+11|0.000000|0.000000|0.000000
1.908463294e+06|1.299464975e+11|1.305458481e+11|1.311785622e+11|0.000000|0.000000|0.000000
1.919743394e+06|1.294769907e+11|1.300631456e+11|1.306758421e+11|0.000000|0.000000|0.000000
1.931971234e+06|1.289647881e+11|1.295369384e+11|1.301281715e+11|0.000000|0.000000|0.000000
1.943360843e+06|1.284845631e+11|1.290439847e+11|1.296154981e+11|0.000000|0.000000|0.000000
1.952315385e+06|1.281048249e+11|1.286544756e+11|1.292107031e+11|0.000000|0.000000|0.000000
1.961783145e+06|1.277011767e+11|1.282407431e+11|1.287810468e+11|0.000000|0.000000|0.000000
1.973302248e+06|1.272070193e+11|1.277346870e+11|1.282559897e+11|0.000000|0.000000|0.000000
1.985323472e+06|1.266876459e+11|1.272033677e+11|1.277053330e+11|0.000000|0.000000|0.000000
1.996586830e+06|1.261975067e+11|1.267025103e+11|1.271868690e+11|0.000000|0.000000|0.000000
2.006691080e+06|1.257548360e+11|1.262506453e+11|1.267196754e+11|0.000000|0.000000|0.000000
2.017933078e+06|1.252589253e+11|1.257450064e+11|1.261975499e+11|0.000000|0.000000|0.000000
2.029774113e+06|1.247326144e+11|1.252090596e+11|1.256449435e+11|0.000000|0.000000|0.000000
2.041559944e+06|1.242045886e+11|1.246721080e+11|1.250921932e+11|0.000000|0.000000|0.000000
2.051543145e+06|1.237539793e+11|1.242144903e+11|1.246218538e+11|0.000000|0.000000|0.000000
2.061212725e+06|1.233145254e+11|1.237687585e+11|1.241644185e+11|0.000000|0.000000|0.000000
2.071093649e+06|1.228623427e+11|1.233107061e+11|1.236950756e+11|0.000000|0.000000|0.000000
2.080775158e+06|1.224161505e+11|1.228593237e+11|1.232333255e+11|0.000000|0.000000|0.000000
2.090181371e+06|1.219796041e+11|1.224182915e+11|1.227829169e+11|0.000000|0.000000|0.000000
2.100742744e+06|1.214857886e+11|1.219201240e+11|1.222750852e+11|0.000000|0.000000|0.000000
2.113051098e+06|1.209052822e+11|1.213355047e+11|1.216804237e+11|0.000000|0.000000|0.000000
2.122723932e+06|1.204451970e+11|1.208729463e+11|1.212109479e+11|0.000000|0.000000|0.000000
2.133149943e+06|1.199453667e+11|1.203712333e+11|1.207027913e+11|0.000000|0.000000|0.000000
2.144526622e+06|1.193952069e+11|1.198199863e+11|1.201457730e+11|0.000000|0.000000|0.000000
2.156120333e+06|1.188293168e+11|1.192540737e+11|1.195754019e+11|0.000000|0.000000|0.000000
2.165032446e+06|1.183906360e+11|1.188161515e+11|1.191350763e+11|0.000000|0.000000|0.000000
2.174860482e+06|1.179030775e+11|1.183302419e+11|1.186475935e+11|0.000000|0.000000|0.000000
2.184406739e+06|1.174256077e+11|1.178552182e+11|1.181721671e+11|0.000000|0.000000|0.000000
2.193345872e+06|1.169749557e+11|1.174076371e+11|1.177252536e+11|0.000000|0.000000|0.000000
2.203244872e+06|1.164718252e+11|1.169088179e+11|1.172283979e+11|0.000000|0.000000|0.000000
2.212314810e+06|1.160069841e+11|1.164487944e+11|1.167713443e+11|0.000000|0.000000|0.000000
2.223128844e+06|1.154478422e+11|1.158965176e+11|1.162241279e+11|0.000000|0.000000|0.000000
2.234762099e+06|1.148402386e+11|1.152977086e+11|1.156326806e+11|0.000000|0.000000|0.000000
2.245509216e+06|1.142731624e+11|1.147401026e+11|1.150837140e+11|0.000000|0.000000|0.000000
2.255392114e+06|1.137466970e+11|1.142235257e+11|1.145767000e+11|0.000000|0.000000|0.000000
2.264416570e+06|1.132616980e+11|1.137485746e+11|1.141118822e+11|0.000000|0.000000|0.000000
2.274807391e+06|1.126981238e+11|1.131978096e+11|1.135744963e+11|0.000000|0.000000|0.000000
2.283989652e+06|1.121954268e+11|1.127075686e+11|1.130976519e+11|0.000000|0.000000|0.000000
2.292387789e+06|1.117317463e+11|1.122562400e+11|1.126599079e+11|0.000000|0.000000|0.000000
2.301187211e+06|1.112418286e+11|1.117802735e+11|1.121995790e+11|0.000000|0.000000|0.000000
2.310980964e+06|1.106915499e+11|1.112467680e+11|1.116852157e+11|0.000000|0.000000|0.000000
2.320984089e+06|1.101239652e+11|1.106977063e+11|1.111576506e+11|0.000000|0.000000|0.000000
2.329281822e+06|1.096488165e+11|1.102390173e+11|1.107183278e+11|0.000000|0.000000|0.000000
2.339154211e+06|1.090782900e+11|1.096894007e+11|1.101936160e+11|0.000000|0.000000|0.000000
2.349446534e+06|1.084773564e+11|1.091118406e+11|1.096442363e+11|0.000000|0.000000|0.000000
2.359246618e+06|1.078992250e+11|1.085574981e+11|1.091188902e+11|0.000000|0.000000|0.000000
2.370698626e+06|1.072161537e+11|1.079041734e+11|1.085022039e+11|0.000000|0.000000|0.000000
2.379737690e+06|1.066711964e+11|1.073842158e+11|1.080133204e+11|0.000000|0.000000|0.000000
2.388974064e+06|1.061089492e+11|1.068489349e+11|1.075118097e+11|0.000000|0.000000|0.000000
2.397126060e+06|1.056081063e+11|1.063731120e+11|1.070675271e+11|0.000000|0.000000|0.000000
2.406718811e+06|1.050131229e+11|1.058090677e+11|1.065427306e+11|0.000000|0.000000|0.000000
2.414471912e+06|1.045277295e+11|1.053498873e+11|1.061169944e+11|0.000000|0.000000|0.000000
2.424031355e+06|1.039236017e+11|1.047795978e+11|1.055901107e+11|0.000000|0.000000|0.000000
2.433909057e+06|1.032927022e+11|1.041854621e+11|1.050434015e+11|0.000000|0.000000|0.000000
2.443641491e+06|1.026643447e+11|1.035951570e+11|1.045024485e+11|0.000000|0.000000|0.000000
2.452486033e+06|1.020874134e+11|1.030544162e+11|1.040088689e+11|0.000000|0.000000|0.000000
2.461585282e+06|1.014879086e+11|1.024937772e+11|1.034990983e+11|0.000000|0.000000|0.000000
2.470714125e+06|1.008802831e+11|1.019268425e+11|1.029856439e+11|0.000000|0.000000|0.000000
2.481306034e+06|1.001673963e+11|1.012633461e+11|1.023873404e+11|0.000000|0.000000|0.000000
2.491537962e+06|9.947056102e+10|1.006164934e+11|1.018067451e+11|0.000000|0.000000|0.000000
2.500710286e+06|9.883893928e+10|1.000316165e+11|1.012840676e+11|0.000000|0.000000|0.000000
2.509050308e+06|9.825883698e+10|9.949563971e+10|1.008069960e+11|0.000000|0.000000|0.000000
2.516324470e+06|9.774830215e+10|9.902487501e+10|1.003894698e+11|0.000000|0.000000|0.000000
2.524964153e+06|9.713632027e+10|9.846170967e+10|9.989183116e+10|0.000000|0.000000|0.000000
2.533884810e+06|9.649795607e+10|9.787558173e+10|9.937602297e+10|0.000000|0.000000|0.000000
2.542020613e+06|9.590993320e+10|9.733685105e+10|9.890382771e+10|0.000000|0.000000|0.000000
2.551660485e+06|9.520590437e+10|9.669330401e+10|9.834214066e+10|0.000000|0.000000|0.000000
2.561668345e+06|9.446649665e+10|9.601911496e+10|9.775647589e+10|0.000000|0.000000|0.000000
2.570543922e+06|9.380338282e+10|9.541595014e+10|9.723489764e+10|0.000000|0.000000|0.000000
2.579985184e+06|9.309029102e+10|9.476884529e+10|9.667781814e+10|0.000000|0.000000|0.000000
2.588706764e+06|9.242438586e+10|9.416596394e+10|9.616112219e+10|0.000000|0.000000|0.000000
2.598085752e+06|9.170048776e+10|9.351209487e+10|9.560323522e+10|0.000000|0.000000|0.000000
2.607727079e+06|9.094779165e+10|9.283386548e+10|9.502730476e+10|0.000000|0.000000|0.000000
2.616705549e+06|9.023893375e+10|9.219665473e+10|9.448873315e+10|0.000000|0.000000|0.000000
2.624909281e+06|8.958447701e+10|9.160963501e+10|9.399473622e+10|0.000000|0.000000|0.000000
2.632338776e+06|8.898613896e+10|9.107401951e+10|9.354578846e+10|0.000000|0.000000|0.000000
2.640630793e+06|8.831192039e+10|9.047168460e+10|9.304294609e+10|0.000000|0.000000|0.000000
2.648676853e+06|8.765114957e+10|8.988258800e+10|9.255322006e+10|0.000000|0.000000|0.000000
2.657796349e+06|8.689432081e+10|8.920932078e+10|9.199600452e+10|0.000000|0.000000|0.000000
2.666706619e+06|8.614663595e+10|8.854570408e+10|9.144934892e+10|0.000000|0.000000|0.000000
2.675108996e+06|8.543402598e+10|8.791459973e+10|9.093182698e+10|0.000000|0.000000|0.000000
2.684970567e+06|8.458819167e+10|8.716723052e+10|9.032190564e+10|0.000000|0.000000|0.000000
2.695329127e+06|8.368855908e+10|8.637434205e+10|8.967829171e+10|0.000000|0.000000|0.000000
2.704224111e+06|8.290676915e+10|8.568697215e+10|8.912318283e+10|0.000000|0.000000|0.000000
2.713299287e+06|8.210019192e+10|8.497939693e+10|8.855449752e+10|0.000000|0.000000|0.000000
2.722397475e+06|8.128237371e+10|8.426357992e+10|8.798199200e+10|0.000000|0.000000|0.000000
2.731050954e+06|8.049587317e+10|8.357668693e+10|8.743524656e+10|0.000000|0.000000|0.000000
2.739343031e+06|7.973420096e+10|8.291286803e+10|8.690928939e+10|0.000000|0.000000|0.000000
2.746609513e+06|7.906020724e+10|8.232658652e+10|8.644672916e+10|0.000000|0.000000|0.000000
2.754524134e+06|7.831907960e+10|8.168310669e+10|8.594114160e+10|0.000000|0.000000|0.000000
2.762896198e+06|7.752706391e+10|8.099681043e+10|8.540431397e+10|0.000000|0.000000|0.000000
2.770618652e+06|7.678907794e+10|8.035858291e+10|8.490728994e+10|0.000000|0.000000|0.000000
2.778426143e+06|7.603563981e+10|7.970821730e+10|8.440297779e+10|0.000000|0.000000|0.000000
2.786947740e+06|7.520478590e+10|7.899243898e+10|8.385044427e+10|0.000000|0.000000|0.000000
2.796085370e+06|7.430557867e+10|7.821913971e+10|8.325593239e+10|1.000000|1.000000|1.000000
2.805421048e+06|7.325902205e+10|7.741676833e+10|8.264424016e+10|2.000000|1.000000|1.000000
2.814233283e+06|7.304337350e+10|7.665938507e+10|8.206684487e+10|2.000000|1.000000|1.000000
2.823912550e+06|7.280650741e+10|7.582748331e+10|8.143263999e+10|2.000000|1.000000|1.000000
2.834759079e+06|7.254107666e+10|7.489525909e+10|8.072195373e+10|2.000000|1.000000|1.000000
2.844632734e+06|7.229945359e+10|7.381261070e+10|8.007501211e+10|2.000000|2.000000|1.000000
2.853689682e+06|7.207781656e+10|7.358347820e+10|7.948158279e+10|2.000000|2.000000|1.000000
2.862157574e+06|7.187059463e+10|7.336924829e+10|7.892674962e+10|2.000000|2.000000|1.000000
2.870305001e+06|7.167121494e+10|7.316312584e+10|7.839291394e+10|2.000000|2.000000|1.000000
2.878339045e+06|7.147460990e+10|7.295987187e+10|7.786650732e+10|2.000000|2.000000|1.000000
2.886295619e+06|7.127990065e+10|7.275857782e+10|7.734517667e+10|2.000000|2.000000|1.000000
2.894844743e+06|7.107069083e+10|7.254229279e+10|7.678502096e+10|2.000000|2.000000|1.000000
2.903827597e+06|7.085086700e+10|7.231503480e+10|7.619644645e+10|2.000000|2.000000|1.000000
2.914191318e+06|7.059725128e+10|7.205284213e+10|7.551739471e+10|2.000000|2.000000|1.000000
2.926394366e+06|7.029862450e+10|7.174411618e+10|7.471782666e+10|2.000000|2.000000|1.000000
2.938206540e+06|7.000956297e+10|7.144527897e+10|7.391468008e+10|2.000000|2.000000|2.000000
2.949857572e+06|6.972444484e+10|7.115051852e+10|7.360126549e+10|2.000000|2.000000|2.000000
2.961489719e+06|6.943978886e+10|7.085623584e+10|7.328835890e+10|2.000000|2.000000|2.000000
2.972289899e+06|6.917549235e+10|7.058300116e+10|7.299783235e+10|2.000000|2.000000|2.000000
2.982449753e+06|6.892686557e+10|7.032596615e+10|7.272453068e+10|2.000000|2.000000|2.000000
2.993712279e+06|6.865125476e+10|7.004103455e+10|7.242156696e+10|2.000000|2.000000|2.000000
3.004374959e+06|6.839032308e+10|6.977127850e+10|7.213473919e+10|2.000000|2.000000|2.000000
3.014475787e+06|6.814314074e+10|6.951573677e+10|7.186302530e+10|2.000000|2.000000|2.000000
3.024337872e+06|6.790180082e+10|6.926623505e+10|7.159773367e+10|2.000000|2.000000|2.000000
3.033880455e+06|6.766827956e+10|6.902481641e+10|7.134103666e+10|2.000000|2.000000|2.000000
3.044291902e+06|6.741349593e+10|6.876141633e+10|7.106096710e+10|2.000000|2.000000|2.000000
3.057619779e+06|6.708734290e+10|6.842423322e+10|7.070244510e+10|2.000000|2.000000|2.000000
3.070079169e+06|6.678244305e+10|6.810902206e+10|7.036728556e+10|2.000000|2.000000|2.000000
3.083107373e+06|6.646362346e+10|6.777942041e+10|7.001682481e+10|2.000000|2.000000|2.000000
3.095887776e+06|6.615086792e+10|6.745608789e+10|6.967302993e+10|2.000000|2.000000|2.000000
3.108185717e+06|6.584991896e+10|6.714496122e+10|6.934221338e+10|2.000000|2.000000|2.000000
3.120243126e+06|6.555485619e+10|6.683991981e+10|6.901786719e+10|2.000000|2.000000|2.000000
3.131686225e+06|6.527482648e+10|6.655041987e+10|6.871004601e+10|2.000000|2.000000|2.000000
3.141619536e+06|6.503174355e+10|6.629911619e+10|6.844283839e+10|2.000000|2.000000|2.000000
3.154032990e+06|6.472796781e+10|6.598506714e+10|6.810891450e+10|2.000000|2.000000|2.000000
3.165558185e+06|6.444592910e+10|6.569349025e+10|6.779888494e+10|2.000000|2.000000|2.000000
3.176192073e+06|6.418570200e+10|6.542446262e+10|6.751283168e+10|2.000000|2.000000|2.000000
3.188731620e+06|6.387884057e+10|6.510722354e+10|6.717551588e+10|2.000000|2.000000|2.000000
3.202043071e+06|6.355308951e+10|6.477045600e+10|6.681743574e+10|2.000000|2.000000|2.000000
3.215234112e+06|6.323028506e+10|6.443673473e+10|6.646259466e+10|2.000000|2.000000|2.000000
3.229885483e+06|6.287174415e+10|6.406606843e+10|6.606847045e+10|2.000000|2.000000|2.000000
3.241990479e+06|6.257551684e+10|6.375982309e+10|6.574284415e+10|2.000000|2.000000|2.000000
3.253234256e+06|6.230036485e+10|6.347536582e+10|6.544038477e+10|2.000000|2.000000|2.000000
3.265573930e+06|6.199839463e+10|6.316318336e+10|6.510844561e+10|2.000000|2.000000|2.000000
3.277403871e+06|6.170889832e+10|6.286389667e+10|6.479021832e+10|2.000000|2.000000|2.000000
3.289511694e+06|6.141260184e+10|6.255757982e+10|6.446451597e+10|2.000000|2.000000|2.000000
3.303015955e+06|6.108213242e+10|6.221593436e+10|6.410124921e+10|2.000000|2.000000|2.000000
3.320758138e+06|6.064795473e+10|6.176707335e+10|6.362398168e+10|2.000000|2.000000|2.000000
3.333809966e+06|6.032855704e+10|6.143687404e+10|6.327288546e+10|2.000000|2.000000|2.000000
3.347234838e+06|6.000003039e+10|6.109723705e+10|6.291175427e+10|2.000000|2.000000|2.000000
3.362003267e+06|5.963862491e+10|6.072360930e+10|6.251448121e+10|2.000000|2.000000|2.000000
3.376564326e+06|5.928229406e+10|6.035522782e+10|6.212278641e+10|2.000000|2.000000|2.000000
3.388096239e+06|5.900009095e+10|6.006348096e+10|6.181257613e+10|2.000000|2.000000|2.000000
3.401048890e+06|5.868312027e+10|5.973579075e+10|6.146414778e+10|2.000000|2.000000|2.000000
3.412913645e+06|5.839277201e+10|5.943562329e+10|6.114498399e+10|2.000000|2.000000|2.000000
3.426720518e+06|5.805489724e+10|5.908632203e+10|6.077357694e+10|2.000000|2.000000|2.000000
3.440788903e+06|5.771062287e+10|5.873040475e+10|6.039513515e+10|2.000000|2.000000|2.000000
3.454460344e+06|5.737606231e+10|5.838452979e+10|6.002737122e+10|2.000000|2.000000|2.000000
3.470187562e+06|5.699119382e+10|5.798664555e+10|5.960430657e+10|2.000000|2.000000|2.000000
3.485665995e+06|5.661241348e+10|5.759505535e+10|5.918793428e+10|2.000000|2.000000|2.000000
3.498801020e+06|5.629097984e+10|5.726275124e+10|5.883460005e+10|2.000000|2.000000|2.000000
3.512339811e+06|5.595966543e+10|5.692023221e+10|5.847040444e+10|2.000000|2.000000|2.000000
3.526451102e+06|5.561434107e+10|5.656322943e+10|5.809080846e+10|2.000000|2.000000|2.000000
3.540850413e+06|5.526196846e+10|5.619894004e+10|5.770346473e+10|2.000000|2.000000|2.000000
3.552711103e+06|5.497171968e+10|5.589887543e+10|5.738441029e+10|2.000000|2.000000|2.000000
3.565841947e+06|5.465038835e+10|5.556667709e+10|5.703118853e+10|2.000000|2.000000|2.000000
3.579072257e+06|5.432662293e+10|5.523196235e+10|5.667529110e+10|2.000000|2.000000|2.000000
3.592790321e+06|5.399092145e+10|5.488490788e+10|5.630627302e+10|2.000000|2.000000|2.000000
3.607072703e+06|5.364141025e+10|5.452357666e+10|5.592207467e+10|2.000000|2.000000|2.000000
3.621740828e+06|5.328245934e+10|5.415248650e+10|5.552749978e+10|2.000000|2.000000|2.000000
3.635303848e+06|5.295055202e+10|5.380935451e+10|5.516265241e+10|2.000000|2.000000|2.000000
3.648848996e+06|5.261908205e+10|5.346667466e+10|5.479828580e+10|2.000000|2.000000|2.000000
3.663104233e+06|5.227023513e+10|5.310603020e+10|5.441481767e+10|2.000000|2.000000|2.000000
3.675277844e+06|5.197232869e+10|5.279804895e+10|5.408734559e+10|2.000000|2.000000|2.000000
3.687419246e+06|5.167521048e+10|5.249088258e+10|5.376073996e+10|2.000000|2.000000|2.000000
3.700843809e+06|5.134669140e+10|5.215125342e+10|5.339961711e+10|2.000000|2.000000|2.000000
3.713641234e+06|5.103351933e+10|5.182749028e+10|5.305536436e+10|2.000000|2.000000|2.000000
3.727167203e+06|5.070251870e+10|5.148529564e+10|5.269151367e+10|2.000000|2.000000|2.000000
3.740119659e+06|5.038555276e+10|5.115761033e+10|5.234309054e+10|2.000000|2.000000|2.000000
3.754715059e+06|5.002838156e+10|5.078836006e+10|5.195047198e+10|2.000000|2.000000|2.000000
3.768106005e+06|4.970068513e+10|5.044958136e+10|5.159025340e+10|2.000000|2.000000|2.000000
3.781764166e+06|4.936644956e+10|5.010404238e+10|5.122284672e+10|2.000000|2.000000|2.000000
3.795092543e+06|4.904028431e+10|4.976684664e+10|5.086431129e+10|2.000000|2.000000|2.000000
3.808730316e+06|4.870654764e+10|4.942182343e+10|5.049745302e+10|2.000000|2.000000|2.000000
3.820233277e+06|4.842505303e+10|4.913080905e+10|5.018802156e+10|2.000000|2.000000|2.000000
3.833252634e+06|4.810632032e+10|4.880221218e+10|4.984016030e+10|3.000000|3.000000|3.000000
3.847959132e+06|4.774626384e+10|4.843141928e+10|4.944830706e+10|3.000000|3.000000|3.000000
3.860898834e+06|4.742944524e+10|4.810566123e+10|4.910489301e+10|3.000000|3.000000|3.000000
3.872435876e+06|4.714697405e+10|4.781561034e+10|4.879977167e+10|3.000000|3.000000|3.000000
3.884279476e+06|4.685701823e+10|4.751824791e+10|4.848758040e+10|3.000000|3.000000|3.000000
3.898314342e+06|4.651346574e+10|4.716639811e+10|4.811897822e+10|3.000000|3.000000|3.000000
3.912485836e+06|4.616664993e+10|4.681171859e+10|4.774826012e+10|3.000000|3.000000|3.000000
3.925168299e+06|4.585636628e+10|4.649482413e+10|4.741773741e+10|3.000000|3.000000|3.000000
3.937272035e+06|4.556034052e+10|4.619285537e+10|4.710338285e+10|3.000000|3.000000|3.000000
3.950362064e+06|4.524032091e+10|4.586680077e+10|4.676459616e+10|3.000000|3.000000|3.000000
3.963573321e+06|4.491749323e+10|4.553828470e+10|4.642390847e+10|3.000000|3.000000|3.000000
3.975422055e+06|4.462811006e+10|4.524413467e+10|4.611940493e+10|3.000000|3.000000|3.000000
3.987994491e+06|4.432122432e+10|4.493252798e+10|4.579737731e+10|3.000000|3.000000|3.000000
3.999494510e+06|4.404068585e+10|4.464796734e+10|4.550377963e+10|3.000000|3.000000|3.000000
4.013279124e+06|4.370464899e+10|4.430747175e+10|4.515305603e+10|3.000000|3.000000|3.000000
4.027408802e+06|4.336048664e+10|4.395913729e+10|4.479489954e+10|3.000000|3.000000|3.000000
4.040723944e+06|4.303645086e+10|4.363152734e+10|4.445862625e+10|3.000000|3.000000|3.000000
4.052040323e+06|4.276129034e+10|4.335359367e+10|4.417376690e+10|3.000000|3.000000|3.000000
4.063479430e+06|4.248337664e+10|4.307311673e+10|4.388668480e+10|3.000000|3.000000|3.000000
4.076801832e+06|4.216001701e+10|4.274706716e+10|4.355342826e+10|3.000000|3.000000|3.000000
4.090685282e+06|4.182341269e+10|4.240798707e+10|4.320737472e+10|3.000000|3.000000|3.000000
4.103801329e+06|4.150578248e+10|4.208831459e+10|4.288159938e+10|3.000000|3.000000|3.000000
4.115080389e+06|4.123293828e+10|4.181393712e+10|4.260233745e+10|3.000000|3.000000|3.000000
4.127568413e+06|4.093118624e+10|4.151072020e+10|4.229409118e+10|3.000000|3.000000|3.000000
4.140283543e+06|4.062432554e+10|4.120261109e+10|4.198125578e+10|3.000000|3.000000|3.000000
4.151654351e+06|4.035024428e+10|4.092761422e+10|4.170235743e+10|3.000000|3.000000|3.000000
4.164787331e+06|4.003409749e+10|4.061063767e+10|4.138124255e+10|3.000000|3.000000|3.000000
4.178222329e+06|3.971115102e+10|4.028708579e+10|4.105384933e+10|3.000000|3.000000|3.000000
4.190683830e+06|3.941204569e+10|3.998763056e+10|4.075117118e+10|3.000000|3.000000|3.000000
4.202918766e+06|3.911880437e+10|3.969423622e+10|4.045491794e+10|3.000000|3.000000|3.000000
4.216505013e+06|3.879368534e+10|3.936915969e+10|4.012700647e+10|3.000000|3.000000|3.000000
4.227601096e+06|3.852856550e+10|3.910423384e+10|3.986001949e+10|3.000000|3.000000|3.000000
4.239463781e+06|3.824554754e+10|3.882157532e+10|3.957539954e+10|3.000000|3.000000|3.000000
4.252482416e+06|3.793546156e+10|3.851205726e+10|3.926400459e+10|3.000000|3.000000|3.000000
4.264882205e+06|3.764062504e+10|3.821792309e+10|3.896833882e+10|3.000000|3.000000|3.000000
4.277316316e+06|3.734548399e+10|3.792363729e+10|3.867275614e+10|3.000000|3.000000|3.000000
4.289825031e+06|3.704910127e+10|3.762826037e+10|3.837630437e+10|3.000000|3.000000|3.000000
4.301072095e+06|3.678307546e+10|3.736325762e+10|3.811052248e+10|3.000000|3.000000|3.000000
4.313245192e+06|3.649565102e+10|3.707706105e+10|3.782367259e+10|3.000000|3.000000|3.000000
4.325179167e+06|3.621439222e+10|3.679712170e+10|3.754327483e+10|3.000000|3.000000|3.000000
4.337003819e+06|3.593622742e+10|3.652037139e+10|3.726623869e+10|3.000000|3.000000|3.000000
4.351168868e+06|3.560369858e+10|3.618966939e+10|3.693540218e+10|3.000000|3.000000|3.000000
4.363284044e+06|3.531990119e+10|3.590754210e+10|3.665332880e+10|3.000000|3.000000|3.000000
4.375461241e+06|3.503522861e+10|3.562464184e+10|3.637062969e+10|3.000000|3.000000|3.000000
4.387273513e+06|3.475965000e+10|3.535086654e+10|3.609718146e+10|3.000000|3.000000|3.000000
4.398241943e+06|3.450426261e+10|3.509722305e+10|3.584395066e+10|3.000000|3.000000|3.000000
4.410725419e+06|3.421419959e+10|3.480922061e+10|3.555653704e+10|3.000000|3.000000|3.000000
4.422763409e+06|3.393510271e+10|3.453218169e+10|3.528017752e+10|3.000000|3.000000|3.000000
4.435795989e+06|3.363363818e+10|3.423301722e+10|3.498186232e+10|3.000000|3.000000|3.000000
4.447884224e+06|3.335467049e+10|3.395624412e+10|3.470597385e+10|3.000000|3.000000|3.000000
4.459611988e+06|3.308463074e+10|3.368838461e+10|3.443905385e+10|3.000000|3.000000|3.000000
4.471484037e+06|3.281188834e+10|3.341789551e+10|3.416958986e+10|3.000000|3.000000|3.000000
4.482050987e+06|3.256965975e+10|3.317770768e+10|3.393037115e+10|3.000000|3.000000|3.000000
4.493743416e+06|3.230222196e+10|3.291256229e+10|3.366635396e+10|3.000000|3.000000|3.000000
4.506481996e+06|3.201157071e+10|3.262444434e+10|3.337952430e+10|3.000000|3.000000|3.000000
4.519285927e+06|3.172018946e+10|3.233564127e+10|3.309206987e+10|3.000000|3.000000|3.000000
4.532603529e+06|3.141793882e+10|3.203609988e+10|3.279397935e+10|3.000000|3.000000|3.000000
4.544673189e+06|3.114474269e+10|3.176537816e+10|3.252460722e+10|3.000000|3.000000|3.000000
4.556242953e+06|3.088352266e+10|3.150654250e+10|3.226708974e+10|3.000000|3.000000|3.000000
4.567932388e+06|3.062026510e+10|3.124570212e+10|3.200759951e+10|3.000000|3.000000|3.000000
4.579564882e+06|3.035896003e+10|3.098680649e+10|3.175005995e+10|3.000000|3.000000|3.000000
4.591425686e+06|3.009322190e+10|3.072352503e+10|3.148816817e+10|3.000000|3.000000|3.000000
4.603503470e+06|2.982335169e+10|3.045615206e+10|3.122221156e+10|3.000000|3.000000|3.000000
4.616235840e+06|2.953966039e+10|3.017508380e+10|3.094263123e+10|3.000000|3.000000|3.000000
4.627653750e+06|2.928596674e+10|2.992373001e+10|3.069260169e+10|3.000000|3.000000|3.000000
4.639054752e+06|2.903332521e+10|2.967340952e+10|3.044358898e+10|3.000000|3.000000|3.000000
4.651203926e+06|2.876485546e+10|2.940739231e+10|3.017894417e+10|3.000000|3.000000|3.000000
4.662315043e+06|2.852000897e+10|2.916476657e+10|2.993754984e+10|3.000000|3.000000|3.000000
4.673322868e+06|2.827808924e+10|2.892502284e+10|2.969899954e+10|3.000000|3.000000|3.000000
4.685763338e+06|2.800547038e+10|2.865483059e+10|2.943011936e+10|3.000000|3.000000|3.000000
4.699051372e+06|2.771520799e+10|2.836711736e+10|2.914375868e+10|3.000000|3.000000|3.000000
4.712125130e+06|2.743057244e+10|2.808494199e+10|2.886285861e+10|3.000000|3.000000|3.000000
4.724698596e+06|2.715772250e+10|2.781440891e+10|2.859349460e+10|3.000000|3.000000|3.000000
4.735123998e+06|2.693215647e+10|2.759072442e+10|2.837073303e+10|3.000000|3.000000|3.000000
4.745460587e+06|2.670911619e+10|2.736951190e+10|2.815039104e+10|3.000000|3.000000|3.000000
4.757130725e+06|2.645802919e+10|2.712044058e+10|2.790224589e+10|3.000000|3.000000|3.000000
4.768988290e+06|2.620370665e+10|2.686811101e+10|2.765079210e+10|3.000000|3.000000|3.000000
4.781017427e+06|2.594653140e+10|2.661289766e+10|2.739639611e+10|3.000000|3.000000|3.000000
4.794904476e+06|2.565067961e+10|2.631923155e+10|2.710357955e+10|3.000000|3.000000|3.000000
4.805766468e+06|2.542006019e+10|2.609025957e+10|2.687519831e+10|3.000000|3.000000|3.000000
4.816452616e+06|2.519385249e+10|2.586561704e+10|2.665107100e+10|3.000000|3.000000|3.000000
4.827012640e+06|2.497097975e+10|2.564423474e+10|2.643013120e+10|3.000000|3.000000|3.000000
4.839754085e+06|2.470295353e+10|2.537792963e+10|2.616426859e+10|3.000000|3.000000|3.000000
4.851285507e+06|2.446122216e+10|2.513768044e+10|2.592433072e+10|3.000000|3.000000|3.000000
4.864109430e+06|2.419334155e+10|2.487136086e+10|2.565825447e+10|3.000000|3.000000|3.000000
4.877516682e+06|2.391434768e+10|2.459389730e+10|2.538092570e+10|3.000000|3.000000|3.000000
4.889730058e+06|2.366115803e+10|2.434200819e+10|2.512904971e+10|3.000000|3.000000|3.000000
4.900751127e+06|2.343347696e+10|2.411542189e+10|2.490238311e+10|3.000000|3.000000|3.000000
4.912500172e+06|2.319158892e+10|2.387461639e+10|2.466139344e+10|3.000000|3.000000|3.000000
4.923687922e+06|2.296205975e+10|2.364603496e+10|2.443254004e+10|3.000000|3.000000|3.000000
4.935090263e+06|2.272893890e+10|2.341379464e+10|2.419992362e+10|3.000000|3.000000|3.000000
4.945423086e+06|2.251839545e+10|2.320397310e+10|2.398967343e+10|3.000000|3.000000|3.000000
4.957535051e+06|2.227246563e+10|2.295879553e+10|2.374388525e+10|3.000000|3.000000|3.000000
4.969565019e+06|2.202913112e+10|2.271610575e+10|2.350047152e+10|3.000000|3.000000|3.000000
4.982239899e+06|2.177376108e+10|2.246130231e+10|2.324477659e+10|3.000000|3.000000|3.000000
4.993876423e+06|2.154022894e+10|2.222818663e+10|2.301072439e+10|3.000000|3.000000|3.000000
5.005785157e+06|2.130214858e+10|2.199042778e+10|2.277188853e+10|3.000000|3.000000|3.000000
5.016423581e+06|2.109025122e+10|2.177872667e+10|2.255912262e+10|3.000000|3.000000|3.000000
5.029152420e+06|2.083769800e+10|2.152629366e+10|2.230528682e+10|3.000000|3.000000|3.000000
5.041742461e+06|2.058895640e+10|2.127754633e+10|2.205501256e+10|3.000000|3.000000|3.000000
5.054050415e+06|2.034681085e+10|2.103527358e+10|2.181111170e+10|3.000000|3.000000|3.000000
5.067953393e+06|2.007450872e+10|2.076268110e+10|2.153651763e+10|3.000000|3.000000|3.000000
5.078971049e+06|1.985964560e+10|2.054747593e+10|2.131960288e+10|3.000000|3.000000|3.000000
5.088814111e+06|1.966838635e+10|2.035582645e+10|2.112633318e+10|3.000000|3.000000|3.000000
5.099666355e+06|1.945828420e+10|2.014520057e+10|2.091381885e+10|3.000000|3.000000|3.000000
5.111318063e+06|1.923360341e+10|1.991984729e+10|2.068631820e+10|3.000000|3.000000|3.000000
5.124066711e+06|1.898884265e+10|1.967421879e+10|2.043819744e+10|3.000000|3.000000|3.000000
5.137571068e+06|1.873080230e+10|1.941510747e+10|2.017628280e+10|3.000000|3.000000|3.000000
5.148983627e+06|1.851372338e+10|1.919700066e+10|1.995567552e+10|3.000000|3.000000|3.000000
5.161066940e+06|1.828488138e+10|1.896694677e+10|1.972284272e+10|3.000000|3.000000|3.000000
5.172418164e+06|1.807084161e+10|1.875165198e+10|1.950481405e+10|3.000000|3.000000|3.000000
5.184177213e+06|1.785007452e+10|1.852946493e+10|1.927966879e+10|3.000000|3.000000|3.000000
5.196217289e+06|1.762505160e+10|1.830286104e+10|1.904990307e+10|3.000000|3.000000|3.000000
5.208088000e+06|1.740420995e+10|1.808033415e+10|1.882412720e+10|3.000000|3.000000|3.000000
5.220448415e+06|1.717533556e+10|1.784957085e+10|1.858984222e+10|3.000000|3.000000|3.000000
5.232985944e+06|1.694431079e+10|1.761648974e+10|1.835304474e+10|3.000000|3.000000|3.000000
5.244355324e+06|1.673579951e+10|1.740599105e+10|1.813905072e+10|3.000000|3.000000|3.000000
5.255575189e+06|1.653095663e+10|1.719907219e+10|1.792856613e+10|3.000000|3.000000|3.000000
5.267000341e+06|1.632331603e+10|1.698920028e+10|1.771494491e+10|3.000000|3.000000|3.000000
5.278663982e+06|1.611233514e+10|1.677581914e+10|1.749761358e+10|3.000000|3.000000|3.000000
5.290244504e+06|1.590385630e+10|1.656483470e+10|1.728258518e+10|3.000000|3.000000|3.000000
5.302003206e+06|1.569319294e+10|1.635150222e+10|1.706502296e+10|3.000000|3.000000|3.000000
5.314952169e+06|1.546240448e+10|1.611762876e+10|1.682634852e+10|3.000000|3.000000|3.000000
5.329367048e+06|1.520697571e+10|1.585858617e+10|1.656178650e+10|3.000000|3.000000|3.000000
5.340918904e+06|1.500341602e+10|1.565199398e+10|1.635063926e+10|3.000000|3.000000|3.000000
5.353270794e+06|1.478688385e+10|1.543208522e+10|1.612573142e+10|3.000000|3.000000|3.000000
5.366299321e+06|1.455975694e+10|1.520124690e+10|1.588947763e+10|3.000000|3.000000|3.000000
5.377067975e+06|1.437301349e+10|1.501131999e+10|1.569496527e+10|3.000000|3.000000|3.000000
5.388571196e+06|1.417452341e+10|1.480931386e+10|1.548795283e+10|3.000000|3.000000|3.000000
5.401198381e+06|1.395782465e+10|1.458861869e+10|1.526163514e+10|3.000000|3.000000|3.000000
5.414419426e+06|1.373227137e+10|1.435872830e+10|1.502571717e+10|3.000000|3.000000|3.000000
5.426882813e+06|1.352090313e+10|1.414312917e+10|1.480430604e+10|3.000000|3.000000|3.000000
5.438805440e+06|1.331985580e+10|1.393790597e+10|1.459340685e+10|3.000000|3.000000|3.000000
5.450259620e+06|1.312777247e+10|1.374169319e+10|1.439163574e+10|3.000000|3.000000|3.000000
5.461487625e+06|1.294049991e+10|1.355026150e+10|1.419465683e+10|3.000000|3.000000|3.000000
5.474828220e+06|1.271930829e+10|1.332398613e+10|1.396166566e+10|3.000000|3.000000|3.000000
5.489444554e+06|1.247861598e+10|1.307754831e+10|1.370771723e+10|3.000000|3.000000|3.000000
5.502366973e+06|1.226726501e+10|1.286096626e+10|1.348436494e+10|3.000000|3.000000|3.000000
5.514076952e+06|1.207692376e+10|1.266576323e+10|1.328292377e+10|3.000000|3.000000|3.000000
5.526884153e+06|1.187003919e+10|1.245343044e+10|1.306365853e+10|3.000000|3.000000|3.000000
5.539989817e+06|1.165973823e+10|1.223741434e+10|1.284043244e+10|3.000000|3.000000|3.000000
5.553660442e+06|1.144189506e+10|1.201346069e+10|1.260883619e+10|3.000000|3.000000|3.000000
5.567690179e+06|1.121995701e+10|1.178509571e+10|1.237250217e+10|3.000000|3.000000|3.000000
5.580343025e+06|1.102122291e+10|1.158043196e+10|1.216054547e+10|3.000000|3.000000|3.000000
5.592191312e+06|1.083635647e+10|1.138989988e+10|1.196309575e+10|3.000000|3.000000|3.000000
5.604992609e+06|1.063796599e+10|1.118526709e+10|1.175089568e+10|3.000000|3.000000|3.000000
5.617911063e+06|1.043918508e+10|1.098006145e+10|1.153795850e+10|3.000000|3.000000|3.000000
5.631080641e+06|1.023802289e+10|1.077222247e+10|1.132214288e+10|3.000000|3.000000|3.000000
5.643183571e+06|1.005448170e+10|1.058243416e+10|1.112494267e+10|3.000000|3.000000|3.000000
5.656739945e+06|9.850418900e+09|1.037125025e+10|1.090536793e+10|3.000000|3.000000|3.000000
5.670384526e+06|9.646660401e+09|1.016019511e+10|1.068577657e+10|3.000000|3.000000|3.000000
5.682860920e+06|9.461789145e+09|9.968541139e+09|1.048624109e+10|3.000000|3.000000|3.000000
5.697570481e+06|9.245609278e+09|9.744232024e+09|1.025255100e+10|3.000000|3.000000|3.000000
5.710625695e+06|9.055368436e+09|9.546659335e+09|1.004657618e+10|3.000000|3.000000|3.000000
5.726325462e+06|8.828630718e+09|9.310963485e+09|9.800687071e+09|3.000000|3.000000|3.000000
5.740286929e+06|8.628882145e+09|9.103123378e+09|9.583705854e+09|3.000000|3.000000|3.000000
5.753388637e+06|8.443059482e+09|8.909603906e+09|9.381547344e+09|3.000000|3.000000|3.000000
5.766915886e+06|8.252863917e+09|8.711360010e+09|9.174326528e+09|3.000000|3.000000|3.000000
5.781247453e+06|8.053215346e+09|8.503076261e+09|8.956473738e+09|3.000000|3.000000|3.000000
5.796992837e+06|7.836089342e+09|8.276340266e+09|8.719162060e+09|3.000000|3.000000|3.000000
5.811436676e+06|7.638969666e+09|8.070297111e+09|8.503366009e+09|3.000000|3.000000|3.000000
5.823896517e+06|7.470520542e+09|7.894071353e+09|8.318692153e+09|3.000000|3.000000|3.000000
5.836904668e+06|7.296245499e+09|7.711603340e+09|8.127374204e+09|3.000000|3.000000|3.000000
5.851528993e+06|7.102267649e+09|7.508329026e+09|7.914119149e+09|3.000000|3.000000|3.000000
5.866127068e+06|6.910711977e+09|7.307408750e+09|7.703209140e+09|3.000000|3.000000|3.000000
5.881330950e+06|6.713427780e+09|7.100287538e+09|7.485661931e+09|3.000000|3.000000|3.000000
5.894811763e+06|6.540412552e+09|6.918484012e+09|7.294601253e+09|3.000000|3.000000|3.000000
5.908946014e+06|6.360954887e+09|6.729750833e+09|7.096155177e+09|3.000000|3.000000|3.000000
5.921525154e+06|6.202928141e+09|6.563420943e+09|6.921179734e+09|3.000000|3.000000|3.000000
5.936107677e+06|6.021736888e+09|6.372553041e+09|6.720293621e+09|3.000000|3.000000|3.000000
5.951683867e+06|5.830594349e+09|6.171020921e+09|6.508072852e+09|3.000000|3.000000|3.000000
5.966803979e+06|5.647435845e+09|5.977731710e+09|6.304427591e+09|3.000000|3.000000|3.000000
5.983604516e+06|5.446705412e+09|5.765701679e+09|6.080922469e+09|3.000000|3.000000|3.000000
6.000535890e+06|5.247405213e+09|5.554978657e+09|5.858679171e+09|3.000000|3.000000|3.000000
6.015214434e+06|5.077078544e+09|5.374729114e+09|5.668486346e+09|3.000000|3.000000|3.000000
6.030233957e+06|4.905177749e+09|5.192664003e+09|5.476297103e+09|3.000000|3.000000|3.000000
6.046546883e+06|4.721229318e+09|4.997672930e+09|5.270376249e+09|3.000000|3.000000|3.000000
6.062108064e+06|4.548457389e+09|4.814373889e+09|5.076724016e+09|3.000000|3.000000|3.000000
6.078723883e+06|4.366915195e+09|4.621609214e+09|4.872992801e+09|3.000000|3.000000|3.000000
6.094152471e+06|4.201089339e+09|4.445389593e+09|4.686680759e+09|3.000000|3.000000|3.000000
6.111529445e+06|4.017520010e+09|4.250157251e+09|4.480196526e+09|3.000000|3.000000|3.000000
6.125738068e+06|3.869963455e+09|4.093107750e+09|4.314045260e+09|3.000000|3.000000|3.000000
6.141884088e+06|3.705091909e+09|3.917507082e+09|4.128218293e+09|3.000000|3.000000|3.000000
6.158138422e+06|3.542158601e+09|3.743846648e+09|3.944397511e+09|3.000000|3.000000|3.000000
6.175906688e+06|3.367582157e+09|3.557643221e+09|3.747253404e+09|3.000000|3.000000|3.000000
6.193474635e+06|3.198642427e+09|3.377324990e+09|3.556300521e+09|3.000000|3.000000|3.000000
6.211951279e+06|3.024946807e+09|3.191805906e+09|3.359806362e+09|3.000000|3.000000|3.000000
6.230823239e+06|2.851801388e+09|3.006755453e+09|3.163782661e+09|3.000000|3.000000|3.000000
6.249225325e+06|2.687170982e+09|2.830702796e+09|2.977274821e+09|3.000000|3.000000|3.000000
6.266966241e+06|2.532434705e+09|2.665147296e+09|2.801882089e+09|3.000000|3.000000|3.000000
6.288333646e+06|2.351322179e+09|2.471280573e+09|2.596501271e+09|3.000000|3.000000|3.000000
6.307470123e+06|2.194058189e+09|2.302875103e+09|2.418110741e+09|3.000000|3.000000|3.000000
6.326898577e+06|2.039235657e+09|2.137037634e+09|2.242468742e+09|3.000000|3.000000|3.000000
6.344629635e+06|1.902252691e+09|1.990283732e+09|2.087073515e+09|3.000000|3.000000|3.000000
6.367938367e+06|1.728530788e+09|1.804159384e+09|1.890056240e+09|3.000000|3.000000|3.000000
6.394854873e+06|1.537042633e+09|1.599027781e+09|1.673039219e+09|3.000000|3.000000|3.000000
6.417346105e+06|1.384667063e+09|1.435858028e+09|1.500537803e+09|3.000000|3.000000|3.000000
6.437729380e+06|1.252675493e+09|1.294597897e+09|1.351314364e+09|3.000000|3.000000|3.000000
6.460113810e+06|1.114517806e+09|1.146863605e+09|1.195398257e+09|3.000000|3.000000|3.000000
6.485662663e+06|9.656649447e+08|9.879034050e+08|1.027849842e+09|3.000000|3.000000|3.000000
6.514130523e+06|8.111117918e+08|8.231977420e+08|8.545578309e+08|3.000000|3.000000|3.000000
6.546667351e+06|6.493808618e+08|6.514092176e+08|6.742835811e+08|3.000000|3.000000|3.000000
6.590898542e+06|4.557175825e+08|4.469610353e+08|4.606909315e+08|3.000000|3.000000|3.000000
6.665079390e+06|2.013560183e+08|1.829142201e+08|1.879203417e+08|3.000000|3.000000|3.000000
6.764435262e+06|6.972670620e+06|-5.184291442e+06|2.248892788e+06|3.000000|3.000000|3.000000
6.990837755e+06|2.604403559e+08|3.684068856e+08|4.493147206e+08|3.000000|3.000000|3.000000
