#RRR|U50|U25|U75|Umean|T50|T25|T75|Tmean|P50|P25|P75|Pmean|rho50|rho25|rho75|Pmean|S
2.735852803e+05|4.870240878e+06|4.879520253e+06|4.886126275e+06|4.878560912e+06|5.186944389e+03|5.191261324e+03|5.194331540e+03|5.190809682e+03|1.739849904e+11|1.744323622e+11|1.747509450e+11|1.743862080e+11|1.045763257e+04|1.046345898e+04|1.046760645e+04|1.046285059e+04|1.893134553e+03
4.157380587e+05|4.846446595e+06|4.853746899e+06|4.860947466e+06|4.853051467e+06|5.175853619e+03|5.179259645e+03|5.182616282e+03|5.178931778e+03|1.728376130e+11|1.731896563e+11|1.735368410e+11|1.731561174e+11|1.044264771e+04|1.044724854e+04|1.045178516e+04|1.044680664e+04|1.893134553e+03
4.950813303e+05|4.821606309e+06|4.830111649e+06|4.838412124e+06|4.830608549e+06|5.164220463e+03|5.168212036e+03|5.172101789e+03|5.168438297e+03|1.716403477e+11|1.720502114e+11|1.724501754e+11|1.720742205e+11|1.042694580e+04|1.043233154e+04|1.043757642e+04|1.043263867e+04|1.893134553e+03
5.538417364e+05|4.804186858e+06|4.812763328e+06|4.820209176e+06|4.812973367e+06|5.156033117e+03|5.160066238e+03|5.163564408e+03|5.160161531e+03|1.708010174e+11|1.712143053e+11|1.715730422e+11|1.712244042e+11|1.041589868e+04|1.042134375e+04|1.042606006e+04|1.042147266e+04|1.893134553e+03
6.054366393e+05|4.785263213e+06|4.792581559e+06|4.800000088e+06|4.793296375e+06|5.147114411e+03|5.150569233e+03|5.154062802e+03|5.150896915e+03|1.698892137e+11|1.702418265e+11|1.705992867e+11|1.702763272e+11|1.040386719e+04|1.040852930e+04|1.041324121e+04|1.040897168e+04|1.893134553e+03
6.532168819e+05|4.765873693e+06|4.774595450e+06|4.780482319e+06|4.774459426e+06|5.137929589e+03|5.142063672e+03|5.144851640e+03|5.141992996e+03|1.689554479e+11|1.693755182e+11|1.696590274e+11|1.693689811e+11|1.039149121e+04|1.039706201e+04|1.040082227e+04|1.039696777e+04|1.893134553e+03
6.983890793e+05|4.748481823e+06|4.759226710e+06|4.770162742e+06|4.760012691e+06|5.129673228e+03|5.134776094e+03|5.139963113e+03|5.135141867e+03|1.681178248e+11|1.686353553e+11|1.691620219e+11|1.686732001e+11|1.038036230e+04|1.038724268e+04|1.039422876e+04|1.038773340e+04|1.893134553e+03
7.409199138e+05|4.724115366e+06|4.731818621e+06|4.743729986e+06|4.734703415e+06|5.118054756e+03|5.121734923e+03|5.127414461e+03|5.123098812e+03|1.669450349e+11|1.673156618e+11|1.678889962e+11|1.674546742e+11|1.036471680e+04|1.036966602e+04|1.037731201e+04|1.037150781e+04|1.893134553e+03
7.821609158e+05|4.705493516e+06|4.718802695e+06|4.726939280e+06|4.718989443e+06|5.109144442e+03|5.115514711e+03|5.119404226e+03|5.115592389e+03|1.660489598e+11|1.666893800e+11|1.670808986e+11|1.666984223e+11|1.035271875e+04|1.036129590e+04|1.036652808e+04|1.036139844e+04|1.893134553e+03
8.213117862e+05|4.685043599e+06|4.696351425e+06|4.708677548e+06|4.696078515e+06|5.099323692e+03|5.104762854e+03|5.110669355e+03|5.104610086e+03|1.650651034e+11|1.656089692e+11|1.662021551e+11|1.655960503e+11|1.033949463e+04|1.034681201e+04|1.035476831e+04|1.034661426e+04|1.893134553e+03
8.575866090e+05|4.666687801e+06|4.674912981e+06|4.683848873e+06|4.675436187e+06|5.090468997e+03|5.094439156e+03|5.098747943e+03|5.094679232e+03|1.641822755e+11|1.645778309e+11|1.650076378e+11|1.646030703e+11|1.032758569e+04|1.033293164e+04|1.033872607e+04|1.033325293e+04|1.893134553e+03
8.948952366e+05|4.644769824e+06|4.656653609e+06|4.666998662e+06|4.659777028e+06|5.079869431e+03|5.085620375e+03|5.090619109e+03|5.087102850e+03|1.631281060e+11|1.636996578e+11|1.641972273e+11|1.638500363e+11|1.031332788e+04|1.032106250e+04|1.032779102e+04|1.032306543e+04|1.893134553e+03
9.287974096e+05|4.623657538e+06|4.635979226e+06|4.651417914e+06|4.638550563e+06|5.069600109e+03|5.075596714e+03|5.083088122e+03|5.076816138e+03|1.621133687e+11|1.627056054e+11|1.634478604e+11|1.628294323e+11|1.029953784e+04|1.030759131e+04|1.031766064e+04|1.030923438e+04|1.893134553e+03
9.611330758e+05|4.611709222e+06|4.622205455e+06|4.634685012e+06|4.626455710e+06|5.063776721e+03|5.068892836e+03|5.074967276e+03|5.070938487e+03|1.615390816e+11|1.620435729e+11|1.626434092e+11|1.622480031e+11|1.029171362e+04|1.029858545e+04|1.030674390e+04|1.030133594e+04|1.893134553e+03
9.946994833e+05|4.587221909e+06|4.600616917e+06|4.616139378e+06|4.602183961e+06|5.051799106e+03|5.058363030e+03|5.065936876e+03|5.059101295e+03|1.603625199e+11|1.610059253e+11|1.617520207e+11|1.610815301e+11|1.027562744e+04|1.028443066e+04|1.029461719e+04|1.028543262e+04|1.893134553e+03
1.026085883e+06|4.571470672e+06|4.581115584e+06|4.598459250e+06|4.585904260e+06|5.044063122e+03|5.048801828e+03|5.057308841e+03|5.051116554e+03|1.596060808e+11|1.600692946e+11|1.609022366e+11|1.602995467e+11|1.026523926e+04|1.027160156e+04|1.028301782e+04|1.027471289e+04|1.893134553e+03
1.055906372e+06|4.552969241e+06|4.563408013e+06|4.583197219e+06|4.569245638e+06|5.034957533e+03|5.040097554e+03|5.049823843e+03|5.042945279e+03|1.587174973e+11|1.592188874e+11|1.601692478e+11|1.594993349e+11|1.025301343e+04|1.025991406e+04|1.027297339e+04|1.026374121e+04|1.893134553e+03
1.085150930e+06|4.533790620e+06|4.545128829e+06|4.559426416e+06|4.548375443e+06|5.025461725e+03|5.031079560e+03|5.038137794e+03|5.032657086e+03|1.577967433e+11|1.583411244e+11|1.590276763e+11|1.584971126e+11|1.024028198e+04|1.024781641e+04|1.025728345e+04|1.024993848e+04|1.893134553e+03
1.115244252e+06|4.515140542e+06|4.526930855e+06|4.539454334e+06|4.526942824e+06|5.016204101e+03|5.022059092e+03|5.028268944e+03|5.022044350e+03|1.569013261e+11|1.574674103e+11|1.580686779e+11|1.574680647e+11|1.022787256e+04|1.023572559e+04|1.024405249e+04|1.023570508e+04|1.893134553e+03
1.143416363e+06|4.494487296e+06|4.503783422e+06|4.522030064e+06|4.506121903e+06|5.005909709e+03|5.010553352e+03|5.019626414e+03|5.011689207e+03|1.559101480e+11|1.563561314e+11|1.572321015e+11|1.564686573e+11|1.021407520e+04|1.022029150e+04|1.023246045e+04|1.022182422e+04|1.893134553e+03
1.170641321e+06|4.474260513e+06|4.483997716e+06|4.499300537e+06|4.488743645e+06|4.995787610e+03|5.000663520e+03|5.008314698e+03|5.003013076e+03|1.549397995e+11|1.554069249e+11|1.561410266e+11|1.556347692e+11|1.020051660e+04|1.020705420e+04|1.021729272e+04|1.021019922e+04|1.893134553e+03
1.198343795e+06|4.453009084e+06|4.464660219e+06|4.475398160e+06|4.465169977e+06|4.985113883e+03|4.990974501e+03|4.996357585e+03|4.991204020e+03|1.539204956e+11|1.544791788e+11|1.549943715e+11|1.545038732e+11|1.018622290e+04|1.019406738e+04|1.020128540e+04|1.019438184e+04|1.893134553e+03
1.224450087e+06|4.435791199e+06|4.449123939e+06|4.463734944e+06|4.451381099e+06|4.976425021e+03|4.983154891e+03|4.990510310e+03|4.984270289e+03|1.530949926e+11|1.537342147e+11|1.544348011e+11|1.538425902e+11|1.017459717e+04|1.018360107e+04|1.019344360e+04|1.018509961e+04|1.893134553e+03
1.251820341e+06|4.418264598e+06|4.431092966e+06|4.447868018e+06|4.432841764e+06|4.967561302e+03|4.974050878e+03|4.982521423e+03|4.974904066e+03|1.522547244e+11|1.528697376e+11|1.536739941e+11|1.529537185e+11|1.016273120e+04|1.017142432e+04|1.018275830e+04|1.017256641e+04|1.893134553e+03
1.277421209e+06|4.395722097e+06|4.408226175e+06|4.421582685e+06|4.410405023e+06|4.956095329e+03|4.962463835e+03|4.969240831e+03|4.963544525e+03|1.511742719e+11|1.517735360e+11|1.524138097e+11|1.518780880e+11|1.014740527e+04|1.015592041e+04|1.016498608e+04|1.015736914e+04|1.893134553e+03
1.300169548e+06|4.377764503e+06|4.388994010e+06|4.399598264e+06|4.390313642e+06|4.946931882e+03|4.952664511e+03|4.958070576e+03|4.953313540e+03|1.503136131e+11|1.508518129e+11|1.513600450e+11|1.509151595e+11|1.013515503e+04|1.014282471e+04|1.015004736e+04|1.014369141e+04|1.893134553e+03
1.325058959e+06|4.355352426e+06|4.367277740e+06|4.381731031e+06|4.368706882e+06|4.935442907e+03|4.941567987e+03|4.948957701e+03|4.942269645e+03|1.492400019e+11|1.498111327e+11|1.505037019e+11|1.498798575e+11|1.011980957e+04|1.012798877e+04|1.013786499e+04|1.012893262e+04|1.893134553e+03
1.350118455e+06|4.336445341e+06|4.350773370e+06|4.362101523e+06|4.352668477e+06|4.925713039e+03|4.933088575e+03|4.938910502e+03|4.934024352e+03|1.483345582e+11|1.490207126e+11|1.495632050e+11|1.491116932e+11|1.010681714e+04|1.011666943e+04|1.012444019e+04|1.011792090e+04|1.893134553e+03
1.373386708e+06|4.318990170e+06|4.331190280e+06|4.345188737e+06|4.331748440e+06|4.916698875e+03|4.923004590e+03|4.930215392e+03|4.923256468e+03|1.474987622e+11|1.480828786e+11|1.487532721e+11|1.481097909e+11|1.009478247e+04|1.010319531e+04|1.011282617e+04|1.010354102e+04|1.893134553e+03
1.396962104e+06|4.293362920e+06|4.310550113e+06|4.320871063e+06|4.309757418e+06|4.903392634e+03|4.912321373e+03|4.917673783e+03|4.911886899e+03|1.462719852e+11|1.470947225e+11|1.475887980e+11|1.470568696e+11|1.007702881e+04|1.008894287e+04|1.009608252e+04|1.008836426e+04|1.893134553e+03
1.418907254e+06|4.277278617e+06|4.290480265e+06|4.301061805e+06|4.290474857e+06|4.895013683e+03|4.901893191e+03|4.907394598e+03|4.901854699e+03|1.455020837e+11|1.461340120e+11|1.466405228e+11|1.461338988e+11|1.006584839e+04|1.007503223e+04|1.008236938e+04|1.007498438e+04|1.893134553e+03
1.440046307e+06|4.259016657e+06|4.272221520e+06|4.286165095e+06|4.276313392e+06|4.885448804e+03|4.892367203e+03|4.899647585e+03|4.894465312e+03|1.446283494e+11|1.452601410e+11|1.459274598e+11|1.454561560e+11|1.005310596e+04|1.006232715e+04|1.007203003e+04|1.006513086e+04|1.893134553e+03
1.462055620e+06|4.239927729e+06|4.255382542e+06|4.268479977e+06|4.255487862e+06|4.875426962e+03|4.883542747e+03|4.890408058e+03|4.883573638e+03|1.437150263e+11|1.444544552e+11|1.450811343e+11|1.444596165e+11|1.003974683e+04|1.005056885e+04|1.005971753e+04|1.005061035e+04|1.893134553e+03
1.483099817e+06|4.221555776e+06|4.236487308e+06|4.246782756e+06|4.236608468e+06|4.865731550e+03|4.873618110e+03|4.879028719e+03|4.873646050e+03|1.428364593e+11|1.435504434e+11|1.440429729e+11|1.435564993e+11|1.002684229e+04|1.003733691e+04|1.004455444e+04|1.003738281e+04|1.893134553e+03
1.506564721e+06|4.199693751e+06|4.215737863e+06|4.229562629e+06|4.213684572e+06|4.854155800e+03|4.862654191e+03|4.869962968e+03|4.861543028e+03|1.417912226e+11|1.425582936e+11|1.432193180e+11|1.424602145e+11|1.001142505e+04|1.002274658e+04|1.003247510e+04|1.002126562e+04|1.893134553e+03
1.526111622e+06|4.179301072e+06|4.194928372e+06|4.208905035e+06|4.196184563e+06|4.843298297e+03|4.851628298e+03|4.859037085e+03|4.852252234e+03|1.408163494e+11|1.415633418e+11|1.422316300e+11|1.416235761e+11|9.996979004e+03|1.000805811e+04|1.001792285e+04|1.000889844e+04|1.893134553e+03
1.545520848e+06|4.166663599e+06|4.176055855e+06|4.190488588e+06|4.179236944e+06|4.836544942e+03|4.841565154e+03|4.849267674e+03|4.843229259e+03|1.402122279e+11|1.406612071e+11|1.413511152e+11|1.408133668e+11|9.987998535e+03|9.994676758e+03|1.000491675e+04|9.996892578e+03|1.893134553e+03
1.566016385e+06|4.144101464e+06|4.157512873e+06|4.173547411e+06|4.159635471e+06|4.824450086e+03|4.831647958e+03|4.840224970e+03|4.832758013e+03|1.391338589e+11|1.397748464e+11|1.405412798e+11|1.398764129e+11|9.971910645e+03|9.981480957e+03|9.992893066e+03|9.982963867e+03|1.893134553e+03
1.587294666e+06|4.129175400e+06|4.142193527e+06|4.152456356e+06|4.141762651e+06|4.816405407e+03|4.823422569e+03|4.828939484e+03|4.823163529e+03|1.384208191e+11|1.390427058e+11|1.395331592e+11|1.390223002e+11|9.961228271e+03|9.970545898e+03|9.977881592e+03|9.970207031e+03|1.893134553e+03
1.606779630e+06|4.104874049e+06|4.118874493e+06|4.133929165e+06|4.121057250e+06|4.803271408e+03|4.810844422e+03|4.818969230e+03|4.811995918e+03|1.372599405e+11|1.379286959e+11|1.386479072e+11|1.380331153e+11|9.943769287e+03|9.953831543e+03|9.964630127e+03|9.955369141e+03|1.893134553e+03
1.626911008e+06|4.089060373e+06|4.102394189e+06|4.115977146e+06|4.102356764e+06|4.794671321e+03|4.801923944e+03|4.809278931e+03|4.801866611e+03|1.365048544e+11|1.371415361e+11|1.377902687e+11|1.371399283e+11|9.932353516e+03|9.941983398e+03|9.951752930e+03|9.941914062e+03|1.893134553e+03
1.646743148e+06|4.066340335e+06|4.081660499e+06|4.097576929e+06|4.081074068e+06|4.782284051e+03|4.790640871e+03|4.799305165e+03|4.790298268e+03|1.354201297e+11|1.361515613e+11|1.369115113e+11|1.361236183e+11|9.915910400e+03|9.927009766e+03|9.938508789e+03|9.926552734e+03|1.893134553e+03
1.666224547e+06|4.049785978e+06|4.067846288e+06|4.077380594e+06|4.065702141e+06|4.773199587e+03|4.783106263e+03|4.788307971e+03|4.781889066e+03|1.346298370e+11|1.354920398e+11|1.359472454e+11|1.353897513e+11|9.903867188e+03|9.916998535e+03|9.923906738e+03|9.915394531e+03|1.893134553e+03
1.683077446e+06|4.034585031e+06|4.049241750e+06|4.060367499e+06|4.050135144e+06|4.764834206e+03|4.772900378e+03|4.779012916e+03|4.773358255e+03|1.339041025e+11|1.346038549e+11|1.351349661e+11|1.346465428e+11|9.892769775e+03|9.903467773e+03|9.911567383e+03|9.904077148e+03|1.893134553e+03
1.702166977e+06|4.012057317e+06|4.027590701e+06|4.040430997e+06|4.026296190e+06|4.752385377e+03|4.760979438e+03|4.768053344e+03|4.760230831e+03|1.328289528e+11|1.335702790e+11|1.341832002e+11|1.335086594e+11|9.876262939e+03|9.887654785e+03|9.897042725e+03|9.886668945e+03|1.893134553e+03
1.722428552e+06|3.994059154e+06|4.011820039e+06|4.025139660e+06|4.009320804e+06|4.742390558e+03|4.752253784e+03|4.759627737e+03|4.750813204e+03|1.319703228e+11|1.328176358e+11|1.334532879e+11|1.326986619e+11|9.863025879e+03|9.876091309e+03|9.885862061e+03|9.874190430e+03|1.893134553e+03
1.742489700e+06|3.974098603e+06|3.987754801e+06|4.001626561e+06|3.988591958e+06|4.731264343e+03|4.738883944e+03|4.746595854e+03|4.739318599e+03|1.310181832e+11|1.316695375e+11|1.323313547e+11|1.317096148e+11|9.848283936e+03|9.858376465e+03|9.868596436e+03|9.858957031e+03|1.893134553e+03
1.759746757e+06|3.953606562e+06|3.971284229e+06|3.983691130e+06|3.971209586e+06|4.719775969e+03|4.729688375e+03|4.736622078e+03|4.729612402e+03|1.300408725e+11|1.308839531e+11|1.314756554e+11|1.308804810e+11|9.833080566e+03|9.846201172e+03|9.855381592e+03|9.846103516e+03|1.893134553e+03
1.777509056e+06|3.937811586e+06|3.956976663e+06|3.967069411e+06|3.951533796e+06|4.710897851e+03|4.721667500e+03|4.727327139e+03|4.718572889e+03|1.292876437e+11|1.302015574e+11|1.306829148e+11|1.299421144e+11|9.821328125e+03|9.835583984e+03|9.843076904e+03|9.831492188e+03|1.893134553e+03
1.793575428e+06|3.917325808e+06|3.930111394e+06|3.947977189e+06|3.933237462e+06|4.699303308e+03|4.706543444e+03|4.716614478e+03|4.708273226e+03|1.283108631e+11|1.289204915e+11|1.297724485e+11|1.290696275e+11|9.805999756e+03|9.815568359e+03|9.828897705e+03|9.817864258e+03|1.893134553e+03
1.813357971e+06|3.906121234e+06|3.917756370e+06|3.932127407e+06|3.920370609e+06|4.692948198e+03|4.699547310e+03|4.707683918e+03|4.700993907e+03|1.277766244e+11|1.283313950e+11|1.290166112e+11|1.284561268e+11|9.797596924e+03|9.806320312e+03|9.817082275e+03|9.808237305e+03|1.893134553e+03
1.831190666e+06|3.882763941e+06|3.901417836e+06|3.916109439e+06|3.898965209e+06|4.679635224e+03|4.690277622e+03|4.698613854e+03|4.688830949e+03|1.266633382e+11|1.275524324e+11|1.282528573e+11|1.274357178e+11|9.779999512e+03|9.794059570e+03|9.805087646e+03|9.792156250e+03|1.893134553e+03
1.851004354e+06|3.857799680e+06|3.873268340e+06|3.893558300e+06|3.876757349e+06|4.665337778e+03|4.674202647e+03|4.685802368e+03|4.676153988e+03|1.254737696e+11|1.262108890e+11|1.271777969e+11|1.263772770e+11|9.761109375e+03|9.772821777e+03|9.788141357e+03|9.775404297e+03|1.893134553e+03
1.868830266e+06|3.835796081e+06|3.855538458e+06|3.872017983e+06|3.853585647e+06|4.652638548e+03|4.664037238e+03|4.673486775e+03|4.662869924e+03|1.244253702e+11|1.253660563e+11|1.261513082e+11|1.252730505e+11|9.744353760e+03|9.759388672e+03|9.771875488e+03|9.757858398e+03|1.893134553e+03
1.885334578e+06|3.823425026e+06|3.839920526e+06|3.856508627e+06|3.839109046e+06|4.645480191e+03|4.655022420e+03|4.664596598e+03|4.654519018e+03|1.238360567e+11|1.246218826e+11|1.254122742e+11|1.245833233e+11|9.734898438e+03|9.747495605e+03|9.760128418e+03|9.746833984e+03|1.893134553e+03
1.901335048e+06|3.806881901e+06|3.821719993e+06|3.836910524e+06|3.822448896e+06|4.635863127e+03|4.644492625e+03|4.653282812e+03|4.644878802e+03|1.230479528e+11|1.237548310e+11|1.244784647e+11|1.237895892e+11|9.722216064e+03|9.733596680e+03|9.745203613e+03|9.734112305e+03|1.893134553e+03
1.917907007e+06|3.785507651e+06|3.805944143e+06|3.820112609e+06|3.804094692e+06|4.623380582e+03|4.635316216e+03|4.643561445e+03|4.634198956e+03|1.220298553e+11|1.230032913e+11|1.236782550e+11|1.229153164e+11|9.705755371e+03|9.721494141e+03|9.732362061e+03|9.720023438e+03|1.893134553e+03
1.935510955e+06|3.766169368e+06|3.787193493e+06|3.800535570e+06|3.783964931e+06|4.612029268e+03|4.624366441e+03|4.632160695e+03|4.622442382e+03|1.211090386e+11|1.221101621e+11|1.227456964e+11|1.219565700e+11|9.690792480e+03|9.707056152e+03|9.717334717e+03|9.704522461e+03|1.893134553e+03
1.952616065e+06|3.749621238e+06|3.769948785e+06|3.782644731e+06|3.768115798e+06|4.602271880e+03|4.614254617e+03|4.621705830e+03|4.613136627e+03|1.203212854e+11|1.212890202e+11|1.218935435e+11|1.212018761e+11|9.677939453e+03|9.693727051e+03|9.703542969e+03|9.692257812e+03|1.893134553e+03
1.972887664e+06|3.725235077e+06|3.747767812e+06|3.760879218e+06|3.744603765e+06|4.587816075e+03|4.601177682e+03|4.608912432e+03|4.599261969e+03|1.191603390e+11|1.202330536e+11|1.208571709e+11|1.200824282e+11|9.658906006e+03|9.676501953e+03|9.686690918e+03|9.673980469e+03|1.893134553e+03
1.989468145e+06|3.706479775e+06|3.719063827e+06|3.738523889e+06|3.721419031e+06|4.576634294e+03|4.584140017e+03|4.595716009e+03|4.585513704e+03|1.182674454e+11|1.188664829e+11|1.197929547e+11|1.189786647e+11|9.644189941e+03|9.654067871e+03|9.669298584e+03|9.655876953e+03|1.893134553e+03
2.005758486e+06|3.686573654e+06|3.701677391e+06|3.724100562e+06|3.704795301e+06|4.564703297e+03|4.573766387e+03|4.587140494e+03|4.575590870e+03|1.173198975e+11|1.180388613e+11|1.191063196e+11|1.181873342e+11|9.628493652e+03|9.640411621e+03|9.658016846e+03|9.642818359e+03|1.893134553e+03
2.020452661e+06|3.673075092e+06|3.684837556e+06|3.706538340e+06|3.690382191e+06|4.556577095e+03|4.563659013e+03|4.576669235e+03|4.566953344e+03|1.166774940e+11|1.172372861e+11|1.182702327e+11|1.175012871e+11|9.617811523e+03|9.627120605e+03|9.644232666e+03|9.631456055e+03|1.893134553e+03
2.034679133e+06|3.658729831e+06|3.677686919e+06|3.688685372e+06|3.674919150e+06|4.547923921e+03|4.559355161e+03|4.565973177e+03|4.557652563e+03|1.159949065e+11|1.168969939e+11|1.174203914e+11|1.167653645e+11|9.606425293e+03|9.621463867e+03|9.630158936e+03|9.619223633e+03|1.893134553e+03
2.052231931e+06|3.637240425e+06|3.651341080e+06|3.672765529e+06|3.653629785e+06|4.534869162e+03|4.543439796e+03|4.556390556e+03|4.544781486e+03|1.149724889e+11|1.156433397e+11|1.166627596e+11|1.157523228e+11|9.589281738e+03|9.600533691e+03|9.617560791e+03|9.602306641e+03|1.893134553e+03
2.070086324e+06|3.612882497e+06|3.633190263e+06|3.648121280e+06|3.633439165e+06|4.519998012e+03|4.532404254e+03|4.541484242e+03|4.532505322e+03|1.138137124e+11|1.147798485e+11|1.154901193e+11|1.147916839e+11|9.569745605e+03|9.586040527e+03|9.597966553e+03|9.586177734e+03|1.893134553e+03
2.088191649e+06|3.594202137e+06|3.614979467e+06|3.630043570e+06|3.612929423e+06|4.508513689e+03|4.521285312e+03|4.530488221e+03|4.519988288e+03|1.129247941e+11|1.139134875e+11|1.146301691e+11|1.138158804e+11|9.554670410e+03|9.571430664e+03|9.583524902e+03|9.569735352e+03|1.893134553e+03
2.104916611e+06|3.573583235e+06|3.585703663e+06|3.606522363e+06|3.589159804e+06|4.495776642e+03|4.503278932e+03|4.516091339e+03|4.505364144e+03|1.119438683e+11|1.125205581e+11|1.135110664e+11|1.126850261e+11|9.537962158e+03|9.547798340e+03|9.564620117e+03|9.550542969e+03|1.893134553e+03
2.121446792e+06|3.553450119e+06|3.575407263e+06|3.591151171e+06|3.572332652e+06|4.483269120e+03|4.496908019e+03|4.506635132e+03|4.494952341e+03|1.109862871e+11|1.120306495e+11|1.127796808e+11|1.118845506e+11|9.521559082e+03|9.539440430e+03|9.552204102e+03|9.536882812e+03|1.893134553e+03
2.134369901e+06|3.536535659e+06|3.552407416e+06|3.576803788e+06|3.556296842e+06|4.472707903e+03|4.482620363e+03|4.497774067e+03|4.484982169e+03|1.101819117e+11|1.109366896e+11|1.120971075e+11|1.111218163e+11|9.507716064e+03|9.520706543e+03|9.540576904e+03|9.523810547e+03|1.893134553e+03
2.148776330e+06|3.518347454e+06|3.543955910e+06|3.559640525e+06|3.541271893e+06|4.461292091e+03|4.477356469e+03|4.487118672e+03|4.475606789e+03|1.093169578e+11|1.105348446e+11|1.112807544e+11|1.104072061e+11|9.492754150e+03|9.513801270e+03|9.526605957e+03|9.511521484e+03|1.893134553e+03
2.163723326e+06|3.501975880e+06|3.519603426e+06|3.541250171e+06|3.522551661e+06|4.450972378e+03|4.462081303e+03|4.475662125e+03|4.463885041e+03|1.085383667e+11|1.093766725e+11|1.104061578e+11|1.095168822e+11|9.479233887e+03|9.493792969e+03|9.511580566e+03|9.496159180e+03|1.893134553e+03
2.180174644e+06|3.487403027e+06|3.507498071e+06|3.527431205e+06|3.507042228e+06|4.441729835e+03|4.454468313e+03|4.466997213e+03|4.454113357e+03|1.078451916e+11|1.088010618e+11|1.097488297e+11|1.087792516e+11|9.467145020e+03|9.483812012e+03|9.500231201e+03|9.483358398e+03|1.893134553e+03
2.197371591e+06|3.463458146e+06|3.479704425e+06|3.503516993e+06|3.482347976e+06|4.426479591e+03|4.436839330e+03|4.451948670e+03|4.438483012e+03|1.067064387e+11|1.074790328e+11|1.086116609e+11|1.076048480e+11|9.447184570e+03|9.460737793e+03|9.480516602e+03|9.462892578e+03|1.893134553e+03
2.215971585e+06|3.438771220e+06|3.455450297e+06|3.475293139e+06|3.456012274e+06|4.410643766e+03|4.421349015e+03|4.434034633e+03|4.421660325e+03|1.055325770e+11|1.063256382e+11|1.072693106e+11|1.063524577e+11|9.426467773e+03|9.440473633e+03|9.457065918e+03|9.440882812e+03|1.893134553e+03
2.232535532e+06|3.417739491e+06|3.433199955e+06|3.453243932e+06|3.434226517e+06|4.397050872e+03|4.407061145e+03|4.419934372e+03|4.407649292e+03|1.045324529e+11|1.052677933e+11|1.062207439e+11|1.053165015e+11|9.408707520e+03|9.421776367e+03|9.438621338e+03|9.422562500e+03|1.893134553e+03
2.245726976e+06|3.405171139e+06|3.425938837e+06|3.443308655e+06|3.426146840e+06|4.388896551e+03|4.402362572e+03|4.413558620e+03|4.402422306e+03|1.039349426e+11|1.049224649e+11|1.057483466e+11|1.049323070e+11|9.398046631e+03|9.415642090e+03|9.430281006e+03|9.415730469e+03|1.893134553e+03
2.258840764e+06|3.381752639e+06|3.405546060e+06|3.426908037e+06|3.405431845e+06|4.373603851e+03|4.389139957e+03|4.402990022e+03|4.388991612e+03|1.028212204e+11|1.039527658e+11|1.049685618e+11|1.039472405e+11|9.378076904e+03|9.398367188e+03|9.416465332e+03|9.398180664e+03|1.893134553e+03
2.270467388e+06|3.365888686e+06|3.390769713e+06|3.406873636e+06|3.388813322e+06|4.363193953e+03|4.379510102e+03|4.390002002e+03|4.378155630e+03|1.020668320e+11|1.032500562e+11|1.040158783e+11|1.031569913e+11|9.364481445e+03|9.385787109e+03|9.399490723e+03|9.384025391e+03|1.893134553e+03
2.284884308e+06|3.353105111e+06|3.370768988e+06|3.396925843e+06|3.376332894e+06|4.354758900e+03|4.366398966e+03|4.383536699e+03|4.369973379e+03|1.014588636e+11|1.022988043e+11|1.035429051e+11|1.025634923e+11|9.353478516e+03|9.368670898e+03|9.391036865e+03|9.373342773e+03|1.893134553e+03
2.300945100e+06|3.337930694e+06|3.363800797e+06|3.380425424e+06|3.360034111e+06|4.344706281e+03|4.361822079e+03|4.372733851e+03|4.359262172e+03|1.007373608e+11|1.019675833e+11|1.027580938e+11|1.017884261e+11|9.340362305e+03|9.362689453e+03|9.376941406e+03|9.359362305e+03|1.893134553e+03
2.319803926e+06|3.319781441e+06|3.341341787e+06|3.355217505e+06|3.337187010e+06|4.332629275e+03|4.346967978e+03|4.356156543e+03|4.344152512e+03|9.987436607e+10|1.008995395e+11|1.015593587e+11|1.007019424e+11|9.324614014e+03|9.343315918e+03|9.355295410e+03|9.339646484e+03|1.893134553e+03
2.338321641e+06|3.287611826e+06|3.306326121e+06|3.330728700e+06|3.308534312e+06|4.311042713e+03|4.323617783e+03|4.339927319e+03|4.325022593e+03|9.834428196e+10|9.923423971e+10|1.003949121e+11|9.933928892e+10|9.296477783e+03|9.312869141e+03|9.334128418e+03|9.314705078e+03|1.893134553e+03
2.354474352e+06|3.265420541e+06|3.291627604e+06|3.308245003e+06|3.287370061e+06|4.296010079e+03|4.313753182e+03|4.324904004e+03|4.310781494e+03|9.728856221e+10|9.853538717e+10|9.932550697e+10|9.833267857e+10|9.276899414e+03|9.300007324e+03|9.314545166e+03|9.296148438e+03|1.893134553e+03
2.366905988e+06|3.245809697e+06|3.271691285e+06|3.289050258e+06|3.269382756e+06|4.282645954e+03|4.300262910e+03|4.312015471e+03|4.298610804e+03|9.635576226e+10|9.758690472e+10|9.841275699e+10|9.747710048e+10|9.259503906e+03|9.282443848e+03|9.297739014e+03|9.280297852e+03|1.893134553e+03
2.377942605e+06|3.233435527e+06|3.253584023e+06|3.275686668e+06|3.253772979e+06|4.274169333e+03|4.287963623e+03|4.302970600e+03|4.287987361e+03|9.576723655e+10|9.672573602e+10|9.777697612e+10|9.673458818e+10|9.248478271e+03|9.266420898e+03|9.285968994e+03|9.266464844e+03|1.893134553e+03
2.389377241e+06|3.218206754e+06|3.246149615e+06|3.268611915e+06|3.242229797e+06|4.263702122e+03|4.282878543e+03|4.298175000e+03|4.280105027e+03|9.504288825e+10|9.637193943e+10|9.744040216e+10|9.618544334e+10|9.234856689e+03|9.259806641e+03|9.279720703e+03|9.256207031e+03|1.893134553e+03
2.402014610e+06|3.196846413e+06|3.214369384e+06|3.242892049e+06|3.220796867e+06|4.248901339e+03|4.261046725e+03|4.280648671e+03|4.265375096e+03|9.402627563e+10|9.486024060e+10|9.621694166e+10|9.516576958e+10|9.215613770e+03|9.231401855e+03|9.256909668e+03|9.237042969e+03|1.893134553e+03
2.418639261e+06|3.169766908e+06|3.192692081e+06|3.211414526e+06|3.191086383e+06|4.229994991e+03|4.246017259e+03|4.259000897e+03|4.244788936e+03|9.273744148e+10|9.382865780e+10|9.471958875e+10|9.375204087e+10|9.191043701e+03|9.211863281e+03|9.228744873e+03|9.210277344e+03|1.893134553e+03
2.437184677e+06|3.141161829e+06|3.168160454e+06|3.187298698e+06|3.164921731e+06|4.209843394e+03|4.228868436e+03|4.242269556e+03|4.226492414e+03|9.137581670e+10|9.266097398e+10|9.357207095e+10|9.250677844e+10|9.164873779e+03|9.189583008e+03|9.206986328e+03|9.186503906e+03|1.893134553e+03
2.455142398e+06|3.115668842e+06|3.140581961e+06|3.157706480e+06|3.137676113e+06|4.191726400e+03|4.209432562e+03|4.221530998e+03|4.207276755e+03|9.016238393e+10|9.134820834e+10|9.216346578e+10|9.120982386e+10|9.141354736e+03|9.164340820e+03|9.180049072e+03|9.161550781e+03|1.893134553e+03
2.471308905e+06|3.097521553e+06|3.122134318e+06|3.155844810e+06|3.125750251e+06|4.178709027e+03|4.196343914e+03|4.220223169e+03|4.198722246e+03|8.929780079e+10|9.047028631e+10|9.207491998e+10|9.064182949e+10|9.124480469e+03|9.147348633e+03|9.178343994e+03|9.150456055e+03|1.893134553e+03
2.483291543e+06|3.081688349e+06|3.109127596e+06|3.140731664e+06|3.110533403e+06|4.167298723e+03|4.187038357e+03|4.209538631e+03|4.187842945e+03|8.854358892e+10|8.985072184e+10|9.135533584e+10|8.991715769e+10|9.109677246e+03|9.135282227e+03|9.164480469e+03|9.136340820e+03|1.893134553e+03
2.493058868e+06|3.077511159e+06|3.107717890e+06|3.138125816e+06|3.106855865e+06|4.164270812e+03|4.186027295e+03|4.207692013e+03|4.185223879e+03|8.834452309e+10|8.978355059e+10|9.123131965e+10|8.974205014e+10|9.105758057e+03|9.133972168e+03|9.162085449e+03|9.132942383e+03|1.893134553e+03
2.503083167e+06|3.078093896e+06|3.101924509e+06|3.120551906e+06|3.097516583e+06|4.164693262e+03|4.181870629e+03|4.195219503e+03|4.178588710e+03|8.837228424e+10|8.950749156e+10|9.039497243e+10|8.929739381e+10|9.106302979e+03|9.128580566e+03|9.145887939e+03|9.124331055e+03|1.893134553e+03
2.513796011e+06|3.045231003e+06|3.075069253e+06|3.095808750e+06|3.071676676e+06|4.140764707e+03|4.162499783e+03|4.177478567e+03|4.159861078e+03|8.680645800e+10|8.822818772e+10|8.921625598e+10|8.806629006e+10|9.075301270e+03|9.103464355e+03|9.122883545e+03|9.100057617e+03|1.893134553e+03
2.527648865e+06|3.025768978e+06|3.055380932e+06|3.086961166e+06|3.055292137e+06|4.126469685e+03|4.148197431e+03|4.171117478e+03|4.147910766e+03|8.587904771e+10|8.729032794e+10|8.879500284e+10|8.728547179e+10|9.056783447e+03|9.084917969e+03|9.114621582e+03|9.084574219e+03|1.893134553e+03
2.550061453e+06|2.974186970e+06|3.010131066e+06|3.035069677e+06|3.006808978e+06|4.088028714e+03|4.114886963e+03|4.133306045e+03|4.112174104e+03|8.341838887e+10|8.513318869e+10|8.632216983e+10|8.497401937e+10|9.007060547e+03|9.041797852e+03|9.065640137e+03|9.038306641e+03|1.893134553e+03
2.582855958e+06|2.922835866e+06|2.955598727e+06|2.984778718e+06|2.953810271e+06|4.049039154e+03|4.074014224e+03|4.095988507e+03|4.072439641e+03|8.096718365e+10|8.253156979e+10|8.392383340e+10|8.244535626e+10|8.956667969e+03|8.988933594e+03|9.017346191e+03|8.986917969e+03|1.893134553e+03
2.595734150e+06|2.933168831e+06|2.963423805e+06|2.987751979e+06|2.956909189e+06|4.056946586e+03|4.079926931e+03|4.098220632e+03|4.074767765e+03|8.146067937e+10|8.290484854e+10|8.406582285e+10|8.259321612e+10|8.966884521e+03|8.996573730e+03|9.020227783e+03|8.989927734e+03|1.893134553e+03
2.603068471e+06|2.935773007e+06|2.960450588e+06|2.990753687e+06|2.957578973e+06|4.058931179e+03|4.077686552e+03|4.100468487e+03|4.075184378e+03|8.158495720e+10|8.276310180e+10|8.420909444e+10|8.262488255e+10|8.969446533e+03|8.993678711e+03|9.023132568e+03|8.990474609e+03|1.893134553e+03
2.609094455e+06|2.934566098e+06|2.961030902e+06|2.990027897e+06|2.957014081e+06|4.058011522e+03|4.078123917e+03|4.099926799e+03|4.074766950e+03|8.152736074e+10|8.279076548e+10|8.417448114e+10|8.259796113e+10|8.968262451e+03|8.994240723e+03|9.022431396e+03|8.989933594e+03|1.893134553e+03
2.614225736e+06|2.933780619e+06|2.963415129e+06|2.995160549e+06|2.958398901e+06|4.057412884e+03|4.079920352e+03|4.103751319e+03|4.075784623e+03|8.148987560e+10|8.290444232e+10|8.441917766e+10|8.266395462e+10|8.967483154e+03|8.996568359e+03|9.027385498e+03|8.991250977e+03|1.893134553e+03
2.619782633e+06|2.929869440e+06|2.960318704e+06|2.989205304e+06|2.953270664e+06|4.054430960e+03|4.077587153e+03|4.099311331e+03|4.071798747e+03|8.130322102e+10|8.275681491e+10|8.413522678e+10|8.241879485e+10|8.963629150e+03|8.993550293e+03|9.021636475e+03|8.986108398e+03|1.893134553e+03
2.626412887e+06|2.936472284e+06|2.967113664e+06|3.007028417e+06|2.960046655e+06|4.059463918e+03|4.082705907e+03|4.112581156e+03|4.076854096e+03|8.161832801e+10|8.308089258e+10|8.498514995e+10|8.274199987e+10|8.970137207e+03|9.000172852e+03|9.038814941e+03|8.992647461e+03|1.893134553e+03
2.635456127e+06|2.936960753e+06|2.975776173e+06|3.009135342e+06|2.965819120e+06|4.059836107e+03|4.089223467e+03|4.114147091e+03|4.081218218e+03|8.164163879e+10|8.349421184e+10|8.508567962e+10|8.301752077e+10|8.970620361e+03|9.008600586e+03|9.040841797e+03|8.998289062e+03|1.893134553e+03
2.654140358e+06|2.838439551e+06|2.917505700e+06|3.001821073e+06|2.919698250e+06|3.983187385e+03|4.044935696e+03|4.108708794e+03|4.045532514e+03|7.693180369e+10|8.071241386e+10|8.473671112e+10|8.081331721e+10|8.871708496e+03|8.951375000e+03|9.033805420e+03|8.952226562e+03|1.893134553e+03
2.723127108e+06|2.244386602e+06|2.271594430e+06|2.301982120e+06|2.342107875e+06|3.435596044e+03|3.465032032e+03|3.497298454e+03|3.526705513e+03|4.801736529e+10|4.937710757e+10|5.089049262e+10|5.278087200e+10|8.170920654e+03|8.208378906e+03|8.249454102e+03|8.287460938e+03|1.893134553e+03
2.739523771e+06|2.223124598e+06|2.244807339e+06|2.272429493e+06|2.249299910e+06|3.412173721e+03|3.436054680e+03|3.465927883e+03|3.440483005e+03|4.695021517e+10|4.803839616e+10|4.941876527e+10|4.825864362e+10|8.141124023e+03|8.171502441e+03|8.209519043e+03|8.177149902e+03|1.893134553e+03
2.743936644e+06|2.209569812e+06|2.230698477e+06|2.254787360e+06|2.235441917e+06|3.397051261e+03|3.420562854e+03|3.446922179e+03|3.424926358e+03|4.626792305e+10|4.733088223e+10|4.853802788e+10|4.756009860e+10|8.121892456e+03|8.151793457e+03|8.185325684e+03|8.157370605e+03|1.893134553e+03
2.747271790e+06|2.192865103e+06|2.228257911e+06|2.253385051e+06|2.226244450e+06|3.378225164e+03|3.417860449e+03|3.445396153e+03|3.414849184e+03|4.542554560e+10|4.720815042e+10|4.846775431e+10|4.709893137e+10|8.097954590e+03|8.148358154e+03|8.183385254e+03|8.144549805e+03|1.893134553e+03
2.750237768e+06|2.193485906e+06|2.216147196e+06|2.245085431e+06|2.222144915e+06|3.378934199e+03|3.404438230e+03|3.436357695e+03|3.410347900e+03|4.545704393e+10|4.660005644e+10|4.805230270e+10|4.689338400e+10|8.098849609e+03|8.131274902e+03|8.171887329e+03|8.138824219e+03|1.893134553e+03
2.752809805e+06|2.183396489e+06|2.214641941e+06|2.242624824e+06|2.211646587e+06|3.367404328e+03|3.402754505e+03|3.433676099e+03|3.398148553e+03|4.494566779e+10|4.652417824e+10|4.792927670e+10|4.635954558e+10|8.084209351e+03|8.129138672e+03|8.168473999e+03|8.123323730e+03|1.893134553e+03
2.755481069e+06|2.182974968e+06|2.205890254e+06|2.229617286e+06|2.205536312e+06|3.366922273e+03|3.392911999e+03|3.419365767e+03|3.391554618e+03|4.492433315e+10|4.608220786e+10|4.727650028e+10|4.605423543e+10|8.083598755e+03|8.116634277e+03|8.150275513e+03|8.114931641e+03|1.893134553e+03
2.758685840e+06|2.157099982e+06|2.186012190e+06|2.219378252e+06|2.186801273e+06|3.337010187e+03|3.370394757e+03|3.408021172e+03|3.369869687e+03|4.361067407e+10|4.507813463e+10|4.676214296e+10|4.510239914e+10|8.045583862e+03|8.088011230e+03|8.135837402e+03|8.087376953e+03|1.893134553e+03
2.762277035e+06|2.135727103e+06|2.169930856e+06|2.198307885e+06|2.172315614e+06|3.311817084e+03|3.351941692e+03|3.384375733e+03|3.353367933e+03|4.251993236e+10|4.426354953e+10|4.570003729e+10|4.436942578e+10|8.013586670e+03|8.064553955e+03|8.105775757e+03|8.066402344e+03|1.893134553e+03
2.767555384e+06|2.146061146e+06|2.187752313e+06|2.213584149e+06|2.177816532e+06|3.324045593e+03|3.372383689e+03|3.401565408e+03|3.359760335e+03|4.304766501e+10|4.516630043e+10|4.647070922e+10|4.464904779e+10|8.029118652e+03|8.090535400e+03|8.127627563e+03|8.074523926e+03|1.893134553e+03
2.775334817e+06|2.089345822e+06|2.146838888e+06|2.185507569e+06|2.141219505e+06|3.255547636e+03|3.324965079e+03|3.369817939e+03|3.316224533e+03|4.013405705e+10|4.308748030e+10|4.505257097e+10|4.277589759e+10|7.942149536e+03|8.030284668e+03|8.087276978e+03|8.019231445e+03|1.893134553e+03
2.788577663e+06|1.994103776e+06|2.039507754e+06|2.101483310e+06|2.047610338e+06|3.132023992e+03|3.192352022e+03|3.270477543e+03|3.199913664e+03|3.513309059e+10|3.753597172e+10|4.076058970e+10|3.792330370e+10|7.785486084e+03|7.861979248e+03|7.961104614e+03|7.871615234e+03|1.893134553e+03
2.801415447e+06|1.930640378e+06|1.932651459e+06|1.950590683e+06|1.951175447e+06|3.042464676e+03|3.045418119e+03|3.071328697e+03|3.070669684e+03|3.170082954e+10|3.181146604e+10|3.278996355e+10|3.280063908e+10|7.671974854e+03|7.675717285e+03|7.708556885e+03|7.707729492e+03|1.893134553e+03
2.921959295e+06|7.085235070e+06|7.128110467e+06|7.184905810e+06|7.134626592e+06|3.714152847e+03|3.720330723e+03|3.728468015e+03|3.721209062e+03|8.701336897e+10|8.794005033e+10|8.917113325e+10|8.808226276e+10|4.765655273e+03|4.776793701e+03|4.791472412e+03|4.778387207e+03|3.126713862e+03
2.933071396e+06|7.028049735e+06|7.064855950e+06|7.100739523e+06|7.063392980e+06|3.705819795e+03|3.711188751e+03|3.716392396e+03|3.710938828e+03|8.577208185e+10|8.657039566e+10|8.734852003e+10|8.653885287e+10|4.750641479e+03|4.760314209e+03|4.769693848e+03|4.759870605e+03|3.126713862e+03
2.938559421e+06|6.982870097e+06|7.037101916e+06|7.077143903e+06|7.030293816e+06|3.699201477e+03|3.707142118e+03|3.712976752e+03|3.706109291e+03|8.479527628e+10|8.596816831e+10|8.683743170e+10|8.582205085e+10|4.738727661e+03|4.753023682e+03|4.763536255e+03|4.751172363e+03|3.126713862e+03
2.943655244e+06|6.979257908e+06|7.015477302e+06|7.064453316e+06|7.020013820e+06|3.698670992e+03|3.703981165e+03|3.711130161e+03|3.704595352e+03|8.471734665e+10|8.549991465e+10|8.656164613e+10|8.559932627e+10|4.737772949e+03|4.747333252e+03|4.760210449e+03|4.748447754e+03|3.126713862e+03
2.949161141e+06|6.920413307e+06|6.974263712e+06|7.051060647e+06|6.987332436e+06|3.689959457e+03|3.697937226e+03|3.709178748e+03|3.699754051e+03|8.344254708e+10|8.460962847e+10|8.627087300e+10|8.489237419e+10|4.722105957e+03|4.736455078e+03|4.756692383e+03|4.739740723e+03|3.126713862e+03
2.955743459e+06|6.932076285e+06|6.994133367e+06|7.038472188e+06|6.979551023e+06|3.691693618e+03|3.700854317e+03|3.707342198e+03|3.698617903e+03|8.369535754e+10|8.503842638e+10|8.599785813e+10|8.472351139e+10|4.725221069e+03|4.741703857e+03|4.753384888e+03|4.737693848e+03|3.126713862e+03
2.969482596e+06|6.862178996e+06|6.918658571e+06|6.976907785e+06|6.928166794e+06|3.681268996e+03|3.689698369e+03|3.698325747e+03|3.690994770e+03|8.218372280e+10|8.340452603e+10|8.466665390e+10|8.361175405e+10|4.706485718e+03|4.721634766e+03|4.737155273e+03|4.723986328e+03|3.126713862e+03
3.057938915e+06|5.786235070e+06|5.854029803e+06|6.585321327e+06|6.071515048e+06|3.502342062e+03|3.514873507e+03|3.638737818e+03|3.550443218e+03|5.894736855e+10|6.041261943e+10|7.620056350e+10|6.510860837e+10|4.388634399e+03|4.410624756e+03|4.630260742e+03|4.473948730e+03|3.126713862e+03
3.101040528e+06|5.750478935e+06|5.768754653e+06|5.798180693e+06|5.771860981e+06|3.495648977e+03|3.499073537e+03|3.504571755e+03|3.499630886e+03|5.817444657e+10|5.856905187e+10|5.920639709e+10|5.863720345e+10|4.376907227e+03|4.382906250e+03|4.392542236e+03|4.383887695e+03|3.126713862e+03
3.109500717e+06|5.732470125e+06|5.753551047e+06|5.784921735e+06|5.753295636e+06|3.492267057e+03|3.496225165e+03|3.502096728e+03|3.496149717e+03|5.778665078e+10|5.824070053e+10|5.891891572e+10|5.823590873e+10|4.370982666e+03|4.377916016e+03|4.388204834e+03|4.377789551e+03|3.126713862e+03
3.117609446e+06|5.705465211e+06|5.725780869e+06|5.767031331e+06|5.731230268e+06|3.487146484e+03|3.491008982e+03|3.498750916e+03|3.491984208e+03|5.720249666e+10|5.764290426e+10|5.853180355e+10|5.775896242e+10|4.362025757e+03|4.368781738e+03|4.382339111e+03|4.370499512e+03|3.126713862e+03
3.125353529e+06|5.694627933e+06|5.719541423e+06|5.754237478e+06|5.723406566e+06|3.485073433e+03|3.489834620e+03|3.496353881e+03|3.490509747e+03|5.696691955e+10|5.750893327e+10|5.825551121e+10|5.758950289e+10|4.358403931e+03|4.366725098e+03|4.378140625e+03|4.367917969e+03|3.126713862e+03
3.134134223e+06|5.674763997e+06|5.702732977e+06|5.730333317e+06|5.704949153e+06|3.481266635e+03|3.486624091e+03|3.491865300e+03|3.487006933e+03|5.653609201e+10|5.714307220e+10|5.774071762e+10|5.719038211e+10|4.351752930e+03|4.361114746e+03|4.370281494e+03|4.361791016e+03|3.126713862e+03
3.150629251e+06|5.625770423e+06|5.653238841e+06|5.685293623e+06|5.654970142e+06|3.471838020e+03|3.477131126e+03|3.483285711e+03|3.477401198e+03|5.547911826e+10|5.607080841e+10|5.676428909e+10|5.610868525e+10|4.335293579e+03|4.344531250e+03|4.355278809e+03|4.345017578e+03|3.126713862e+03
3.214658487e+06|5.638383512e+06|5.662109665e+06|5.728406552e+06|5.675267870e+06|3.474270734e+03|3.478836739e+03|3.491502890e+03|3.481293553e+03|5.575053555e+10|5.626237031e+10|5.769931744e+10|5.654805885e+10|4.339537720e+03|4.347508545e+03|4.369646729e+03|4.351816406e+03|3.126713862e+03
3.248287893e+06|5.615943175e+06|5.644652914e+06|5.669132220e+06|5.638645569e+06|3.469928163e+03|3.475478537e+03|3.480185679e+03|3.474269836e+03|5.526655576e+10|5.588562074e+10|5.641418520e+10|5.575547667e+10|4.331961914e+03|4.341645752e+03|4.349865234e+03|4.339548828e+03|3.126713862e+03
3.262216437e+06|5.592931648e+06|5.611721432e+06|5.624002856e+06|5.606985257e+06|3.465407684e+03|3.469099891e+03|3.471496806e+03|3.468133723e+03|5.476530386e+10|5.517439072e+10|5.544112037e+10|5.507062850e+10|4.324089600e+03|4.330521729e+03|4.334698608e+03|4.328845703e+03|3.126713862e+03
3.274561607e+06|5.566875018e+06|5.604670889e+06|5.627707485e+06|5.595203653e+06|3.460273470e+03|3.467715445e+03|3.472211858e+03|3.465814713e+03|5.419986146e+10|5.502075515e+10|5.552077185e+10|5.481505388e+10|4.315154419e+03|4.328109131e+03|4.335945312e+03|4.324808594e+03|3.126713862e+03
3.286030838e+06|5.524068616e+06|5.557795452e+06|5.585084094e+06|5.554099555e+06|3.451802670e+03|3.458480611e+03|3.463863125e+03|3.457699044e+03|5.327594476e+10|5.400332603e+10|5.459478332e+10|5.392393715e+10|4.300423828e+03|4.312034912e+03|4.321402344e+03|4.310688965e+03|3.126713862e+03
3.303691516e+06|5.481765828e+06|5.520698189e+06|5.543534476e+06|5.512481144e+06|3.443265556e+03|3.451128000e+03|3.455660525e+03|3.449400998e+03|5.235425009e+10|5.320275986e+10|5.369523867e+10|5.302157116e+10|4.285610840e+03|4.299252441e+03|4.307130615e+03|4.296269531e+03|3.126713862e+03
3.337136498e+06|5.401640059e+06|5.448202648e+06|5.487645450e+06|5.444551013e+06|3.426872242e+03|3.436456992e+03|3.444455366e+03|3.435613765e+03|5.061513484e+10|5.162739518e+10|5.248201658e+10|5.154734517e+10|4.257225830e+03|4.273808594e+03|4.287675293e+03|4.272371094e+03|3.126713862e+03
3.382804248e+06|5.389941938e+06|5.428498484e+06|5.469491238e+06|5.421606877e+06|3.424437650e+03|3.432445264e+03|3.440778842e+03|3.430910964e+03|5.036009398e+10|5.120235211e+10|5.208798014e+10|5.104860095e+10|4.253017700e+03|4.266859619e+03|4.281298462e+03|4.264229980e+03|3.126713862e+03
3.401335698e+06|5.361285639e+06|5.388769053e+06|5.413491143e+06|5.386266048e+06|3.418458862e+03|3.424193429e+03|3.429335031e+03|3.423634629e+03|4.973740649e+10|5.033453975e+10|5.087400965e+10|5.028137826e+10|4.242695557e+03|4.252597900e+03|4.261480591e+03|4.251641602e+03|3.126713862e+03
3.415456846e+06|5.339911628e+06|5.370584770e+06|5.395400964e+06|5.368130333e+06|3.413985428e+03|3.420401374e+03|3.425574260e+03|3.419856862e+03|4.927526529e+10|4.993912745e+10|5.047904407e+10|4.988717793e+10|4.234973877e+03|4.246048828e+03|4.254981445e+03|4.245116699e+03|3.126713862e+03
3.426661922e+06|5.326073608e+06|5.364431969e+06|5.385292821e+06|5.354166873e+06|3.411050125e+03|3.419116388e+03|3.423469185e+03|3.416908215e+03|4.897632603e+10|4.980560541e+10|5.025885795e+10|4.958299632e+10|4.229916626e+03|4.243831543e+03|4.251346680e+03|4.240033203e+03|3.126713862e+03
3.442785625e+06|5.295086279e+06|5.323261265e+06|5.354835619e+06|5.323114850e+06|3.404423048e+03|3.410449771e+03|3.417110183e+03|3.410322352e+03|4.829541299e+10|4.891519348e+10|4.959775927e+10|4.890824451e+10|4.218512451e+03|4.228883057e+03|4.240366821e+03|4.228687012e+03|3.126713862e+03
3.464671246e+06|5.255136193e+06|5.286243436e+06|5.311973314e+06|5.280396340e+06|3.395840828e+03|3.402527129e+03|3.408037802e+03|3.401195585e+03|4.742762756e+10|4.810280545e+10|4.866784023e+10|4.797762830e+10|4.203753174e+03|4.215250977e+03|4.224731689e+03|4.212979492e+03|3.126713862e+03
3.502205111e+06|5.221044152e+06|5.267278767e+06|5.297684136e+06|5.249977220e+06|3.388382430e+03|3.398453750e+03|3.404979634e+03|3.394575321e+03|4.668939609e+10|4.769076426e+10|4.835205368e+10|4.731390344e+10|4.190958252e+03|4.208244629e+03|4.219467896e+03|4.201615723e+03|3.126713862e+03
3.535303710e+06|5.204237597e+06|5.226388490e+06|5.259963337e+06|5.227026247e+06|3.384672986e+03|3.389560456e+03|3.396880120e+03|3.389632822e+03|4.632035068e+10|4.680594518e+10|4.753215664e+10|4.681518662e+10|4.184603882e+03|4.192977783e+03|4.205541138e+03|4.193118164e+03|3.126713862e+03
3.553861175e+06|5.177151017e+06|5.204018813e+06|5.223204848e+06|5.196053220e+06|3.378677779e+03|3.384624643e+03|3.388858825e+03|3.382804143e+03|4.572250704e+10|4.631551842e+10|4.673658139e+10|4.613895111e+10|4.174336670e+03|4.184520264e+03|4.191776489e+03|4.181418945e+03|3.126713862e+03
3.568461797e+06|5.149576263e+06|5.180532426e+06|5.197988465e+06|5.171108987e+06|3.372522519e+03|3.379427328e+03|3.383291668e+03|3.377263343e+03|4.512402192e+10|4.579605089e+10|4.618207870e+10|4.559256765e+10|4.163811523e+03|4.175621582e+03|4.182237915e+03|4.171936035e+03|3.126713862e+03
3.580264348e+06|5.128417416e+06|5.166428754e+06|5.190781956e+06|5.159192151e+06|3.367720216e+03|3.376298831e+03|3.381697343e+03|3.374600343e+03|4.465497377e+10|4.548961884e+10|4.602192257e+10|4.533129072e+10|4.155618774e+03|4.170268799e+03|4.179509644e+03|4.167382324e+03|3.126713862e+03
3.598809905e+06|5.099100056e+06|5.128841616e+06|5.156092737e+06|5.126144318e+06|3.361044610e+03|3.367816623e+03|3.373998930e+03|3.367158577e+03|4.401286174e+10|4.466429480e+10|4.526561769e+10|4.460751228e+10|4.144234131e+03|4.155781494e+03|4.166331665e+03|4.154671387e+03|3.126713862e+03
3.620827054e+06|5.042692381e+06|5.086558149e+06|5.122908357e+06|5.081060546e+06|3.347989633e+03|3.358181308e+03|3.366467732e+03|3.356783863e+03|4.278716601e+10|4.373929582e+10|4.453401870e+10|4.362034363e+10|4.122024048e+03|4.139353027e+03|4.153480957e+03|4.137006836e+03|3.126713862e+03
3.651098171e+06|5.019406448e+06|5.054819552e+06|5.097752544e+06|5.047545429e+06|3.342515472e+03|3.350834065e+03|3.360737343e+03|3.348592577e+03|4.226169021e+10|4.305372112e+10|4.398341424e+10|4.288676694e+10|4.112731567e+03|4.126852783e+03|4.143708862e+03|4.123639160e+03|3.126713862e+03
3.681847247e+06|5.011143931e+06|5.035772869e+06|5.065107869e+06|5.033622755e+06|3.340569141e+03|3.346364670e+03|3.353243753e+03|3.345736373e+03|4.208057111e+10|4.263268955e+10|4.327567310e+10|4.258162910e+10|4.109429321e+03|4.119264404e+03|4.130946167e+03|4.118310547e+03|3.126713862e+03
3.704116518e+06|4.977826975e+06|5.004497726e+06|5.025138552e+06|4.997782336e+06|3.332650894e+03|3.339002042e+03|3.343864525e+03|3.337203667e+03|4.136179367e+10|4.193514033e+10|4.239196581e+10|4.179597283e+10|4.096014038e+03|4.106771484e+03|4.115020752e+03|4.103969238e+03|3.126713862e+03
3.718648869e+06|4.951157742e+06|4.982096841e+06|5.006203786e+06|4.978391472e+06|3.326193326e+03|3.333682725e+03|3.339404432e+03|3.332588657e+03|4.078605291e+10|4.145158566e+10|4.197245307e+10|4.137102334e+10|4.085099182e+03|4.097759033e+03|4.107453125e+03|4.096112305e+03|3.126713862e+03
3.732789775e+06|4.936324283e+06|4.966421993e+06|4.990689993e+06|4.959462556e+06|3.322591999e+03|3.329892055e+03|3.335742020e+03|3.327685654e+03|4.045478633e+10|4.111867611e+10|4.163367515e+10|4.095627122e+10|4.079016541e+03|4.091350830e+03|4.101244751e+03|4.088399658e+03|3.126713862e+03
3.751498925e+06|4.920696580e+06|4.949104507e+06|4.974988799e+06|4.945012730e+06|3.318790354e+03|3.325695246e+03|3.331964724e+03|3.324278837e+03|4.009732506e+10|4.074067196e+10|4.130173790e+10|4.064059592e+10|4.072597839e+03|4.084259155e+03|4.094854553e+03|4.082522461e+03|3.126713862e+03
3.771517190e+06|4.875888924e+06|4.906695839e+06|4.937357611e+06|4.898539164e+06|3.303791762e+03|3.315346597e+03|3.322843100e+03|3.309919101e+03|3.913734436e+10|3.978051121e+10|4.047812004e+10|3.962424714e+10|4.053918274e+03|4.066838013e+03|4.079441956e+03|4.063194580e+03|3.126713862e+03
3.796966330e+06|4.827521841e+06|4.878958510e+06|4.913296425e+06|4.857390805e+06|3.285443724e+03|3.304953237e+03|3.316987468e+03|3.295218449e+03|3.806037448e+10|3.920286686e+10|3.992512398e+10|3.872145433e+10|4.033545166e+03|4.055209351e+03|4.069556519e+03|4.045757812e+03|3.126713862e+03
3.824939295e+06|4.823334395e+06|4.863690088e+06|4.886562066e+06|4.849094982e+06|3.283694131e+03|3.299172659e+03|3.307828976e+03|3.292996198e+03|3.796779223e+10|3.887348990e+10|3.936377631e+10|3.854268244e+10|4.031744751e+03|4.048789429e+03|4.058402039e+03|4.042428955e+03|3.126713862e+03
3.847359794e+06|4.809293725e+06|4.832316372e+06|4.849773505e+06|4.824989109e+06|3.277737602e+03|3.287269414e+03|3.293896879e+03|3.283772534e+03|3.766041756e+10|3.817071478e+10|3.856603237e+10|3.801539657e+10|4.025682617e+03|4.035570190e+03|4.042931824e+03|4.032271973e+03|3.126713862e+03
3.864815840e+06|4.777802224e+06|4.808400793e+06|4.834418679e+06|4.802554640e+06|3.264353865e+03|3.277358538e+03|3.288068096e+03|3.274593745e+03|3.699295085e+10|3.764141517e+10|3.821888637e+10|3.752486874e+10|4.012057556e+03|4.025296753e+03|4.036455200e+03|4.022623535e+03|3.126713862e+03
3.881206532e+06|4.757597848e+06|4.788590574e+06|4.811100461e+06|4.780692927e+06|3.255749483e+03|3.268942594e+03|3.278504450e+03|3.265548923e+03|3.654722656e+10|3.722497187e+10|3.769990026e+10|3.704535595e+10|4.003292053e+03|4.016731079e+03|4.026463806e+03|4.013214355e+03|3.126713862e+03
3.897596538e+06|4.742205179e+06|4.774245327e+06|4.789309537e+06|4.765185543e+06|3.249208870e+03|3.262840114e+03|3.269248275e+03|3.258975730e+03|3.620373431e+10|3.691554390e+10|3.724030177e+10|3.670967548e+10|3.996525574e+03|4.010517212e+03|4.017042114e+03|4.006480713e+03|3.126713862e+03
3.920022703e+06|4.692144795e+06|4.726663064e+06|4.761995175e+06|4.721102469e+06|3.227955715e+03|3.242619669e+03|3.257623423e+03|3.240279829e+03|3.511149607e+10|3.586133416e+10|3.664554342e+10|3.574319462e+10|3.974195740e+03|3.989606201e+03|4.005200806e+03|3.986937744e+03|3.126713862e+03
3.942954120e+06|4.672028640e+06|4.697530303e+06|4.726880803e+06|4.685078290e+06|3.219409985e+03|3.230246263e+03|3.242712038e+03|3.225080527e+03|3.466879982e+10|3.522757437e+10|3.586611938e+10|3.494767986e+10|3.965157104e+03|3.976604248e+03|3.989700928e+03|3.970577393e+03|3.126713862e+03
3.967767168e+06|4.628876155e+06|4.676566083e+06|4.706059846e+06|4.659521487e+06|3.201237824e+03|3.221324145e+03|3.233872012e+03|3.214273357e+03|3.371281202e+10|3.476998649e+10|3.541005640e+10|3.438508648e+10|3.945316528e+03|3.967224854e+03|3.980415833e+03|3.958995361e+03|3.126713862e+03
3.990867457e+06|4.634094555e+06|4.659019427e+06|4.679335690e+06|4.650996811e+06|3.203438873e+03|3.213938533e+03|3.222503740e+03|3.210597327e+03|3.382763824e+10|3.437905036e+10|3.483132330e+10|3.420164053e+10|3.947719360e+03|3.959185303e+03|3.968465576e+03|3.955363037e+03|3.126713862e+03
4.009448404e+06|4.621017807e+06|4.637717194e+06|4.654538511e+06|4.632470931e+06|3.197921453e+03|3.204966282e+03|3.212052555e+03|3.202777477e+03|3.354030184e+10|3.390747761e+10|3.427955799e+10|3.379229226e+10|3.941693420e+03|3.949387939e+03|3.957125244e+03|3.946889404e+03|3.126713862e+03
4.027284734e+06|4.588993862e+06|4.608819284e+06|4.626529452e+06|4.604896140e+06|3.184504004e+03|3.192769091e+03|3.200247674e+03|3.191198494e+03|3.283113282e+10|3.327347800e+10|3.366125114e+10|3.318246267e+10|3.926739441e+03|3.936064331e+03|3.944234192e+03|3.934060059e+03|3.126713862e+03
4.042789412e+06|4.570007593e+06|4.590314537e+06|4.608837576e+06|4.581838756e+06|3.176624235e+03|3.185051629e+03|3.192776821e+03|3.181567080e+03|3.240616213e+10|3.286081223e+10|3.327387724e+10|3.267043079e+10|3.917723755e+03|3.927365479e+03|3.936072510e+03|3.923206543e+03|3.126713862e+03
4.061572640e+06|4.533077735e+06|4.568847967e+06|4.590983912e+06|4.563242231e+06|3.161260565e+03|3.176142541e+03|3.185329162e+03|3.173866199e+03|3.158864145e+10|3.238030802e+10|3.287586130e+10|3.225603145e+10|3.900143127e+03|3.917173584e+03|3.927682068e+03|3.914385010e+03|3.126713862e+03
4.084613778e+06|4.514058238e+06|4.537993510e+06|4.563604107e+06|4.532239854e+06|3.153536397e+03|3.163307717e+03|3.173963652e+03|3.160818070e+03|3.115969773e+10|3.169680838e+10|3.226355428e+10|3.156377898e+10|3.890829285e+03|3.902489136e+03|3.914680237e+03|3.899443115e+03|3.126713862e+03
4.108620241e+06|4.469474723e+06|4.503553899e+06|4.525550372e+06|4.486350958e+06|3.135386830e+03|3.149266952e+03|3.158202554e+03|3.141111114e+03|3.015470521e+10|3.092230348e+10|3.141911890e+10|3.053488963e+10|3.868916687e+03|3.885673828e+03|3.896463318e+03|3.876840820e+03|3.126713862e+03
4.131528761e+06|4.452826925e+06|4.494840406e+06|4.515598158e+06|4.477455847e+06|3.128003347e+03|3.145722208e+03|3.154161942e+03|3.137591320e+03|2.978371851e+10|3.072519972e+10|3.119447820e+10|3.033628307e+10|3.860599609e+03|3.881394043e+03|3.891584167e+03|3.872567871e+03|3.126713862e+03
4.150519244e+06|4.455591002e+06|4.474189119e+06|4.489259442e+06|4.468431204e+06|3.129266705e+03|3.137309595e+03|3.143450328e+03|3.134438424e+03|2.984544277e+10|3.025963774e+10|3.059887642e+10|3.013233344e+10|3.861989258e+03|3.871239136e+03|3.878652039e+03|3.868285400e+03|3.126713862e+03
4.169043813e+06|4.420663748e+06|4.447237247e+06|4.469347348e+06|4.440225877e+06|3.113281791e+03|3.125447505e+03|3.135334873e+03|3.121835024e+03|2.906281086e+10|2.965876197e+10|3.015187188e+10|2.949959808e+10|3.844418274e+03|3.857791748e+03|3.868855042e+03|3.854139160e+03|3.126713862e+03
4.185868023e+06|4.409188925e+06|4.429133205e+06|4.450584808e+06|4.423929123e+06|3.108020537e+03|3.117162011e+03|3.126978333e+03|3.114480223e+03|2.880455249e+10|2.925308658e+10|2.973361989e+10|2.913454018e+10|3.838632874e+03|3.848684082e+03|3.859473572e+03|3.845949951e+03|3.126713862e+03
4.203292764e+06|4.387862676e+06|4.408203953e+06|4.424878242e+06|4.405169110e+06|3.097741814e+03|3.107568701e+03|3.115212955e+03|3.105773692e+03|2.832208302e+10|2.878236040e+10|2.915753156e+10|2.871291702e+10|3.827722900e+03|3.838134644e+03|3.846541687e+03|3.836469727e+03|3.126713862e+03
4.222813718e+06|4.344845967e+06|4.378236647e+06|4.404498232e+06|4.373005850e+06|3.076008448e+03|3.092883755e+03|3.105868460e+03|3.089893765e+03|2.735721336e+10|2.810440521e+10|2.869883512e+10|2.798790331e+10|3.805377991e+03|3.822730347e+03|3.836264404e+03|3.819829346e+03|3.126713862e+03
4.245195730e+06|4.327927369e+06|4.348497572e+06|4.375290286e+06|4.342954751e+06|3.067320195e+03|3.077855746e+03|3.091396153e+03|3.074752051e+03|2.697382584e+10|2.743905924e+10|2.803793386e+10|2.730938799e+10|3.796453796e+03|3.807279297e+03|3.821202026e+03|3.804114746e+03|3.126713862e+03
4.267786382e+06|4.295044184e+06|4.324149956e+06|4.352091253e+06|4.312222649e+06|3.050030726e+03|3.065335751e+03|3.079673291e+03|3.058585036e+03|2.622390833e+10|2.688720996e+10|2.751951969e+10|2.660995343e+10|3.778735229e+03|3.794421631e+03|3.809147339e+03|3.787536133e+03|3.126713862e+03
4.290128683e+06|4.282120076e+06|4.301096241e+06|4.329638410e+06|4.295012009e+06|3.043226059e+03|3.053215370e+03|3.068218894e+03|3.049653093e+03|2.593182594e+10|2.636120150e+10|2.701311255e+10|2.622016150e+10|3.771755066e+03|3.781998779e+03|3.797376160e+03|3.778369629e+03|3.126713862e+03
4.308225937e+06|4.266312719e+06|4.289277353e+06|4.304589695e+06|4.282208355e+06|3.034765930e+03|3.046995091e+03|3.055053127e+03|3.042963545e+03|2.557120864e+10|2.609339226e+10|2.644060164e+10|2.592898684e+10|3.763091187e+03|3.775619995e+03|3.783882080e+03|3.771509033e+03|3.126713862e+03
4.327425772e+06|4.246666518e+06|4.266596619e+06|4.287020798e+06|4.264057272e+06|3.024002528e+03|3.034921383e+03|3.045806959e+03|3.033316712e+03|2.511647876e+10|2.557780828e+10|2.604240413e+10|2.551520405e+10|3.752090637e+03|3.763249146e+03|3.774402161e+03|3.761625977e+03|3.126713862e+03
4.344404599e+06|4.222701870e+06|4.236913553e+06|4.262508361e+06|4.237362924e+06|3.010858074e+03|3.018655254e+03|3.032682588e+03|3.018737626e+03|2.456683390e+10|2.489206670e+10|2.548284792e+10|2.490174034e+10|3.738650635e+03|3.746625000e+03|3.760962891e+03|3.746716797e+03|3.126713862e+03
4.362184961e+06|4.199112920e+06|4.229023474e+06|4.249619675e+06|4.222435405e+06|2.997590251e+03|3.014327132e+03|3.025621339e+03|3.010399692e+03|2.401858962e+10|2.471125717e+10|2.518453685e+10|2.455580682e+10|3.725110291e+03|3.742199341e+03|3.753745972e+03|3.738204102e+03|3.126713862e+03
4.383746530e+06|4.174146567e+06|4.191986639e+06|4.219331308e+06|4.192821209e+06|2.983309276e+03|2.993515686e+03|3.009007941e+03|2.993788977e+03|2.343570714e+10|2.385151652e+10|2.448999585e+10|2.386934278e+10|3.710551880e+03|3.720957764e+03|3.736755554e+03|3.721247803e+03|3.126713862e+03
4.406912430e+06|4.137449306e+06|4.166569475e+06|4.188076795e+06|4.159503109e+06|2.961837511e+03|2.978971749e+03|2.991279579e+03|2.974443350e+03|2.257311284e+10|2.326016513e+10|2.376008973e+10|2.308843057e+10|3.688693542e+03|3.706128174e+03|3.718678955e+03|3.701543701e+03|3.126713862e+03
4.428752703e+06|4.123284178e+06|4.144986115e+06|4.175797396e+06|4.141216800e+06|2.953372086e+03|2.966339736e+03|2.984254085e+03|2.963564024e+03|2.223753811e+10|2.275265926e+10|2.347403831e+10|2.265586133e+10|3.680087769e+03|3.693268677e+03|3.711514709e+03|3.690480957e+03|3.126713862e+03
4.446475168e+06|4.108714430e+06|4.131366368e+06|4.153864040e+06|4.127045352e+06|2.944659833e+03|2.958202790e+03|2.971641359e+03|2.955378124e+03|2.189494508e+10|2.242870520e+10|2.296503910e+10|2.232473128e+10|3.671225952e+03|3.684997925e+03|3.698654175e+03|3.682139893e+03|3.126713862e+03
4.463727786e+06|4.092491024e+06|4.110325638e+06|4.137502894e+06|4.108217721e+06|2.934721566e+03|2.945623536e+03|2.961869528e+03|2.944001411e+03|2.150716412e+10|2.193270278e+10|2.257438698e+10|2.187760542e+10|3.661138245e+03|3.672207520e+03|3.688725464e+03|3.670581055e+03|3.126713862e+03
4.482456217e+06|4.071246607e+06|4.096836901e+06|4.121217725e+06|4.091572802e+06|2.921439746e+03|2.937437492e+03|2.952136726e+03|2.933723004e+03|2.099411329e+10|2.161286284e+10|2.218878669e+10|2.147824428e+10|3.647677490e+03|3.663890381e+03|3.678831543e+03|3.660153076e+03|3.126713862e+03
4.500745954e+06|4.046342343e+06|4.074341554e+06|4.096314021e+06|4.069632239e+06|2.905791267e+03|2.923375237e+03|2.937110735e+03|2.920207056e+03|2.039785371e+10|2.106846880e+10|2.160013659e+10|2.095377073e+10|3.631808716e+03|3.649638062e+03|3.663559692e+03|3.646437256e+03|3.126713862e+03
4.520642411e+06|4.020281501e+06|4.050820716e+06|4.073627990e+06|4.043682958e+06|2.888715388e+03|2.908661254e+03|2.922929010e+03|2.903525512e+03|1.975570219e+10|2.050667705e+10|2.105131495e+10|2.032243906e+10|3.614549744e+03|3.634712769e+03|3.649186890e+03|3.629552490e+03|3.126713862e+03
4.541702545e+06|3.996114543e+06|4.013447952e+06|4.044757810e+06|4.017662247e+06|2.872799937e+03|2.884236224e+03|2.904753308e+03|2.886627383e+03|1.916661257e+10|1.958905414e+10|2.035851225e+10|1.968763429e+10|3.598455078e+03|3.610020264e+03|3.630758484e+03|3.612459717e+03|3.126713862e+03
4.563909979e+06|3.977855660e+06|3.995911511e+06|4.019075094e+06|3.997759002e+06|2.860236923e+03|2.872660254e+03|2.887924674e+03|2.873457477e+03|1.870654166e+10|1.916145728e+10|1.972623257e+10|1.919811512e+10|3.585796875e+03|3.598315430e+03|3.613752075e+03|3.599149902e+03|3.126713862e+03
4.584081898e+06|3.949831829e+06|3.971371224e+06|3.998604910e+06|3.968655138e+06|2.840933444e+03|2.855774715e+03|2.874504800e+03|2.853362454e+03|1.801089226e+10|1.854451939e+10|1.922957217e+10|1.846972572e+10|3.566323425e+03|3.581296021e+03|3.600173035e+03|3.578899658e+03|3.126713862e+03
4.601177200e+06|3.942236653e+06|3.956604743e+06|3.990950338e+06|3.960700021e+06|2.835433477e+03|2.845612118e+03|2.869246958e+03|2.848013108e+03|1.781332706e+10|1.817831201e+10|1.903577004e+10|1.827332323e+10|3.560800232e+03|3.571044800e+03|3.594877747e+03|3.573494629e+03|3.126713862e+03
4.618955980e+06|3.929449199e+06|3.945384835e+06|3.972231600e+06|3.948661602e+06|2.826173739e+03|2.837713191e+03|2.856366786e+03|2.839664411e+03|1.748406777e+10|1.789503569e+10|1.856599221e+10|1.797054051e+10|3.551493164e+03|3.563090088e+03|3.581893494e+03|3.565080078e+03|3.126713862e+03
4.637007070e+06|3.903504831e+06|3.920972805e+06|3.946905825e+06|3.922692746e+06|2.807353324e+03|2.820035868e+03|2.838814602e+03|2.820898135e+03|1.682686975e+10|1.726813030e+10|1.793463230e+10|1.730857994e+10|3.532564880e+03|3.545320312e+03|3.564195557e+03|3.546227295e+03|3.126713862e+03
4.655041996e+06|3.880304615e+06|3.906157671e+06|3.933527761e+06|3.905605823e+06|2.789780736e+03|2.809308248e+03|2.829127113e+03|2.808344867e+03|1.621810738e+10|1.689497435e+10|1.758862648e+10|1.686943799e+10|3.515035339e+03|3.534525269e+03|3.554460449e+03|3.533646973e+03|3.126713862e+03
4.673500687e+06|3.868216360e+06|3.885927233e+06|3.911948513e+06|3.886733318e+06|2.780626921e+03|2.794038978e+03|2.813501357e+03|2.794190102e+03|1.590717215e+10|1.636420163e+10|1.704026343e+10|1.638035238e+10|3.505895691e+03|3.519284668e+03|3.538744507e+03|3.519479492e+03|3.126713862e+03
4.697313999e+06|3.840458947e+06|3.858916357e+06|3.879864525e+06|3.860191822e+06|2.758744481e+03|2.773519792e+03|2.789447451e+03|2.773994771e+03|1.517040708e+10|1.566796004e+10|1.620671277e+10|1.568911771e+10|3.484100708e+03|3.498800171e+03|3.514703003e+03|3.499302734e+03|3.126713862e+03
4.720228610e+06|3.810592370e+06|3.829348023e+06|3.851344831e+06|3.827395056e+06|2.734448732e+03|2.749854009e+03|2.767457824e+03|2.747586207e+03|1.436899398e+10|1.487510561e+10|1.546280696e+10|1.481179751e+10|3.459921448e+03|3.475245605e+03|3.492770813e+03|3.473014404e+03|3.126713862e+03
4.739393465e+06|3.795949334e+06|3.813286540e+06|3.839164213e+06|3.815439839e+06|2.722004952e+03|2.736739230e+03|2.757708341e+03|2.737856346e+03|1.396395682e+10|1.444428148e+10|1.513584713e+10|1.449008707e+10|3.447565063e+03|3.462195801e+03|3.483068542e+03|3.463333740e+03|3.126713862e+03
4.759112191e+06|3.780592419e+06|3.795605591e+06|3.818275915e+06|3.798156946e+06|2.708964032e+03|2.721712941e+03|2.740981811e+03|2.723520093e+03|1.354668537e+10|1.395453177e+10|1.458431770e+10|1.402087549e+10|3.434599731e+03|3.447274292e+03|3.466404114e+03|3.449078857e+03|3.126713862e+03
4.776262983e+06|3.759588014e+06|3.775740553e+06|3.799173237e+06|3.778074559e+06|2.690015708e+03|2.704651568e+03|2.724743926e+03|2.705651681e+03|1.294417893e+10|1.340868513e+10|1.405255907e+10|1.345374556e+10|3.415830872e+03|3.430325439e+03|3.450285583e+03|3.431363770e+03|3.126713862e+03
4.792891606e+06|3.746343876e+06|3.760173377e+06|3.778949064e+06|3.762224210e+06|2.678027610e+03|2.690545813e+03|2.707551006e+03|2.691969496e+03|1.257084112e+10|1.296083424e+10|1.350176609e+10|1.301410634e+10|3.403943726e+03|3.416356323e+03|3.433195190e+03|3.417780029e+03|3.126713862e+03
4.811816865e+06|3.724665775e+06|3.745342961e+06|3.766354888e+06|3.745143487e+06|2.657277366e+03|2.677122078e+03|2.696145159e+03|2.676180325e+03|1.192996167e+10|1.254290315e+10|1.313754721e+10|1.252202614e+10|3.383439819e+03|3.403046387e+03|3.421902039e+03|3.402143066e+03|3.126713862e+03
4.832439955e+06|3.709140639e+06|3.722668503e+06|3.745087160e+06|3.726006475e+06|2.642232879e+03|2.655340676e+03|2.676890672e+03|2.657959098e+03|1.147605664e+10|1.187094599e+10|1.253577450e+10|1.196179314e+10|3.368565125e+03|3.381525146e+03|3.402817139e+03|3.384119385e+03|3.126713862e+03
4.855145244e+06|3.683707405e+06|3.700869744e+06|3.716064721e+06|3.700248081e+06|2.615821293e+03|2.633738415e+03|2.648939811e+03|2.632370494e+03|1.069084136e+10|1.122256061e+10|1.167711283e+10|1.118919270e+10|3.342426147e+03|3.360104126e+03|3.375198547e+03|3.358823730e+03|3.126713862e+03
4.877593735e+06|3.662574848e+06|3.677666871e+06|3.694932860e+06|3.678558705e+06|2.592707663e+03|2.609524574e+03|2.627535923e+03|2.609449166e+03|1.001615662e+10|1.050626886e+10|1.103857048e+10|1.051423064e+10|3.319847900e+03|3.336307251e+03|3.353909058e+03|3.336270264e+03|3.126713862e+03
4.896293107e+06|3.651341679e+06|3.663657748e+06|3.678659692e+06|3.665030583e+06|2.580018305e+03|2.593932187e+03|2.610559157e+03|2.594748637e+03|9.654564419e+09|1.005148892e+10|1.053641386e+10|1.008570502e+10|3.307395691e+03|3.321048950e+03|3.337313477e+03|3.321845215e+03|3.126713862e+03
4.914139136e+06|3.630954600e+06|3.643291614e+06|3.662204446e+06|3.645242117e+06|2.555593516e+03|2.570792370e+03|2.592288875e+03|2.571606496e+03|8.967353252e+09|9.395274412e+09|1.000409264e+10|9.430796359e+09|3.283485413e+03|3.298343872e+03|3.319437317e+03|3.299175537e+03|3.126713862e+03
4.930021217e+06|3.624280414e+06|3.635557191e+06|3.654316282e+06|3.637527749e+06|2.547387186e+03|2.561259268e+03|2.583376173e+03|2.562662566e+03|8.741535433e+09|9.125399987e+09|9.749424802e+09|9.176398961e+09|3.275455017e+03|3.289024658e+03|3.310691650e+03|3.290416992e+03|3.126713862e+03
4.949885061e+06|3.604721926e+06|3.617360603e+06|3.632650606e+06|3.618239508e+06|2.521872452e+03|2.538890786e+03|2.557680659e+03|2.538851979e+03|8.046651290e+09|8.511597357e+09|9.025370592e+09|8.517089030e+09|3.250525024e+03|3.267133545e+03|3.285527466e+03|3.267123535e+03|3.126713862e+03
4.971782334e+06|3.584735705e+06|3.598583117e+06|3.611334698e+06|3.597359471e+06|2.493952704e+03|2.513602720e+03|2.530795311e+03|2.510674971e+03|7.307769765e+09|7.826595018e+09|8.288568447e+09|7.761177909e+09|3.223266113e+03|3.242445679e+03|3.259234741e+03|3.239598145e+03|3.126713862e+03
4.997766693e+06|3.562775542e+06|3.578011587e+06|3.594369995e+06|3.578700000e+06|2.460206668e+03|2.483933094e+03|2.507934682e+03|2.483521565e+03|6.441045145e+09|7.046911342e+09|7.678066543e+09|7.050918054e+09|3.190349792e+03|3.213493896e+03|3.236903748e+03|3.213097900e+03|3.126713862e+03
5.021698617e+06|3.551043981e+06|3.559512398e+06|3.568025951e+06|3.560662534e+06|2.440703128e+03|2.454772615e+03|2.468952744e+03|2.455533540e+03|5.956034985e+09|6.303281298e+09|6.666969389e+09|6.334022103e+09|3.171329468e+03|3.185053833e+03|3.198867371e+03|3.185795654e+03|3.126713862e+03
5.043354731e+06|3.534411259e+06|3.542832291e+06|3.556310239e+06|3.543700876e+06|2.410006456e+03|2.425858411e+03|2.449446966e+03|2.425423162e+03|5.206325186e+09|5.588477190e+09|6.170245473e+09|5.593359869e+09|3.141407104e+03|3.156862549e+03|3.179861633e+03|3.156434326e+03|3.126713862e+03
5.060590031e+06|3.523854706e+06|3.533164375e+06|3.546371300e+06|3.534159038e+06|2.388362206e+03|2.407664920e+03|2.432540095e+03|2.407738884e+03|4.690618034e+09|5.151495321e+09|5.755331632e+09|5.163152673e+09|3.120306335e+03|3.139121582e+03|3.163369690e+03|3.139192139e+03|3.126713862e+03
5.073823731e+06|3.513816689e+06|3.524142649e+06|3.533870300e+06|3.524843535e+06|2.366465179e+03|2.388987406e+03|2.408990442e+03|2.388155635e+03|4.190791546e+09|4.705433614e+09|5.182493433e+09|4.702343412e+09|3.098938110e+03|3.120914551e+03|3.140417236e+03|3.120093994e+03|3.126713862e+03
5.085682219e+06|3.512939704e+06|3.521857481e+06|3.529871031e+06|3.521808285e+06|2.364212827e+03|2.384029500e+03|2.401316227e+03|2.381471540e+03|4.136252698e+09|4.589082258e+09|5.002722969e+09|4.545589986e+09|3.096743530e+03|3.116081909e+03|3.132927490e+03|3.113576660e+03|3.126713862e+03
5.097365618e+06|3.506728117e+06|3.514734445e+06|3.525350854e+06|3.515392032e+06|2.348305752e+03|2.368620217e+03|2.391611609e+03|2.367557011e+03|3.769549559e+09|4.240708466e+09|4.767883572e+09|4.220975488e+09|3.081225891e+03|3.101040161e+03|3.123473999e+03|3.100004639e+03|3.126713862e+03
5.112410208e+06|3.498527420e+06|3.506277251e+06|3.512222528e+06|3.505924547e+06|2.326087984e+03|2.347154312e+03|2.362372135e+03|2.343085020e+03|3.276351137e+09|3.744233774e+09|4.092185736e+09|3.668213073e+09|3.059545044e+03|3.080100342e+03|3.094948303e+03|3.076133545e+03|3.126713862e+03
5.142649725e+06|3.485516250e+06|3.492507311e+06|3.499117104e+06|3.493523091e+06|2.282116858e+03|2.307460275e+03|2.327918928e+03|2.307368188e+03|2.318814473e+09|2.869461781e+09|3.319116234e+09|2.877075118e+09|3.016690796e+03|3.041395386e+03|3.061326843e+03|3.041299316e+03|3.126713862e+03
5.199626212e+06|3.469796170e+06|3.471112275e+06|3.474905815e+06|3.472822077e+06|2.164594588e+03|2.193748323e+03|2.230222461e+03|2.199870474e+03|3.954424438e+03|1.882738964e+08|1.261304824e+09|6.258708400e+08|2.896632690e+03|2.929940186e+03|2.965964233e+03|2.930374023e+03|3.126713862e+03
5.231935508e+06|3.467913782e+06|3.468677872e+06|3.469298719e+06|3.468666896e+06|2.155878125e+03|2.157768738e+03|2.160890564e+03|2.160092726e+03|4.941902118e+01|1.279154410e+02|6.120809416e+02|1.361464286e+07|2.817536804e+03|2.851692627e+03|2.877352234e+03|2.847581299e+03|3.126713862e+03
5.247121701e+06|3.467029006e+06|3.467515465e+06|3.468307175e+06|3.467709194e+06|2.154669868e+03|2.155207152e+03|2.156624982e+03|2.155985015e+03|2.686217632e+01|3.528314324e+01|7.206304815e+01|1.441704977e+02|2.775157593e+03|2.799089355e+03|2.835631653e+03|2.804267578e+03|3.126713862e+03
5.257375115e+06|3.466700468e+06|3.466917725e+06|3.467620872e+06|3.467231403e+06|2.154374810e+03|2.154547107e+03|2.155376458e+03|2.155062627e+03|5.183167314e+00|2.519423382e+01|3.840754317e+01|3.154572274e+01|2.727513123e+03|2.769660767e+03|2.804005920e+03|2.764576172e+03|3.126713862e+03
