#PHASE|Nmant|Nmant/Nmanttot|Mmant|Mmant/Mmanttot|RRRminmant|RRRminmantEq|RRRmaxmant|RRRmaxmantEq|Ncore|Ncore/Ncoretot|Mcore|Mcore/Mcoretot|RRRmincore|RRRmaxcore|
0.000000000e+00|0.000000000e+00|0.000000000e+00|0.000000000e+00|0.000000000e+00|inf|inf|-inf|inf|0.000000000e+00|0.000000000e+00|0.000000000e+00|0.000000000e+00|inf|-inf
1.000000000e+00|0.000000000e+00|0.000000000e+00|0.000000000e+00|0.000000000e+00|inf|inf|-inf|inf|0.000000000e+00|0.000000000e+00|0.000000000e+00|0.000000000e+00|inf|-inf
2.000000000e+00|0.000000000e+00|0.000000000e+00|0.000000000e+00|0.000000000e+00|inf|inf|-inf|inf|0.000000000e+00|0.000000000e+00|0.000000000e+00|0.000000000e+00|inf|-inf
3.000000000e+00|5.700000000e+01|3.934290447e-04|1.078627359e+21|3.888158686e-04|3.342091892e+06|3.350478187e+06|4.048862882e+06|inf|5.700000000e+01|0.000000000e+00|0.000000000e+00|0.000000000e+00|inf|-inf
4.000000000e+00|1.115710000e+05|7.700924903e-01|2.138108219e+24|7.707299444e-01|3.306376817e+06|3.306376817e+06|6.068060094e+06|inf|1.115710000e+05|0.000000000e+00|0.000000000e+00|0.000000000e+00|inf|-inf
5.000000000e+00|4.900000000e+01|3.382109332e-04|9.384548083e+20|3.382874711e-04|3.337786763e+07|7.630287301e+07|3.227676786e+08|inf|4.900000000e+01|0.000000000e+00|0.000000000e+00|0.000000000e+00|inf|-inf
6.000000000e+00|3.100000000e+01|2.139701822e-04|5.940901634e+20|2.141533691e-04|1.492834573e+07|inf|2.813337955e+08|inf|3.100000000e+01|0.000000000e+00|0.000000000e+00|0.000000000e+00|inf|-inf
7.000000000e+00|3.296000000e+03|2.274986195e-02|6.338293327e+22|2.284782604e-02|7.342770596e+06|7.342770596e+06|2.958284285e+08|inf|3.296000000e+03|2.404077315e-04|2.838620824e+20|2.376018573e-04|6.933683387e+06|1.818273458e+07
8.000000000e+00|2.987600000e+04|2.062120375e-01|5.700317732e+23|2.054809728e-01|3.395010519e+06|3.449714400e+06|7.410180979e+06|inf|2.987600000e+04|9.997595923e-01|1.194412533e+24|9.997623981e-01|7.495564406e+04|6.810688149e+06
