#PHASE|Nmant|Nmant/Nmanttot|Mmant|Mmant/Mmanttot|RRRminmant|RRRminmantEq|RRRmaxmant|RRRmaxmantEq|Ncore|Ncore/Ncoretot|Mcore|Mcore/Mcoretot|RRRmincore|RRRmaxcore|
0.000000000e+00|0.000000000e+00|0.000000000e+00|0.000000000e+00|0.000000000e+00|inf|inf|-inf|inf|0.000000000e+00|0.000000000e+00|0.000000000e+00|0.000000000e+00|inf|-inf
1.000000000e+00|2.667800000e+04|1.909239897e-01|5.048367998e+23|1.889649637e-01|2.807009524e+06|3.153509967e+06|1.014915149e+08|inf|2.667800000e+04|0.000000000e+00|0.000000000e+00|0.000000000e+00|inf|-inf
2.000000000e+00|9.000000000e+00|6.440947249e-05|1.787038909e+20|6.689047685e-05|3.455023136e+07|inf|1.906154394e+08|inf|9.000000000e+00|0.000000000e+00|0.000000000e+00|0.000000000e+00|inf|-inf
3.000000000e+00|3.746800000e+04|2.681437906e-01|7.106870083e+23|2.660165519e-01|2.883733803e+06|3.132148505e+06|2.209880436e+08|inf|3.746800000e+04|0.000000000e+00|0.000000000e+00|0.000000000e+00|inf|-inf
4.000000000e+00|7.109300000e+04|5.087847364e-01|1.368300637e+24|5.121672594e-01|3.295704680e+06|3.295704680e+06|2.209951820e+08|inf|7.109300000e+04|8.263375014e-01|9.801788778e+23|8.217393595e-01|7.807346886e+04|3.120045247e+07
5.000000000e+00|2.980000000e+02|2.132669200e-03|5.913218744e+21|2.213371066e-03|6.211655140e+06|1.346381801e+07|2.295809932e+08|inf|2.980000000e+02|5.297035265e-04|6.524734392e+20|5.470053663e-04|6.445004720e+06|5.939283478e+07
6.000000000e+00|8.600000000e+01|6.154682926e-04|1.679636008e+21|6.287028945e-04|7.264819843e+06|7.264819843e+06|2.195524773e+08|inf|8.600000000e+01|4.494454165e-04|5.457228096e+20|4.575102792e-04|6.310326807e+06|7.111192584e+06
7.000000000e+00|7.510000000e+02|5.374612649e-03|1.467762940e+22|5.493968960e-03|6.273861088e+06|6.828964037e+06|1.290353292e+08|inf|7.510000000e+02|7.383746128e-04|8.919031352e+20|7.477328146e-04|6.117862996e+06|1.004666826e+07
8.000000000e+00|3.348000000e+03|2.396032376e-02|6.531579752e+22|2.444829164e-02|5.392662264e+06|5.749136495e+06|7.018368492e+06|inf|3.348000000e+03|1.719449750e-01|2.105409648e+23|1.765083920e-01|2.550263621e+06|6.492105714e+06
