#RRR|U50|U25|U75|Umean|T50|T25|T75|Tmean|P50|P25|P75|Pmean|rho50|rho25|rho75|Pmean|S
2.516140311e+05|4.785155589e+06|4.807244289e+06|4.823686872e+06|4.806573898e+06|4.926380151e+03|4.936061568e+03|4.943232253e+03|4.935713396e+03|1.756498858e+11|1.767273188e+11|1.775299436e+11|1.766951741e+11|1.051489697e+04|1.052877686e+04|1.053907812e+04|1.052829297e+04|1.858310284e+03
3.814437097e+05|4.758385526e+06|4.776834386e+06|4.798053917e+06|4.777040311e+06|4.914612016e+03|4.922726348e+03|4.932036562e+03|4.922768214e+03|1.743440480e+11|1.752440107e+11|1.762790439e+11|1.752544011e+11|1.049801562e+04|1.050965674e+04|1.052300708e+04|1.050972363e+04|1.858310284e+03
4.540793064e+05|4.742795301e+06|4.763897921e+06|4.775733163e+06|4.759544877e+06|4.907721991e+03|4.917038738e+03|4.922242526e+03|4.915058635e+03|1.735841047e+11|1.746128893e+11|1.751902982e+11|1.744012203e+11|1.048815039e+04|1.050149854e+04|1.050895923e+04|1.049866992e+04|1.858310284e+03
5.089477978e+05|4.726996552e+06|4.745009829e+06|4.761701738e+06|4.745622874e+06|4.900726568e+03|4.908701462e+03|4.916072270e+03|4.908928378e+03|1.728139897e+11|1.736920453e+11|1.745057773e+11|1.737222798e+11|1.047812793e+04|1.048954834e+04|1.050010864e+04|1.048988281e+04|1.858310284e+03
5.530476809e+05|4.710411716e+06|4.732943455e+06|4.744729447e+06|4.728664016e+06|4.893368465e+03|4.903361327e+03|4.908577479e+03|4.901415894e+03|1.720054983e+11|1.731039129e+11|1.736783766e+11|1.728955786e+11|1.046757837e+04|1.048190039e+04|1.048937476e+04|1.047912012e+04|1.858310284e+03
5.924835762e+05|4.699083291e+06|4.716871384e+06|4.730624854e+06|4.712785904e+06|4.888317713e+03|4.896236271e+03|4.902334192e+03|4.894360858e+03|1.714535898e+11|1.723204527e+11|1.729908624e+11|1.721216965e+11|1.046035425e+04|1.047168799e+04|1.048042993e+04|1.046901465e+04|1.858310284e+03
6.315504487e+05|4.692547576e+06|4.704466263e+06|4.715478276e+06|4.703328071e+06|4.885400398e+03|4.890718745e+03|4.895618025e+03|4.890180346e+03|1.711351075e+11|1.717158318e+11|1.722525363e+11|1.716605886e+11|1.045617749e+04|1.046378418e+04|1.047080371e+04|1.046302344e+04|1.858310284e+03
6.674324498e+05|4.670217750e+06|4.692176935e+06|4.701357694e+06|4.684506984e+06|4.875415603e+03|4.885234889e+03|4.889332384e+03|4.881772191e+03|1.700470182e+11|1.711170479e+11|1.715644005e+11|1.707435939e+11|1.044188770e+04|1.045594385e+04|1.046180542e+04|1.045099023e+04|1.858310284e+03
7.020840486e+05|4.661605604e+06|4.676403540e+06|4.688830881e+06|4.672845219e+06|4.871556680e+03|4.878184307e+03|4.883740361e+03|4.876561907e+03|1.696274359e+11|1.703484775e+11|1.709540044e+11|1.701753649e+11|1.043636060e+04|1.044585303e+04|1.045380151e+04|1.044353320e+04|1.858310284e+03
7.316141621e+05|4.650670847e+06|4.661721878e+06|4.673235793e+06|4.659532713e+06|4.866639254e+03|4.871608917e+03|4.876766714e+03|4.870600863e+03|1.690950523e+11|1.696330966e+11|1.701940801e+11|1.695268225e+11|1.042933447e+04|1.043643750e+04|1.044381763e+04|1.043500293e+04|1.858310284e+03
7.637102310e+05|4.636457207e+06|4.651308709e+06|4.667170613e+06|4.649082696e+06|4.860237479e+03|4.866926310e+03|4.874050962e+03|4.865888211e+03|1.684030926e+11|1.691260992e+11|1.698985598e+11|1.690180315e+11|1.042018115e+04|1.042974512e+04|1.043993433e+04|1.042826660e+04|1.858310284e+03
7.923183657e+05|4.626523521e+06|4.635173834e+06|4.644469655e+06|4.633010049e+06|4.855756736e+03|4.859658911e+03|4.863847645e+03|4.858667059e+03|1.679195015e+11|1.683406169e+11|1.687932142e+11|1.682353298e+11|1.041377783e+04|1.041935352e+04|1.042534351e+04|1.041794043e+04|1.858310284e+03
8.196985917e+05|4.615149151e+06|4.623989622e+06|4.638346199e+06|4.625721563e+06|4.850619400e+03|4.854612900e+03|4.861088930e+03|4.855350638e+03|1.673656326e+11|1.677961371e+11|1.684950720e+11|1.678806780e+11|1.040642212e+04|1.041214111e+04|1.042140454e+04|1.041320215e+04|1.858310284e+03
8.461909305e+05|4.594806714e+06|4.611171741e+06|4.620247064e+06|4.608888878e+06|4.841381714e+03|4.848815902e+03|4.852922808e+03|4.847753734e+03|1.663756074e+11|1.671721063e+11|1.676138996e+11|1.670611280e+11|1.039324023e+04|1.040384912e+04|1.040971851e+04|1.040234082e+04|1.858310284e+03
8.747700047e+05|4.578792560e+06|4.594505270e+06|4.608553098e+06|4.593529235e+06|4.834092333e+03|4.841244634e+03|4.847627333e+03|4.840763818e+03|1.655961718e+11|1.663609355e+11|1.670446819e+11|1.663136398e+11|1.038282349e+04|1.039304639e+04|1.040215820e+04|1.039235938e+04|1.858310284e+03
9.000904964e+05|4.565829308e+06|4.581717710e+06|4.591236404e+06|4.577873011e+06|4.828179292e+03|4.835424894e+03|4.839757819e+03|4.833639073e+03|1.649652870e+11|1.657385398e+11|1.662018707e+11|1.655517098e+11|1.037437891e+04|1.038472754e+04|1.039091870e+04|1.038218359e+04|1.858310284e+03
9.251704689e+05|4.559723077e+06|4.571759326e+06|4.580504071e+06|4.568351014e+06|4.825383522e+03|4.830886338e+03|4.834872073e+03|4.829303030e+03|1.646682630e+11|1.652538814e+11|1.656794618e+11|1.650882910e+11|1.037038843e+04|1.037824561e+04|1.038393701e+04|1.037599121e+04|1.858310284e+03
9.492209244e+05|4.541298856e+06|4.558818506e+06|4.569189635e+06|4.556736982e+06|4.816934978e+03|4.824969163e+03|4.829714283e+03|4.823989393e+03|1.637722559e+11|1.646242842e+11|1.651288090e+11|1.645232913e+11|1.035834155e+04|1.036980322e+04|1.037657104e+04|1.036840723e+04|1.858310284e+03
9.742419122e+05|4.530085241e+06|4.541939834e+06|4.553594860e+06|4.541433146e+06|4.811783388e+03|4.817229226e+03|4.822575526e+03|4.816968458e+03|1.632268737e+11|1.638034306e+11|1.643702933e+11|1.637789576e+11|1.035098901e+04|1.035876221e+04|1.036638940e+04|1.035839160e+04|1.858310284e+03
9.997975585e+05|4.515437369e+06|4.528505967e+06|4.539312423e+06|4.527394063e+06|4.805036133e+03|4.811057281e+03|4.816022928e+03|4.810504334e+03|1.625145994e+11|1.631500459e+11|1.636756411e+11|1.630962583e+11|1.034136499e+04|1.034995410e+04|1.035703760e+04|1.034916992e+04|1.858310284e+03
1.020929135e+06|4.504018437e+06|4.512838258e+06|4.523054195e+06|4.512298114e+06|4.799756238e+03|4.803835018e+03|4.808549599e+03|4.803560112e+03|1.619594979e+11|1.623882539e+11|1.628848617e+11|1.623621387e+11|1.033383716e+04|1.033965137e+04|1.034637061e+04|1.033926465e+04|1.858310284e+03
1.042786820e+06|4.489941810e+06|4.500066709e+06|4.512804631e+06|4.500162990e+06|4.793237044e+03|4.797927273e+03|4.803819457e+03|4.797948840e+03|1.612752555e+11|1.617674513e+11|1.623866195e+11|1.617722199e+11|1.032455151e+04|1.033123486e+04|1.033962915e+04|1.033126758e+04|1.858310284e+03
1.065581066e+06|4.473355315e+06|4.488969672e+06|4.502191544e+06|4.488120978e+06|4.785540191e+03|4.792786401e+03|4.798910816e+03|4.792359882e+03|1.604689779e+11|1.612280062e+11|1.618707179e+11|1.611869122e+11|1.031357275e+04|1.032390674e+04|1.033263647e+04|1.032330273e+04|1.858310284e+03
1.088771041e+06|4.458170786e+06|4.473080930e+06|4.485663792e+06|4.472274262e+06|4.778455699e+03|4.785412294e+03|4.791253504e+03|4.784994803e+03|1.597312216e+11|1.604556431e+11|1.610673221e+11|1.604167341e+11|1.030349292e+04|1.031338770e+04|1.032172046e+04|1.031280859e+04|1.858310284e+03
1.107476046e+06|4.447511149e+06|4.461867765e+06|4.472673097e+06|4.459393033e+06|4.773474188e+03|4.780181814e+03|4.785222185e+03|4.778994411e+03|1.592132773e+11|1.599108685e+11|1.604358230e+11|1.597907731e+11|1.029639795e+04|1.030594678e+04|1.031312109e+04|1.030426270e+04|1.858310284e+03
1.130083212e+06|4.435512641e+06|4.443634470e+06|4.455060331e+06|4.444868692e+06|4.767858952e+03|4.771660869e+03|4.777002799e+03|4.772219016e+03|1.586302293e+11|1.590249289e+11|1.595800878e+11|1.590849873e+11|1.028840039e+04|1.029382031e+04|1.030142871e+04|1.029461523e+04|1.858310284e+03
1.149057890e+06|4.425711094e+06|4.434994302e+06|4.445270203e+06|4.434739134e+06|4.763263195e+03|4.767616168e+03|4.772426098e+03|4.767464103e+03|1.581541013e+11|1.586050486e+11|1.591044060e+11|1.585929526e+11|1.028185840e+04|1.028805762e+04|1.029490796e+04|1.028784668e+04|1.858310284e+03
1.169083906e+06|4.405579460e+06|4.420755621e+06|4.429494355e+06|4.418041358e+06|4.753783493e+03|4.760932000e+03|4.765039191e+03|4.759615162e+03|1.571766976e+11|1.579134994e+11|1.583378498e+11|1.577819876e+11|1.026838159e+04|1.027854541e+04|1.028438867e+04|1.027667871e+04|1.858310284e+03
1.191289169e+06|4.388407635e+06|4.404586598e+06|4.417039049e+06|4.403321292e+06|4.745678217e+03|4.753315339e+03|4.759182640e+03|4.752673709e+03|1.563429919e+11|1.571284849e+11|1.577330341e+11|1.570672567e+11|1.025684473e+04|1.026771533e+04|1.027605420e+04|1.026680664e+04|1.858310284e+03
1.209191432e+06|4.381667430e+06|4.392587823e+06|4.402302417e+06|4.390963295e+06|4.742491704e+03|4.747652955e+03|4.752238072e+03|4.746855044e+03|1.560156573e+11|1.565459470e+11|1.570175749e+11|1.564671517e+11|1.025231543e+04|1.025965674e+04|1.026617993e+04|1.025852734e+04|1.858310284e+03
1.228861380e+06|4.360077318e+06|4.375558095e+06|4.384253185e+06|4.370763871e+06|4.732226297e+03|4.739590063e+03|4.743714599e+03|4.737267814e+03|1.549676483e+11|1.557191734e+11|1.561412411e+11|1.554865874e+11|1.023773096e+04|1.024819287e+04|1.025405615e+04|1.024489844e+04|1.858310284e+03
1.247409700e+06|4.351610203e+06|4.361654330e+06|4.373302879e+06|4.361228941e+06|4.728192519e+03|4.732977107e+03|4.738518229e+03|4.732746445e+03|1.545566219e+11|1.550442036e+11|1.556097037e+11|1.550236830e+11|1.023199829e+04|1.023879980e+04|1.024666919e+04|1.023847461e+04|1.858310284e+03
1.266714961e+06|4.334747461e+06|4.345449544e+06|4.356694318e+06|4.344187514e+06|4.720143872e+03|4.725254782e+03|4.730615131e+03|4.724625969e+03|1.537380877e+11|1.542575501e+11|1.548034470e+11|1.541964946e+11|1.022055884e+04|1.022782568e+04|1.023544238e+04|1.022693652e+04|1.858310284e+03
1.286068777e+06|4.316764436e+06|4.334754598e+06|4.343982660e+06|4.329149363e+06|4.711517260e+03|4.720147301e+03|4.724554942e+03|4.717427829e+03|1.528657448e+11|1.537384341e+11|1.541863498e+11|1.534667679e+11|1.020832104e+04|1.022056738e+04|1.022682935e+04|1.021671289e+04|1.858310284e+03
1.305196449e+06|4.302295835e+06|4.316614472e+06|4.328785382e+06|4.314874970e+06|4.704561920e+03|4.711445238e+03|4.717286038e+03|4.710576299e+03|1.521639112e+11|1.528584684e+11|1.534488270e+11|1.527742610e+11|1.019844702e+04|1.020821680e+04|1.021650854e+04|1.020698926e+04|1.858310284e+03
1.322679947e+06|4.292293603e+06|4.303602037e+06|4.313858978e+06|4.301299721e+06|4.699745990e+03|4.705190374e+03|4.710121599e+03|4.704052919e+03|1.516786722e+11|1.522272741e+11|1.527248144e+11|1.521157161e+11|1.019160620e+04|1.019934131e+04|1.020633838e+04|1.019772852e+04|1.858310284e+03
1.339525989e+06|4.271028697e+06|4.285930513e+06|4.298888053e+06|4.281689748e+06|4.689451553e+03|4.696670106e+03|4.702921828e+03|4.694582440e+03|1.506475690e+11|1.513701560e+11|1.519985804e+11|1.511646584e+11|1.017701245e+04|1.018724707e+04|1.019611450e+04|1.018429199e+04|1.858310284e+03
1.357558907e+06|4.262401459e+06|4.274880867e+06|4.283611406e+06|4.272633642e+06|4.685265979e+03|4.691318920e+03|4.695547633e+03|4.690204240e+03|1.502292171e+11|1.508343316e+11|1.512577023e+11|1.507254810e+11|1.017108105e+04|1.017966016e+04|1.018565869e+04|1.017808203e+04|1.858310284e+03
1.375208668e+06|4.248090247e+06|4.260872948e+06|4.272447694e+06|4.259023309e+06|4.678312456e+03|4.684523972e+03|4.690139533e+03|4.683598965e+03|1.495353111e+11|1.501551140e+11|1.507163627e+11|1.500655420e+11|1.016121094e+04|1.017002490e+04|1.017799341e+04|1.016871582e+04|1.858310284e+03
1.393277433e+06|4.226357021e+06|4.241234946e+06|4.257079131e+06|4.238442258e+06|4.667691974e+03|4.674967835e+03|4.682681524e+03|4.673563496e+03|1.484818746e+11|1.492029471e+11|1.499711755e+11|1.490678288e+11|1.014617236e+04|1.015647607e+04|1.016741333e+04|1.015449609e+04|1.858310284e+03
1.410237946e+06|4.218176793e+06|4.231017082e+06|4.242978722e+06|4.228725833e+06|4.663685448e+03|4.669972463e+03|4.675819708e+03|4.668812458e+03|1.480853773e+11|1.487077391e+11|1.492874643e+11|1.485968668e+11|1.014049731e+04|1.014940430e+04|1.015768140e+04|1.014776367e+04|1.858310284e+03
1.426368474e+06|4.196539310e+06|4.212532737e+06|4.225746513e+06|4.209692387e+06|4.653058308e+03|4.660918568e+03|4.667393112e+03|4.659485682e+03|1.470368075e+11|1.478117842e+11|1.484522828e+11|1.476743870e+11|1.012544409e+04|1.013657568e+04|1.014574976e+04|1.013455176e+04|1.858310284e+03
1.441812383e+06|4.193832864e+06|4.203987115e+06|4.213527363e+06|4.202467183e+06|4.651723717e+03|4.656725324e+03|4.661406317e+03|4.655958598e+03|1.469057035e+11|1.473976094e+11|1.478600049e+11|1.473241416e+11|1.012355835e+04|1.013063281e+04|1.013726465e+04|1.012955371e+04|1.858310284e+03
1.457832448e+06|4.178506106e+06|4.192473321e+06|4.203751112e+06|4.188073214e+06|4.644156867e+03|4.651053141e+03|4.656609461e+03|4.648849068e+03|1.461633150e+11|1.468398427e+11|1.473861722e+11|1.466268544e+11|1.011284961e+04|1.012260742e+04|1.013046753e+04|1.011949023e+04|1.858310284e+03
1.473476050e+06|4.166561451e+06|4.176097209e+06|4.190305263e+06|4.175256562e+06|4.638249058e+03|4.642966187e+03|4.649983505e+03|4.642517769e+03|1.455847949e+11|1.460466539e+11|1.467348102e+11|1.460060037e+11|1.010448877e+04|1.011116406e+04|1.012109521e+04|1.011053418e+04|1.858310284e+03
1.489866242e+06|4.149041197e+06|4.160100794e+06|4.169810985e+06|4.158964900e+06|4.629547302e+03|4.635049717e+03|4.639857208e+03|4.634456051e+03|1.447361954e+11|1.452718234e+11|1.457421886e+11|1.452168673e+11|1.009217627e+04|1.009995801e+04|1.010676709e+04|1.009912402e+04|1.858310284e+03
1.506830930e+06|4.132200455e+06|4.146311610e+06|4.160578007e+06|4.146958786e+06|4.621146238e+03|4.628186921e+03|4.635286092e+03|4.628476027e+03|1.439205108e+11|1.446039894e+11|1.452949434e+11|1.446353743e+11|1.008030103e+04|1.009025488e+04|1.010028711e+04|1.009066992e+04|1.858310284e+03
1.522326791e+06|4.117431861e+06|4.133558715e+06|4.142880835e+06|4.131443927e+06|4.613763265e+03|4.621824502e+03|4.626476374e+03|4.620736557e+03|1.432052295e+11|1.439862953e+11|1.444378208e+11|1.438839999e+11|1.006985840e+04|1.008126172e+04|1.008783862e+04|1.007972656e+04|1.858310284e+03
1.536746996e+06|4.098224891e+06|4.116543493e+06|4.126489922e+06|4.111301066e+06|4.604112765e+03|4.613318675e+03|4.618293216e+03|4.610651395e+03|1.422754603e+11|1.431622039e+11|1.436438834e+11|1.429086401e+11|1.005623438e+04|1.006923340e+04|1.007627319e+04|1.006547461e+04|1.858310284e+03
1.552164938e+06|4.096518366e+06|4.105970598e+06|4.117506471e+06|4.107189888e+06|4.603253684e+03|4.608009524e+03|4.613800601e+03|4.608593043e+03|1.421928518e+11|1.426503267e+11|1.432088429e+11|1.427095744e+11|1.005502393e+04|1.006173633e+04|1.006991772e+04|1.006256543e+04|1.858310284e+03
1.565313810e+06|4.085231483e+06|4.094145266e+06|4.107194072e+06|4.093699134e+06|4.597566760e+03|4.602058711e+03|4.608624709e+03|4.601792597e+03|1.416465687e+11|1.420780019e+11|1.427095505e+11|1.420565639e+11|1.004698462e+04|1.005333203e+04|1.006260620e+04|1.005296191e+04|1.858310284e+03
1.579693761e+06|4.064729602e+06|4.077229699e+06|4.089305579e+06|4.075302302e+06|4.587201474e+03|4.593529785e+03|4.599620503e+03|4.592519721e+03|1.406543625e+11|1.412592462e+11|1.418437681e+11|1.411661152e+11|1.003235474e+04|1.004128467e+04|1.004988794e+04|1.003986523e+04|1.858310284e+03
1.596001940e+06|4.052098867e+06|4.062007222e+06|4.076259939e+06|4.059956822e+06|4.580783932e+03|4.585819213e+03|4.593040234e+03|4.584735175e+03|1.400431499e+11|1.405226310e+11|1.412122942e+11|1.404235231e+11|1.002330103e+04|1.003040039e+04|1.004059448e+04|1.002887891e+04|1.858310284e+03
1.612582731e+06|4.036324252e+06|4.049065490e+06|4.058879698e+06|4.043541227e+06|4.572753516e+03|4.579241064e+03|4.584230580e+03|4.576392714e+03|1.392798952e+11|1.398963828e+11|1.403712848e+11|1.396292068e+11|1.001196729e+04|1.002112354e+04|1.002816577e+04|1.001710742e+04|1.858310284e+03
1.627143671e+06|4.021030022e+06|4.034486488e+06|4.044614464e+06|4.031633763e+06|4.564936369e+03|4.571816843e+03|4.576975979e+03|4.570328074e+03|1.385399218e+11|1.391909735e+11|1.396809835e+11|1.390530541e+11|1.000094531e+04|1.001064502e+04|1.001793042e+04|1.000855273e+04|1.858310284e+03
1.641081479e+06|4.008481492e+06|4.020043023e+06|4.031830855e+06|4.019863424e+06|4.558497302e+03|4.564430314e+03|4.570462900e+03|4.564314183e+03|1.379329642e+11|1.384921895e+11|1.390624746e+11|1.384835996e+11|9.991870850e+03|1.000022852e+04|1.000873608e+04|1.000007031e+04|1.858310284e+03
1.655639187e+06|3.999080256e+06|4.008395923e+06|4.016282207e+06|4.006750457e+06|4.553665955e+03|4.558453357e+03|4.562501409e+03|4.557585545e+03|1.374781991e+11|1.379288250e+11|1.383102838e+11|1.378492972e+11|9.985057861e+03|9.991810059e+03|9.997509766e+03|9.990585938e+03|1.858310284e+03
1.669747790e+06|3.977398366e+06|3.988129035e+06|4.006750795e+06|3.988662440e+06|4.542484075e+03|4.548030219e+03|4.557608355e+03|4.548264810e+03|1.364296763e+11|1.369485032e+11|1.378492448e+11|1.369745204e+11|9.969299072e+03|9.977110352e+03|9.990614502e+03|9.977450195e+03|1.858310284e+03
1.682782678e+06|3.969237334e+06|3.979970092e+06|3.991414501e+06|3.979576995e+06|4.538257456e+03|4.543814993e+03|4.549721888e+03|4.543583558e+03|1.360351243e+11|1.365540196e+11|1.371073850e+11|1.365351425e+11|9.963354736e+03|9.971177734e+03|9.979496582e+03|9.970854492e+03|1.858310284e+03
1.697021807e+06|3.958491320e+06|3.969738777e+06|3.979790537e+06|3.967829833e+06|4.532684814e+03|4.538517289e+03|4.543722086e+03|4.537508869e+03|1.355156584e+11|1.360593629e+11|1.365453384e+11|1.359671311e+11|9.955501465e+03|9.963715820e+03|9.971041748e+03|9.962298828e+03|1.858310284e+03
1.712774364e+06|3.935271731e+06|3.949795660e+06|3.960729146e+06|3.945739378e+06|4.520594748e+03|4.528169359e+03|4.533845985e+03|4.526017674e+03|1.343931343e+11|1.350952886e+11|1.356238296e+11|1.348992063e+11|9.938484619e+03|9.949142578e+03|9.957136230e+03|9.946121094e+03|1.858310284e+03
1.727835849e+06|3.914471279e+06|3.930750715e+06|3.943031407e+06|3.927953319e+06|4.509699332e+03|4.518229286e+03|4.524651269e+03|4.516728624e+03|1.333874829e+11|1.341745726e+11|1.347682212e+11|1.340393884e+11|9.923158447e+03|9.935156250e+03|9.944185547e+03|9.933049805e+03|1.858310284e+03
1.741118096e+06|3.910191766e+06|3.924499402e+06|3.935358724e+06|3.922513140e+06|4.507453813e+03|4.514956069e+03|4.520640250e+03|4.513885699e+03|1.331806295e+11|1.338723251e+11|1.343973396e+11|1.337763852e+11|9.920000488e+03|9.930554688e+03|9.938544189e+03|9.929049805e+03|1.858310284e+03
1.755213742e+06|3.892524219e+06|3.903765393e+06|3.917308583e+06|3.902631333e+06|4.498150845e+03|4.504079260e+03|4.511187405e+03|4.503436172e+03|1.323267141e+11|1.328699942e+11|1.335246713e+11|1.328153884e+11|9.906918213e+03|9.915245605e+03|9.925252197e+03|9.914353516e+03|1.858310284e+03
1.767878944e+06|3.879559271e+06|3.894750427e+06|3.907394718e+06|3.891933586e+06|4.491297860e+03|4.499326289e+03|4.505985428e+03|4.497805373e+03|1.317003486e+11|1.324342998e+11|1.330454323e+11|1.322983714e+11|9.897290039e+03|9.908571777e+03|9.917928467e+03|9.906436523e+03|1.858310284e+03
1.781626277e+06|3.866386267e+06|3.877953218e+06|3.888899429e+06|3.878616901e+06|4.484322555e+03|4.490448290e+03|4.496236159e+03|4.490774077e+03|1.310638488e+11|1.316227553e+11|1.321516079e+11|1.316548751e+11|9.887482422e+03|9.896092285e+03|9.904229492e+03|9.896552734e+03|1.858310284e+03
1.795364090e+06|3.851515284e+06|3.863161866e+06|3.881310663e+06|3.864904353e+06|4.476411000e+03|4.482613153e+03|4.492224502e+03|4.483485687e+03|1.303454572e+11|1.309080498e+11|1.317849665e+11|1.309923863e+11|9.876370117e+03|9.885075684e+03|9.898588623e+03|9.886314453e+03|1.858310284e+03
1.808985314e+06|3.841573301e+06|3.850747909e+06|3.864441797e+06|3.852581382e+06|4.471103681e+03|4.476001618e+03|4.483291803e+03|4.476943417e+03|1.298651128e+11|1.303083830e+11|1.309698734e+11|1.303969996e+11|9.868923828e+03|9.875794922e+03|9.886030762e+03|9.877122070e+03|1.858310284e+03
1.822591620e+06|3.820511938e+06|3.837011515e+06|3.848515847e+06|3.833441487e+06|4.459835798e+03|4.468665955e+03|4.474810595e+03|4.466715334e+03|1.288477399e+11|1.296447327e+11|1.302005416e+11|1.294723887e+11|9.853093994e+03|9.865495605e+03|9.874124512e+03|9.862761719e+03|1.858310284e+03
1.836824115e+06|3.812662160e+06|3.822755756e+06|3.833162363e+06|3.822427627e+06|4.455611468e+03|4.461037942e+03|4.466607871e+03|4.460822513e+03|1.284685482e+11|1.289561384e+11|1.294588128e+11|1.289403510e+11|9.847166504e+03|9.854778320e+03|9.862607910e+03|9.854487305e+03|1.858310284e+03
1.849839753e+06|3.792100189e+06|3.806489961e+06|3.820748955e+06|3.805616288e+06|4.444518803e+03|4.452285116e+03|4.459962902e+03|4.451781139e+03|1.274754744e+11|1.281704722e+11|1.288591910e+11|1.281283632e+11|9.831609619e+03|9.842506836e+03|9.853270020e+03|9.841800781e+03|1.858310284e+03
1.862551635e+06|3.785279108e+06|3.797623530e+06|3.811651935e+06|3.796739400e+06|4.440831841e+03|4.447501676e+03|4.455067230e+03|4.446978812e+03|1.271460352e+11|1.277422553e+11|1.284197656e+11|1.276996701e+11|9.826435791e+03|9.835796387e+03|9.846404541e+03|9.835066406e+03|1.858310284e+03
1.874353865e+06|3.773000665e+06|3.784146594e+06|3.797471797e+06|3.785064601e+06|4.434172973e+03|4.440219327e+03|4.447419766e+03|4.440679662e+03|1.265532279e+11|1.270913577e+11|1.277349264e+11|1.271358543e+11|9.817105469e+03|9.825579590e+03|9.835679443e+03|9.826230469e+03|1.858310284e+03
1.886195177e+06|3.755379712e+06|3.769935303e+06|3.781941000e+06|3.768664521e+06|4.424577435e+03|4.432505452e+03|4.439026210e+03|4.431780439e+03|1.257025635e+11|1.264052209e+11|1.269848690e+11|1.263439646e+11|9.803658203e+03|9.814766113e+03|9.823906250e+03|9.813752930e+03|1.858310284e+03
1.899568738e+06|3.738903858e+06|3.760098737e+06|3.769259889e+06|3.755355283e+06|4.415583250e+03|4.427149562e+03|4.432137942e+03|4.424521777e+03|1.249071974e+11|1.259303305e+11|1.263726080e+11|1.257014122e+11|9.791048096e+03|9.807262207e+03|9.814252930e+03|9.803582031e+03|1.858310284e+03
1.913303021e+06|3.729842213e+06|3.742093068e+06|3.753294448e+06|3.741501108e+06|4.410603020e+03|4.417326151e+03|4.423440302e+03|4.416967148e+03|1.244697254e+11|1.250611878e+11|1.256019146e+11|1.250325681e+11|9.784078369e+03|9.793488770e+03|9.802059082e+03|9.792995117e+03|1.858310284e+03
1.927361758e+06|3.709376316e+06|3.722741531e+06|3.737314796e+06|3.721933832e+06|4.399330145e+03|4.406695626e+03|4.414710768e+03|4.406209675e+03|1.234815445e+11|1.241268777e+11|1.248304756e+11|1.240879158e+11|9.768296387e+03|9.778607422e+03|9.789824463e+03|9.777931641e+03|1.858310284e+03
1.938507496e+06|3.698841615e+06|3.710895844e+06|3.723295170e+06|3.709299358e+06|4.393514088e+03|4.400168255e+03|4.407000428e+03|4.399252942e+03|1.229730222e+11|1.235548871e+11|1.241536115e+11|1.234779705e+11|9.760146973e+03|9.769470215e+03|9.779033203e+03|9.768191406e+03|1.858310284e+03
1.952266487e+06|3.687179468e+06|3.700176130e+06|3.712053956e+06|3.701452678e+06|4.387039938e+03|4.394251727e+03|4.400806912e+03|4.394912601e+03|1.224101108e+11|1.230374460e+11|1.236108057e+11|1.230991759e+11|9.751096680e+03|9.761185059e+03|9.770360840e+03|9.762116211e+03|1.858310284e+03
1.964295775e+06|3.672971823e+06|3.684837128e+06|3.693307120e+06|3.681625578e+06|4.379137725e+03|4.385738259e+03|4.390443091e+03|4.383933477e+03|1.217245180e+11|1.222970731e+11|1.227058618e+11|1.221421536e+11|9.740048340e+03|9.749279297e+03|9.755854980e+03|9.746753906e+03|1.858310284e+03
1.975606059e+06|3.665452682e+06|3.675947974e+06|3.684792267e+06|3.674840080e+06|4.374949034e+03|4.380794395e+03|4.385713326e+03|4.380144003e+03|1.213616305e+11|1.218681440e+11|1.222949081e+11|1.218147122e+11|9.734182373e+03|9.742364258e+03|9.749244141e+03|9.741454102e+03|1.858310284e+03
1.987360757e+06|3.643822333e+06|3.656482537e+06|3.669494727e+06|3.655840740e+06|4.362832104e+03|4.369938117e+03|4.377201306e+03|4.369536438e+03|1.203178038e+11|1.209288192e+11|1.215567047e+11|1.208978311e+11|9.717249268e+03|9.727170410e+03|9.737333740e+03|9.726621094e+03|1.858310284e+03
1.998952659e+06|3.632370663e+06|3.647158945e+06|3.655561632e+06|3.643749408e+06|4.356393199e+03|4.364706201e+03|4.369421641e+03|4.362754462e+03|1.197652245e+11|1.204788559e+11|1.208843798e+11|1.203143509e+11|9.708248047e+03|9.719865234e+03|9.726450684e+03|9.717141602e+03|1.858310284e+03
2.011613508e+06|3.619452413e+06|3.633241663e+06|3.641556148e+06|3.629602508e+06|4.349114412e+03|4.356883317e+03|4.361558786e+03|4.354804101e+03|1.191418884e+11|1.198072451e+11|1.202084223e+11|1.196316731e+11|9.698071777e+03|9.708934082e+03|9.715469727e+03|9.706031250e+03|1.858310284e+03
2.025350611e+06|3.597793200e+06|3.615781877e+06|3.627639718e+06|3.613531408e+06|4.336825598e+03|4.347034593e+03|4.353729971e+03|4.345718579e+03|1.180967563e+11|1.189647012e+11|1.195369701e+11|1.188562031e+11|9.680924561e+03|9.695170898e+03|9.704527832e+03|9.693340820e+03|1.858310284e+03
2.040393269e+06|3.575899139e+06|3.597109737e+06|3.606238374e+06|3.591951695e+06|4.324349875e+03|4.336437180e+03|4.341621781e+03|4.333469891e+03|1.170405104e+11|1.180637737e+11|1.185042609e+11|1.178150046e+11|9.663506592e+03|9.680380371e+03|9.687618652e+03|9.676238281e+03|1.858310284e+03
2.051715698e+06|3.573036727e+06|3.587879445e+06|3.597100992e+06|3.585946532e+06|4.322710603e+03|4.331187776e+03|4.336432215e+03|4.330052706e+03|1.169024124e+11|1.176183991e+11|1.180633517e+11|1.175252635e+11|9.661220215e+03|9.673046875e+03|9.680371582e+03|9.671468750e+03|1.858310284e+03
2.062719593e+06|3.558236883e+06|3.568954939e+06|3.583438329e+06|3.569716197e+06|4.314223632e+03|4.320371779e+03|4.328659500e+03|4.320757801e+03|1.161885696e+11|1.167054729e+11|1.174041946e+11|1.167423053e+11|9.649383057e+03|9.657958008e+03|9.669516846e+03|9.658501953e+03|1.858310284e+03
2.075107046e+06|3.552025784e+06|3.560931548e+06|3.573841556e+06|3.562171478e+06|4.310656631e+03|4.315770431e+03|4.323171588e+03|4.316456634e+03|1.158890241e+11|1.163185170e+11|1.169412425e+11|1.163783511e+11|9.644407471e+03|9.651542480e+03|9.661862549e+03|9.652499023e+03|1.858310284e+03
2.085581709e+06|3.533137737e+06|3.549554931e+06|3.557015627e+06|3.546703220e+06|4.299756631e+03|4.309236650e+03|4.313522702e+03|4.307551921e+03|1.149778372e+11|1.157698485e+11|1.161296772e+11|1.156321818e+11|9.629207520e+03|9.642422363e+03|9.648408691e+03|9.640081055e+03|1.858310284e+03
2.096420375e+06|3.523822619e+06|3.539663627e+06|3.553238861e+06|3.537773419e+06|4.294355670e+03|4.303535919e+03|4.311353602e+03|4.302386644e+03|1.145283270e+11|1.152926949e+11|1.159475317e+11|1.152014068e+11|9.621688477e+03|9.634471191e+03|9.645380859e+03|9.632878906e+03|1.858310284e+03
2.107626407e+06|3.510165616e+06|3.524722005e+06|3.537845873e+06|3.522027020e+06|4.286423790e+03|4.294877492e+03|4.302483585e+03|4.293268714e+03|1.138694779e+11|1.145717324e+11|1.152049952e+11|1.144417677e+11|9.610629395e+03|9.622414551e+03|9.633005859e+03|9.620172852e+03|1.858310284e+03
2.120210704e+06|3.492148723e+06|3.505161289e+06|3.517518418e+06|3.505303398e+06|4.275901362e+03|4.283513260e+03|4.290696258e+03|4.283541104e+03|1.130002997e+11|1.136280755e+11|1.142241221e+11|1.136349734e+11|9.595972900e+03|9.606566895e+03|9.616582275e+03|9.606619141e+03|1.858310284e+03
2.133898603e+06|3.480490843e+06|3.494027139e+06|3.502370107e+06|3.491249093e+06|4.269069147e+03|4.277001117e+03|4.281881929e+03|4.275340716e+03|1.124380688e+11|1.130908939e+11|1.134934064e+11|1.129570013e+11|9.586464844e+03|9.597508789e+03|9.604294434e+03|9.595196289e+03|1.858310284e+03
2.147265161e+06|3.459836053e+06|3.477070951e+06|3.485760081e+06|3.474227972e+06|4.256911803e+03|4.267062619e+03|4.272158713e+03|4.265339683e+03|1.114418640e+11|1.122731074e+11|1.126922100e+11|1.121359944e+11|9.569538574e+03|9.583664551e+03|9.590764160e+03|9.581276367e+03|1.858310284e+03
2.160422095e+06|3.438671325e+06|3.456907131e+06|3.472227904e+06|3.457493104e+06|4.244374221e+03|4.255179147e+03|4.264219332e+03|4.255475123e+03|1.104209758e+11|1.113005590e+11|1.120394945e+11|1.113288070e+11|9.552095703e+03|9.567130371e+03|9.579704834e+03|9.567545898e+03|1.858310284e+03
2.171439229e+06|3.438718236e+06|3.453282718e+06|3.462592486e+06|3.449734329e+06|4.244402046e+03|4.253034001e+03|4.258541728e+03|4.250888546e+03|1.104232380e+11|1.111256869e+11|1.115748383e+11|1.109545604e+11|9.552138672e+03|9.564147461e+03|9.571804199e+03|9.561166016e+03|1.858310284e+03
2.181119344e+06|3.426917678e+06|3.441648265e+06|3.447991463e+06|3.437681218e+06|4.237384362e+03|4.246140122e+03|4.249900222e+03|4.243748472e+03|1.098539842e+11|1.105645347e+11|1.108704168e+11|1.103731499e+11|9.542375244e+03|9.554555176e+03|9.559785645e+03|9.551233398e+03|1.858310284e+03
2.190679061e+06|3.417460234e+06|3.431131581e+06|3.442528875e+06|3.429902856e+06|4.231729385e+03|4.239898127e+03|4.246662342e+03|4.239119007e+03|1.093977749e+11|1.100573396e+11|1.106069991e+11|1.099979652e+11|9.534523682e+03|9.545865723e+03|9.555282959e+03|9.544794922e+03|1.858310284e+03
2.201246854e+06|3.404652083e+06|3.413751761e+06|3.422749784e+06|3.414218724e+06|4.224057978e+03|4.229509735e+03|4.234893210e+03|4.229764789e+03|1.087798565e+11|1.092188811e+11|1.096529121e+11|1.092414116e+11|9.523857422e+03|9.531437012e+03|9.538913330e+03|9.531791016e+03|1.858310284e+03
2.211673242e+06|3.391014001e+06|3.401210604e+06|3.415584998e+06|3.400119123e+06|4.215867028e+03|4.221994166e+03|4.230607147e+03|4.221302713e+03|1.081221547e+11|1.086138479e+11|1.093073169e+11|1.085613201e+11|9.512471680e+03|9.520989746e+03|9.532958740e+03|9.520031250e+03|1.858310284e+03
2.223827673e+06|3.371983441e+06|3.390109624e+06|3.405107035e+06|3.387882968e+06|4.204363210e+03|4.215321088e+03|4.224330725e+03|4.213929029e+03|1.072042735e+11|1.080785285e+11|1.088018078e+11|1.079711200e+11|9.496505371e+03|9.511713379e+03|9.524234863e+03|9.509788086e+03|1.858310284e+03
2.235365375e+06|3.352096097e+06|3.367637160e+06|3.384634243e+06|3.367107693e+06|4.192289333e+03|4.201731238e+03|4.212014229e+03|4.201368160e+03|1.062451140e+11|1.069946985e+11|1.078143827e+11|1.069690408e+11|9.479731445e+03|9.492845703e+03|9.507124512e+03|9.492344727e+03|1.858310284e+03
2.249556980e+06|3.337842959e+06|3.354565677e+06|3.366314276e+06|3.349726442e+06|4.183572603e+03|4.193797711e+03|4.200929772e+03|4.190780213e+03|1.055572799e+11|1.063642693e+11|1.069309056e+11|1.061306015e+11|9.467642334e+03|9.481826660e+03|9.491732422e+03|9.477650391e+03|1.858310284e+03
2.263803589e+06|3.321790657e+06|3.336623396e+06|3.348681755e+06|3.334062584e+06|4.173732747e+03|4.182825878e+03|4.190202966e+03|4.181228831e+03|1.047829030e+11|1.054984155e+11|1.060803635e+11|1.053749435e+11|9.453985840e+03|9.466608398e+03|9.476844727e+03|9.464394531e+03|1.858310284e+03
2.274107611e+06|3.308956964e+06|3.324722292e+06|3.336926241e+06|3.321587555e+06|4.165813494e+03|4.175531609e+03|4.183011324e+03|4.173555910e+03|1.041635838e+11|1.049243196e+11|1.055130330e+11|1.047730460e+11|9.443016113e+03|9.456483887e+03|9.466864502e+03|9.453752930e+03|1.858310284e+03
2.285412937e+06|3.295073497e+06|3.310379559e+06|3.321148058e+06|3.308123207e+06|4.157224012e+03|4.166692594e+03|4.173338336e+03|4.165268775e+03|1.034938374e+11|1.042321989e+11|1.047519041e+11|1.041234230e+11|9.431110107e+03|9.444229492e+03|9.453437988e+03|9.442260742e+03|1.858310284e+03
2.295233770e+06|3.284256105e+06|3.301701116e+06|3.315254145e+06|3.298804449e+06|4.150517905e+03|4.161326673e+03|4.169703413e+03|4.159496610e+03|1.029720864e+11|1.038135825e+11|1.044674430e+11|1.036738281e+11|9.421809570e+03|9.436794434e+03|9.448401855e+03|9.434260742e+03|1.858310284e+03
2.302754062e+06|3.278556240e+06|3.292030215e+06|3.304792636e+06|3.290292943e+06|4.146960485e+03|4.155338717e+03|4.163239014e+03|4.154218532e+03|1.026970140e+11|1.033470009e+11|1.039627156e+11|1.032631695e+11|9.416881104e+03|9.428496094e+03|9.439447754e+03|9.426945312e+03|1.858310284e+03
2.311657369e+06|3.273514737e+06|3.284375823e+06|3.293777856e+06|3.283260791e+06|4.143811347e+03|4.150592591e+03|4.156421480e+03|4.149853383e+03|1.024536842e+11|1.029778635e+11|1.034313247e+11|1.029239001e+11|9.412522461e+03|9.421907227e+03|9.429991699e+03|9.420896484e+03|1.858310284e+03
2.322052471e+06|3.258343656e+06|3.268600087e+06|3.287649457e+06|3.271854920e+06|4.134320026e+03|4.140739096e+03|4.152623313e+03|4.142734992e+03|1.017216907e+11|1.022164511e+11|1.031356999e+11|1.023735481e+11|9.399378662e+03|9.408270508e+03|9.424728760e+03|9.411036133e+03|1.858310284e+03
2.334004746e+06|3.240001794e+06|3.254973271e+06|3.267281991e+06|3.254388690e+06|4.122781649e+03|4.132208410e+03|4.139914718e+03|4.131789561e+03|1.008364945e+11|1.015591000e+11|1.021528415e+11|1.015307229e+11|9.383403076e+03|9.396450684e+03|9.407126709e+03|9.395878906e+03|1.858310284e+03
2.347158056e+06|3.227948533e+06|3.241322935e+06|3.254952637e+06|3.239545304e+06|4.115158542e+03|4.123616374e+03|4.132195479e+03|4.122435648e+03|1.002546616e+11|1.009002596e+11|1.015581046e+11|1.008143930e+11|9.372854492e+03|9.384560059e+03|9.396430664e+03|9.382930664e+03|1.858310284e+03
2.361357674e+06|3.206584308e+06|3.218304258e+06|3.238880555e+06|3.219794922e+06|4.101587003e+03|4.109048640e+03|4.122073165e+03|4.109936170e+03|9.922353984e+10|9.978924820e+10|1.007823771e+11|9.986116538e+10|9.354077881e+03|9.364399902e+03|9.382426270e+03|9.365634766e+03|1.858310284e+03
2.374695861e+06|3.180676353e+06|3.194358116e+06|3.211924894e+06|3.194137232e+06|4.085010925e+03|4.093773007e+03|4.104995584e+03|4.093580566e+03|9.797314772e+10|9.863343444e+10|9.948140877e+10|9.862270028e+10|9.331157227e+03|9.343278320e+03|9.358787598e+03|9.343015625e+03|1.858310284e+03
2.384987801e+06|3.168550381e+06|3.181797278e+06|3.197194806e+06|3.181800288e+06|4.077185403e+03|4.085729513e+03|4.095587317e+03|4.085671240e+03|9.738756119e+10|9.802724427e+10|9.877031268e+10|9.802713426e+10|9.320353271e+03|9.332149902e+03|9.345788574e+03|9.332082031e+03|1.858310284e+03
2.395385053e+06|3.156518104e+06|3.169030744e+06|3.185255508e+06|3.169202737e+06|4.069399052e+03|4.077495979e+03|4.087945613e+03|4.077556132e+03|9.680637755e+10|9.741076543e+10|9.819415449e+10|9.741889730e+10|9.309600586e+03|9.320782227e+03|9.335220215e+03|9.320868164e+03|1.858310284e+03
2.404583597e+06|3.143615681e+06|3.157787991e+06|3.174370359e+06|3.159383525e+06|4.061029173e+03|4.070221519e+03|4.080946400e+03|4.071213776e+03|9.618344284e+10|9.686767478e+10|9.766868064e+10|9.694476040e+10|9.298028076e+03|9.310733398e+03|9.325541260e+03|9.312105469e+03|1.858310284e+03
2.412700029e+06|3.136608966e+06|3.148716626e+06|3.162122296e+06|3.147683521e+06|4.056453019e+03|4.064342631e+03|4.073027495e+03|4.063622980e+03|9.584482774e+10|9.642976818e+10|9.707702996e+10|9.637974536e+10|9.291719727e+03|9.302610352e+03|9.314610840e+03|9.301621094e+03|1.858310284e+03
2.420386289e+06|3.128541635e+06|3.143288145e+06|3.158212215e+06|3.140260766e+06|4.051177894e+03|4.060815361e+03|4.070496244e+03|4.058778443e+03|9.545522279e+10|9.616761277e+10|9.688815172e+10|9.602121264e+10|9.284435303e+03|9.297732910e+03|9.311113037e+03|9.294933594e+03|1.858310284e+03
2.430583425e+06|3.110957594e+06|3.124778930e+06|3.143293073e+06|3.125785034e+06|4.039656555e+03|4.048715207e+03|4.060818578e+03|4.049320853e+03|9.460606696e+10|9.527348477e+10|9.616785095e+10|9.532203653e+10|9.268527832e+03|9.281037598e+03|9.297741455e+03|9.281877930e+03|1.858310284e+03
2.441034938e+06|3.089314075e+06|3.113195916e+06|3.131928555e+06|3.111954087e+06|4.025346981e+03|4.041124925e+03|4.053393362e+03|4.040218422e+03|9.356023536e+10|9.471410091e+10|9.561879880e+10|9.465389246e+10|9.248798340e+03|9.270559082e+03|9.287495117e+03|9.269320312e+03|1.858310284e+03
2.452572996e+06|3.075244500e+06|3.089306761e+06|3.108639183e+06|3.091918051e+06|4.016010067e+03|4.025342161e+03|4.038127168e+03|4.027018566e+03|9.288048847e+10|9.355988229e+10|9.449404529e+10|9.368593726e+10|9.235920166e+03|9.248794434e+03|9.266417725e+03|9.251106445e+03|1.858310284e+03
2.466900253e+06|3.054899197e+06|3.068829077e+06|3.084428781e+06|3.069716491e+06|4.002391857e+03|4.011720642e+03|4.022109970e+03|4.012246791e+03|9.189674257e+10|9.257030570e+10|9.332427784e+10|9.261298799e+10|9.217160889e+03|9.230014160e+03|9.244333984e+03|9.230742188e+03|1.858310284e+03
2.481814829e+06|3.045848482e+06|3.058932215e+06|3.074861537e+06|3.056101872e+06|3.996319491e+03|4.005094887e+03|4.015754138e+03|4.003121173e+03|9.145941092e+10|9.209177170e+10|9.286195788e+10|9.195482208e+10|9.208788086e+03|9.220883301e+03|9.235568604e+03|9.218168945e+03|1.858310284e+03
2.492369943e+06|3.029564506e+06|3.043893218e+06|3.055327234e+06|3.042765241e+06|3.985316472e+03|3.995006504e+03|4.002678820e+03|3.994197480e+03|9.067186834e+10|9.136493394e+10|9.191744226e+10|9.131016764e+10|9.193642578e+03|9.206971680e+03|9.217555908e+03|9.205871094e+03|1.858310284e+03
2.499824887e+06|3.018699293e+06|3.038562594e+06|3.047861894e+06|3.033698908e+06|3.977953145e+03|3.991404771e+03|3.997671110e+03|3.988060438e+03|9.014659512e+10|9.110705715e+10|9.155669450e+10|9.087173785e+10|9.183499023e+03|9.202019043e+03|9.210652588e+03|9.197419922e+03|1.858310284e+03
2.508617809e+06|3.004239428e+06|3.026145109e+06|3.041215197e+06|3.025349783e+06|3.968103223e+03|3.983000541e+03|3.993197495e+03|3.982393070e+03|8.944723636e+10|9.050656981e+10|9.123538561e+10|9.046795696e+10|9.169942383e+03|9.190453125e+03|9.204486572e+03|9.189618164e+03|1.858310284e+03
2.516189295e+06|3.004641304e+06|3.016090387e+06|3.033957779e+06|3.019615967e+06|3.968378343e+03|3.976183163e+03|3.988290149e+03|3.978532034e+03|8.946668806e+10|9.002045478e+10|9.088426417e+10|9.019077116e+10|9.170319336e+03|9.181059082e+03|9.197735840e+03|9.184298828e+03|1.858310284e+03
2.523983530e+06|2.995249800e+06|3.010142987e+06|3.026939084e+06|3.010115338e+06|3.961944346e+03|3.972142856e+03|3.983538412e+03|3.972043582e+03|8.901208411e+10|8.973296591e+10|9.054495259e+10|8.973114539e+10|9.161472168e+03|9.175493164e+03|9.191195312e+03|9.175370117e+03|1.858310284e+03
2.531953984e+06|2.996102000e+06|3.006937444e+06|3.021090110e+06|3.006504257e+06|3.962528626e+03|3.969949909e+03|3.979574491e+03|3.969588084e+03|8.905333883e+10|8.957782352e+10|9.026218610e+10|8.955649643e+10|9.162278320e+03|9.172477539e+03|9.185731201e+03|9.171989258e+03|1.858310284e+03
2.541770162e+06|2.976951748e+06|2.990193707e+06|3.004880617e+06|2.988346683e+06|3.949375686e+03|3.958476546e+03|3.968542158e+03|3.957137274e+03|8.812685397e+10|8.876743505e+10|8.947827119e+10|8.867794911e+10|9.144172852e+03|9.156697754e+03|9.170542725e+03|9.154860352e+03|1.858310284e+03
2.556967885e+06|2.953332194e+06|2.974755184e+06|2.992101689e+06|2.969152903e+06|3.932997228e+03|3.947855113e+03|3.959785518e+03|3.943855826e+03|8.698320891e+10|8.802042431e+10|8.885971565e+10|8.774882474e+10|9.121660400e+03|9.142083984e+03|9.158500000e+03|9.136598633e+03|1.858310284e+03
2.576697596e+06|2.895993232e+06|2.924858004e+06|2.946002719e+06|2.923807351e+06|3.892654930e+03|3.913075178e+03|3.927901153e+03|3.912168719e+03|8.420540434e+10|8.560436213e+10|8.662859274e+10|8.555279589e+10|9.066257812e+03|9.094291016e+03|9.114651611e+03|9.093058594e+03|1.858310284e+03
2.593197707e+06|2.890035961e+06|2.912068515e+06|2.927311916e+06|2.907883195e+06|3.888416635e+03|3.904071735e+03|3.914798585e+03|3.901011340e+03|8.391664732e+10|8.498492920e+10|8.572316738e+10|8.478150745e+10|9.060439453e+03|9.081920410e+03|9.096661133e+03|9.077731445e+03|1.858310284e+03
2.601870577e+06|2.897111201e+06|2.914668969e+06|2.932138047e+06|2.914361722e+06|3.893450026e+03|3.905911945e+03|3.918186041e+03|3.905570785e+03|8.425961486e+10|8.511102312e+10|8.595682132e+10|8.509538683e+10|9.067344727e+03|9.084443848e+03|9.101312500e+03|9.083993164e+03|1.858310284e+03
2.608580935e+06|2.891647242e+06|2.905467572e+06|2.929002952e+06|2.909380193e+06|3.889563436e+03|3.899387356e+03|3.915985829e+03|3.902061971e+03|8.399471210e+10|8.466485257e+10|8.580503603e+10|8.485401616e+10|9.062014893e+03|9.075491699e+03|9.098293457e+03|9.079174805e+03|1.858310284e+03
2.614422909e+06|2.892600316e+06|2.913552462e+06|2.934839213e+06|2.915421793e+06|3.890241619e+03|3.905123346e+03|3.920080826e+03|3.906304947e+03|8.404089978e+10|8.505689873e+10|8.608768442e+10|8.514668674e+10|9.062941162e+03|9.083359863e+03|9.103913818e+03|9.085002930e+03|1.858310284e+03
2.619361139e+06|2.892881329e+06|2.914745110e+06|2.933976104e+06|2.914534049e+06|3.890441521e+03|3.905965507e+03|3.919475471e+03|3.905678949e+03|8.405452091e+10|8.511470996e+10|8.604585961e+10|8.510367757e+10|9.063219727e+03|9.084519043e+03|9.103080566e+03|9.084142578e+03|1.858310284e+03
2.623738103e+06|2.897456824e+06|2.917670078e+06|2.941197719e+06|2.920257001e+06|3.893695742e+03|3.908023021e+03|3.924537794e+03|3.909669184e+03|8.427637647e+10|8.525633897e+10|8.639580304e+10|8.538080510e+10|9.067681885e+03|9.087347656e+03|9.110034424e+03|9.089626953e+03|1.858310284e+03
2.628569815e+06|2.887908884e+06|2.920265837e+06|2.947046259e+06|2.919761760e+06|3.886902254e+03|3.909848204e+03|3.928627999e+03|3.909299841e+03|8.381359132e+10|8.538202358e+10|8.667908999e+10|8.535670853e+10|9.058356934e+03|9.089857422e+03|9.115649170e+03|9.089122070e+03|1.858310284e+03
2.634573707e+06|2.888732514e+06|2.923084035e+06|2.948965730e+06|2.923265903e+06|3.887488726e+03|3.911828870e+03|3.929962700e+03|3.911762268e+03|8.385349624e+10|8.551847357e+10|8.677193895e+10|8.552646445e+10|9.059161133e+03|9.092577637e+03|9.117483643e+03|9.092503906e+03|1.858310284e+03
2.642127807e+06|2.888173730e+06|2.915237584e+06|2.943435136e+06|2.918510015e+06|3.887090883e+03|3.906312011e+03|3.926104719e+03|3.908383298e+03|8.382642334e+10|8.513855630e+10|8.650421139e+10|8.529593018e+10|9.058616943e+03|9.084991699e+03|9.112184082e+03|9.087865234e+03|1.858310284e+03
2.651518678e+06|2.896309587e+06|2.913125072e+06|2.939555959e+06|2.920160694e+06|3.892879994e+03|3.904820051e+03|3.923387464e+03|3.909599586e+03|8.422073855e+10|8.503617334e+10|8.631625003e+10|8.537611898e+10|9.066564209e+03|9.082948242e+03|9.108455322e+03|9.089530273e+03|1.858310284e+03
2.694077771e+06|2.227889560e+06|2.316945018e+06|2.933311474e+06|2.546999212e+06|3.336757613e+03|3.422865607e+03|3.919009267e+03|3.600179629e+03|5.132056876e+10|5.580004009e+10|8.601366205e+10|6.701506545e+10|8.309658447e+03|8.426130859e+03|9.102443359e+03|8.668329102e+03|1.858310284e+03
2.724368654e+06|2.190899096e+06|2.217573107e+06|2.246062325e+06|2.222977810e+06|3.299451108e+03|3.326442031e+03|3.354728991e+03|3.331044271e+03|4.944408788e+10|5.079802504e+10|5.223844793e+10|5.106352203e+10|8.259263672e+03|8.295725586e+03|8.333952393e+03|8.301972656e+03|1.858310284e+03
2.729711831e+06|2.171185796e+06|2.196676620e+06|2.220364738e+06|2.195918849e+06|3.279155961e+03|3.305331060e+03|3.329235010e+03|3.303958698e+03|4.843933159e+10|4.973751844e+10|5.093930993e+10|4.969271149e+10|8.231871094e+03|8.267210938e+03|8.299497559e+03|8.265375000e+03|1.858310284e+03
2.733259654e+06|2.159425856e+06|2.196381159e+06|2.227713981e+06|2.194247904e+06|3.266920580e+03|3.305030478e+03|3.336581950e+03|3.302021739e+03|4.783879191e+10|4.972250525e+10|5.131168038e+10|4.960510224e+10|8.215354980e+03|8.266802246e+03|8.309421143e+03|8.262769531e+03|1.858310284e+03
2.736770916e+06|2.150023389e+06|2.186839559e+06|2.214238875e+06|2.180190314e+06|3.257053781e+03|3.295314620e+03|3.323104656e+03|3.287750176e+03|4.735751262e+10|4.923803390e+10|5.062934933e+10|4.889083707e+10|8.202043213e+03|8.253673828e+03|8.291214111e+03|8.243494141e+03|1.858310284e+03
2.740128951e+06|2.149409667e+06|2.180060370e+06|2.198346981e+06|2.178754649e+06|3.256409298e+03|3.288323389e+03|3.307030092e+03|3.286505175e+03|4.732613295e+10|4.889185511e+10|4.982241179e+10|4.882030844e+10|8.201174316e+03|8.244247070e+03|8.269505127e+03|8.241804688e+03|1.858310284e+03
2.743417189e+06|2.138919445e+06|2.178468976e+06|2.200047360e+06|2.173474309e+06|3.245324149e+03|3.286680352e+03|3.308759223e+03|3.280899034e+03|4.678850580e+10|4.881066114e+10|4.990885750e+10|4.854932903e+10|8.186214111e+03|8.242025391e+03|8.271839600e+03|8.234242188e+03|1.858310284e+03
2.746319380e+06|2.141461755e+06|2.172432728e+06|2.202354457e+06|2.170228989e+06|3.248035562e+03|3.280444808e+03|3.311104636e+03|3.277434927e+03|4.691938604e+10|4.850286765e+10|5.002621081e+10|4.838248552e+10|8.189864136e+03|8.233606934e+03|8.275006592e+03|8.229568359e+03|1.858310284e+03
2.749609066e+06|2.144546263e+06|2.173749401e+06|2.209082209e+06|2.176668472e+06|3.251300082e+03|3.281805460e+03|3.317936003e+03|3.283855334e+03|4.707759938e+10|4.856998508e+10|5.036851775e+10|4.870838414e+10|8.194272217e+03|8.235444824e+03|8.284222168e+03|8.238246094e+03|1.858310284e+03
2.752959370e+06|2.133834925e+06|2.168147132e+06|2.196385462e+06|2.166701242e+06|3.239898390e+03|3.276014486e+03|3.305034855e+03|3.273568924e+03|4.652694529e+10|4.828456307e+10|4.972272387e+10|4.820005101e+10|8.178897949e+03|8.227626465e+03|8.266810547e+03|8.224358398e+03|1.858310284e+03
2.756700980e+06|2.155156599e+06|2.176191236e+06|2.198673051e+06|2.175294721e+06|3.262442046e+03|3.284328004e+03|3.307361653e+03|3.282664418e+03|4.762015502e+10|4.869449292e+10|4.983899027e+10|4.864077970e+10|8.209316406e+03|8.238850586e+03|8.269950928e+03|8.236629883e+03|1.858310284e+03
2.761168471e+06|2.152439955e+06|2.174917736e+06|2.196355319e+06|2.172821567e+06|3.259590928e+03|3.283012568e+03|3.305004197e+03|3.280161483e+03|4.748112097e+10|4.862955150e+10|4.972119178e+10|4.851522839e+10|8.205463379e+03|8.237078125e+03|8.266767334e+03|8.233248047e+03|1.858310284e+03
2.765451078e+06|2.135169537e+06|2.159822723e+06|2.185318446e+06|2.162582495e+06|3.241322977e+03|3.267336554e+03|3.293749340e+03|3.269615944e+03|4.659557531e+10|4.785914014e+10|4.916040602e+10|4.799342419e+10|8.180823608e+03|8.215914551e+03|8.251564453e+03|8.219011719e+03|1.858310284e+03
2.770185824e+06|2.121862003e+06|2.146599921e+06|2.176210712e+06|2.151728548e+06|3.227104115e+03|3.253457971e+03|3.284348201e+03|3.258105726e+03|4.591207033e+10|4.718252709e+10|4.869548282e+10|4.743649635e+10|8.161633911e+03|8.197187500e+03|8.238878174e+03|8.203483398e+03|1.858310284e+03
2.777160863e+06|2.106697246e+06|2.135532693e+06|2.156407943e+06|2.133054985e+06|3.210667257e+03|3.241710605e+03|3.263755073e+03|3.238537612e+03|4.512932404e+10|4.661425255e+10|4.768421508e+10|4.648096216e+10|8.139478638e+03|8.181340576e+03|8.211083252e+03|8.177076660e+03|1.858310284e+03
2.786418805e+06|2.092136920e+06|2.106770125e+06|2.132421547e+06|2.108550249e+06|3.194711596e+03|3.210746365e+03|3.238388924e+03|3.212413036e+03|4.437631197e+10|4.513308048e+10|4.645433368e+10|4.522192692e+10|8.117968018e+03|8.139587402e+03|8.176862549e+03|8.141838379e+03|1.858310284e+03
2.893412386e+06|7.000934331e+06|7.029966115e+06|7.065978521e+06|7.031699288e+06|3.535657549e+03|3.539519563e+03|3.544282498e+03|3.539721852e+03|9.132650754e+10|9.196116920e+10|9.274743432e+10|9.199861105e+10|4.830411621e+03|4.837811768e+03|4.846939941e+03|4.838202637e+03|3.034266415e+03
2.903503490e+06|6.922479921e+06|6.961227813e+06|7.000165654e+06|6.964778359e+06|3.525123103e+03|3.530336878e+03|3.535554759e+03|3.530785018e+03|8.960892940e+10|9.045600942e+10|9.130963799e+10|9.053467063e+10|4.810241333e+03|4.820222900e+03|4.830213867e+03|4.821084473e+03|3.034266415e+03
2.909464726e+06|6.901017505e+06|6.938994816e+06|6.979309322e+06|6.938663507e+06|3.522225963e+03|3.527347898e+03|3.532762561e+03|3.527257208e+03|8.914066864e+10|8.996974439e+10|9.085216755e+10|8.996365983e+10|4.804698853e+03|4.814498779e+03|4.824865112e+03|4.814333984e+03|3.034266415e+03
2.914515357e+06|6.870259272e+06|6.918929249e+06|6.978955289e+06|6.917687336e+06|3.518054301e+03|3.524644273e+03|3.532715112e+03|3.524425487e+03|8.846878139e+10|8.953139365e+10|9.084440607e+10|8.950535661e+10|4.796719604e+03|4.809324951e+03|4.824776367e+03|4.808915039e+03|3.034266415e+03
2.920043267e+06|6.840321838e+06|6.900570172e+06|6.944419262e+06|6.893851551e+06|3.513969457e+03|3.522165488e+03|3.528077809e+03|3.521191357e+03|8.781328086e+10|8.913092180e+10|9.008832164e+10|8.898421061e+10|4.788905762e+03|4.804582031e+03|4.815895752e+03|4.802728027e+03|3.034266415e+03
2.926844833e+06|6.831152843e+06|6.882281621e+06|6.947996486e+06|6.874620212e+06|3.512715746e+03|3.519690885e+03|3.528558908e+03|3.518549700e+03|8.761281185e+10|8.873240510e+10|9.016653826e+10|8.856400356e+10|4.786508545e+03|4.799848633e+03|4.816817261e+03|4.797680176e+03|3.034266415e+03
2.933979199e+06|6.847224151e+06|6.897965359e+06|6.941789086e+06|6.887724025e+06|3.514912423e+03|3.521813401e+03|3.527723935e+03|3.520348099e+03|8.796425480e+10|8.907415736e+10|9.003082340e+10|8.885031284e+10|4.790708618e+03|4.803908447e+03|4.815218140e+03|4.801117188e+03|3.034266415e+03
2.941256622e+06|6.796010437e+06|6.847263523e+06|6.894785522e+06|6.837714245e+06|3.507899100e+03|3.514917799e+03|3.521383502e+03|3.513529991e+03|8.684559893e+10|8.796511623e+10|8.900487273e+10|8.775741665e+10|4.777300415e+03|4.790718750e+03|4.803086304e+03|4.788079590e+03|3.034266415e+03
2.960940952e+06|6.732364690e+06|6.809728006e+06|6.855565165e+06|6.687031139e+06|3.499106426e+03|3.509781423e+03|3.516051008e+03|3.491179917e+03|8.545655430e+10|8.714478963e+10|8.814677992e+10|8.447026043e+10|4.760510132e+03|4.780898926e+03|4.792885010e+03|4.745696777e+03|3.034266415e+03
3.047342087e+06|5.624362326e+06|5.657257417e+06|5.685915724e+06|5.654198877e+06|3.328691553e+03|3.334320562e+03|3.339205641e+03|3.333775169e+03|6.129540582e+10|6.201142714e+10|6.263773431e+10|6.194605457e+10|4.438505981e+03|4.449019287e+03|4.458148804e+03|4.448005859e+03|3.034266415e+03
3.059015241e+06|5.615920104e+06|5.637251508e+06|5.659202709e+06|5.636371339e+06|3.327243152e+03|3.330899930e+03|3.334652711e+03|3.330731869e+03|6.111208890e+10|6.157563220e+10|6.205387430e+10|6.155668002e+10|4.435802490e+03|4.442629395e+03|4.449639648e+03|4.442318848e+03|3.034266415e+03
3.066521881e+06|5.596665925e+06|5.622356328e+06|5.646233449e+06|5.621098743e+06|3.323909417e+03|3.328347530e+03|3.332436737e+03|3.328096237e+03|6.069104069e+10|6.125183041e+10|6.177115545e+10|6.122346354e+10|4.429582153e+03|4.437862793e+03|4.445499023e+03|4.437401367e+03|3.034266415e+03
3.074354383e+06|5.582375332e+06|5.608175166e+06|5.624788729e+06|5.605932425e+06|3.321417728e+03|3.325912575e+03|3.328764669e+03|3.325484761e+03|6.037755987e+10|6.094399976e+10|6.130466961e+10|6.089244721e+10|4.424940063e+03|4.433318115e+03|4.438640381e+03|4.432527344e+03|3.034266415e+03
3.082284233e+06|5.574615381e+06|5.595049768e+06|5.618508223e+06|5.596176337e+06|3.320062812e+03|3.323627868e+03|3.327687352e+03|3.323787960e+03|6.020757175e+10|6.065556456e+10|6.116826726e+10|6.067925726e+10|4.422412476e+03|4.429059326e+03|4.436631836e+03|4.429364258e+03|3.034266415e+03
3.090299831e+06|5.557945885e+06|5.583552922e+06|5.601718370e+06|5.578546718e+06|3.317147722e+03|3.321623221e+03|3.324789305e+03|3.320723705e+03|5.984296331e+10|6.040337490e+10|6.080205032e+10|6.029429567e+10|4.416983765e+03|4.425320312e+03|4.431223511e+03|4.423651367e+03|3.034266415e+03
3.099051897e+06|5.553916816e+06|5.575564561e+06|5.592725771e+06|5.574943459e+06|3.316442232e+03|3.320228611e+03|3.323222878e+03|3.320099814e+03|5.975494313e+10|6.022835539e+10|6.060456346e+10|6.021517560e+10|4.415668335e+03|4.422723877e+03|4.428302368e+03|4.422486816e+03|3.034266415e+03
3.111832458e+06|5.542027848e+06|5.557477450e+06|5.573229192e+06|5.559220633e+06|3.314358315e+03|3.317065738e+03|3.319820638e+03|3.317353830e+03|5.949546851e+10|5.983272516e+10|6.017722393e+10|5.987149278e+10|4.411787231e+03|4.416829590e+03|4.421963989e+03|4.417370605e+03|3.034266415e+03
3.153710690e+06|5.530479264e+06|5.550177879e+06|5.592290301e+06|5.559330843e+06|3.312331031e+03|3.315787197e+03|3.323146982e+03|3.317368171e+03|5.924383641e+10|5.967330226e+10|6.059500780e+10|5.987445988e+10|4.408013916e+03|4.414449463e+03|4.428162476e+03|4.417398926e+03|3.034266415e+03
3.187391746e+06|5.504411028e+06|5.531903027e+06|5.559357157e+06|5.531861340e+06|3.307740355e+03|3.312581127e+03|3.317394780e+03|3.312546763e+03|5.867687194e+10|5.927484165e+10|5.987380095e+10|5.927410057e+10|4.399468140e+03|4.408479248e+03|4.417444336e+03|4.408420898e+03|3.034266415e+03
3.198816000e+06|5.487170812e+06|5.503171664e+06|5.521145449e+06|5.503909776e+06|3.304660133e+03|3.307519154e+03|3.310690349e+03|3.307622077e+03|5.829776218e+10|5.864959071e+10|5.904073857e+10|5.866374901e+10|4.393745361e+03|4.399058594e+03|4.404957764e+03|4.399255859e+03|3.034266415e+03
3.209255900e+06|5.463145289e+06|5.485976317e+06|5.504923833e+06|5.483257376e+06|3.300356245e+03|3.304446468e+03|3.307831766e+03|3.303940069e+03|5.777086588e+10|5.827152574e+10|5.868814615e+10|5.821191040e+10|4.385749390e+03|4.393348145e+03|4.399637939e+03|4.392412598e+03|3.034266415e+03
3.219781503e+06|5.442775564e+06|5.471656662e+06|5.496227709e+06|5.465905558e+06|3.296696810e+03|3.301882454e+03|3.306279133e+03|3.300831339e+03|5.732565176e+10|5.795731531e+10|5.849681922e+10|5.783251447e+10|4.378957520e+03|4.388583740e+03|4.396753906e+03|4.386637695e+03|3.034266415e+03
3.230785911e+06|5.427050072e+06|5.453475598e+06|5.475611935e+06|5.450407071e+06|3.293865125e+03|3.298620278e+03|3.302591155e+03|3.298044518e+03|5.698282297e+10|5.755933355e+10|5.804404529e+10|5.749322356e+10|4.373700562e+03|4.382526123e+03|4.389901733e+03|4.381464844e+03|3.034266415e+03
3.243512044e+06|5.402411924e+06|5.432714382e+06|5.446725758e+06|5.423608428e+06|3.289407813e+03|3.294885759e+03|3.297407220e+03|3.293213192e+03|5.644582183e+10|5.710622966e+10|5.741187795e+10|5.690707758e+10|4.365433838e+03|4.375593994e+03|4.380275757e+03|4.372498047e+03|3.034266415e+03
3.261916780e+06|5.360148683e+06|5.386628025e+06|5.413589974e+06|5.386972845e+06|3.281638089e+03|3.286511041e+03|3.291436778e+03|3.286538807e+03|5.551685703e+10|5.609817477e+10|5.668993578e+10|5.610539608e+10|4.351047485e+03|4.360068115e+03|4.369195923e+03|4.360126953e+03|3.034266415e+03
3.295673380e+06|5.301257034e+06|5.328072129e+06|5.353776263e+06|5.323988631e+06|3.270720835e+03|3.275712474e+03|3.280462867e+03|3.274916823e+03|5.422948432e+10|5.481552586e+10|5.537727496e+10|5.472569430e+10|4.330858032e+03|4.340085449e+03|4.348871948e+03|4.338621582e+03|3.034266415e+03
3.320546787e+06|5.298909280e+06|5.315049287e+06|5.329674252e+06|5.311429648e+06|3.270278389e+03|3.273299601e+03|3.276009031e+03|3.272586710e+03|5.417766191e+10|5.453186543e+10|5.485047979e+10|5.445106726e+10|4.330039917e+03|4.335623535e+03|4.340632080e+03|4.334313477e+03|3.034266415e+03
3.333078203e+06|5.260179871e+06|5.290440733e+06|5.313876562e+06|5.286738563e+06|3.262960085e+03|3.268681364e+03|3.273082116e+03|3.267954941e+03|5.332535845e+10|5.399087223e+10|5.450635071e+10|5.390935504e+10|4.316539062e+03|4.327095459e+03|4.335219604e+03|4.325760742e+03|3.034266415e+03
3.344128985e+06|5.256993436e+06|5.283618893e+06|5.298211880e+06|5.278592773e+06|3.262356313e+03|3.267393579e+03|3.270146948e+03|3.266428378e+03|5.325548436e+10|5.384056913e+10|5.416226970e+10|5.373074751e+10|4.315425537e+03|4.324717041e+03|4.329799805e+03|4.322941406e+03|3.034266415e+03
3.354815355e+06|5.243265631e+06|5.259670270e+06|5.276986117e+06|5.257980553e+06|3.259752226e+03|3.262863542e+03|3.266140377e+03|3.262523358e+03|5.295491134e+10|5.331417907e+10|5.369457249e+10|5.327802841e+10|4.310625610e+03|4.316360840e+03|4.322405518e+03|4.315740234e+03|3.034266415e+03
3.365124073e+06|5.229002653e+06|5.247184199e+06|5.260577575e+06|5.243154454e+06|3.257041592e+03|3.260496038e+03|3.263035425e+03|3.259709521e+03|5.264325826e+10|5.304064795e+10|5.333408365e+10|5.295274919e+10|4.305631348e+03|4.311996338e+03|4.316680786e+03|4.310552734e+03|3.034266415e+03
3.377498129e+06|5.199448436e+06|5.221487956e+06|5.238408206e+06|5.221190365e+06|3.251368384e+03|3.255611390e+03|3.258829665e+03|3.255521170e+03|5.199435285e+10|5.247931939e+10|5.284870095e+10|5.247124728e+10|4.295185791e+03|4.302994629e+03|4.308924683e+03|4.302835449e+03|3.034266415e+03
3.392239398e+06|5.183819055e+06|5.203567770e+06|5.225744347e+06|5.201838137e+06|3.248333942e+03|3.252167122e+03|3.256421648e+03|3.251794682e+03|5.164935417e+10|5.208546446e+10|5.257215317e+10|5.204600927e+10|4.289606445e+03|4.296653564e+03|4.304485596e+03|4.295978027e+03|3.034266415e+03
3.417531010e+06|5.140377180e+06|5.172194343e+06|5.193544907e+06|5.166686349e+06|3.239866353e+03|3.246072900e+03|3.250222964e+03|3.244979711e+03|5.069485704e+10|5.139330384e+10|5.186393022e+10|5.127343099e+10|4.274050903e+03|4.285452637e+03|4.293079956e+03|4.283449707e+03|3.034266415e+03
3.449458584e+06|5.128827009e+06|5.143958095e+06|5.158284824e+06|5.142647659e+06|3.237606756e+03|3.240566226e+03|3.243362841e+03|3.240292132e+03|5.044232773e+10|5.077327438e+10|5.108753039e+10|5.074463895e+10|4.269902222e+03|4.275335449e+03|4.280472778e+03|4.274837891e+03|3.034266415e+03
3.463901421e+06|5.105048426e+06|5.124115896e+06|5.139865972e+06|5.118399564e+06|3.232896982e+03|3.236684075e+03|3.239766447e+03|3.235510076e+03|4.991806585e+10|5.033948797e+10|5.068366156e+10|5.021146531e+10|4.261268799e+03|4.268208740e+03|4.273867920e+03|4.266066895e+03|3.034266415e+03
3.476312823e+06|5.086982200e+06|5.109013117e+06|5.123428179e+06|5.102745157e+06|3.229286918e+03|3.233688053e+03|3.236549348e+03|3.232410776e+03|4.951833669e+10|5.000594510e+10|5.032448030e+10|4.986711491e+10|4.254657593e+03|4.262717529e+03|4.267962036e+03|4.260384766e+03|3.034266415e+03
3.489211454e+06|5.060352533e+06|5.082237705e+06|5.104336993e+06|5.080927239e+06|3.223949629e+03|3.228337398e+03|3.232754987e+03|3.228052115e+03|4.893165228e+10|4.941355721e+10|4.990230252e+10|4.938576702e+10|4.244888672e+03|4.252920166e+03|4.261008667e+03|4.252403809e+03|3.034266415e+03
3.500205071e+06|5.052292741e+06|5.068400434e+06|5.086622187e+06|5.066805199e+06|3.222330431e+03|3.225564665e+03|3.229214891e+03|3.225222706e+03|4.875466239e+10|4.910861902e+10|4.951038301e+10|4.907420872e+10|4.241927734e+03|4.247844727e+03|4.254524658e+03|4.247225098e+03|3.034266415e+03
3.510909876e+06|5.033122488e+06|5.058085763e+06|5.074957925e+06|5.053403118e+06|3.218472068e+03|3.223494422e+03|3.226879312e+03|3.222521055e+03|4.833464302e+10|4.888185033e+10|4.925299617e+10|4.877885409e+10|4.234871094e+03|4.244057617e+03|4.250249634e+03|4.242284180e+03|3.034266415e+03
3.523775110e+06|5.011333082e+06|5.034766711e+06|5.052193631e+06|5.031224694e+06|3.214012070e+03|3.218803404e+03|3.222310522e+03|3.218037225e+03|4.785135161e+10|4.837061348e+10|4.875248573e+10|4.829007028e+10|4.226730591e+03|4.235477783e+03|4.241891479e+03|4.234087891e+03|3.034266415e+03
3.541639231e+06|4.990664841e+06|5.004900909e+06|5.019812782e+06|5.003530801e+06|3.209755316e+03|3.212688611e+03|3.215755052e+03|3.212390562e+03|4.739325876e+10|4.770860962e+10|4.803984990e+10|4.767873411e+10|4.218966919e+03|4.224315186e+03|4.229909302e+03|4.223777832e+03|3.034266415e+03
3.568877441e+06|4.953729194e+06|4.977802885e+06|4.993453005e+06|4.973457879e+06|3.202118339e+03|3.207100309e+03|3.210330274e+03|3.206185452e+03|4.657884033e+10|4.710901872e+10|4.745495628e+10|4.701383689e+10|4.205051636e+03|4.214127686e+03|4.220017944e+03|4.212465820e+03|3.034266415e+03
3.590700208e+06|4.934378787e+06|4.951074662e+06|4.969071874e+06|4.949289256e+06|3.198079296e+03|3.201567965e+03|3.205295350e+03|3.201152059e+03|4.615198359e+10|4.652057161e+10|4.691644050e+10|4.647979182e+10|4.197701050e+03|4.204049316e+03|4.210838135e+03|4.203303223e+03|3.034266415e+03
3.603928504e+06|4.927727374e+06|4.938472310e+06|4.953200800e+06|4.939744819e+06|3.196671107e+03|3.198945327e+03|3.202008805e+03|3.199170092e+03|4.600351644e+10|4.624344477e+10|4.656723895e+10|4.626913949e+10|4.195143921e+03|4.199273926e+03|4.204850708e+03|4.199693359e+03|3.034266415e+03
3.617191287e+06|4.892534566e+06|4.915911361e+06|4.929412131e+06|4.911145369e+06|3.189198905e+03|3.194166327e+03|3.197027914e+03|3.193134282e+03|4.522121569e+10|4.574022623e+10|4.604110459e+10|4.563500729e+10|4.181575439e+03|4.190592285e+03|4.195791504e+03|4.188724609e+03|3.034266415e+03
3.629954370e+06|4.884274910e+06|4.900914248e+06|4.920446427e+06|4.900309614e+06|3.187439955e+03|3.190981364e+03|3.195128159e+03|3.190833850e+03|4.503851608e+10|4.540689283e+10|4.584120985e+10|4.539474857e+10|4.178384644e+03|4.184811523e+03|4.192340454e+03|4.184548340e+03|3.034266415e+03
3.641734006e+06|4.861574261e+06|4.881232936e+06|4.899435814e+06|4.878063982e+06|3.182595366e+03|3.186791644e+03|3.190667010e+03|3.186087130e+03|4.453786713e+10|4.497130094e+10|4.537410412e+10|4.490121653e+10|4.169595337e+03|4.177207520e+03|4.184238892e+03|4.175936523e+03|3.034266415e+03
3.653652089e+06|4.845319658e+06|4.861564005e+06|4.876366126e+06|4.861189613e+06|3.179080344e+03|3.182593173e+03|3.185753853e+03|3.182473010e+03|4.417646051e+10|4.453764149e+10|4.486384565e+10|4.452743887e+10|4.163228394e+03|4.169589600e+03|4.175325073e+03|4.169382812e+03|3.034266415e+03
3.668148955e+06|4.822499543e+06|4.841648141e+06|4.858738685e+06|4.840368285e+06|3.174087433e+03|3.178278098e+03|3.181989147e+03|3.177963735e+03|4.366634311e+10|4.409417496e+10|4.447548372e+10|4.406499088e+10|4.154203247e+03|4.161777588e+03|4.168497192e+03|4.161218262e+03|3.034266415e+03
3.687238465e+06|4.801872840e+06|4.820672082e+06|4.836845725e+06|4.819461664e+06|3.169560849e+03|3.173686914e+03|3.177228131e+03|3.173406743e+03|4.320733498e+10|4.362559880e+10|4.398672124e+10|4.359963854e+10|4.146021851e+03|4.153476807e+03|4.159878662e+03|4.152975098e+03|3.034266415e+03
3.712276080e+06|4.771205665e+06|4.791407488e+06|4.810632540e+06|4.789587432e+06|3.162806822e+03|3.167259243e+03|3.171484718e+03|3.166825605e+03|4.252883330e+10|4.297518487e+10|4.340203812e+10|4.293475902e+10|4.133825195e+03|4.141864258e+03|4.149497925e+03|4.141090332e+03|3.034266415e+03
3.730347623e+06|4.746447191e+06|4.769101722e+06|4.787101654e+06|4.767106864e+06|3.157226692e+03|3.162338475e+03|3.166311302e+03|3.161840479e+03|4.197246390e+10|4.248201953e+10|4.287981529e+10|4.243409855e+10|4.123778198e+03|4.132978760e+03|4.140150757e+03|4.132095215e+03|3.034266415e+03
3.744547205e+06|4.741424069e+06|4.758620071e+06|4.767508604e+06|4.753320987e+06|3.156091080e+03|3.159975387e+03|3.161979524e+03|3.158756775e+03|4.185982050e+10|4.224595272e+10|4.244610586e+10|4.212692277e+10|4.121734009e+03|4.128726562e+03|4.132332642e+03|4.126538574e+03|3.034266415e+03
3.756200297e+06|4.722923573e+06|4.741254947e+06|4.761655436e+06|4.740582580e+06|3.151901730e+03|3.156052844e+03|3.160660063e+03|3.155875993e+03|4.144622241e+10|4.185602810e+10|4.231426031e+10|4.184188969e+10|4.114198364e+03|4.121666504e+03|4.129957886e+03|4.121354492e+03|3.034266415e+03
3.768782044e+06|4.704207967e+06|4.726393500e+06|4.737996094e+06|4.721430547e+06|3.147652596e+03|3.152688307e+03|3.155315658e+03|3.151538187e+03|4.102975542e+10|4.152362504e+10|4.178301563e+10|4.141377955e+10|4.106559082e+03|4.115612549e+03|4.120340454e+03|4.113552246e+03|3.034266415e+03
3.781352697e+06|4.689944918e+06|4.709740814e+06|4.722331841e+06|4.705856109e+06|3.144406906e+03|3.148909940e+03|3.151767560e+03|3.147999768e+03|4.071351511e+10|4.115269237e+10|4.143302799e+10|4.106583289e+10|4.100726440e+03|4.108818848e+03|4.113957031e+03|4.107190430e+03|3.034266415e+03
3.794081717e+06|4.670490554e+06|4.693094229e+06|4.704682189e+06|4.689340792e+06|3.139879780e+03|3.145124129e+03|3.147760428e+03|3.144199079e+03|4.027419651e+10|4.078325441e+10|4.104028242e+10|4.069654962e+10|4.092613464e+03|4.102014893e+03|4.106751343e+03|4.100369141e+03|3.034266415e+03
3.809066706e+06|4.646352302e+06|4.666171273e+06|4.682987940e+06|4.665390787e+06|3.134234396e+03|3.138871005e+03|3.142795160e+03|3.138663849e+03|3.973101815e+10|4.017677443e+10|4.055675126e+10|4.015960475e+10|4.082503540e+03|4.090805908e+03|4.097835815e+03|4.090441895e+03|3.034266415e+03
3.826286549e+06|4.625039084e+06|4.644857656e+06|4.663183719e+06|4.641913116e+06|3.129233788e+03|3.133884206e+03|3.138172898e+03|3.133171900e+03|3.925400482e+10|3.969748512e+10|4.010944748e+10|3.963233557e+10|4.073557922e+03|4.081877441e+03|4.089554626e+03|4.080609619e+03|3.034266415e+03
3.848198003e+06|4.609768327e+06|4.622957728e+06|4.636159385e+06|4.621201856e+06|3.125641632e+03|3.128744644e+03|3.131844758e+03|3.128297704e+03|3.891405153e+10|3.920758896e+10|3.950257291e+10|3.916733518e+10|4.067131958e+03|4.072682861e+03|4.078227844e+03|4.071890869e+03|3.034266415e+03
3.867516587e+06|4.582943566e+06|4.599316983e+06|4.612965927e+06|4.595923803e+06|3.119173696e+03|3.123128165e+03|3.126394449e+03|3.122273057e+03|3.830505186e+10|3.867668255e+10|3.898512782e+10|3.859883429e+10|4.055602112e+03|4.062650879e+03|4.068478149e+03|4.061135742e+03|3.034266415e+03
3.881982855e+06|4.568764775e+06|4.585422136e+06|4.596450458e+06|4.580950107e+06|3.115741902e+03|3.119772898e+03|3.122436505e+03|3.118673174e+03|3.798460299e+10|3.836121031e+10|3.861151013e+10|3.826100367e+10|4.049488770e+03|4.056671143e+03|4.061417053e+03|4.054716553e+03|3.034266415e+03
3.894355781e+06|4.557494849e+06|4.570754373e+06|4.580780411e+06|4.566858112e+06|3.113009259e+03|3.116223872e+03|3.118650574e+03|3.115252436e+03|3.773090639e+10|3.802947931e+10|3.825606890e+10|3.794227446e+10|4.044623962e+03|4.050348877e+03|4.054671570e+03|4.048625977e+03|3.034266415e+03
3.908229920e+06|4.536462226e+06|4.548361709e+06|4.561657219e+06|4.547661673e+06|3.107897759e+03|3.110791530e+03|3.114019023e+03|3.110594519e+03|3.725939588e+10|3.752584594e+10|3.782452062e+10|3.750955982e+10|4.035525024e+03|4.040675537e+03|4.046421753e+03|4.040332275e+03|3.034266415e+03
3.920876735e+06|4.521661128e+06|4.535566971e+06|4.547132288e+06|4.533365018e+06|3.104232067e+03|3.107679849e+03|3.110492779e+03|3.107076833e+03|3.692298009e+10|3.723938276e+10|3.749827955e+10|3.718670412e+10|4.029019104e+03|4.035138550e+03|4.040143921e+03|4.034082275e+03|3.034266415e+03
3.932721393e+06|4.501841353e+06|4.517294421e+06|4.534454242e+06|4.515991057e+06|3.099269993e+03|3.103140011e+03|3.107408967e+03|3.102777456e+03|3.647078172e+10|3.682314024e+10|3.721451410e+10|3.679301301e+10|4.020222961e+03|4.027081909e+03|4.034655273e+03|4.026449463e+03|3.034266415e+03
3.946482686e+06|4.479784825e+06|4.498123285e+06|4.510611782e+06|4.495271001e+06|3.093731564e+03|3.098337585e+03|3.101467464e+03|3.097601592e+03|3.597043051e+10|3.638622578e+10|3.667058210e+10|3.632250089e+10|4.010414490e+03|4.018570312e+03|4.024118652e+03|4.017273438e+03|3.034266415e+03
3.963453245e+06|4.458389719e+06|4.475167037e+06|4.490117322e+06|4.472860865e+06|3.088342632e+03|3.092569810e+03|3.096328225e+03|3.091944643e+03|3.548840154e+10|3.586608684e+10|3.620444398e+10|3.581340128e+10|4.000873291e+03|4.008355347e+03|4.015012573e+03|4.007260986e+03|3.034266415e+03
3.981810119e+06|4.441119671e+06|4.458045721e+06|4.472448100e+06|4.455757878e+06|3.083881308e+03|3.088255852e+03|3.091885461e+03|3.087610693e+03|3.509139644e+10|3.548067758e+10|3.580474058e+10|3.542496164e+10|3.993001709e+03|4.000719482e+03|4.007143921e+03|3.999594727e+03|3.034266415e+03
4.001700454e+06|4.419575163e+06|4.434300732e+06|4.448860434e+06|4.430852254e+06|3.078284641e+03|3.082111769e+03|3.085887987e+03|3.081182047e+03|3.459749756e+10|3.493468567e+10|3.526967689e+10|3.485638463e+10|3.983139893e+03|3.989884521e+03|3.996540527e+03|3.988254395e+03|3.034266415e+03
4.017995128e+06|4.408032047e+06|4.416816461e+06|4.430614705e+06|4.415437429e+06|3.075279027e+03|3.077566776e+03|3.081154537e+03|3.077182945e+03|3.433440185e+10|3.453453264e+10|3.485012383e+10|3.450361822e+10|3.977845398e+03|3.981874512e+03|3.988195435e+03|3.981205078e+03|3.034266415e+03
4.031948265e+06|4.383612343e+06|4.399537331e+06|4.413490545e+06|4.398902942e+06|3.068903556e+03|3.073064007e+03|3.076700929e+03|3.072856639e+03|3.378075539e+10|3.414137172e+10|3.445869904e+10|3.412618218e+10|3.966620117e+03|3.973944946e+03|3.980347595e+03|3.973590088e+03|3.034266415e+03
4.043624378e+06|4.370855902e+06|4.379889704e+06|4.401501104e+06|4.383130861e+06|3.065470145e+03|3.067902241e+03|3.073576306e+03|3.068694691e+03|3.348408963e+10|3.369401703e+10|3.418595148e+10|3.376504189e+10|3.960598877e+03|3.964864014e+03|3.974846497e+03|3.966273193e+03|3.034266415e+03
4.056445501e+06|4.358810506e+06|4.374438750e+06|4.389630722e+06|4.371612557e+06|3.062222451e+03|3.066435098e+03|3.070477443e+03|3.065628313e+03|3.320523272e+10|3.356724103e+10|3.391688188e+10|3.350092414e+10|3.954908081e+03|3.962293091e+03|3.969388916e+03|3.960889648e+03|3.034266415e+03
4.069794225e+06|4.340917903e+06|4.353439575e+06|4.367473751e+06|4.353314296e+06|3.057387992e+03|3.060772548e+03|3.064558805e+03|3.060719178e+03|3.279300646e+10|3.308124150e+10|3.340568191e+10|3.307927481e+10|3.946439148e+03|3.952368896e+03|3.959002869e+03|3.952281006e+03|3.034266415e+03
4.083697231e+06|4.326230756e+06|4.337304900e+06|4.352196918e+06|4.335719381e+06|3.053410447e+03|3.056410303e+03|3.060436934e+03|3.055945496e+03|3.245658959e+10|3.271005541e+10|3.305258412e+10|3.267372575e+10|3.939476746e+03|3.944727783e+03|3.951781067e+03|3.943923828e+03|3.034266415e+03
4.097932849e+06|4.305598168e+06|4.318799047e+06|4.332681917e+06|4.317334070e+06|3.047748476e+03|3.051394651e+03|3.055158571e+03|3.050928643e+03|3.198115020e+10|3.228706799e+10|3.260410447e+10|3.225044119e+10|3.929583557e+03|3.935947388e+03|3.942536011e+03|3.935149414e+03|3.034266415e+03
4.116577652e+06|4.280049699e+06|4.300341546e+06|4.310405221e+06|4.294012379e+06|3.040589020e+03|3.046277517e+03|3.049092683e+03|3.044454094e+03|3.138513486e+10|3.185804446e+10|3.209392406e+10|3.171030777e+10|3.917108398e+03|3.927019287e+03|3.931923950e+03|3.923855957e+03|3.034266415e+03
4.134036995e+06|4.259013283e+06|4.275263140e+06|4.285639264e+06|4.273240059e+06|3.034674550e+03|3.039244809e+03|3.042157577e+03|3.038646367e+03|3.089882227e+10|3.127414542e+10|3.151503773e+10|3.122801003e+10|3.906814575e+03|3.914770020e+03|3.919839722e+03|3.913736328e+03|3.034266415e+03
4.152887335e+06|4.247878782e+06|4.262839719e+06|4.273097874e+06|4.257994533e+06|3.031536887e+03|3.035751680e+03|3.038636437e+03|3.034335469e+03|3.064290071e+10|3.098700657e+10|3.122400932e+10|3.087380986e+10|3.901353760e+03|3.908686401e+03|3.913709045e+03|3.906236816e+03|3.034266415e+03
4.165868936e+06|4.228740195e+06|4.239041823e+06|4.252021617e+06|4.237026825e+06|3.025983778e+03|3.028988122e+03|3.032704905e+03|3.028349977e+03|3.019192006e+10|3.043541620e+10|3.073800248e+10|3.038622119e+10|3.891730347e+03|3.896933472e+03|3.903386414e+03|3.895841553e+03|3.034266415e+03
4.178606073e+06|4.211277522e+06|4.223119064e+06|4.237619093e+06|4.222416380e+06|3.020881121e+03|3.024342636e+03|3.028573459e+03|3.024106619e+03|2.978133693e+10|3.005945370e+10|3.040173053e+10|3.004351344e+10|3.882901306e+03|3.888891968e+03|3.896216858e+03|3.888490723e+03|3.034266415e+03
4.192433823e+06|4.197959464e+06|4.211895721e+06|4.225742435e+06|4.212252694e+06|3.016981099e+03|3.021061971e+03|3.025108714e+03|3.021150444e+03|2.947015923e+10|2.979582588e+10|3.012124032e+10|2.980533453e+10|3.876153503e+03|3.883212524e+03|3.890215027e+03|3.883370850e+03|3.034266415e+03
4.204993384e+06|4.185268718e+06|4.195684987e+06|4.208140495e+06|4.192106371e+06|3.013257954e+03|3.016314313e+03|3.019963142e+03|3.015204676e+03|2.917532375e+10|2.941720291e+10|2.970787133e+10|2.933234184e+10|3.869715088e+03|3.875000488e+03|3.881312317e+03|3.873097168e+03|3.034266415e+03
4.218217103e+06|4.170092256e+06|4.182888481e+06|4.191813193e+06|4.179983933e+06|3.008709689e+03|3.012558908e+03|3.015178766e+03|3.011625029e+03|2.881664689e+10|2.912020013e+10|2.932717243e+10|2.904855326e+10|3.861874146e+03|3.868506104e+03|3.873036438e+03|3.866913330e+03|3.034266415e+03
4.232872397e+06|4.152299369e+06|4.164439585e+06|4.178051748e+06|4.162287934e+06|3.003298130e+03|3.006991926e+03|3.011126170e+03|3.006289373e+03|2.839295530e+10|2.868167739e+10|2.900727808e+10|2.863049172e+10|3.852565430e+03|3.858918579e+03|3.866032898e+03|3.857724365e+03|3.034266415e+03
4.249007848e+06|4.129694806e+06|4.147613341e+06|4.163774661e+06|4.144410359e+06|2.996403740e+03|3.001870680e+03|3.006789776e+03|3.000848299e+03|2.785964680e+10|2.828193177e+10|2.866582363e+10|2.820678578e+10|3.840716248e+03|3.850111694e+03|3.858572510e+03|3.848367432e+03|3.034266415e+03
4.266187249e+06|4.117233213e+06|4.129194151e+06|4.142426845e+06|4.125691550e+06|2.992593611e+03|2.996250794e+03|3.000289690e+03|2.995098737e+03|2.756786206e+10|2.784789395e+10|2.815936871e+10|2.776309898e+10|3.834170227e+03|3.840452515e+03|3.847392395e+03|3.838494629e+03|3.034266415e+03
4.283233787e+06|4.094782404e+06|4.110827927e+06|4.121837905e+06|4.107031369e+06|2.985479747e+03|2.990578933e+03|2.994002272e+03|2.989304011e+03|2.702608962e+10|2.741379952e+10|2.767549826e+10|2.731992185e+10|3.822010925e+03|3.830723999e+03|3.836589661e+03|3.828561523e+03|3.034266415e+03
4.297703364e+06|4.079599613e+06|4.090877104e+06|4.104945114e+06|4.088266368e+06|2.980644364e+03|2.984236967e+03|2.988710712e+03|2.983336770e+03|2.666190093e+10|2.693215563e+10|2.727132063e+10|2.686953504e+10|3.813754211e+03|3.819886841e+03|3.827531006e+03|3.818370117e+03|3.034266415e+03
4.312347436e+06|4.068221596e+06|4.079317304e+06|4.092292962e+06|4.078626272e+06|2.977014060e+03|2.980554355e+03|2.984687613e+03|2.980302075e+03|2.639083276e+10|2.665515785e+10|2.696619112e+10|2.663925809e+10|3.807557190e+03|3.813599487e+03|3.820657227e+03|3.813178467e+03|3.034266415e+03
4.325303422e+06|4.046493301e+06|4.061594671e+06|4.075807308e+06|4.058707110e+06|2.969973567e+03|2.974897011e+03|2.979435014e+03|2.973867231e+03|2.586924461e+10|2.623366195e+10|2.657138353e+10|2.616066701e+10|3.795569336e+03|3.803944580e+03|3.811688293e+03|3.802215820e+03|3.034266415e+03
4.337582720e+06|4.038857469e+06|4.051775243e+06|4.062675923e+06|4.046728269e+06|2.967437503e+03|2.971726307e+03|2.975242567e+03|2.969977893e+03|2.568227454e+10|2.599902506e+10|2.625926925e+10|2.587297245e+10|3.791265686e+03|3.798544434e+03|3.804534668e+03|3.795594971e+03|3.034266415e+03
4.349688892e+06|4.025164285e+06|4.042588525e+06|4.052545768e+06|4.035169719e+06|2.962883042e+03|2.968677015e+03|2.971981890e+03|2.966159263e+03|2.534890831e+10|2.577353719e+10|2.601798787e+10|2.559316800e+10|3.783541626e+03|3.793368042e+03|3.798978455e+03|3.789112305e+03|3.034266415e+03
4.364064595e+06|4.009926963e+06|4.020904967e+06|4.030052001e+06|4.017251734e+06|2.957805003e+03|2.961464630e+03|2.964509707e+03|2.960198818e+03|2.498090604e+10|2.524575044e+10|2.546761367e+10|2.515742136e+10|3.774932800e+03|3.781136108e+03|3.786299866e+03|3.779002930e+03|3.034266415e+03
4.378344014e+06|3.988635601e+06|4.004278318e+06|4.018276887e+06|3.998893134e+06|2.950599948e+03|2.955919832e+03|2.960589032e+03|2.953964546e+03|2.446600291e+10|2.484521439e+10|2.518221208e+10|2.471066144e+10|3.762746155e+03|3.771737793e+03|3.779651794e+03|3.768464600e+03|3.034266415e+03
4.393929325e+06|3.977298949e+06|3.988455176e+06|3.999971233e+06|3.985681008e+06|2.946648391e+03|2.950537107e+03|2.954481413e+03|2.949499779e+03|2.418394306e+10|2.446153833e+10|2.474201577e+10|2.438977330e+10|3.756090332e+03|3.762640137e+03|3.769299500e+03|3.760911865e+03|3.034266415e+03
4.411069145e+06|3.949766538e+06|3.969154979e+06|3.977054995e+06|3.961188565e+06|2.937026670e+03|2.943806012e+03|2.946563295e+03|2.940926595e+03|2.350577139e+10|2.398091978e+10|2.417784222e+10|2.378614049e+10|3.739897766e+03|3.751306641e+03|3.755948303e+03|3.746496826e+03|3.034266415e+03
4.426706928e+06|3.943915821e+06|3.955509150e+06|3.964874198e+06|3.952639094e+06|2.934977469e+03|2.939036452e+03|2.942310709e+03|2.937957399e+03|2.336346879e+10|2.364593151e+10|2.387553726e+10|2.357567798e+10|3.736451660e+03|3.743279297e+03|3.748789612e+03|3.741501221e+03|3.034266415e+03
4.443401657e+06|3.915354342e+06|3.933311535e+06|3.947497518e+06|3.929514054e+06|2.924609711e+03|2.931181392e+03|2.936232146e+03|2.929647067e+03|2.265732919e+10|2.310427184e+10|2.345052266e+10|2.300571613e+10|3.719103271e+03|3.730087769e+03|3.738561584e+03|3.727639160e+03|3.034266415e+03
4.456801898e+06|3.910610580e+06|3.919819628e+06|3.933526887e+06|3.918233879e+06|2.922871103e+03|2.926245275e+03|2.931260112e+03|2.925468366e+03|2.253821450e+10|2.276908432e+10|2.310959179e+10|2.272693981e+10|3.716199646e+03|3.721836548e+03|3.730219482e+03|3.720791992e+03|3.034266415e+03
4.470462432e+06|3.884160851e+06|3.902676172e+06|3.918606058e+06|3.898559817e+06|2.913144494e+03|2.919960707e+03|2.925800858e+03|2.917772408e+03|2.187348911e+10|2.233798445e+10|2.273875154e+10|2.223443093e+10|3.699977600e+03|3.711337524e+03|3.721093872e+03|3.708638184e+03|3.034266415e+03
4.483093443e+06|3.881188921e+06|3.894639722e+06|3.906428918e+06|3.892828542e+06|2.911736671e+03|2.917009805e+03|2.921337616e+03|2.915809694e+03|2.180014916e+10|2.213393567e+10|2.243284226e+10|2.209116861e+10|3.698083435e+03|3.706409668e+03|3.713636230e+03|3.705167480e+03|3.034266415e+03
4.495006435e+06|3.868429230e+06|3.884932162e+06|3.895373155e+06|3.879645806e+06|2.905647231e+03|2.913441150e+03|2.917279244e+03|2.910233672e+03|2.148328748e+10|2.189243942e+10|2.215260883e+10|2.176032567e+10|3.689931824e+03|3.700455444e+03|3.706859741e+03|3.696906494e+03|3.034266415e+03
4.509914875e+06|3.856585427e+06|3.869948961e+06|3.880806227e+06|3.863868087e+06|2.899988348e+03|2.906372913e+03|2.911554173e+03|2.903167309e+03|2.118637654e+10|2.152120409e+10|2.179070798e+10|2.136463456e+10|3.682357300e+03|3.690903076e+03|3.697837341e+03|3.686881348e+03|3.034266415e+03
4.524489518e+06|3.838796345e+06|3.855186053e+06|3.865748833e+06|3.848551873e+06|2.891476914e+03|2.899319316e+03|2.904367121e+03|2.895837815e+03|2.073572157e+10|2.115112445e+10|2.141632709e+10|2.097930717e+10|3.670967102e+03|3.681463135e+03|3.688218323e+03|3.677055420e+03|3.034266415e+03
4.538452674e+06|3.820838432e+06|3.837105782e+06|3.850441548e+06|3.832550240e+06|2.882241041e+03|2.890667294e+03|2.897050342e+03|2.887912116e+03|2.027311979e+10|2.069261845e+10|2.103134687e+10|2.057343089e+10|3.659150696e+03|3.669885376e+03|3.678424561e+03|3.666665527e+03|3.034266415e+03
4.554553947e+06|3.804695674e+06|3.817248999e+06|3.831536688e+06|3.814988238e+06|2.873589986e+03|2.880318350e+03|2.887968493e+03|2.878922411e+03|1.986330061e+10|2.018070071e+10|2.055008248e+10|2.012494278e+10|3.648351562e+03|3.656749512e+03|3.666299194e+03|3.655113037e+03|3.034266415e+03
4.571680118e+06|3.784312208e+06|3.807546295e+06|3.815790453e+06|3.797288540e+06|2.862651083e+03|2.875118436e+03|2.879536925e+03|2.869360864e+03|1.934562032e+10|1.993514666e+10|2.014321944e+10|1.967025017e+10|3.634695862e+03|3.650259033e+03|3.655773987e+03|3.643146240e+03|3.034266415e+03
4.586969054e+06|3.772482158e+06|3.790197366e+06|3.803779682e+06|3.784081952e+06|2.856010837e+03|2.865811138e+03|2.873098783e+03|2.862181126e+03|1.903636464e+10|1.949577218e+10|1.984018651e+10|1.933172508e+10|3.626469177e+03|3.638639038e+03|3.647736328e+03|3.634195068e+03|3.034266415e+03
4.599759891e+06|3.753284507e+06|3.767812207e+06|3.786423343e+06|3.765439698e+06|2.845128395e+03|2.853364898e+03|2.863784828e+03|2.851737198e+03|1.853263996e+10|1.891321404e+10|1.939954455e+10|1.884887447e+10|3.613007629e+03|3.623195435e+03|3.636109070e+03|3.621297607e+03|3.034266415e+03
4.614078395e+06|3.745208174e+06|3.760899902e+06|3.775841144e+06|3.756821136e+06|2.840546006e+03|2.849446955e+03|2.857913488e+03|2.846947534e+03|1.832388162e+10|1.873077468e+10|1.912473938e+10|1.862586437e+10|3.607338684e+03|3.618349121e+03|3.628823120e+03|3.615345947e+03|3.034266415e+03
4.627373073e+06|3.740436025e+06|3.755324171e+06|3.762528948e+06|3.748616142e+06|2.837837231e+03|2.846285269e+03|2.850370473e+03|2.842163326e+03|1.820116406e+10|1.858558592e+10|1.877350681e+10|1.841063571e+10|3.603987366e+03|3.614439087e+03|3.619491943e+03|3.609541260e+03|3.034266415e+03
4.639704800e+06|3.722539486e+06|3.740828740e+06|3.749609528e+06|3.733378864e+06|2.827145227e+03|2.838060183e+03|2.843043588e+03|2.833189674e+03|1.773225066e+10|1.821124124e+10|1.843746855e+10|1.801202807e+10|3.591004578e+03|3.604264526e+03|3.610428284e+03|3.598644287e+03|3.034266415e+03
4.653909520e+06|3.696836264e+06|3.720712316e+06|3.734687917e+06|3.713364138e+06|2.811420070e+03|2.826028071e+03|2.834569857e+03|2.820765919e+03|1.704509693e+10|1.768368138e+10|1.805393882e+10|1.748407055e+10|3.572061218e+03|3.589659058e+03|3.599947083e+03|3.584005615e+03|3.034266415e+03
4.666913465e+06|3.694077858e+06|3.712992851e+06|3.726155759e+06|3.705533359e+06|2.809731220e+03|2.821307098e+03|2.829355952e+03|2.815804770e+03|1.697090179e+10|1.747798382e+10|1.782823968e+10|1.727635082e+10|3.570025940e+03|3.583972290e+03|3.593667908e+03|3.578219971e+03|3.034266415e+03
4.680061234e+06|3.685437268e+06|3.699403777e+06|3.710749638e+06|3.693268363e+06|2.803851464e+03|2.812991823e+03|2.819934867e+03|2.807870423e+03|1.674289278e+10|1.711408632e+10|1.741806647e+10|1.694886986e+10|3.563518677e+03|3.573953735e+03|3.582317688e+03|3.569071777e+03|3.034266415e+03
4.695973620e+06|3.669406017e+06|3.687444512e+06|3.696962117e+06|3.679329248e+06|2.791726606e+03|2.805369574e+03|2.811497118e+03|2.798384420e+03|1.631470124e+10|1.679628550e+10|1.704848016e+10|1.657557328e+10|3.551168518e+03|3.565065796e+03|3.572152466e+03|3.558530029e+03|3.034266415e+03
4.714479890e+06|3.642106892e+06|3.667778530e+06|3.678645447e+06|3.659985723e+06|2.770790990e+03|2.790495677e+03|2.798714669e+03|2.784052639e+03|1.557545307e+10|1.627106798e+10|1.656185918e+10|1.605480583e+10|3.529937866e+03|3.549913086e+03|3.558288208e+03|3.543580322e+03|3.034266415e+03
4.730816530e+06|3.628100301e+06|3.650319180e+06|3.663776556e+06|3.643279077e+06|2.759233988e+03|2.777290321e+03|2.787468822e+03|2.770986627e+03|1.518728416e+10|1.580139596e+10|1.616366003e+10|1.560102401e+10|3.518553345e+03|3.536447998e+03|3.546826355e+03|3.530379395e+03|3.034266415e+03
4.745793445e+06|3.610100863e+06|3.637766144e+06|3.650781422e+06|3.629660641e+06|2.744387998e+03|2.767208986e+03|2.777639942e+03|2.760018704e+03|1.469723999e+10|1.545437862e+10|1.581386438e+10|1.522730843e+10|3.503911011e+03|3.526410522e+03|3.536805176e+03|3.519429443e+03|3.034266415e+03
4.760490540e+06|3.599244200e+06|3.619526197e+06|3.637660597e+06|3.613760252e+06|2.735114019e+03|2.752161257e+03|2.767121890e+03|2.746834212e+03|1.439101660e+10|1.495406181e+10|1.545143694e+10|1.478608542e+10|3.494785095e+03|3.511579956e+03|3.526324707e+03|3.506361328e+03|3.034266415e+03
4.772180425e+06|3.590045594e+06|3.614626450e+06|3.624982037e+06|3.605560337e+06|2.727042613e+03|2.748120122e+03|2.756661590e+03|2.739949396e+03|1.412719360e+10|1.482060334e+10|1.510251495e+10|1.455762095e+10|3.486853821e+03|3.507591797e+03|3.516017883e+03|3.499571777e+03|3.034266415e+03
4.783061325e+06|3.579118580e+06|3.600681950e+06|3.616373086e+06|3.594683157e+06|2.717458751e+03|2.736375881e+03|2.749560630e+03|2.730557794e+03|1.381759054e+10|1.443252042e+10|1.486819144e+10|1.425157904e+10|3.477432068e+03|3.496023071e+03|3.509014526e+03|3.490332764e+03|3.034266415e+03
4.796490140e+06|3.567851236e+06|3.593478776e+06|3.605529540e+06|3.583891494e+06|2.707571908e+03|2.730054715e+03|2.740618548e+03|2.721154046e+03|1.350234231e+10|1.422531494e+10|1.457255466e+10|1.394653197e+10|3.467701965e+03|3.489812622e+03|3.500191406e+03|3.481085693e+03|3.034266415e+03
4.809720190e+06|3.559637503e+06|3.576765202e+06|3.589872001e+06|3.570156526e+06|2.699954418e+03|2.715395241e+03|2.726890317e+03|2.708889632e+03|1.325889280e+10|1.375144994e+10|1.412223772e+10|1.355212228e+10|3.460241089e+03|3.475400757e+03|3.486705383e+03|3.469041260e+03|3.034266415e+03
4.824301287e+06|3.548860844e+06|3.563970312e+06|3.577776891e+06|3.557678495e+06|2.689856596e+03|2.704016217e+03|2.716282293e+03|2.697406073e+03|1.293922937e+10|1.338868975e+10|1.377985871e+10|1.318830946e+10|3.450350647e+03|3.464216187e+03|3.476275452e+03|3.457781494e+03|3.034266415e+03
4.839523471e+06|3.534176913e+06|3.543632160e+06|3.561530057e+06|3.542308431e+06|2.676109375e+03|2.684959917e+03|2.701728406e+03|2.683223363e+03|1.251145711e+10|1.278588657e+10|1.331546171e+10|1.274022448e+10|3.436872498e+03|3.445551270e+03|3.461977478e+03|3.443872803e+03|3.034266415e+03
4.857399295e+06|3.503763484e+06|3.535536580e+06|3.552486399e+06|3.525824819e+06|2.645800315e+03|2.677381742e+03|2.693252940e+03|2.666868672e+03|1.158255752e+10|1.255069333e+10|1.304622016e+10|1.223853374e+10|3.407275391e+03|3.438120605e+03|3.453679321e+03|3.427897461e+03|3.034266415e+03
4.872277626e+06|3.489375842e+06|3.520107291e+06|3.540318741e+06|3.512568382e+06|2.630783118e+03|2.662224671e+03|2.681857771e+03|2.653557708e+03|1.113178450e+10|1.208179098e+10|1.268929734e+10|1.183308628e+10|3.392648560e+03|3.423310303e+03|3.442509888e+03|3.414889893e+03|3.034266415e+03
4.888636750e+06|3.479982135e+06|3.514779305e+06|3.529248629e+06|3.502961208e+06|2.620590155e+03|2.656867639e+03|2.671422128e+03|2.643694218e+03|1.082860629e+10|1.191756888e+10|1.236688272e+10|1.153559446e+10|3.382744568e+03|3.418082031e+03|3.432279236e+03|3.405278076e+03|3.034266415e+03
4.902835546e+06|3.464922152e+06|3.497479309e+06|3.516751558e+06|3.488038461e+06|2.604253590e+03|2.639491670e+03|2.658850308e+03|2.627816789e+03|1.035317604e+10|1.139403917e+10|1.197818070e+10|1.106304974e+10|3.366850830e+03|3.401109619e+03|3.420016724e+03|3.389831299e+03|3.034266415e+03
4.914803172e+06|3.454550987e+06|3.482940715e+06|3.509471607e+06|3.478764647e+06|2.592073096e+03|2.623799234e+03|2.651533597e+03|2.617890481e+03|1.000289512e+10|1.092354313e+10|1.175534369e+10|1.076818798e+10|3.354902405e+03|3.385864014e+03|3.412874573e+03|3.380157471e+03|3.034266415e+03
4.927251260e+06|3.443913520e+06|3.483577782e+06|3.501665510e+06|3.471778911e+06|2.579544625e+03|2.624490332e+03|2.643693643e+03|2.610019715e+03|9.643459344e+09|1.094402605e+10|1.151934184e+10|1.053964169e+10|3.342817810e+03|3.386535400e+03|3.405216736e+03|3.372533203e+03|3.034266415e+03
4.939639618e+06|3.436310518e+06|3.462790577e+06|3.485765809e+06|3.458169168e+06|2.570595371e+03|2.601779798e+03|2.626864484e+03|2.594810966e+03|9.390352797e+09|1.028175571e+10|1.101462538e+10|1.009606088e+10|3.334284363e+03|3.364428467e+03|3.388840942e+03|3.357770020e+03|3.034266415e+03
4.952570043e+06|3.426503489e+06|3.454369631e+06|3.473529726e+06|3.449991721e+06|2.558056388e+03|2.591859566e+03|2.613595720e+03|2.585284914e+03|9.035967564e+09|9.996788244e+09|1.062347766e+10|9.822070097e+09|3.322221558e+03|3.354692139e+03|3.375943726e+03|3.348528809e+03|3.034266415e+03
4.966325004e+06|3.405904226e+06|3.430491144e+06|3.458032247e+06|3.432321371e+06|2.531241987e+03|2.563190769e+03|2.596172552e+03|2.563609977e+03|8.301778031e+09|9.180312738e+09|1.012027773e+10|9.211937961e+09|3.296382324e+03|3.327165771e+03|3.358925476e+03|3.327603516e+03|3.034266415e+03
4.982519073e+06|3.393155712e+06|3.415073935e+06|3.442548698e+06|3.417485773e+06|2.513210821e+03|2.543364006e+03|2.577937316e+03|2.544446121e+03|7.814857168e+09|8.630957913e+09|9.597604106e+09|8.682936214e+09|3.279050293e+03|3.308060425e+03|3.341285217e+03|3.309128418e+03|3.034266415e+03
5.002404386e+06|3.376795101e+06|3.400189748e+06|3.418559323e+06|3.398223988e+06|2.488973959e+03|2.523151976e+03|2.547840641e+03|2.518025789e+03|7.176852000e+09|8.080911060e+09|8.753109026e+09|7.967984799e+09|3.255762817e+03|3.288608887e+03|3.312377991e+03|3.283707520e+03|3.034266415e+03
5.025367113e+06|3.375930544e+06|3.399660387e+06|3.429960214e+06|3.399599431e+06|2.487617462e+03|2.522403233e+03|2.562506912e+03|2.519186429e+03|7.141334969e+09|8.060683175e+09|9.161003515e+09|8.006011766e+09|3.254461243e+03|3.287890869e+03|3.326508423e+03|3.284835693e+03|3.034266415e+03
5.044843815e+06|3.360046522e+06|3.411695251e+06|3.425147197e+06|3.395076293e+06|2.462392783e+03|2.539027655e+03|2.556311053e+03|2.511620591e+03|6.497952741e+09|8.513713253e+09|8.987231931e+09|7.813875129e+09|3.230241028e+03|3.303876099e+03|3.320541809e+03|3.277584473e+03|3.034266415e+03
5.057093470e+06|3.360768895e+06|3.404757202e+06|3.424265862e+06|3.391653164e+06|2.463666975e+03|2.529617285e+03|2.555177181e+03|2.506707280e+03|6.531035322e+09|8.257150867e+09|8.955660482e+09|7.682873705e+09|3.231458801e+03|3.294822388e+03|3.319449646e+03|3.272859375e+03|3.034266415e+03
5.066099406e+06|3.339721024e+06|3.378185153e+06|3.417250768e+06|3.378561216e+06|2.426076578e+03|2.491157078e+03|2.546159541e+03|2.485142932e+03|5.593724279e+09|7.234656835e+09|8.707107474e+09|7.133414995e+09|3.195420410e+03|3.257856445e+03|3.310757629e+03|3.252156494e+03|3.034266415e+03
5.074468569e+06|3.333329163e+06|3.371886085e+06|3.406425351e+06|3.370578824e+06|2.413267552e+03|2.481277035e+03|2.531980353e+03|2.472728878e+03|5.278771199e+09|6.976948558e+09|8.322129025e+09|6.811668970e+09|3.183155396e+03|3.248376343e+03|3.297090820e+03|3.240233154e+03|3.034266415e+03
5.084229248e+06|3.320700380e+06|3.348564254e+06|3.371700190e+06|3.348894768e+06|2.386724032e+03|2.442187769e+03|2.480986654e+03|2.437216972e+03|4.648274819e+09|5.987915776e+09|6.969734741e+09|5.905115353e+09|3.157719849e+03|3.210874268e+03|3.248096619e+03|3.206139648e+03|3.034266415e+03
5.093362192e+06|3.316295469e+06|3.343476144e+06|3.363921081e+06|3.343972713e+06|2.376494878e+03|2.433265707e+03|2.468815487e+03|2.427388357e+03|4.407793609e+09|5.771966315e+09|6.661388767e+09|5.667251387e+09|3.147923828e+03|3.202307739e+03|3.236401001e+03|3.196716553e+03|3.034266415e+03
5.102856491e+06|3.319129110e+06|3.337629800e+06|3.353201394e+06|3.338176486e+06|2.383071721e+03|2.421881298e+03|2.450335843e+03|2.418774369e+03|4.561315660e+09|5.489184167e+09|6.190083043e+09|5.441105300e+09|3.154222290e+03|3.191405396e+03|3.218689514e+03|3.188442871e+03|3.034266415e+03
5.112906058e+06|3.305858853e+06|3.324821327e+06|3.352302661e+06|3.329398507e+06|2.350581731e+03|2.396229021e+03|2.448755404e+03|2.398967642e+03|3.814149092e+09|4.879252411e+09|6.150500259e+09|4.977324574e+09|3.123090698e+03|3.166814331e+03|3.217173035e+03|3.169457275e+03|3.034266415e+03
5.126482973e+06|3.308423742e+06|3.318410502e+06|3.335263237e+06|3.323005240e+06|2.357684844e+03|2.381402654e+03|2.417138705e+03|2.386792012e+03|3.980815911e+09|4.521982619e+09|5.372546326e+09|4.643676133e+09|3.129889160e+03|3.152623779e+03|3.186864441e+03|3.157784424e+03|3.034266415e+03
5.148877930e+06|3.292534915e+06|3.302760657e+06|3.325264770e+06|3.308899262e+06|2.310813769e+03|2.342021660e+03|2.397131990e+03|2.352805001e+03|2.928768018e+09|3.620104085e+09|4.900284109e+09|3.611249489e+09|3.084962646e+03|3.114888184e+03|3.167681946e+03|3.125198730e+03|3.034266415e+03
5.204965621e+06|3.281115287e+06|3.307329341e+06|3.317567368e+06|3.300425005e+06|2.282757028e+03|2.354651613e+03|2.379445387e+03|2.329597834e+03|1.425447234e+07|3.908803661e+09|4.476181347e+09|2.990729552e+09|3.058024109e+03|3.126988281e+03|3.150751038e+03|3.103024414e+03|3.034266415e+03
5.232746677e+06|3.264469104e+06|3.300981548e+06|3.308121144e+06|3.291611397e+06|2.223542880e+03|2.337115382e+03|2.356845881e+03|2.294987342e+03|4.521469037e+00|3.511985191e+09|3.960798815e+09|2.473406080e+09|3.001015259e+03|3.110183960e+03|3.129086243e+03|3.069799072e+03|3.034266415e+03
5.243031329e+06|3.264469104e+06|3.298473310e+06|3.302141768e+06|3.288164735e+06|2.227596725e+03|2.330212916e+03|2.340313227e+03|2.283653149e+03|4.521469037e+00|3.364635376e+09|3.581887198e+09|2.267341648e+09|3.004928345e+03|3.103560425e+03|3.113250854e+03|3.055747803e+03|3.034266415e+03
5.248983276e+06|3.264469104e+06|3.295598097e+06|3.299903622e+06|3.287259609e+06|2.241907763e+03|2.321279045e+03|2.334147096e+03|2.282859554e+03|4.521469037e+00|3.164363978e+09|3.447996923e+09|2.199775441e+09|3.018727661e+03|3.094994385e+03|3.107335022e+03|3.054166504e+03|3.034266415e+03
5.253705919e+06|3.264469104e+06|3.264469104e+06|3.294416390e+06|3.278080803e+06|2.153296923e+03|2.224087362e+03|2.317237271e+03|2.237935551e+03|4.521469037e+00|4.521469037e+00|3.071623727e+09|1.362243649e+09|2.940089539e+03|3.001541260e+03|3.091122253e+03|3.007368408e+03|3.034266415e+03
5.259274806e+06|3.264469104e+06|3.264469104e+06|3.264469104e+06|3.270676344e+06|2.144507920e+03|2.144507920e+03|2.239580767e+03|2.192858324e+03|4.521469037e+00|4.521469037e+00|4.521469037e+00|5.452772476e+08|2.875013367e+03|2.928553589e+03|3.016483215e+03|2.947590820e+03|3.034266415e+03
5.265637338e+06|3.264469104e+06|3.264469104e+06|3.264469104e+06|3.266338963e+06|2.144507920e+03|2.144507920e+03|2.144507920e+03|2.160136210e+03|4.521469037e+00|4.521469037e+00|4.521469037e+00|1.648154052e+08|2.831196533e+03|2.885876099e+03|2.916833679e+03|2.888424072e+03|3.034266415e+03
5.271728568e+06|3.264469104e+06|3.264469104e+06|3.264469104e+06|3.264469104e+06|2.144507920e+03|2.144507920e+03|2.144507920e+03|2.147490774e+03|4.521469037e+00|4.521469037e+00|4.521469037e+00|4.521469037e+00|2.810393433e+03|2.849838135e+03|2.887957397e+03|2.848032471e+03|3.034266415e+03
5.277334132e+06|3.264469104e+06|3.264469104e+06|3.264469104e+06|3.264469104e+06|2.144507920e+03|2.144507920e+03|2.144507920e+03|2.145178751e+03|4.521469037e+00|4.521469037e+00|4.521469037e+00|4.521469037e+00|2.775878357e+03|2.815538696e+03|2.848073486e+03|2.811838867e+03|3.034266415e+03
5.282899670e+06|3.264469104e+06|3.264469104e+06|3.264469104e+06|3.264469104e+06|2.144507920e+03|2.144507920e+03|2.144507920e+03|2.144507920e+03|4.521469037e+00|4.521469037e+00|4.521469037e+00|4.521469037e+00|2.736842285e+03|2.782653687e+03|2.816621399e+03|2.776131592e+03|3.034266415e+03
5.289546982e+06|3.264469104e+06|3.264469104e+06|3.264469104e+06|3.264469104e+06|2.144507920e+03|2.144507920e+03|2.144507920e+03|2.144507920e+03|4.521469037e+00|4.521469037e+00|4.521469037e+00|4.521469037e+00|2.695373840e+03|2.731140869e+03|2.766943176e+03|2.724742188e+03|3.034266415e+03
5.298703312e+06|3.264469104e+06|3.264469104e+06|3.264469104e+06|3.264469104e+06|2.144507920e+03|2.144507920e+03|2.144507920e+03|2.144507920e+03|4.521469037e+00|4.521469037e+00|4.521469037e+00|4.521469037e+00|2.613252136e+03|2.652303833e+03|2.695240601e+03|2.648320557e+03|3.034266415e+03
5.309518156e+06|3.264469104e+06|3.264469104e+06|3.264469113e+06|3.264469108e+06|2.144507920e+03|2.144507920e+03|2.144507920e+03|2.144507920e+03|4.521469037e+00|4.521469037e+00|4.521469037e+00|4.521469037e+00|2.507600098e+03|2.577867065e+03|2.635966553e+03|2.566111084e+03|3.034266415e+03
5.328881297e+06|3.264469101e+06|3.264469114e+06|3.264469114e+06|3.264469108e+06|2.144507919e+03|2.144507920e+03|2.144507920e+03|2.144507919e+03|4.521468982e+00|4.521469037e+00|4.521469037e+00|4.521469018e+00|2.292666626e+03|2.372998169e+03|2.438663452e+03|2.364150879e+03|3.034266415e+03
5.357150314e+06|3.264469101e+06|3.264469104e+06|3.264469106e+06|3.264469104e+06|2.144507918e+03|2.144507919e+03|2.144507919e+03|2.144507919e+03|4.521468969e+00|4.521468982e+00|4.521468982e+00|4.521468975e+00|1.943468719e+03|2.039663757e+03|2.170296265e+03|2.044567871e+03|3.034266415e+03
5.420397164e+06|3.264469097e+06|3.264469101e+06|3.264469106e+06|3.264469101e+06|2.144507916e+03|2.144507916e+03|2.144507917e+03|2.144507917e+03|4.521468846e+00|4.521468852e+00|4.521468914e+00|4.521468865e+00|1.248975555e+03|1.428004578e+03|1.664630249e+03|1.443840210e+03|3.034266415e+03
5.490176304e+06|3.264469093e+06|3.264469094e+06|3.264469094e+06|3.264469094e+06|2.144507913e+03|2.144507914e+03|2.144507914e+03|2.144507914e+03|4.521468652e+00|4.521468723e+00|4.521468723e+00|4.521468686e+00|9.060952454e+02|9.932737427e+02|1.009165451e+03|9.478728027e+02|3.034266415e+03
