#PHASE|Nmant|Nmant/Nmanttot|Mmant|Mmant/Mmanttot|RRRminmant|RRRminmantEq|RRRmaxmant|RRRmaxmantEq|Ncore|Ncore/Ncoretot|Mcore|Mcore/Mcoretot|RRRmincore|RRRmaxcore|
0.000000000e+00|0.000000000e+00|0.000000000e+00|0.000000000e+00|0.000000000e+00|inf|inf|-inf|inf|0.000000000e+00|0.000000000e+00|0.000000000e+00|0.000000000e+00|inf|-inf
1.000000000e+00|1.400000000e+01|9.631856678e-05|2.998352904e+20|9.591273503e-05|3.256935317e+06|inf|3.637222197e+06|inf|1.400000000e+01|0.000000000e+00|0.000000000e+00|0.000000000e+00|inf|-inf
2.000000000e+00|0.000000000e+00|0.000000000e+00|0.000000000e+00|0.000000000e+00|inf|inf|-inf|inf|0.000000000e+00|0.000000000e+00|0.000000000e+00|0.000000000e+00|inf|-inf
3.000000000e+00|2.829500000e+04|1.946667034e-01|6.060104965e+23|1.938535124e-01|2.902906761e+06|3.564348161e+06|5.483890242e+06|inf|2.829500000e+04|0.000000000e+00|0.000000000e+00|0.000000000e+00|inf|-inf
4.000000000e+00|9.895200000e+04|6.807796300e-01|2.129010590e+24|6.810380071e-01|2.954680568e+06|3.643646932e+06|1.277352108e+08|inf|9.895200000e+04|4.938804896e-01|6.611539191e+23|4.918169753e-01|5.923615474e+04|5.378526023e+06
5.000000000e+00|6.233000000e+03|4.288240191e-02|1.348743862e+23|4.314425848e-02|5.134729647e+06|6.767607483e+06|2.876710556e+08|inf|6.233000000e+03|1.007919366e-03|1.363974989e+21|1.014629172e-03|6.812085399e+06|3.726391392e+07
6.000000000e+00|1.679000000e+03|1.155134812e-02|3.620727991e+22|1.158215646e-02|7.439857411e+06|7.599421501e+06|2.459718803e+08|inf|1.679000000e+03|2.719782417e-04|3.665776363e+20|2.726885512e-04|7.532957149e+06|4.628015769e+07
7.000000000e+00|1.149000000e+03|7.905002374e-03|2.477888831e+22|7.926388337e-03|6.057304925e+06|7.536341049e+06|1.669310496e+08|inf|1.149000000e+03|3.839692825e-04|5.176000928e+20|3.850306331e-04|6.903875450e+06|1.351623613e+07
8.000000000e+00|9.029000000e+03|6.211859568e-02|1.949444782e+23|6.235976446e-02|3.519703419e+06|4.448439839e+06|7.971569188e+06|inf|9.029000000e+03|5.044556435e-01|6.809067917e+23|5.065106764e-01|1.436898279e+06|7.556174210e+06
