#PHASE|Nmant|Nmant/Nmanttot|Mmant|Mmant/Mmanttot|RRRminmant|RRRminmantEq|RRRmaxmant|RRRmaxmantEq|Ncore|Ncore/Ncoretot|Mcore|Mcore/Mcoretot|RRRmincore|RRRmaxcore|
0.000000000e+00|0.000000000e+00|0.000000000e+00|0.000000000e+00|0.000000000e+00|inf|inf|-inf|inf|0.000000000e+00|0.000000000e+00|0.000000000e+00|0.000000000e+00|inf|-inf
1.000000000e+00|1.047660000e+05|8.270651762e-01|1.745134389e+24|8.275612395e-01|2.871935834e+06|2.888991348e+06|5.270113765e+06|inf|1.047660000e+05|0.000000000e+00|0.000000000e+00|0.000000000e+00|inf|-inf
2.000000000e+00|9.000000000e+00|7.104964002e-05|1.437415454e+20|6.816376566e-05|1.648361562e+08|5.006759032e+08|5.047446748e+08|inf|9.000000000e+00|0.000000000e+00|0.000000000e+00|0.000000000e+00|inf|-inf
3.000000000e+00|1.587400000e+04|1.253157762e-01|2.643601535e+23|1.253623891e-01|4.641665820e+06|4.641665820e+06|5.009574384e+08|inf|1.587400000e+04|0.000000000e+00|0.000000000e+00|0.000000000e+00|inf|-inf
4.000000000e+00|5.568000000e+03|4.395604396e-02|9.178413431e+22|4.352501014e-02|5.064424079e+06|5.116684569e+06|1.648624920e+08|inf|5.568000000e+03|1.000000000e+00|8.963103129e+23|1.000000000e+00|6.626079769e+04|2.775410061e+06
5.000000000e+00|7.200000000e+01|5.683971201e-04|1.151476365e+21|5.460423071e-04|3.922357274e+07|5.007109492e+08|5.046201238e+08|inf|7.200000000e+01|0.000000000e+00|0.000000000e+00|0.000000000e+00|inf|-inf
6.000000000e+00|3.000000000e+00|2.368321334e-05|4.765429190e+19|2.259817074e-05|6.186752351e+06|inf|1.263215097e+07|inf|3.000000000e+00|0.000000000e+00|0.000000000e+00|0.000000000e+00|inf|-inf
7.000000000e+00|7.000000000e+00|5.526083112e-05|1.119708722e+20|5.309777538e-05|5.930402559e+06|5.930402559e+06|6.693225104e+06|inf|7.000000000e+00|0.000000000e+00|0.000000000e+00|0.000000000e+00|inf|-inf
8.000000000e+00|3.730000000e+02|2.944612858e-03|6.034152685e+21|2.861459214e-03|5.426900227e+06|5.443708587e+06|5.849499483e+06|inf|3.730000000e+02|0.000000000e+00|0.000000000e+00|0.000000000e+00|inf|-inf
