#RRR|P25fit|P50fit|P75fit|P25model|P50model|P75model
2.854316467e+05|1.659765469e+11|1.689968003e+11|1.717113836e+11|0.000000|0.000000|0.000000
4.327391340e+05|1.647716058e+11|1.675460849e+11|1.702671395e+11|0.000000|0.000000|0.000000
5.153628067e+05|1.637973496e+11|1.665012275e+11|1.692976486e+11|0.000000|0.000000|0.000000
5.776753724e+05|1.629278937e+11|1.656063071e+11|1.684860557e+11|0.000000|0.000000|0.000000
6.271912756e+05|1.621573170e+11|1.648308803e+11|1.677901920e+11|0.000000|0.000000|0.000000
6.721785388e+05|1.613978407e+11|1.640778157e+11|1.671179643e+11|0.000000|0.000000|0.000000
7.102259238e+05|1.607125284e+11|1.634053540e+11|1.665192044e+11|0.000000|0.000000|0.000000
7.465005555e+05|1.600233197e+11|1.627342761e+11|1.659221957e+11|0.000000|0.000000|0.000000
7.765627997e+05|1.594262012e+11|1.621562391e+11|1.654078869e+11|0.000000|0.000000|0.000000
8.086130772e+05|1.587642211e+11|1.615183801e+11|1.648398856e+11|0.000000|0.000000|0.000000
8.378373754e+05|1.581382225e+11|1.609175511e+11|1.643041351e+11|0.000000|0.000000|0.000000
8.662004541e+05|1.575106419e+11|1.603170984e+11|1.637678053e+11|0.000000|0.000000|0.000000
8.944708152e+05|1.568658455e+11|1.597018057e+11|1.632171007e+11|0.000000|0.000000|0.000000
9.198095102e+05|1.562718644e+11|1.591362146e+11|1.627097614e+11|0.000000|0.000000|0.000000
9.468902951e+05|1.556205765e+11|1.585171546e+11|1.621531270e+11|0.000000|0.000000|0.000000
9.710262086e+05|1.550260216e+11|1.579528456e+11|1.616444348e+11|0.000000|0.000000|0.000000
9.969886086e+05|1.543719141e+11|1.573327488e+11|1.610839709e+11|0.000000|0.000000|0.000000
1.021146165e+06|1.537499630e+11|1.567437073e+11|1.605500892e+11|0.000000|0.000000|0.000000
1.044449628e+06|1.531380526e+11|1.561645978e+11|1.600237607e+11|0.000000|0.000000|0.000000
1.068269918e+06|1.525006557e+11|1.555617035e+11|1.594742605e+11|0.000000|0.000000|0.000000
1.091349225e+06|1.518717971e+11|1.549671236e+11|1.589307635e+11|0.000000|0.000000|0.000000
1.112978981e+06|1.512725238e+11|1.544006572e+11|1.584114963e+11|0.000000|0.000000|0.000000
1.133088020e+06|1.507069241e+11|1.538660861e+11|1.579201450e+11|0.000000|0.000000|0.000000
1.157142923e+06|1.500198172e+11|1.532166850e+11|1.573215152e+11|0.000000|0.000000|0.000000
1.176278677e+06|1.494651718e+11|1.526924338e+11|1.568368634e+11|0.000000|0.000000|0.000000
1.199772607e+06|1.487746266e+11|1.520396141e+11|1.562316235e+11|0.000000|0.000000|0.000000
1.219379180e+06|1.481903958e+11|1.514871541e+11|1.557179330e+11|0.000000|0.000000|0.000000
1.238116389e+06|1.476254320e+11|1.509527484e+11|1.552197303e+11|0.000000|0.000000|0.000000
1.259048996e+06|1.469867290e+11|1.503483577e+11|1.546547523e+11|0.000000|0.000000|0.000000
1.279609530e+06|1.463517631e+11|1.497472184e+11|1.540912115e+11|0.000000|0.000000|0.000000
1.299540043e+06|1.457291793e+11|1.491574902e+11|1.535368276e+11|0.000000|0.000000|0.000000
1.317534580e+06|1.451611923e+11|1.486191817e+11|1.530294607e+11|0.000000|0.000000|0.000000
1.336008510e+06|1.445723693e+11|1.480608030e+11|1.525018570e+11|0.000000|0.000000|0.000000
1.355955792e+06|1.439302092e+11|1.474514438e+11|1.519245630e+11|0.000000|0.000000|0.000000
1.373226179e+06|1.433689712e+11|1.469185091e+11|1.514183854e+11|0.000000|0.000000|0.000000
1.390397631e+06|1.428061969e+11|1.463837562e+11|1.509092871e+11|0.000000|0.000000|0.000000
1.411169149e+06|1.421192157e+11|1.457304697e+11|1.502857371e+11|0.000000|0.000000|0.000000
1.430973189e+06|1.414580120e+11|1.451011410e+11|1.496834068e+11|0.000000|0.000000|0.000000
1.447159947e+06|1.409131557e+11|1.445821251e+11|1.491854559e+11|0.000000|0.000000|0.000000
1.464589135e+06|1.403221103e+11|1.440186604e+11|1.486436470e+11|0.000000|0.000000|0.000000
1.481629888e+06|1.397399349e+11|1.434631801e+11|1.481082946e+11|0.000000|0.000000|0.000000
1.497422260e+06|1.391966785e+11|1.429443999e+11|1.476072320e+11|0.000000|0.000000|0.000000
1.515904775e+06|1.385564077e+11|1.423324242e+11|1.470148334e+11|0.000000|0.000000|0.000000
1.533669861e+06|1.379365292e+11|1.417393563e+11|1.464393905e+11|0.000000|0.000000|0.000000
1.551866590e+06|1.372971478e+11|1.411270133e+11|1.458438754e+11|0.000000|0.000000|0.000000
1.568247514e+06|1.367178006e+11|1.405716141e+11|1.453025540e+11|0.000000|0.000000|0.000000
1.582330410e+06|1.362169279e+11|1.400910150e+11|1.448332401e+11|0.000000|0.000000|0.000000
1.597881639e+06|1.356608790e+11|1.395569971e+11|1.443108000e+11|0.000000|0.000000|0.000000
1.614125987e+06|1.350767977e+11|1.389955098e+11|1.437604103e+11|0.000000|0.000000|0.000000
1.630633802e+06|1.344799091e+11|1.384211216e+11|1.431962514e+11|0.000000|0.000000|0.000000
1.646638632e+06|1.338980634e+11|1.378606274e+11|1.426446621e+11|0.000000|0.000000|0.000000
1.661121343e+06|1.333689390e+11|1.373504141e+11|1.421416446e+11|0.000000|0.000000|0.000000
1.679102545e+06|1.327086135e+11|1.367130039e+11|1.415120263e+11|0.000000|0.000000|0.000000
1.694943564e+06|1.321238425e+11|1.361478828e+11|1.409527200e+11|0.000000|0.000000|0.000000
1.707623256e+06|1.316537631e+11|1.356931558e+11|1.405019388e+11|0.000000|0.000000|0.000000
1.721527877e+06|1.311362583e+11|1.351920903e+11|1.400044762e+11|0.000000|0.000000|0.000000
1.736419497e+06|1.305797293e+11|1.346526944e+11|1.394681000e+11|0.000000|0.000000|0.000000
1.752330178e+06|1.299825547e+11|1.340732685e+11|1.388909435e+11|0.000000|0.000000|0.000000
1.768337527e+06|1.293791428e+11|1.334871152e+11|1.383060786e+11|0.000000|0.000000|0.000000
1.784759944e+06|1.287574305e+11|1.328824670e+11|1.377017197e+11|0.000000|0.000000|0.000000
1.798338389e+06|1.282414016e+11|1.323800430e+11|1.371987485e+11|0.000000|0.000000|0.000000
1.811188896e+06|1.277514212e+11|1.319025074e+11|1.367200431e+11|0.000000|0.000000|0.000000
1.825565356e+06|1.272014358e+11|1.313659374e+11|1.361814169e+11|0.000000|0.000000|0.000000
1.840492107e+06|1.266284100e+11|1.308062609e+11|1.356187757e+11|0.000000|0.000000|0.000000
1.854602727e+06|1.260848970e+11|1.302748128e+11|1.350837536e+11|0.000000|0.000000|0.000000
1.868289399e+06|1.255560672e+11|1.297571594e+11|1.345619233e+11|0.000000|0.000000|0.000000
1.881152562e+06|1.250576136e+11|1.292687286e+11|1.340689347e+11|0.000000|0.000000|0.000000
1.895935207e+06|1.244830954e+11|1.287051423e+11|1.334993611e+11|0.000000|0.000000|0.000000
1.912463198e+06|1.238386713e+11|1.280721833e+11|1.328587698e+11|0.000000|0.000000|0.000000
1.926188165e+06|1.233019197e+11|1.275443333e+11|1.323238381e+11|0.000000|0.000000|0.000000
1.938785858e+06|1.228079978e+11|1.270580785e+11|1.318304969e+11|0.000000|0.000000|0.000000
1.951712231e+06|1.222999729e+11|1.265574120e+11|1.313219830e+11|0.000000|0.000000|0.000000
1.965205289e+06|1.217683973e+11|1.260329596e+11|1.307887248e+11|0.000000|0.000000|0.000000
1.977853479e+06|1.212689526e+11|1.255396669e+11|1.302866161e+11|0.000000|0.000000|0.000000
1.991394299e+06|1.207330582e+11|1.250097874e+11|1.297467050e+11|0.000000|0.000000|0.000000
2.005589778e+06|1.201699603e+11|1.244523520e+11|1.291781051e+11|0.000000|0.000000|0.000000
2.019606593e+06|1.196126910e+11|1.239000184e+11|1.286141086e+11|0.000000|0.000000|0.000000
2.032408824e+06|1.191026529e+11|1.233939114e+11|1.280968050e+11|0.000000|0.000000|0.000000
2.046193679e+06|1.185523761e+11|1.228472435e+11|1.275375120e+11|0.000000|0.000000|0.000000
2.059596951e+06|1.180162833e+11|1.223140317e+11|1.269914701e+11|0.000000|0.000000|0.000000
2.072721277e+06|1.174903811e+11|1.217903430e+11|1.264547007e+11|0.000000|0.000000|0.000000
2.086018975e+06|1.169565917e+11|1.212581761e+11|1.259087698e+11|0.000000|0.000000|0.000000
2.098153248e+06|1.164687081e+11|1.207712222e+11|1.254088187e+11|0.000000|0.000000|0.000000
2.110373962e+06|1.159766094e+11|1.202795228e+11|1.249036180e+11|0.000000|0.000000|0.000000
2.124517428e+06|1.154061956e+11|1.197088916e+11|1.243168595e+11|0.000000|0.000000|0.000000
2.137363477e+06|1.148873133e+11|1.191891732e+11|1.237820403e+11|0.000000|0.000000|0.000000
2.150557066e+06|1.143536409e+11|1.186540028e+11|1.232309257e+11|0.000000|0.000000|0.000000
2.163217111e+06|1.138408650e+11|1.181391746e+11|1.227003970e+11|0.000000|0.000000|0.000000
2.175939306e+06|1.133249271e+11|1.176205618e+11|1.221656248e+11|0.000000|0.000000|0.000000
2.188601555e+06|1.128108090e+11|1.171031665e+11|1.216317795e+11|0.000000|0.000000|0.000000
2.202376452e+06|1.122508578e+11|1.165389470e+11|1.210492654e+11|0.000000|0.000000|0.000000
2.215890916e+06|1.117008647e+11|1.159840479e+11|1.204760307e+11|0.000000|0.000000|0.000000
2.227790717e+06|1.112160972e+11|1.154943663e+11|1.199699012e+11|0.000000|0.000000|0.000000
2.239199334e+06|1.107509363e+11|1.150239679e+11|1.194834793e+11|0.000000|0.000000|0.000000
2.251250014e+06|1.102591933e+11|1.145261288e+11|1.189684574e+11|0.000000|0.000000|0.000000
2.264546836e+06|1.097161499e+11|1.139756818e+11|1.183987592e+11|0.000000|0.000000|0.000000
2.278915946e+06|1.091288224e+11|1.133795491e+11|1.177815001e+11|0.000000|0.000000|0.000000
2.291606466e+06|1.086097158e+11|1.128519654e+11|1.172349978e+11|0.000000|0.000000|0.000000
2.303612746e+06|1.081182898e+11|1.123519104e+11|1.167168356e+11|0.000000|0.000000|0.000000
2.315108544e+06|1.076475015e+11|1.118723015e+11|1.162197131e+11|0.000000|0.000000|0.000000
2.327412766e+06|1.071433537e+11|1.113581035e+11|1.156865939e+11|0.000000|0.000000|0.000000
2.341651761e+06|1.065596413e+11|1.107619696e+11|1.150683574e+11|0.000000|0.000000|0.000000
2.353757500e+06|1.060631655e+11|1.102542614e+11|1.145417026e+11|0.000000|0.000000|0.000000
2.366195663e+06|1.055528807e+11|1.097317889e+11|1.139996325e+11|0.000000|0.000000|0.000000
2.377639057e+06|1.050832741e+11|1.092503870e+11|1.135000987e+11|0.000000|0.000000|0.000000
2.389450276e+06|1.045984636e+11|1.087528138e+11|1.129837239e+11|0.000000|0.000000|0.000000
2.403747356e+06|1.040115029e+11|1.081496003e+11|1.123576567e+11|0.000000|0.000000|0.000000
2.415468013e+06|1.035302514e+11|1.076543648e+11|1.118436270e+11|0.000000|0.000000|0.000000
2.426769201e+06|1.030661921e+11|1.071762560e+11|1.113473626e+11|0.000000|0.000000|0.000000
2.439848403e+06|1.025291125e+11|1.066222195e+11|1.107722920e+11|0.000000|0.000000|0.000000
2.450230102e+06|1.021028155e+11|1.061819281e+11|1.103153024e+11|0.000000|0.000000|0.000000
2.463005488e+06|1.015782704e+11|1.056395098e+11|1.097523518e+11|0.000000|0.000000|0.000000
2.475598367e+06|1.010612929e+11|1.051042071e+11|1.091968478e+11|0.000000|0.000000|0.000000
2.487643882e+06|1.005668824e+11|1.045916080e+11|1.086649807e+11|0.000000|0.000000|0.000000
2.500800171e+06|1.000270181e+11|1.040311376e+11|1.080835501e+11|0.000000|0.000000|0.000000
2.511590672e+06|9.958436354e+10|1.035710033e+11|1.076063081e+11|0.000000|0.000000|0.000000
2.523381755e+06|9.910082022e+10|1.030677607e+11|1.070844751e+11|0.000000|0.000000|0.000000
2.536327983e+06|9.857012286e+10|1.025147113e+11|1.065111612e+11|0.000000|0.000000|0.000000
2.547242857e+06|9.812289542e+10|1.020480494e+11|1.060275519e+11|0.000000|0.000000|0.000000
2.559491009e+06|9.762128064e+10|1.015239818e+11|1.054846368e+11|0.000000|0.000000|0.000000
2.571653535e+06|9.712345227e+10|1.010031811e+11|1.049453195e+11|0.000000|0.000000|0.000000
2.584387180e+06|9.660257454e+10|1.004575278e+11|1.043805168e+11|0.000000|0.000000|0.000000
2.596061679e+06|9.612534158e+10|9.995692713e+10|1.038625935e+11|0.000000|0.000000|0.000000
2.607657186e+06|9.565166414e+10|9.945942003e+10|1.033481230e+11|0.000000|0.000000|0.000000
2.619495125e+06|9.516844274e+10|9.895123176e+10|1.028228862e+11|0.000000|0.000000|0.000000
2.630173917e+06|9.473286892e+10|9.849258065e+10|1.023491070e+11|0.000000|0.000000|0.000000
2.641876040e+06|9.425593777e+10|9.798975477e+10|1.018299964e+11|0.000000|0.000000|0.000000
2.654562178e+06|9.373938102e+10|9.744440849e+10|1.012673662e+11|0.000000|0.000000|0.000000
2.667143818e+06|9.322759988e+10|9.690333631e+10|1.007095588e+11|0.000000|0.000000|0.000000
2.679252185e+06|9.273558680e+10|9.638243803e+10|1.001729623e+11|0.000000|0.000000|0.000000
2.691307206e+06|9.224627101e+10|9.586368495e+10|9.963900151e+10|0.000000|0.000000|0.000000
2.702384959e+06|9.179711059e+10|9.538687503e+10|9.914860840e+10|0.000000|0.000000|0.000000
2.713543316e+06|9.134517497e+10|9.490650829e+10|9.865495873e+10|0.000000|0.000000|0.000000
2.727050193e+06|9.079881055e+10|9.432494835e+10|9.805788427e+10|0.000000|0.000000|0.000000
2.738684897e+06|9.032880949e+10|9.382394404e+10|9.754403661e+10|0.000000|0.000000|0.000000
2.749397909e+06|8.989657992e+10|9.336260507e+10|9.707131870e+10|0.000000|0.000000|0.000000
2.761973599e+06|8.938988173e+10|9.282104776e+10|9.651697585e+10|0.000000|0.000000|0.000000
2.772751633e+06|8.895622259e+10|9.235692031e+10|9.604240325e+10|0.000000|0.000000|0.000000
2.784776912e+06|8.847306592e+10|9.183912386e+10|9.551353580e+10|0.000000|0.000000|0.000000
2.795538219e+06|8.804132700e+10|9.137580840e+10|9.504085508e+10|0.000000|0.000000|0.000000
2.807004779e+06|8.758197305e+10|9.088220769e+10|9.453786110e+10|0.000000|0.000000|0.000000
2.819158404e+06|8.709588408e+10|9.035914292e+10|9.400552549e+10|0.000000|0.000000|0.000000
2.832061754e+06|8.658072674e+10|8.980396611e+10|9.344130858e+10|0.000000|0.000000|0.000000
2.842719972e+06|8.615593880e+10|8.934552939e+10|9.297605177e+10|0.000000|0.000000|0.000000
2.854575918e+06|8.568421793e+10|8.883574854e+10|9.245939745e+10|0.000000|0.000000|0.000000
2.868919997e+06|8.511466388e+10|8.821926031e+10|9.183563449e+10|0.000000|0.000000|0.000000
2.880322935e+06|8.466282833e+10|8.772942142e+10|9.134085599e+10|0.000000|0.000000|0.000000
2.891312263e+06|8.422818802e+10|8.725757583e+10|9.086498185e+10|0.000000|0.000000|0.000000
2.902391654e+06|8.379080639e+10|8.678210755e+10|9.038620195e+10|0.000000|0.000000|0.000000
2.913242121e+06|8.336327950e+10|8.631672021e+10|8.991832326e+10|0.000000|0.000000|0.000000
2.924789425e+06|8.290920547e+10|8.582174514e+10|8.942153856e+10|0.000000|0.000000|0.000000
2.936293407e+06|8.245761889e+10|8.532889299e+10|8.892761165e+10|1.000000|1.000000|1.000000
2.948467067e+06|8.198150640e+10|8.480799777e+10|8.840723602e+10|1.000000|1.000000|1.000000
2.959942135e+06|8.153271589e+10|8.431699441e+10|8.791672243e+10|1.000000|1.000000|1.000000
2.972432894e+06|8.104420168e+10|8.378253097e+10|8.738279211e+10|1.000000|1.000000|1.000000
2.984214411e+06|8.058342594e+10|8.327841507e+10|8.687917904e+10|1.000000|1.000000|1.000000
2.996797951e+06|8.009128306e+10|8.273998165e+10|8.634128271e+10|1.000000|1.000000|1.000000
3.007705855e+06|7.966467437e+10|8.227324652e+10|8.587501313e+10|1.000000|1.000000|1.000000
3.019036517e+06|7.922153157e+10|8.178842209e+10|8.539067230e+10|1.000000|1.000000|1.000000
3.032322293e+06|7.870192419e+10|8.121994089e+10|8.482275816e+10|1.000000|1.000000|1.000000
3.044847950e+06|7.821204510e+10|8.068398420e+10|8.428733607e+10|1.000000|1.000000|1.000000
3.057109563e+06|7.773249279e+10|8.015932561e+10|8.376320082e+10|1.000000|1.000000|1.000000
3.068105380e+06|7.730244580e+10|7.968882878e+10|8.329317330e+10|1.000000|1.000000|1.000000
3.078351748e+06|7.690170984e+10|7.925039994e+10|8.285518178e+10|1.000000|1.000000|1.000000
3.090543141e+06|7.642490380e+10|7.872874593e+10|8.233404811e+10|1.000000|1.000000|1.000000
3.102345617e+06|7.596330837e+10|7.822373324e+10|8.182953916e+10|1.000000|1.000000|1.000000
3.112922006e+06|7.554966526e+10|7.777118321e+10|8.137744055e+10|1.000000|1.000000|1.000000
3.125523732e+06|7.505681109e+10|7.723197161e+10|8.083876679e+10|1.000000|1.000000|1.000000
3.138116641e+06|7.456430175e+10|7.669313727e+10|8.030046993e+10|1.000000|1.000000|1.000000
3.150804737e+06|7.406806966e+10|7.615023001e+10|7.975810422e+10|1.000000|1.000000|1.000000
3.163249083e+06|7.356973123e+10|7.561775253e+10|7.922615787e+10|2.000000|1.000000|1.000000
3.175551180e+06|7.322524830e+10|7.509136166e+10|7.870029206e+10|2.000000|1.000000|1.000000
3.187359864e+06|7.289458192e+10|7.458608331e+10|7.819551772e+10|2.000000|1.000000|1.000000
3.198992796e+06|7.256883697e+10|7.408832519e+10|7.769825611e+10|2.000000|1.000000|1.000000
3.211118578e+06|7.222929121e+10|7.356947861e+10|7.717992706e+10|2.000000|1.000000|1.000000
3.223652831e+06|7.187830748e+10|7.303315411e+10|7.664413754e+10|2.000000|1.000000|1.000000
3.234927497e+06|7.156259467e+10|7.255072573e+10|7.616219036e+10|2.000000|1.000000|1.000000
3.246651845e+06|7.123428987e+10|7.204905601e+10|7.566102105e+10|2.000000|1.000000|1.000000
3.258571974e+06|7.090050281e+10|7.134321676e+10|7.515148288e+10|2.000000|2.000000|1.000000
3.272503746e+06|7.051038578e+10|7.096264187e+10|7.455595494e+10|2.000000|2.000000|1.000000
3.284926309e+06|7.016252960e+10|7.062329415e+10|7.402493973e+10|2.000000|2.000000|1.000000
3.298036797e+06|6.979541015e+10|7.026515433e+10|7.346451844e+10|2.000000|2.000000|1.000000
3.311776803e+06|6.941066294e+10|6.988981792e+10|7.287718772e+10|2.000000|2.000000|1.000000
3.322950548e+06|6.909777612e+10|6.958458422e+10|7.239955453e+10|2.000000|2.000000|1.000000
3.334363462e+06|6.877819208e+10|6.927281711e+10|7.191169778e+10|2.000000|2.000000|1.000000
3.347892074e+06|6.839936432e+10|6.890325536e+10|7.133340332e+10|2.000000|2.000000|1.000000
3.359222936e+06|6.808207792e+10|6.859372969e+10|7.084905400e+10|2.000000|2.000000|1.000000
3.371567469e+06|6.773640670e+10|6.825651349e+10|7.032137422e+10|2.000000|2.000000|1.000000
3.384813452e+06|6.736549314e+10|6.789467236e+10|6.975516107e+10|2.000000|2.000000|1.000000
3.396545844e+06|6.703696309e+10|6.757417806e+10|6.925364791e+10|2.000000|2.000000|1.000000
3.409772256e+06|6.666659753e+10|6.721287152e+10|6.868827131e+10|2.000000|2.000000|1.000000
3.423987815e+06|6.626853393e+10|6.682454444e+10|6.808061264e+10|2.000000|2.000000|1.000000
3.437426171e+06|6.589223351e+10|6.645744822e+10|6.750617626e+10|2.000000|2.000000|1.000000
3.450793785e+06|6.551791404e+10|6.609228449e+10|6.693476387e+10|2.000000|2.000000|1.000000
3.465834570e+06|6.509674248e+10|6.568141465e+10|6.607239355e+10|2.000000|2.000000|2.000000
3.480785271e+06|6.467809345e+10|6.527300566e+10|6.568210798e+10|2.000000|2.000000|2.000000
3.495267492e+06|6.427256277e+10|6.487739414e+10|6.530405200e+10|2.000000|2.000000|2.000000
3.508499492e+06|6.390204076e+10|6.451593498e+10|6.495863284e+10|2.000000|2.000000|2.000000
3.520641340e+06|6.356204513e+10|6.418425554e+10|6.464167191e+10|2.000000|2.000000|2.000000
3.533188890e+06|6.321068905e+10|6.384149352e+10|6.431412019e+10|2.000000|2.000000|2.000000
3.547328647e+06|6.281474805e+10|6.345523713e+10|6.394500418e+10|2.000000|2.000000|2.000000
3.562501601e+06|6.238987550e+10|6.304075683e+10|6.354891673e+10|2.000000|2.000000|2.000000
3.577310300e+06|6.197520278e+10|6.263622688e+10|6.316233808e+10|2.000000|2.000000|2.000000
3.591374474e+06|6.158137825e+10|6.225203518e+10|6.279519515e+10|2.000000|2.000000|2.000000
3.605803790e+06|6.117732902e+10|6.185786888e+10|6.241852025e+10|2.000000|2.000000|2.000000
3.622833855e+06|6.070045372e+10|6.139265779e+10|6.197395323e+10|2.000000|2.000000|2.000000
3.639338176e+06|6.023830027e+10|6.094180848e+10|6.154311067e+10|2.000000|2.000000|2.000000
3.654096350e+06|5.982504237e+10|6.053865875e+10|6.115785098e+10|2.000000|2.000000|2.000000
3.668441147e+06|5.942335986e+10|6.014680126e+10|6.078338244e+10|2.000000|2.000000|2.000000
3.680843877e+06|5.907605901e+10|5.980799529e+10|6.045961122e+10|2.000000|2.000000|2.000000
3.692417663e+06|5.875197024e+10|5.949183364e+10|6.015747946e+10|2.000000|2.000000|2.000000
3.706262988e+06|5.836427391e+10|5.911362024e+10|5.979604954e+10|2.000000|2.000000|2.000000
3.722873941e+06|5.789913454e+10|5.865985805e+10|5.936242336e+10|2.000000|2.000000|2.000000
3.736842559e+06|5.750798578e+10|5.827827667e+10|5.899777491e+10|2.000000|2.000000|2.000000
3.753893322e+06|5.703053088e+10|5.781250016e+10|5.855266756e+10|2.000000|2.000000|2.000000
3.768743360e+06|5.661470061e+10|5.740684098e+10|5.816500978e+10|2.000000|2.000000|2.000000
3.782837612e+06|5.622003384e+10|5.702182764e+10|5.779708168e+10|2.000000|2.000000|2.000000
3.797903529e+06|5.579815852e+10|5.661027126e+10|5.740378840e+10|2.000000|2.000000|2.000000
3.811404628e+06|5.542010121e+10|5.624146112e+10|5.705134446e+10|2.000000|2.000000|2.000000
3.825357053e+06|5.502940586e+10|5.586032206e+10|5.668711871e+10|2.000000|2.000000|2.000000
3.839010516e+06|5.464708205e+10|5.548734978e+10|5.633069733e+10|2.000000|2.000000|2.000000
3.851427684e+06|5.429937692e+10|5.514814940e+10|5.600654921e+10|2.000000|2.000000|2.000000
3.864395145e+06|5.393626252e+10|5.479391668e+10|5.566803580e+10|2.000000|2.000000|2.000000
3.879487747e+06|5.351363997e+10|5.438163135e+10|5.527404592e+10|2.000000|2.000000|2.000000
3.894528105e+06|5.309248036e+10|5.397077318e+10|5.488141986e+10|2.000000|2.000000|2.000000
3.910568689e+06|5.264331248e+10|5.353259181e+10|5.446268309e+10|2.000000|2.000000|2.000000
3.925768536e+06|5.221768687e+10|5.311737687e+10|5.406589360e+10|2.000000|2.000000|2.000000
3.939103224e+06|5.184428936e+10|5.275311255e+10|5.371779377e+10|2.000000|2.000000|2.000000
3.952626818e+06|5.146560215e+10|5.238368791e+10|5.336476260e+10|2.000000|2.000000|2.000000
3.966856305e+06|5.106714852e+10|5.199498034e+10|5.299330420e+10|2.000000|2.000000|2.000000
3.978724671e+06|5.073481093e+10|5.167077163e+10|5.268348247e+10|2.000000|2.000000|2.000000
3.991819146e+06|5.036813988e+10|5.131306924e+10|5.234165337e+10|2.000000|2.000000|2.000000
4.005303878e+06|4.999054084e+10|5.094470616e+10|5.198963666e+10|2.000000|2.000000|2.000000
4.019153279e+06|4.960273040e+10|5.056638145e+10|5.162810036e+10|2.000000|2.000000|2.000000
4.032726166e+06|4.922266285e+10|5.019561024e+10|5.127378238e+10|2.000000|2.000000|2.000000
4.047974178e+06|4.879853668e+10|4.978127541e+10|5.087628978e+10|3.000000|3.000000|3.000000
4.063224814e+06|4.837579537e+10|4.936798715e+10|5.047901318e+10|3.000000|3.000000|3.000000
4.079686901e+06|4.792151636e+10|4.892343267e+10|5.005057859e+10|3.000000|3.000000|3.000000
4.091954523e+06|4.758433959e+10|4.859318185e+10|4.973157391e+10|3.000000|3.000000|3.000000
4.105847413e+06|4.720386405e+10|4.822022186e+10|4.937057849e+10|3.000000|3.000000|3.000000
4.119151049e+06|4.684086996e+10|4.786410078e+10|4.902516359e+10|3.000000|3.000000|3.000000
4.132410725e+06|4.648036269e+10|4.751013131e+10|4.868115081e+10|3.000000|3.000000|3.000000
4.144128545e+06|4.616282961e+10|4.719811826e+10|4.837735637e+10|3.000000|3.000000|3.000000
4.156512638e+06|4.582830114e+10|4.686916320e+10|4.805650835e+10|3.000000|3.000000|3.000000
4.170631138e+06|4.544823074e+10|4.649512304e+10|4.769100121e+10|3.000000|3.000000|3.000000
4.185243837e+06|4.505630354e+10|4.610907728e+10|4.731301060e+10|3.000000|3.000000|3.000000
4.199479910e+06|4.467587181e+10|4.573402687e+10|4.694506768e+10|3.000000|3.000000|3.000000
4.212853603e+06|4.431972064e+10|4.538262079e+10|4.659969023e+10|3.000000|3.000000|3.000000
4.227951295e+06|4.391907546e+10|4.498697492e+10|4.621011518e+10|3.000000|3.000000|3.000000
4.243361312e+06|4.351167034e+10|4.458428578e+10|4.581284053e+10|3.000000|3.000000|3.000000
4.258244983e+06|4.311962557e+10|4.419642916e+10|4.542948495e+10|3.000000|3.000000|3.000000
4.271685075e+06|4.276680955e+10|4.384708887e+10|4.508361118e+10|3.000000|3.000000|3.000000
4.284687323e+06|4.242656182e+10|4.350993006e+10|4.474928029e+10|3.000000|3.000000|3.000000
4.296117499e+06|4.212831633e+10|4.321417997e+10|4.445559980e+10|3.000000|3.000000|3.000000
4.307703417e+06|4.182682382e+10|4.291500882e+10|4.415813829e+10|3.000000|3.000000|3.000000
4.321416268e+06|4.147103617e+10|4.256170068e+10|4.380636106e+10|3.000000|3.000000|3.000000
4.333894191e+06|4.114827187e+10|4.224094276e+10|4.348654400e+10|3.000000|3.000000|3.000000
4.348945436e+06|4.076017761e+10|4.185495558e+10|4.310113454e+10|3.000000|3.000000|3.000000
4.362275877e+06|4.041757047e+10|4.151393205e+10|4.276012832e+10|3.000000|3.000000|3.000000
4.377339534e+06|4.003166856e+10|4.112950426e+10|4.237517822e+10|3.000000|3.000000|3.000000
4.392554318e+06|3.964323101e+10|4.074222027e+10|4.198680117e+10|3.000000|3.000000|3.000000
4.406880049e+06|3.927870869e+10|4.037848018e+10|4.162152912e+10|3.000000|3.000000|3.000000
4.420169685e+06|3.894159847e+10|4.004183553e+10|4.128304098e+10|3.000000|3.000000|3.000000
4.432170316e+06|3.863804748e+10|3.973849251e+10|4.097769435e+10|3.000000|3.000000|3.000000
4.444563175e+06|3.832542918e+10|3.942587990e+10|4.066268465e+10|3.000000|3.000000|3.000000
4.456585945e+06|3.802297202e+10|3.912322765e+10|4.035739730e+10|3.000000|3.000000|3.000000
4.468452476e+06|3.772523919e+10|3.882511081e+10|4.005638905e+10|3.000000|3.000000|3.000000
4.480212711e+06|3.743094855e+10|3.853025417e+10|3.975839014e+10|3.000000|3.000000|3.000000
4.493686723e+06|3.709471741e+10|3.819315049e+10|3.941735763e+10|3.000000|3.000000|3.000000
4.507841309e+06|3.674258733e+10|3.783984960e+10|3.905956353e+10|3.000000|3.000000|3.000000
4.523556406e+06|3.635293335e+10|3.744859520e+10|3.866289700e+10|3.000000|3.000000|3.000000
4.537641179e+06|3.600486079e+10|3.709882374e+10|3.830791011e+10|3.000000|3.000000|3.000000
4.550345106e+06|3.569184991e+10|3.678406936e+10|3.798816660e+10|3.000000|3.000000|3.000000
4.566073903e+06|3.530553994e+10|3.639532764e+10|3.759288716e+10|3.000000|3.000000|3.000000
4.580666088e+06|3.494836281e+10|3.603562865e+10|3.722677968e+10|3.000000|3.000000|3.000000
4.593416479e+06|3.463722669e+10|3.572208297e+10|3.690737454e+10|3.000000|3.000000|3.000000
4.606415799e+06|3.432093750e+10|3.540314253e+10|3.658222006e+10|3.000000|3.000000|3.000000
4.618657374e+06|3.402393652e+10|3.510346786e+10|3.627647986e+10|3.000000|3.000000|3.000000
4.628780233e+06|3.377896369e+10|3.485615630e+10|3.602400129e+10|3.000000|3.000000|3.000000
4.640856465e+06|3.348746017e+10|3.456171357e+10|3.572322144e+10|3.000000|3.000000|3.000000
4.653577416e+06|3.318126752e+10|3.425225182e+10|3.540688776e+10|3.000000|3.000000|3.000000
4.666074188e+06|3.288134573e+10|3.394894847e+10|3.509664474e+10|3.000000|3.000000|3.000000
4.681278017e+06|3.251762761e+10|3.358089299e+10|3.471990460e+10|3.000000|3.000000|3.000000
4.696342936e+06|3.215850739e+10|3.321723785e+10|3.434739435e+10|3.000000|3.000000|3.000000
4.710222548e+06|3.182877076e+10|3.288311829e+10|3.400490700e+10|3.000000|3.000000|3.000000
4.723764560e+06|3.150810203e+10|3.255798765e+10|3.367142780e+10|3.000000|3.000000|3.000000
4.737386257e+06|3.118659540e+10|3.223181148e+10|3.333667906e+10|3.000000|3.000000|3.000000
4.751085674e+06|3.086432108e+10|3.190466112e+10|3.300073895e+10|3.000000|3.000000|3.000000
4.763883775e+06|3.056422180e+10|3.159984685e+10|3.268756829e+10|3.000000|3.000000|3.000000
4.778033833e+06|3.023352012e+10|3.126375613e+10|3.234208388e+10|3.000000|3.000000|3.000000
4.790210570e+06|2.994986680e+10|3.097532032e+10|3.204544111e+10|3.000000|3.000000|3.000000
4.802430847e+06|2.966606937e+10|3.068659116e+10|3.174836701e+10|3.000000|3.000000|3.000000
4.814694789e+06|2.938213969e+10|3.039758165e+10|3.145087892e+10|3.000000|3.000000|3.000000
4.827439535e+06|2.908802074e+10|3.009804804e+10|3.114243008e+10|3.000000|3.000000|3.000000
4.841278999e+06|2.876973345e+10|2.977372772e+10|3.080831545e+10|3.000000|3.000000|3.000000
4.854549094e+06|2.846561978e+10|2.946368275e+10|3.048877521e+10|3.000000|3.000000|3.000000
4.868614548e+06|2.814444107e+10|2.913606442e+10|3.015098890e+10|3.000000|3.000000|3.000000
4.882555280e+06|2.782730047e+10|2.881238992e+10|2.981713880e+10|3.000000|3.000000|3.000000
4.895936362e+06|2.752401544e+10|2.850269511e+10|2.949759213e+10|3.000000|3.000000|3.000000
4.910415937e+06|2.719708400e+10|2.816867918e+10|2.915282942e+10|3.000000|3.000000|3.000000
4.926410610e+06|2.683746963e+10|2.780106460e+10|2.877324865e+10|3.000000|3.000000|3.000000
4.936325232e+06|2.661536687e+10|2.757391326e+10|2.853863415e+10|3.000000|3.000000|3.000000
4.947831152e+06|2.635840172e+10|2.731100554e+10|2.826702538e+10|3.000000|3.000000|3.000000
4.961566269e+06|2.605276455e+10|2.699815959e+10|2.794374113e+10|3.000000|3.000000|3.000000
4.974502160e+06|2.576602971e+10|2.670452422e+10|2.764022878e+10|3.000000|3.000000|3.000000
4.987099486e+06|2.548785112e+10|2.641952492e+10|2.734557289e+10|3.000000|3.000000|3.000000
5.000858199e+06|2.518522315e+10|2.610933716e+10|2.702480060e+10|3.000000|3.000000|3.000000
5.014444452e+06|2.488762639e+10|2.580416585e+10|2.670914424e+10|3.000000|3.000000|3.000000
5.028443178e+06|2.458229437e+10|2.549091919e+10|2.638506537e+10|3.000000|3.000000|3.000000
5.044407540e+06|2.423571623e+10|2.513518347e+10|2.601694789e+10|3.000000|3.000000|3.000000
5.058775750e+06|2.392528860e+10|2.481639841e+10|2.568699950e+10|3.000000|3.000000|3.000000
5.071319639e+06|2.365544920e+10|2.453917663e+10|2.540002137e+10|3.000000|3.000000|3.000000
5.084577751e+06|2.337144679e+10|2.424728741e+10|2.509781410e+10|3.000000|3.000000|3.000000
5.098517600e+06|2.307418545e+10|2.394164400e+10|2.478131983e+10|3.000000|3.000000|3.000000
5.111659574e+06|2.279521359e+10|2.365468885e+10|2.448413710e+10|3.000000|3.000000|3.000000
5.123907391e+06|2.253634776e+10|2.338831496e+10|2.420823696e+10|3.000000|3.000000|3.000000
5.136311299e+06|2.227529998e+10|2.311959921e+10|2.392988222e+10|3.000000|3.000000|3.000000
5.147988498e+06|2.203058316e+10|2.286760693e+10|2.366882644e+10|3.000000|3.000000|3.000000
5.162094900e+06|2.173631225e+10|2.256447679e+10|2.335476497e+10|3.000000|3.000000|3.000000
5.176639843e+06|2.143446072e+10|2.225341389e+10|2.303245548e+10|3.000000|3.000000|3.000000
5.190465270e+06|2.114903291e+10|2.195916187e+10|2.272754056e+10|3.000000|3.000000|3.000000
5.205270289e+06|2.084501098e+10|2.164562055e+10|2.240261479e+10|3.000000|3.000000|3.000000
5.220433502e+06|2.053540016e+10|2.132618943e+10|2.207156488e+10|3.000000|3.000000|3.000000
5.234642922e+06|2.024690528e+10|2.102843118e+10|2.176296061e+10|3.000000|3.000000|3.000000
5.248704305e+06|1.996299611e+10|2.073530104e+10|2.145914111e+10|3.000000|3.000000|3.000000
5.261461617e+06|1.970679105e+10|2.047068666e+10|2.118486928e+10|3.000000|3.000000|3.000000
5.273873881e+06|1.945878263e+10|2.021445929e+10|2.091928517e+10|3.000000|3.000000|3.000000
5.287480365e+06|1.918836233e+10|1.993499022e+10|2.062960659e+10|3.000000|3.000000|3.000000
5.300829551e+06|1.892454370e+10|1.966225726e+10|2.034690809e+10|3.000000|3.000000|3.000000
5.313504398e+06|1.867542933e+10|1.940464806e+10|2.007988582e+10|3.000000|3.000000|3.000000
5.325983301e+06|1.843148929e+10|1.915231774e+10|1.981833673e+10|3.000000|3.000000|3.000000
5.341514241e+06|1.812973950e+10|1.884009224e+10|1.949470836e+10|3.000000|3.000000|3.000000
5.356693943e+06|1.783681943e+10|1.853690183e+10|1.918045185e+10|3.000000|3.000000|3.000000
5.371896533e+06|1.754546679e+10|1.823523650e+10|1.886778516e+10|3.000000|3.000000|3.000000
5.386205983e+06|1.727308737e+10|1.795312960e+10|1.857540043e+10|3.000000|3.000000|3.000000
5.401936504e+06|1.697575759e+10|1.764508755e+10|1.825614922e+10|3.000000|3.000000|3.000000
5.416797987e+06|1.669689515e+10|1.735609075e+10|1.795665119e+10|3.000000|3.000000|3.000000
5.430317561e+06|1.644495283e+10|1.709492082e+10|1.768600518e+10|3.000000|3.000000|3.000000
5.444818063e+06|1.617659154e+10|1.681665706e+10|1.739766134e+10|3.000000|3.000000|3.000000
5.459381366e+06|1.590902538e+10|1.653914354e+10|1.711011315e+10|3.000000|3.000000|3.000000
5.474296851e+06|1.563704205e+10|1.625697401e+10|1.681776083e+10|3.000000|3.000000|3.000000
5.487533374e+06|1.539743116e+10|1.600832806e+10|1.656016004e+10|3.000000|3.000000|3.000000
5.501194108e+06|1.515188904e+10|1.575346876e+10|1.629614092e+10|3.000000|3.000000|3.000000
5.514653408e+06|1.491171905e+10|1.550412916e+10|1.603785933e+10|3.000000|3.000000|3.000000
5.529136081e+06|1.465524683e+10|1.523780460e+10|1.576200601e+10|3.000000|3.000000|3.000000
5.545132019e+06|1.437435821e+10|1.494605561e+10|1.545984646e+10|3.000000|3.000000|3.000000
5.560286541e+06|1.411057287e+10|1.467200592e+10|1.517604557e+10|3.000000|3.000000|3.000000
5.574172737e+06|1.387087142e+10|1.442292362e+10|1.491812480e+10|3.000000|3.000000|3.000000
5.590917567e+06|1.358440057e+10|1.412517609e+10|1.460984358e+10|3.000000|3.000000|3.000000
5.607577746e+06|1.330219891e+10|1.383179777e+10|1.430612106e+10|3.000000|3.000000|3.000000
5.622624289e+06|1.304977089e+10|1.356931655e+10|1.403441543e+10|3.000000|3.000000|3.000000
5.637024173e+06|1.281037978e+10|1.332034407e+10|1.377672057e+10|3.000000|3.000000|3.000000
5.653952177e+06|1.253172015e+10|1.303047487e+10|1.347673060e+10|3.000000|3.000000|3.000000
5.669022981e+06|1.228616393e+10|1.277499171e+10|1.321235865e+10|3.000000|3.000000|3.000000
5.684682441e+06|1.203356357e+10|1.251213318e+10|1.294038607e+10|3.000000|3.000000|3.000000
5.698589728e+06|1.181142058e+10|1.228093112e+10|1.270119435e+10|3.000000|3.000000|3.000000
5.714302951e+06|1.156293285e+10|1.202226938e+10|1.243362418e+10|3.000000|3.000000|3.000000
5.729534900e+06|1.132460834e+10|1.177414804e+10|1.217698777e+10|3.000000|3.000000|3.000000
5.744334592e+06|1.109547166e+10|1.153555754e+10|1.193023760e+10|3.000000|3.000000|3.000000
5.761268603e+06|1.083624348e+10|1.126559457e+10|1.165107587e+10|3.000000|3.000000|3.000000
5.779235810e+06|1.056467137e+10|1.098273358e+10|1.135861545e+10|3.000000|3.000000|3.000000
5.796085986e+06|1.031325672e+10|1.072083069e+10|1.108785998e+10|3.000000|3.000000|3.000000
5.813970385e+06|1.004990354e+10|1.044645484e+10|1.080424674e+10|3.000000|3.000000|3.000000
5.831805277e+06|9.790887279e+09|1.017656325e+10|1.052530542e+10|3.000000|3.000000|3.000000
5.848076703e+06|9.557742189e+09|9.933601895e+09|1.027422833e+10|3.000000|3.000000|3.000000
5.865176804e+06|9.315999402e+09|9.681655515e+09|1.001389687e+10|3.000000|3.000000|3.000000
5.882297458e+06|9.077350555e+09|9.432910258e+09|9.756903481e+09|3.000000|3.000000|3.000000
5.898439341e+06|8.855465317e+09|9.201618702e+09|9.517969258e+09|3.000000|3.000000|3.000000
5.915481810e+06|8.624506196e+09|8.960850878e+09|9.269272485e+09|3.000000|3.000000|3.000000
5.931915486e+06|8.405030325e+09|8.732039037e+09|9.032950230e+09|3.000000|3.000000|3.000000
5.951115609e+06|8.152650426e+09|8.468907882e+09|8.761211181e+09|3.000000|3.000000|3.000000
5.970848941e+06|7.897825972e+09|8.203213921e+09|8.486855783e+09|3.000000|3.000000|3.000000
5.989911691e+06|7.656078207e+09|7.951144230e+09|8.226595585e+09|3.000000|3.000000|3.000000
6.012078803e+06|7.380449335e+09|7.663738514e+09|7.929881045e+09|3.000000|3.000000|3.000000
6.030802953e+06|7.152249685e+09|7.425785059e+09|7.684242750e+09|3.000000|3.000000|3.000000
6.050372002e+06|6.918293522e+09|7.181828995e+09|7.432426972e+09|3.000000|3.000000|3.000000
6.069066153e+06|6.699147739e+09|6.953319256e+09|7.196570675e+09|3.000000|3.000000|3.000000
6.087044942e+06|6.492411667e+09|6.737754810e+09|6.974087715e+09|3.000000|3.000000|3.000000
6.107584810e+06|6.261069015e+09|6.496542526e+09|6.725144917e+09|3.000000|3.000000|3.000000
6.131065537e+06|6.002948427e+09|6.227426688e+09|6.447414438e+09|3.000000|3.000000|3.000000
6.151869992e+06|5.779917708e+09|5.994914398e+09|6.207464060e+09|3.000000|3.000000|3.000000
6.172396179e+06|5.565101397e+09|5.770986754e+09|5.976373471e+09|3.000000|3.000000|3.000000
6.194974793e+06|5.334815413e+09|5.530961337e+09|5.728666240e+09|3.000000|3.000000|3.000000
6.217778774e+06|5.108627438e+09|5.295241254e+09|5.485392913e+09|3.000000|3.000000|3.000000
6.241965438e+06|4.875752229e+09|5.052594193e+09|5.234954631e+09|3.000000|3.000000|3.000000
6.267160987e+06|4.640853672e+09|4.807890151e+09|4.982369046e+09|3.000000|3.000000|3.000000
6.291409194e+06|4.422189702e+09|4.580152795e+09|4.747266544e+09|3.000000|3.000000|3.000000
6.315578357e+06|4.211450269e+09|4.360726664e+09|4.520708149e+09|3.000000|3.000000|3.000000
6.339493058e+06|4.009997703e+09|4.151031509e+09|4.304155417e+09|3.000000|3.000000|3.000000
6.368119530e+06|3.778065228e+09|3.909695283e+09|4.054863835e+09|3.000000|3.000000|3.000000
6.396890432e+06|3.555026035e+09|3.677713823e+09|3.815156193e+09|3.000000|3.000000|3.000000
6.422600384e+06|3.364199541e+09|3.479327849e+09|3.610087013e+09|3.000000|3.000000|3.000000
6.448819843e+06|3.177779108e+09|3.285616321e+09|3.409767856e+09|3.000000|3.000000|3.000000
6.481134525e+06|2.959297043e+09|3.058726087e+09|3.175013493e+09|3.000000|3.000000|3.000000
6.515084984e+06|2.743016732e+09|2.834293338e+09|2.942639447e+09|3.000000|3.000000|3.000000
6.551815874e+06|2.524106591e+09|2.607338930e+09|2.707449913e+09|3.000000|3.000000|3.000000
6.588285851e+06|2.321990534e+09|2.398019069e+09|2.490306754e+09|3.000000|3.000000|3.000000
6.625932367e+06|2.128949569e+09|2.198341223e+09|2.282910012e+09|3.000000|3.000000|3.000000
6.664680248e+06|1.946401894e+09|2.009785282e+09|2.086776685e+09|3.000000|3.000000|3.000000
6.701744711e+06|1.786676221e+09|1.845065177e+09|1.915148907e+09|3.000000|3.000000|3.000000
6.747400803e+06|1.609249426e+09|1.662450895e+09|1.724475789e+09|3.000000|3.000000|3.000000
6.806027280e+06|1.411241343e+09|1.459240215e+09|1.511640902e+09|3.000000|3.000000|3.000000
6.868730886e+06|1.234162481e+09|1.278236315e+09|1.321255989e+09|3.000000|3.000000|3.000000
6.938554753e+06|1.075368248e+09|1.116780390e+09|1.150512122e+09|3.000000|3.000000|3.000000
7.031859170e+06|9.178053547e+08|9.578209079e+08|9.812251971e+08|3.000000|3.000000|3.000000
7.141869882e+06|7.947213043e+08|8.348959622e+08|8.497030223e+08|3.000000|3.000000|3.000000
7.288623460e+06|6.911389575e+08|7.310155584e+08|7.421127770e+08|3.000000|3.000000|3.000000
7.505841543e+06|5.081235338e+08|5.339740815e+08|5.634924046e+08|3.000000|3.000000|3.000000
