#PHASE|Nmant|Nmant/Nmanttot|Mmant|Mmant/Mmanttot|RRRminmant|RRRminmantEq|RRRmaxmant|RRRmaxmantEq|Ncore|Ncore/Ncoretot|Mcore|Mcore/Mcoretot|RRRmincore|RRRmaxcore|
0.000000000e+00|0.000000000e+00|0.000000000e+00|0.000000000e+00|0.000000000e+00|inf|inf|-inf|inf|0.000000000e+00|0.000000000e+00|0.000000000e+00|0.000000000e+00|inf|-inf
1.000000000e+00|0.000000000e+00|0.000000000e+00|0.000000000e+00|0.000000000e+00|inf|inf|-inf|inf|0.000000000e+00|0.000000000e+00|0.000000000e+00|0.000000000e+00|inf|-inf
2.000000000e+00|5.000000000e+00|3.473331759e-05|1.084488143e+20|3.502898460e-05|6.342899952e+07|inf|3.299293035e+08|inf|5.000000000e+00|0.000000000e+00|0.000000000e+00|0.000000000e+00|inf|-inf
3.000000000e+00|1.300000000e+01|9.030662573e-05|2.784360629e+20|8.993489348e-05|3.300609496e+06|inf|3.837607536e+06|inf|1.300000000e+01|0.000000000e+00|0.000000000e+00|0.000000000e+00|inf|-inf
4.000000000e+00|6.732600000e+04|4.676910680e-01|1.445835579e+24|4.670051266e-01|3.246828999e+06|3.539662151e+06|6.910530151e+06|inf|6.732600000e+04|7.999616018e-05|1.070851450e+20|7.966071157e-05|1.929917894e+06|2.362658810e+06
5.000000000e+00|4.020000000e+02|2.792558734e-03|8.672579656e+21|2.801244636e-03|8.293107667e+06|8.293107667e+06|3.349432766e+08|inf|4.020000000e+02|0.000000000e+00|0.000000000e+00|0.000000000e+00|inf|-inf
6.000000000e+00|6.500000000e+01|4.515331286e-04|1.400854608e+21|4.524762656e-04|1.839755748e+07|1.876884829e+07|3.160486291e+08|inf|6.500000000e+01|0.000000000e+00|0.000000000e+00|0.000000000e+00|inf|-inf
7.000000000e+00|6.629000000e+03|4.604943246e-02|1.426391458e+23|4.607246723e-02|7.266603463e+06|8.397512289e+06|3.199079475e+08|inf|6.629000000e+03|3.375837960e-03|4.566405750e+21|3.396952317e-03|7.081397223e+06|1.509770277e+08
8.000000000e+00|6.951400000e+04|4.828903678e-01|1.497038633e+24|4.835437214e-01|3.396607978e+06|3.679941535e+06|8.496893089e+06|inf|6.951400000e+04|9.965441659e-01|1.339591993e+24|9.965233870e-01|7.183396123e+04|7.805109151e+06
