#RRR|P25fit|P50fit|P75fit|P25model|P50model|P75model
1.811347404e+05|3.967221627e+10|4.005241659e+10|4.043130409e+10|0.000000|0.000000|0.000000
2.756389534e+05|3.933174000e+10|3.966819687e+10|3.999842057e+10|0.000000|0.000000|0.000000
3.288528032e+05|3.906505126e+10|3.939333358e+10|3.971252549e+10|0.000000|0.000000|0.000000
3.656790193e+05|3.885030252e+10|3.917803956e+10|3.949482495e+10|0.000000|0.000000|0.000000
4.005687745e+05|3.862473792e+10|3.895498379e+10|3.927267436e+10|0.000000|0.000000|0.000000
4.275026447e+05|3.843622723e+10|3.877002343e+10|3.909016841e+10|0.000000|0.000000|0.000000
4.501684316e+05|3.826806072e+10|3.860572013e+10|3.892892170e+10|0.000000|0.000000|0.000000
4.750887060e+05|3.807327667e+10|3.841592255e+10|3.874336317e+10|0.000000|0.000000|0.000000
4.958299198e+05|3.790337004e+10|3.825063050e+10|3.858218728e+10|0.000000|0.000000|0.000000
5.146513763e+05|3.774314605e+10|3.809487193e+10|3.843054782e+10|0.000000|0.000000|0.000000
5.338311110e+05|3.757402402e+10|3.793050007e+10|3.827068449e+10|0.000000|0.000000|0.000000
5.547055412e+05|3.738332397e+10|3.774512181e+10|3.809050090e+10|0.000000|0.000000|0.000000
5.719211862e+05|3.722089954e+10|3.758715085e+10|3.793699126e+10|0.000000|0.000000|0.000000
5.881579910e+05|3.706348523e+10|3.743395051e+10|3.778811019e+10|0.000000|0.000000|0.000000
6.069802416e+05|3.687591738e+10|3.725124166e+10|3.761050655e+10|0.000000|0.000000|0.000000
6.243701260e+05|3.669780914e+10|3.707756051e+10|3.744160315e+10|0.000000|0.000000|0.000000
6.410107090e+05|3.652308141e+10|3.690698249e+10|3.727562528e+10|0.000000|0.000000|0.000000
6.556571872e+05|3.636584236e+10|3.675330511e+10|3.712600194e+10|0.000000|0.000000|0.000000
6.702112638e+05|3.620641679e+10|3.659731838e+10|3.697403472e+10|0.000000|0.000000|0.000000
6.872553902e+05|3.601571238e+10|3.641049561e+10|3.679189247e+10|0.000000|0.000000|0.000000
7.018483749e+05|3.584902248e+10|3.624699057e+10|3.663236064e+10|0.000000|0.000000|0.000000
7.168052505e+05|3.567492915e+10|3.607601748e+10|3.646541799e+10|0.000000|0.000000|0.000000
7.300433163e+05|3.551811381e+10|3.592183475e+10|3.631476144e+10|0.000000|0.000000|0.000000
7.445132054e+05|3.534378940e+10|3.575024280e+10|3.614697491e+10|0.000000|0.000000|0.000000
7.572791466e+05|3.518747386e+10|3.559620795e+10|3.599625216e+10|0.000000|0.000000|0.000000
7.723759325e+05|3.499958236e+10|3.541085252e+10|3.581475671e+10|0.000000|0.000000|0.000000
7.856471149e+05|3.483170529e+10|3.524505870e+10|3.565230456e+10|0.000000|0.000000|0.000000
7.981503850e+05|3.467123312e+10|3.508642351e+10|3.549677402e+10|0.000000|0.000000|0.000000
8.114803886e+05|3.449769046e+10|3.491470539e+10|3.532832065e+10|0.000000|0.000000|0.000000
8.234106321e+05|3.434022427e+10|3.475875621e+10|3.517525594e+10|0.000000|0.000000|0.000000
8.364790684e+05|3.416541356e+10|3.458548388e+10|3.500510583e+10|0.000000|0.000000|0.000000
8.487252362e+05|3.399940376e+10|3.442080162e+10|3.484331758e+10|0.000000|0.000000|0.000000
8.619099023e+05|3.381829886e+10|3.424100702e+10|3.466660955e+10|0.000000|0.000000|0.000000
8.733539865e+05|3.365911149e+10|3.408286123e+10|3.451112315e+10|0.000000|0.000000|0.000000
8.852793714e+05|3.349126332e+10|3.391600873e+10|3.434702786e+10|0.000000|0.000000|0.000000
8.968204218e+05|3.332691644e+10|3.375254351e+10|3.418622310e+10|0.000000|0.000000|0.000000
9.087260511e+05|3.315541309e+10|3.358187143e+10|3.401829398e+10|0.000000|0.000000|0.000000
9.202102681e+05|3.298809111e+10|3.341528255e+10|3.385435642e+10|0.000000|0.000000|0.000000
9.318363630e+05|3.281681343e+10|3.324468550e+10|3.368645646e+10|0.000000|0.000000|0.000000
9.432139483e+05|3.264735785e+10|3.307584362e+10|3.352027451e+10|0.000000|0.000000|0.000000
9.538093673e+05|3.248791615e+10|3.291693391e+10|3.336386741e+10|0.000000|0.000000|0.000000
9.653933861e+05|3.231179283e+10|3.274135699e+10|3.319106337e+10|0.000000|0.000000|0.000000
9.757494883e+05|3.215274215e+10|3.258277131e+10|3.303499700e+10|0.000000|0.000000|0.000000
9.861793459e+05|3.199103478e+10|3.242151760e+10|3.287632686e+10|0.000000|0.000000|0.000000
9.974261141e+05|3.181494714e+10|3.224591178e+10|3.270356831e+10|0.000000|0.000000|0.000000
1.007581098e+06|3.165442359e+10|3.208582524e+10|3.254611590e+10|0.000000|0.000000|0.000000
1.018567718e+06|3.147911774e+10|3.191100403e+10|3.237422193e+10|0.000000|0.000000|0.000000
1.028981411e+06|3.131138207e+10|3.174374865e+10|3.220982497e+10|0.000000|0.000000|0.000000
1.039184275e+06|3.114555705e+10|3.157842340e+10|3.204738884e+10|0.000000|0.000000|0.000000
1.048693254e+06|3.098968440e+10|3.142305094e+10|3.189479629e+10|0.000000|0.000000|0.000000
1.058670028e+06|3.082476715e+10|3.125870308e+10|3.173346447e+10|0.000000|0.000000|0.000000
1.068708206e+06|3.065741010e+10|3.109197454e+10|3.156988267e+10|0.000000|0.000000|0.000000
1.078971779e+06|3.048481498e+10|3.092009019e+10|3.140134243e+10|0.000000|0.000000|0.000000
1.089559437e+06|3.030519856e+10|3.074129098e+10|3.122613879e+10|0.000000|0.000000|0.000000
1.098329327e+06|3.015520921e+10|3.059205208e+10|3.107999917e+10|0.000000|0.000000|0.000000
1.107682966e+06|2.999402451e+10|3.043175021e+10|3.092313257e+10|0.000000|0.000000|0.000000
1.117449633e+06|2.982438478e+10|3.026313297e+10|3.075825492e+10|0.000000|0.000000|0.000000
1.127247828e+06|2.965282103e+10|3.009270923e+10|3.059175018e+10|0.000000|0.000000|0.000000
1.136085872e+06|2.949688377e+10|2.993790781e+10|3.044063676e+10|0.000000|0.000000|0.000000
1.145621206e+06|2.932737939e+10|2.976975350e+10|3.027663422e+10|0.000000|0.000000|0.000000
1.154269123e+06|2.917251250e+10|2.961623192e+10|3.012704197e+10|0.000000|0.000000|0.000000
1.164589893e+06|2.898626777e+10|2.943175540e+10|2.994747092e+10|0.000000|0.000000|0.000000
1.174210097e+06|2.881126922e+10|2.925857671e+10|2.977908843e+10|0.000000|0.000000|0.000000
1.183073597e+06|2.864883976e+10|2.909798143e+10|2.962311372e+10|0.000000|0.000000|0.000000
1.192276928e+06|2.847896512e+10|2.893018190e+10|2.946032714e+10|0.000000|0.000000|0.000000
1.200476881e+06|2.832656263e+10|2.877978375e+10|2.931458892e+10|0.000000|0.000000|0.000000
1.210032271e+06|2.814771806e+10|2.860347090e+10|2.914394733e+10|0.000000|0.000000|0.000000
1.218384299e+06|2.799029069e+10|2.844843907e+10|2.899409458e+10|0.000000|0.000000|0.000000
1.226749168e+06|2.783158398e+10|2.829231178e+10|2.884337110e+10|0.000000|0.000000|0.000000
1.235894212e+06|2.765688316e+10|2.812064815e+10|2.867787407e+10|0.000000|0.000000|0.000000
1.244451449e+06|2.749227989e+10|2.795910284e+10|2.852235406e+10|0.000000|0.000000|0.000000
1.254033457e+06|2.730666136e+10|2.777716922e+10|2.834747250e+10|0.000000|0.000000|0.000000
1.262160656e+06|2.714814152e+10|2.762200123e+10|2.819854880e+10|0.000000|0.000000|0.000000
1.270316732e+06|2.698805512e+10|2.746549721e+10|2.804856330e+10|0.000000|0.000000|0.000000
1.278581223e+06|2.682481171e+10|2.730611680e+10|2.789605490e+10|0.000000|0.000000|0.000000
1.287541251e+06|2.664665498e+10|2.713242460e+10|2.773012765e+10|0.000000|0.000000|0.000000
1.296548315e+06|2.646632600e+10|2.695688611e+10|2.756273703e+10|0.000000|0.000000|0.000000
1.304364593e+06|2.630882831e+10|2.680380167e+10|2.741701124e+10|0.000000|0.000000|0.000000
1.312592763e+06|2.614201355e+10|2.664190003e+10|2.726315500e+10|0.000000|0.000000|0.000000
1.320606068e+06|2.597854785e+10|2.648349246e+10|2.711288699e+10|0.000000|0.000000|0.000000
1.327976868e+06|2.582730786e+10|2.633715168e+10|2.697430647e+10|0.000000|0.000000|0.000000
1.336074752e+06|2.566017189e+10|2.617568016e+10|2.682167181e+10|0.000000|0.000000|0.000000
1.344391322e+06|2.548745307e+10|2.600909666e+10|2.666451316e+10|0.000000|0.000000|0.000000
1.353885754e+06|2.528894164e+10|2.581799786e+10|2.648462084e+10|0.000000|0.000000|0.000000
1.361760403e+06|2.512321562e+10|2.565876200e+10|2.633505245e+10|0.000000|0.000000|0.000000
1.369726257e+06|2.495456787e+10|2.549700618e+10|2.618343063e+10|0.000000|0.000000|0.000000
1.377936262e+06|2.477969150e+10|2.532958782e+10|2.602684075e+10|0.000000|0.000000|0.000000
1.385636086e+06|2.461470032e+10|2.517192883e+10|2.587970139e+10|0.000000|0.000000|0.000000
1.393125390e+06|2.445330429e+10|2.501798754e+10|2.573633934e+10|0.000000|0.000000|0.000000
1.400398722e+06|2.429569420e+10|2.486793082e+10|2.559689295e+10|0.000000|0.000000|0.000000
1.407867845e+06|2.413294705e+10|2.471327096e+10|2.545348243e+10|0.000000|0.000000|0.000000
1.415662594e+06|2.396213401e+10|2.455126491e+10|2.530360756e+10|0.000000|0.000000|0.000000
1.424030011e+06|2.377766294e+10|2.437667717e+10|2.514249872e+10|0.000000|0.000000|0.000000
1.432886081e+06|2.358116198e+10|2.419113542e+10|2.497175186e+10|0.000000|0.000000|0.000000
1.440678955e+06|2.340717688e+10|2.402723054e+10|2.482132755e+10|0.000000|0.000000|0.000000
1.448867160e+06|2.322327601e+10|2.385437437e+10|2.466311385e+10|0.000000|0.000000|0.000000
1.456831000e+06|2.304333772e+10|2.368563571e+10|2.450909806e+10|0.000000|0.000000|0.000000
1.464468119e+06|2.286977934e+10|2.352325266e+10|2.436129087e+10|0.000000|0.000000|0.000000
1.470700199e+06|2.272742086e+10|2.339033684e+10|2.424060819e+10|0.000000|0.000000|0.000000
1.476993486e+06|2.258299515e+10|2.325574786e+10|2.411868780e+10|0.000000|0.000000|0.000000
1.483362770e+06|2.243613789e+10|2.311916073e+10|2.399525087e+10|0.000000|0.000000|0.000000
1.490586166e+06|2.226874662e+10|2.296380794e+10|2.385521961e+10|0.000000|0.000000|0.000000
1.499384805e+06|2.206363845e+10|2.277393838e+10|2.368461127e+10|0.000000|0.000000|0.000000
1.508766949e+06|2.184345177e+10|2.257071490e+10|2.350266818e+10|0.000000|0.000000|0.000000
1.516913648e+06|2.165101605e+10|2.239362258e+10|2.334469063e+10|0.000000|0.000000|0.000000
1.525163821e+06|2.145495131e+10|2.221369288e+10|2.318473614e+10|0.000000|0.000000|0.000000
1.533422636e+06|2.125748015e+10|2.203298996e+10|2.302466609e+10|0.000000|0.000000|0.000000
1.539564019e+06|2.110985437e+10|2.189824195e+10|2.290568260e+10|0.000000|0.000000|0.000000
1.545772259e+06|2.095993920e+10|2.176170614e+10|2.278545524e+10|0.000000|0.000000|0.000000
1.551840005e+06|2.081275088e+10|2.162795173e+10|2.266800791e+10|0.000000|0.000000|0.000000
1.557700603e+06|2.066995992e+10|2.149847720e+10|2.255463440e+10|0.000000|0.000000|0.000000
1.563997342e+06|2.051585235e+10|2.135905707e+10|2.243290367e+10|0.000000|0.000000|0.000000
1.571076927e+06|2.034172746e+10|2.120192419e+10|2.229615020e+10|0.000000|0.000000|0.000000
1.580295215e+06|2.011363201e+10|2.099672910e+10|2.211828491e+10|0.000000|0.000000|0.000000
1.589718499e+06|1.987903851e+10|2.078636316e+10|2.193669337e+10|1.000000|1.000000|1.000000
1.596845019e+06|1.969986135e+10|2.062654699e+10|2.179969832e+10|1.000000|1.000000|1.000000
1.604788968e+06|1.950013214e+10|2.044839951e+10|2.164698961e+10|1.000000|1.000000|1.000000
1.611961950e+06|1.931978684e+10|2.028754141e+10|2.150910143e+10|1.000000|1.000000|1.000000
1.618197795e+06|1.916300330e+10|2.014769912e+10|2.138922807e+10|1.000000|1.000000|1.000000
1.624458171e+06|1.900560301e+10|2.000730671e+10|2.126888316e+10|1.000000|1.000000|1.000000
1.629297934e+06|1.888392018e+10|1.989877232e+10|2.117584705e+10|1.000000|1.000000|1.000000
1.635225894e+06|1.873487759e+10|1.976583452e+10|2.106189226e+10|1.000000|1.000000|1.000000
1.642855928e+06|1.846711076e+10|1.959472678e+10|2.091521803e+10|2.000000|1.000000|1.000000
1.651883308e+06|1.834457630e+10|1.939228277e+10|2.074168225e+10|2.000000|1.000000|1.000000
1.661771670e+06|1.821035517e+10|1.917053075e+10|2.055159555e+10|2.000000|1.000000|1.000000
1.671767792e+06|1.807467134e+10|1.894636215e+10|2.035943735e+10|2.000000|1.000000|1.000000
1.678723675e+06|1.798025464e+10|1.879037260e+10|2.022572251e+10|2.000000|1.000000|1.000000
1.685513180e+06|1.788809630e+10|1.863811419e+10|2.009520600e+10|2.000000|1.000000|1.000000
1.690829004e+06|1.781594119e+10|1.851890388e+10|1.999301846e+10|2.000000|1.000000|1.000000
1.695755312e+06|1.774907322e+10|1.840842867e+10|1.989831869e+10|2.000000|1.000000|1.000000
1.699855592e+06|1.769341748e+10|1.831647764e+10|1.981949790e+10|2.000000|1.000000|1.000000
1.703780874e+06|1.764013709e+10|1.822845100e+10|1.974404112e+10|2.000000|1.000000|1.000000
1.707593680e+06|1.758838341e+10|1.814294671e+10|1.967074652e+10|2.000000|1.000000|1.000000
1.712434023e+06|1.752268230e+10|1.803439931e+10|1.957769927e+10|2.000000|1.000000|1.000000
1.720567460e+06|1.741228191e+10|1.785200247e+10|1.942134799e+10|2.000000|1.000000|1.000000
1.735458408e+06|1.721015744e+10|1.751806468e+10|1.913509521e+10|2.000000|1.000000|1.000000
1.755255320e+06|1.694144117e+10|1.707410794e+10|1.875453377e+10|2.000000|1.000000|1.000000
1.764978005e+06|1.680946888e+10|1.680528099e+10|1.856763193e+10|2.000000|2.000000|1.000000
1.771011785e+06|1.672756848e+10|1.672944443e+10|1.845164292e+10|2.000000|2.000000|1.000000
1.775688482e+06|1.666408865e+10|1.667066461e+10|1.836174150e+10|2.000000|2.000000|1.000000
1.779639367e+06|1.661046073e+10|1.662100726e+10|1.828579255e+10|2.000000|2.000000|1.000000
1.783269480e+06|1.656118686e+10|1.657538158e+10|1.821600989e+10|2.000000|2.000000|1.000000
1.786383217e+06|1.651892210e+10|1.653624607e+10|1.815615368e+10|2.000000|2.000000|1.000000
1.789691868e+06|1.647401164e+10|1.649466075e+10|1.809255057e+10|2.000000|2.000000|1.000000
1.792635521e+06|1.643405553e+10|1.645766296e+10|1.803596392e+10|2.000000|2.000000|1.000000
1.795862712e+06|1.639025079e+10|1.641710148e+10|1.797392676e+10|2.000000|2.000000|1.000000
1.799691069e+06|1.633828603e+10|1.636898415e+10|1.790033321e+10|2.000000|2.000000|1.000000
1.803268418e+06|1.628972835e+10|1.632402165e+10|1.783156484e+10|2.000000|2.000000|1.000000
1.808245872e+06|1.622216615e+10|1.626146170e+10|1.773588188e+10|2.000000|2.000000|1.000000
1.816337469e+06|1.611233368e+10|1.615976114e+10|1.758033490e+10|2.000000|2.000000|1.000000
1.832746511e+06|1.588960314e+10|1.595352139e+10|1.726489938e+10|2.000000|2.000000|1.000000
1.873652414e+06|1.533436088e+10|1.543938884e+10|1.647855402e+10|2.000000|2.000000|1.000000
1.896352279e+06|1.502624094e+10|1.515408186e+10|1.604218830e+10|2.000000|2.000000|1.000000
1.904346416e+06|1.491773136e+10|1.505360624e+10|1.588851483e+10|2.000000|2.000000|1.000000
1.908669250e+06|1.485905473e+10|1.499927398e+10|1.580541580e+10|2.000000|2.000000|1.000000
1.912030064e+06|1.481343624e+10|1.495703305e+10|1.574080996e+10|2.000000|2.000000|1.000000
1.915628796e+06|1.476458833e+10|1.491180180e+10|1.567163055e+10|2.000000|2.000000|1.000000
1.919403359e+06|1.471335374e+10|1.486436058e+10|1.559907110e+10|2.000000|2.000000|1.000000
1.924264574e+06|1.464736932e+10|1.480326159e+10|1.550562262e+10|2.000000|2.000000|1.000000
1.931350175e+06|1.455119188e+10|1.471420506e+10|1.517460370e+10|2.000000|2.000000|2.000000
1.961776842e+06|1.413819107e+10|1.433178250e+10|1.479637402e+10|2.000000|2.000000|2.000000
2.001820681e+06|1.359465016e+10|1.382848494e+10|1.429859460e+10|2.000000|2.000000|2.000000
2.011395070e+06|1.346469078e+10|1.370814765e+10|1.417957668e+10|2.000000|2.000000|2.000000
2.016109951e+06|1.340069266e+10|1.364888790e+10|1.412096665e+10|2.000000|2.000000|2.000000
2.020499921e+06|1.334110475e+10|1.359371183e+10|1.406639554e+10|2.000000|2.000000|2.000000
2.025129863e+06|1.327825956e+10|1.353551965e+10|1.400884137e+10|2.000000|2.000000|2.000000
2.030074638e+06|1.321114093e+10|1.347337043e+10|1.394737356e+10|2.000000|2.000000|2.000000
2.035716607e+06|1.313455885e+10|1.340245843e+10|1.387723903e+10|2.000000|2.000000|2.000000
2.043604451e+06|1.302749204e+10|1.330331876e+10|1.377918633e+10|2.000000|2.000000|2.000000
2.060332071e+06|1.280043724e+10|1.309307492e+10|1.357124760e+10|2.000000|2.000000|2.000000
2.092607628e+06|1.236234024e+10|1.268741428e+10|1.317003462e+10|2.000000|2.000000|2.000000
2.103531364e+06|1.221406532e+10|1.255011752e+10|1.303424317e+10|2.000000|2.000000|2.000000
2.110612575e+06|1.211794747e+10|1.246111615e+10|1.294621762e+10|2.000000|2.000000|2.000000
2.115967124e+06|1.204577140e+10|1.239412574e+10|1.287989124e+10|3.000000|3.000000|3.000000
2.121703289e+06|1.196892449e+10|1.232265109e+10|1.280905881e+10|3.000000|3.000000|3.000000
2.129060266e+06|1.187106764e+10|1.223141273e+10|1.271854140e+10|3.000000|3.000000|3.000000
2.137820284e+06|1.175555911e+10|1.212339568e+10|1.261123547e+10|3.000000|3.000000|3.000000
2.149190698e+06|1.160722570e+10|1.198417327e+10|1.247270385e+10|3.000000|3.000000|3.000000
2.166351868e+06|1.138663991e+10|1.177607890e+10|1.226517391e+10|3.000000|3.000000|3.000000
2.186907155e+06|1.112739077e+10|1.152990072e+10|1.201895228e+10|3.000000|3.000000|3.000000
2.198629118e+06|1.098185417e+10|1.139094424e+10|1.187963771e+10|3.000000|3.000000|3.000000
2.206608014e+06|1.088370874e+10|1.129693076e+10|1.178524785e+10|3.000000|3.000000|3.000000
2.212784162e+06|1.080823532e+10|1.122446832e+10|1.171242232e+10|3.000000|3.000000|3.000000
2.218943502e+06|1.073339012e+10|1.115246677e+10|1.163999767e+10|3.000000|3.000000|3.000000
2.225305402e+06|1.065651813e+10|1.107836861e+10|1.156539985e+10|3.000000|3.000000|3.000000
2.233785827e+06|1.055471900e+10|1.098001514e+10|1.146628357e+10|3.000000|3.000000|3.000000
2.243904575e+06|1.043423060e+10|1.086327219e+10|1.134848969e+10|3.000000|3.000000|3.000000
2.259513918e+06|1.025037176e+10|1.068444111e+10|1.116774829e+10|3.000000|3.000000|3.000000
2.279233986e+06|1.002140635e+10|1.046059458e+10|1.094101166e+10|3.000000|3.000000|3.000000
2.290082568e+06|9.896942084e+09|1.033839130e+10|1.081700319e+10|3.000000|3.000000|3.000000
2.300235831e+06|9.781372948e+09|1.022459871e+10|1.070138905e+10|3.000000|3.000000|3.000000
2.307294551e+06|9.701533341e+09|1.014580733e+10|1.062125848e+10|3.000000|3.000000|3.000000
2.313438547e+06|9.632368610e+09|1.007743383e+10|1.055167202e+10|3.000000|3.000000|3.000000
2.321141305e+06|9.546077903e+09|9.991979901e+09|1.046463672e+10|3.000000|3.000000|3.000000
2.328868501e+06|9.459972490e+09|9.906545106e+09|1.037754942e+10|3.000000|3.000000|3.000000
2.338014596e+06|9.358632750e+09|9.805787363e+09|1.027475262e+10|3.000000|3.000000|3.000000
2.351469709e+06|9.210643574e+09|9.658253039e+09|1.012406069e+10|3.000000|3.000000|3.000000
2.366367273e+06|9.048240929e+09|9.495823070e+09|9.957925076e+09|3.000000|3.000000|3.000000
2.378634234e+06|8.915603294e+09|9.362765917e+09|9.821659385e+09|3.000000|3.000000|3.000000
2.389171551e+06|8.802415241e+09|9.248945276e+09|9.704974434e+09|3.000000|3.000000|3.000000
2.397914991e+06|8.708999911e+09|9.154822052e+09|9.608401587e+09|3.000000|3.000000|3.000000
2.405809446e+06|8.625033809e+09|9.070079408e+09|9.521392278e+09|3.000000|3.000000|3.000000
2.413977575e+06|8.538522967e+09|8.982632483e+09|9.431546989e+09|3.000000|3.000000|3.000000
2.421684348e+06|8.457229249e+09|8.900335902e+09|9.346939468e+09|3.000000|3.000000|3.000000
2.430801750e+06|8.361456863e+09|8.803232233e+09|9.247043559e+09|3.000000|3.000000|3.000000
2.440589998e+06|8.259104635e+09|8.699282460e+09|9.140028158e+09|3.000000|3.000000|3.000000
2.451070869e+06|8.150025115e+09|8.588307065e+09|9.025695185e+09|3.000000|3.000000|3.000000
2.464475400e+06|8.011259460e+09|8.446850658e+09|8.879836482e+09|3.000000|3.000000|3.000000
2.476794446e+06|7.884429733e+09|8.317298334e+09|8.746136447e+09|3.000000|3.000000|3.000000
2.486481226e+06|7.785148066e+09|8.215716403e+09|8.641227747e+09|3.000000|3.000000|3.000000
2.495546673e+06|7.692576727e+09|8.120870994e+09|8.543219050e+09|3.000000|3.000000|3.000000
2.503931556e+06|7.607238679e+09|8.033329347e+09|8.452710230e+09|3.000000|3.000000|3.000000
2.512535613e+06|7.519943452e+09|7.943676677e+09|8.359972990e+09|3.000000|3.000000|3.000000
2.520510137e+06|7.439274441e+09|7.860738947e+09|8.274141600e+09|3.000000|3.000000|3.000000
2.528279515e+06|7.360894624e+09|7.780074153e+09|8.190626508e+09|3.000000|3.000000|3.000000
2.537700729e+06|7.266124450e+09|7.682438218e+09|8.089494593e+09|3.000000|3.000000|3.000000
2.548509413e+06|7.157753508e+09|7.570656795e+09|7.973650889e+09|3.000000|3.000000|3.000000
2.560076013e+06|7.042187633e+09|7.451303294e+09|7.849892146e+09|3.000000|3.000000|3.000000
2.571521555e+06|6.928224911e+09|7.333459637e+09|7.727633114e+09|3.000000|3.000000|3.000000
2.581729739e+06|6.826899199e+09|7.228566894e+09|7.618757441e+09|3.000000|3.000000|3.000000
2.590651481e+06|6.738578056e+09|7.137050706e+09|7.523727173e+09|3.000000|3.000000|3.000000
2.599511354e+06|6.651079554e+09|7.046311033e+09|7.429468544e+09|3.000000|3.000000|3.000000
2.607985760e+06|6.567577931e+09|6.959648363e+09|7.339413845e+09|3.000000|3.000000|3.000000
2.617025756e+06|6.478702280e+09|6.867337969e+09|7.243457976e+09|3.000000|3.000000|3.000000
2.626477693e+06|6.385990080e+09|6.770968430e+09|7.143248232e+09|3.000000|3.000000|3.000000
2.635454742e+06|6.298132420e+09|6.679577582e+09|7.048184218e+09|3.000000|3.000000|3.000000
2.644646530e+06|6.208366311e+09|6.586136482e+09|6.950957100e+09|3.000000|3.000000|3.000000
2.655102117e+06|6.106489799e+09|6.480012762e+09|6.840497509e+09|3.000000|3.000000|3.000000
2.665711114e+06|6.003364563e+09|6.372509088e+09|6.728564058e+09|3.000000|3.000000|3.000000
2.674744309e+06|5.915748191e+09|6.281112876e+09|6.633373211e+09|3.000000|3.000000|3.000000
2.684169910e+06|5.824509847e+09|6.185882437e+09|6.534162024e+09|3.000000|3.000000|3.000000
2.693763363e+06|5.731836954e+09|6.089098580e+09|6.433305309e+09|3.000000|3.000000|3.000000
2.703686446e+06|5.636179243e+09|5.989140697e+09|6.329113262e+09|3.000000|3.000000|3.000000
2.713770885e+06|5.539171818e+09|5.887716035e+09|6.223364523e+09|3.000000|3.000000|3.000000
2.721602515e+06|5.463977499e+09|5.809060259e+09|6.141336756e+09|3.000000|3.000000|3.000000
2.729424299e+06|5.389001385e+09|5.730601360e+09|6.059498581e+09|3.000000|3.000000|3.000000
2.737957625e+06|5.307345601e+09|5.645118121e+09|5.970316140e+09|3.000000|3.000000|3.000000
2.747670151e+06|5.214585160e+09|5.547967851e+09|5.868940415e+09|3.000000|3.000000|3.000000
2.757963970e+06|5.116482218e+09|5.445175765e+09|5.761653497e+09|3.000000|3.000000|3.000000
2.767381173e+06|5.026923755e+09|5.351296579e+09|5.663648322e+09|3.000000|3.000000|3.000000
2.776811599e+06|4.937423565e+09|5.257441894e+09|5.565649365e+09|3.000000|3.000000|3.000000
2.787020696e+06|4.840743830e+09|5.156018901e+09|5.459726751e+09|3.000000|3.000000|3.000000
2.796693243e+06|4.749350555e+09|5.060105543e+09|5.359538520e+09|3.000000|3.000000|3.000000
2.805464897e+06|4.666645662e+09|4.973281106e+09|5.268828202e+09|3.000000|3.000000|3.000000
2.815215933e+06|4.574907320e+09|4.876942027e+09|5.168159897e+09|3.000000|3.000000|3.000000
2.824335595e+06|4.489304770e+09|4.787017854e+09|5.074178481e+09|3.000000|3.000000|3.000000
2.832235062e+06|4.415312373e+09|4.709268452e+09|4.992908695e+09|3.000000|3.000000|3.000000
2.841570729e+06|4.328059791e+09|4.617560740e+09|4.897033984e+09|3.000000|3.000000|3.000000
2.850608295e+06|4.243797211e+09|4.528970960e+09|4.804404082e+09|3.000000|3.000000|3.000000
2.859635420e+06|4.159838225e+09|4.440676923e+09|4.712069132e+09|3.000000|3.000000|3.000000
2.869703686e+06|4.066446839e+09|4.342436794e+09|4.609316324e+09|3.000000|3.000000|3.000000
2.879686167e+06|3.974121536e+09|4.245291303e+09|4.507691437e+09|3.000000|3.000000|3.000000
2.889643757e+06|3.882304571e+09|4.148655030e+09|4.406582599e+09|3.000000|3.000000|3.000000
2.898783481e+06|3.798282507e+09|4.060200973e+09|4.314020179e+09|3.000000|3.000000|3.000000
2.908547122e+06|3.708802873e+09|3.965979099e+09|4.215406851e+09|3.000000|3.000000|3.000000
2.917958970e+06|3.622829455e+09|3.875428026e+09|4.120620632e+09|3.000000|3.000000|3.000000
2.927292071e+06|3.537859400e+09|3.785913729e+09|4.026905410e+09|3.000000|3.000000|3.000000
2.936710940e+06|3.452406270e+09|3.695870854e+09|3.932622421e+09|3.000000|3.000000|3.000000
2.945409071e+06|3.373767770e+09|3.612991513e+09|3.845827464e+09|3.000000|3.000000|3.000000
2.954029556e+06|3.296102107e+09|3.531121633e+09|3.760077481e+09|3.000000|3.000000|3.000000
2.963513316e+06|3.210981939e+09|3.441375914e+09|3.666064342e+09|3.000000|3.000000|3.000000
2.973860391e+06|3.118514705e+09|3.343863091e+09|3.563897892e+09|3.000000|3.000000|3.000000
2.983776971e+06|3.030304171e+09|3.250819349e+09|3.466397151e+09|3.000000|3.000000|3.000000
2.993900794e+06|2.940681244e+09|3.156266205e+09|3.367297738e+09|3.000000|3.000000|3.000000
3.002407932e+06|2.865720480e+09|3.077166789e+09|3.284381698e+09|3.000000|3.000000|3.000000
3.012246584e+06|2.779441629e+09|2.986107662e+09|3.188913450e+09|3.000000|3.000000|3.000000
3.021804781e+06|2.696064465e+09|2.898094140e+09|3.096622227e+09|3.000000|3.000000|3.000000
3.030912288e+06|2.617040175e+09|2.814660407e+09|3.009118458e+09|3.000000|3.000000|3.000000
3.039934516e+06|2.539176698e+09|2.732437989e+09|2.922870517e+09|3.000000|3.000000|3.000000
3.049452553e+06|2.457505421e+09|2.646179529e+09|2.832372959e+09|3.000000|3.000000|3.000000
3.058575610e+06|2.379694311e+09|2.563983830e+09|2.746122169e+09|3.000000|3.000000|3.000000
3.069080654e+06|2.290689468e+09|2.469946815e+09|2.647426548e+09|3.000000|3.000000|3.000000
3.078617198e+06|2.210461573e+09|2.385167772e+09|2.558429272e+09|3.000000|3.000000|3.000000
3.089741590e+06|2.117590776e+09|2.287010867e+09|2.455366071e+09|3.000000|3.000000|3.000000
3.101164654e+06|2.023061452e+09|2.187081785e+09|2.350416387e+09|3.000000|3.000000|3.000000
3.111673779e+06|1.936874223e+09|2.095954722e+09|2.254687356e+09|3.000000|3.000000|3.000000
3.121894254e+06|1.853799589e+09|2.008104004e+09|2.162377896e+09|3.000000|3.000000|3.000000
3.131176708e+06|1.779010277e+09|1.929002948e+09|2.079242722e+09|3.000000|3.000000|3.000000
3.141739223e+06|1.694701174e+09|1.839820039e+09|1.985488462e+09|3.000000|3.000000|3.000000
3.149556407e+06|1.632867569e+09|1.774403285e+09|1.916702387e+09|3.000000|3.000000|3.000000
3.157357449e+06|1.571653775e+09|1.709635327e+09|1.848584498e+09|3.000000|3.000000|3.000000
3.165778666e+06|1.506141214e+09|1.640311671e+09|1.775659236e+09|3.000000|3.000000|3.000000
3.174738540e+06|1.437104664e+09|1.567251203e+09|1.698784344e+09|3.000000|3.000000|3.000000
3.184533163e+06|1.362447556e+09|1.488234105e+09|1.615619290e+09|3.000000|3.000000|3.000000
3.194791755e+06|1.285193145e+09|1.406459511e+09|1.529526107e+09|3.000000|3.000000|3.000000
3.206061148e+06|1.201474194e+09|1.317833449e+09|1.436188267e+09|3.000000|3.000000|3.000000
3.221305029e+06|1.090220916e+09|1.200047613e+09|1.312086507e+09|3.000000|3.000000|3.000000
3.236856806e+06|9.791920687e+08|1.082490091e+09|1.188159060e+09|3.000000|3.000000|3.000000
3.250267711e+06|8.855496917e+08|9.833380253e+08|1.083578366e+09|3.000000|3.000000|3.000000
3.262049540e+06|8.049595353e+08|8.980068649e+08|9.935307345e+08|3.000000|3.000000|3.000000
3.271814952e+06|7.393950921e+08|8.285880991e+08|9.202423015e+08|3.000000|3.000000|3.000000
3.279678294e+06|6.874382516e+08|7.735800379e+08|8.621456559e+08|3.000000|3.000000|3.000000
3.288409793e+06|6.306439643e+08|7.134551062e+08|7.986209807e+08|3.000000|3.000000|3.000000
3.296882495e+06|5.764603892e+08|6.561000747e+08|7.379982060e+08|3.000000|3.000000|3.000000
3.304617631e+06|5.278112448e+08|6.046099284e+08|6.835527129e+08|3.000000|3.000000|3.000000
3.314338264e+06|4.678098553e+08|5.411153237e+08|6.163835213e+08|3.000000|3.000000|3.000000
3.323088278e+06|4.149090219e+08|4.851468709e+08|5.571464131e+08|3.000000|3.000000|3.000000
3.332760224e+06|3.576909946e+08|4.246268604e+08|4.930582361e+08|3.000000|3.000000|3.000000
3.342506089e+06|3.014066982e+08|3.651143313e+08|4.299999944e+08|3.000000|3.000000|3.000000
3.353295625e+06|2.407465671e+08|3.010021614e+08|3.620232787e+08|3.000000|3.000000|3.000000
3.369918729e+06|1.508056147e+08|2.060093249e+08|2.612086209e+08|3.000000|3.000000|3.000000
3.392341763e+06|3.655497840e+07|8.549944735e+07|1.331184119e+08|3.000000|3.000000|3.000000
3.668365153e+06|-4.929388097e+08|-4.346793623e+08|-4.402713080e+08|3.000000|3.000000|3.000000
