#PHASE|Nmant|Nmant/Nmanttot|Mmant|Mmant/Mmanttot|RRRminmant|RRRminmantEq|RRRmaxmant|RRRmaxmantEq|Ncore|Ncore/Ncoretot|Mcore|Mcore/Mcoretot|RRRmincore|RRRmaxcore|
0.000000000e+00|0.000000000e+00|0.000000000e+00|0.000000000e+00|0.000000000e+00|inf|inf|-inf|inf|0.000000000e+00|0.000000000e+00|0.000000000e+00|0.000000000e+00|inf|-inf
1.000000000e+00|5.363400000e+04|5.729087666e-01|2.416610287e+23|5.740065816e-01|1.819813144e+06|1.837696103e+06|1.048349658e+08|inf|5.363400000e+04|0.000000000e+00|0.000000000e+00|0.000000000e+00|inf|-inf
2.000000000e+00|4.730000000e+02|5.052501148e-03|2.117694949e+21|5.030065647e-03|3.166447655e+06|3.219960644e+06|1.706690014e+08|inf|4.730000000e+02|0.000000000e+00|0.000000000e+00|0.000000000e+00|inf|-inf
3.000000000e+00|3.324000000e+04|3.550637171e-01|1.495426018e+23|3.552018218e-01|1.869014630e+06|1.869014630e+06|1.049029183e+08|inf|3.324000000e+04|0.000000000e+00|0.000000000e+00|0.000000000e+00|inf|-inf
4.000000000e+00|5.423000000e+03|5.792751317e-02|2.393395378e+22|5.684924485e-02|3.054191120e+06|3.110803653e+06|1.044975060e+08|inf|5.423000000e+03|1.000000000e+00|1.790438480e+23|1.000000000e+00|4.344690131e+04|1.746072086e+06
5.000000000e+00|8.470000000e+02|9.047502056e-03|3.752138547e+21|8.912286076e-03|3.210345109e+06|3.237142962e+06|1.701721812e+08|inf|8.470000000e+02|0.000000000e+00|0.000000000e+00|0.000000000e+00|inf|-inf
6.000000000e+00|0.000000000e+00|0.000000000e+00|0.000000000e+00|0.000000000e+00|inf|inf|-inf|inf|0.000000000e+00|0.000000000e+00|0.000000000e+00|0.000000000e+00|inf|-inf
7.000000000e+00|0.000000000e+00|0.000000000e+00|0.000000000e+00|0.000000000e+00|inf|inf|-inf|inf|0.000000000e+00|0.000000000e+00|0.000000000e+00|0.000000000e+00|inf|-inf
8.000000000e+00|0.000000000e+00|0.000000000e+00|0.000000000e+00|0.000000000e+00|inf|inf|-inf|inf|0.000000000e+00|0.000000000e+00|0.000000000e+00|0.000000000e+00|inf|-inf
