#RRR|P25fit|P50fit|P75fit|P25model|P50model|P75model
1.640213100e+05|4.410673108e+10|4.455339218e+10|4.498341825e+10|0.000000|0.000000|0.000000
2.491761816e+05|4.385050818e+10|4.422197822e+10|4.458555758e+10|0.000000|0.000000|0.000000
2.953586547e+05|4.364893736e+10|4.399506099e+10|4.433547504e+10|0.000000|0.000000|0.000000
3.323626945e+05|4.345734364e+10|4.378914312e+10|4.411595152e+10|0.000000|0.000000|0.000000
3.605771158e+05|4.329388753e+10|4.361768522e+10|4.393652489e+10|0.000000|0.000000|0.000000
3.866890475e+05|4.312958041e+10|4.344784021e+10|4.376083628e+10|0.000000|0.000000|0.000000
4.113902816e+05|4.296287943e+10|4.327728033e+10|4.358587513e+10|0.000000|0.000000|0.000000
4.328926159e+05|4.280902359e+10|4.312097307e+10|4.342647490e+10|0.000000|0.000000|0.000000
4.562081792e+05|4.263316705e+10|4.294323926e+10|4.324602016e+10|0.000000|0.000000|0.000000
4.770486009e+05|4.246816336e+10|4.277711052e+10|4.307790613e+10|0.000000|0.000000|0.000000
4.965993016e+05|4.230676889e+10|4.261503070e+10|4.291426228e+10|0.000000|0.000000|0.000000
5.170060113e+05|4.213158804e+10|4.243942126e+10|4.273725158e+10|0.000000|0.000000|0.000000
5.358273347e+05|4.196401242e+10|4.227163283e+10|4.256831851e+10|0.000000|0.000000|0.000000
5.538167491e+05|4.179852413e+10|4.210604267e+10|4.240171783e+10|0.000000|0.000000|0.000000
5.708854433e+05|4.163675134e+10|4.194421642e+10|4.223897049e+10|0.000000|0.000000|0.000000
5.885531841e+05|4.146447428e+10|4.177188382e+10|4.206568907e+10|0.000000|0.000000|0.000000
6.049931300e+05|4.129980045e+10|4.160712225e+10|4.190002184e+10|0.000000|0.000000|0.000000
6.210383757e+05|4.113505382e+10|4.144222696e+10|4.173419980e+10|0.000000|0.000000|0.000000
6.366688747e+05|4.097077059e+10|4.127771499e+10|4.156872718e+10|0.000000|0.000000|0.000000
6.525041546e+05|4.080054283e+10|4.110714989e+10|4.139711604e+10|0.000000|0.000000|0.000000
6.676621787e+05|4.063404313e+10|4.094021062e+10|4.122909562e+10|0.000000|0.000000|0.000000
6.806746192e+05|4.048835493e+10|4.079404321e+10|4.108193109e+10|0.000000|0.000000|0.000000
6.963456385e+05|4.030953882e+10|4.061451395e+10|4.090111018e+10|0.000000|0.000000|0.000000
7.106194676e+05|4.014348303e+10|4.044767084e+10|4.073300015e+10|0.000000|0.000000|0.000000
7.236306946e+05|3.998948351e+10|4.029283376e+10|4.057693119e+10|0.000000|0.000000|0.000000
7.376807028e+05|3.982037994e+10|4.012269341e+10|4.040537754e+10|0.000000|0.000000|0.000000
7.512708258e+05|3.965404471e+10|3.995522218e+10|4.023645808e+10|0.000000|0.000000|0.000000
7.644054248e+05|3.949070625e+10|3.979066058e+10|4.007042299e+10|0.000000|0.000000|0.000000
7.778296131e+05|3.932115326e+10|3.961973087e+10|3.989791567e+10|0.000000|0.000000|0.000000
7.905888879e+05|3.915755395e+10|3.945470621e+10|3.973132865e+10|0.000000|0.000000|0.000000
8.027216781e+05|3.899978060e+10|3.929547453e+10|3.957055917e+10|0.000000|0.000000|0.000000
8.154655723e+05|3.883174611e+10|3.912580406e+10|3.939922451e+10|0.000000|0.000000|0.000000
8.274378635e+05|3.867172654e+10|3.896415476e+10|3.923597237e+10|0.000000|0.000000|0.000000
8.390466345e+05|3.851456876e+10|3.880533589e+10|3.907556932e+10|0.000000|0.000000|0.000000
8.521046193e+05|3.833544170e+10|3.862425220e+10|3.889267703e+10|0.000000|0.000000|0.000000
8.636842926e+05|3.817451126e+10|3.846151556e+10|3.872832132e+10|0.000000|0.000000|0.000000
8.742004797e+05|3.802666325e+10|3.831197553e+10|3.857730579e+10|0.000000|0.000000|0.000000
8.853838991e+05|3.786765976e+10|3.815112553e+10|3.841488911e+10|0.000000|0.000000|0.000000
8.979228187e+05|3.768720560e+10|3.796855273e+10|3.823057330e+10|0.000000|0.000000|0.000000
9.084532053e+05|3.753387511e+10|3.781341192e+10|3.807398903e+10|0.000000|0.000000|0.000000
9.192413403e+05|3.737510103e+10|3.765276229e+10|3.791188914e+10|0.000000|0.000000|0.000000
9.305815078e+05|3.720635378e+10|3.748203032e+10|3.773967418e+10|0.000000|0.000000|0.000000
9.420836281e+05|3.703325612e+10|3.730691686e+10|3.756311176e+10|0.000000|0.000000|0.000000
9.520103603e+05|3.688229138e+10|3.715421949e+10|3.740921839e+10|0.000000|0.000000|0.000000
9.621151252e+05|3.672711571e+10|3.699729584e+10|3.725113859e+10|0.000000|0.000000|0.000000
9.723945803e+05|3.656769630e+10|3.683612394e+10|3.708886385e+10|0.000000|0.000000|0.000000
9.826765528e+05|3.640665762e+10|3.667336841e+10|3.692508959e+10|0.000000|0.000000|0.000000
9.933814153e+05|3.623731024e+10|3.650228336e+10|3.675304542e+10|0.000000|0.000000|0.000000
1.004034102e+06|3.606707494e+10|3.633038160e+10|3.658030457e+10|0.000000|0.000000|0.000000
1.014307884e+06|3.590126901e+10|3.616303992e+10|3.641227507e+10|0.000000|0.000000|0.000000
1.023429621e+06|3.575271228e+10|3.601318833e+10|3.626192271e+10|0.000000|0.000000|0.000000
1.033303662e+06|3.559047335e+10|3.584963114e+10|3.609795072e+10|0.000000|0.000000|0.000000
1.043340774e+06|3.542402446e+10|3.568194274e+10|3.592998797e+10|0.000000|0.000000|0.000000
1.052761319e+06|3.526639002e+10|3.552324825e+10|3.577118225e+10|0.000000|0.000000|0.000000
1.062060582e+06|3.510943930e+10|3.536535998e+10|3.561333386e+10|0.000000|0.000000|0.000000
1.071679959e+06|3.494567215e+10|3.520074823e+10|3.544893118e+10|0.000000|0.000000|0.000000
1.082232332e+06|3.476435896e+10|3.501866929e+10|3.526729215e+10|0.000000|0.000000|0.000000
1.091456882e+06|3.460442857e+10|3.485821992e+10|3.510742030e+10|0.000000|0.000000|0.000000
1.101137734e+06|3.443514226e+10|3.468855294e+10|3.493856594e+10|0.000000|0.000000|0.000000
1.109086533e+06|3.429503186e+10|3.454826488e+10|3.479911250e+10|0.000000|0.000000|0.000000
1.118753698e+06|3.412327369e+10|3.437646652e+10|3.462854433e+10|0.000000|0.000000|0.000000
1.127640896e+06|3.396405042e+10|3.421738805e+10|3.447081638e+10|0.000000|0.000000|0.000000
1.137901685e+06|3.377863204e+10|3.403236862e+10|3.428763280e+10|0.000000|0.000000|0.000000
1.146451756e+06|3.362282133e+10|3.387709236e+10|3.413412477e+10|0.000000|0.000000|0.000000
1.154603578e+06|3.347315587e+10|3.372811785e+10|3.398704812e+10|0.000000|0.000000|0.000000
1.163446586e+06|3.330956566e+10|3.356548846e+10|3.382672233e+10|0.000000|0.000000|0.000000
1.173464609e+06|3.312267624e+10|3.337996826e+10|3.364413434e+10|0.000000|0.000000|0.000000
1.181533049e+06|3.297094276e+10|3.322956618e+10|3.349635446e+10|0.000000|0.000000|0.000000
1.190062283e+06|3.280935824e+10|3.306962254e+10|3.333944688e+10|0.000000|0.000000|0.000000
1.198405778e+06|3.265010646e+10|3.291221907e+10|3.318528671e+10|0.000000|0.000000|0.000000
1.207126465e+06|3.248239350e+10|3.274670722e+10|3.302346557e+10|0.000000|0.000000|0.000000
1.215661825e+06|3.231698770e+10|3.258373455e+10|3.286441482e+10|0.000000|0.000000|0.000000
1.224677052e+06|3.214092320e+10|3.241055330e+10|3.269572199e+10|0.000000|0.000000|0.000000
1.232694017e+06|3.198317333e+10|3.225564967e+10|3.254511983e+10|0.000000|0.000000|0.000000
1.241254998e+06|3.181348292e+10|3.208930455e+10|3.238370243e+10|0.000000|0.000000|0.000000
1.249427255e+06|3.165029871e+10|3.192962036e+10|3.222905587e+10|0.000000|0.000000|0.000000
1.257214875e+06|3.149369804e+10|3.177664457e+10|3.208119434e+10|0.000000|0.000000|0.000000
1.265247982e+06|3.133103177e+10|3.161802464e+10|3.192818136e+10|0.000000|0.000000|0.000000
1.273559489e+06|3.116151297e+10|3.145303288e+10|3.176935680e+10|0.000000|0.000000|0.000000
1.281444509e+06|3.099954252e+10|3.129568883e+10|3.161821867e+10|0.000000|0.000000|0.000000
1.289823595e+06|3.082618721e+10|3.112761647e+10|3.145713234e+10|0.000000|0.000000|0.000000
1.297426654e+06|3.066777750e+10|3.097433858e+10|3.131055307e+10|0.000000|0.000000|0.000000
1.305358418e+06|3.050138604e+10|3.081365526e+10|3.115723371e+10|0.000000|0.000000|0.000000
1.313333944e+06|3.033290172e+10|3.065128741e+10|3.100266869e+10|0.000000|0.000000|0.000000
1.321857540e+06|3.015152755e+10|3.047688162e+10|3.083705665e+10|0.000000|0.000000|0.000000
1.330243416e+06|2.997175128e+10|3.030441076e+10|3.067370981e+10|0.000000|0.000000|0.000000
1.337276092e+06|2.981995838e+10|3.015909907e+10|3.053642132e+10|0.000000|0.000000|0.000000
1.344346182e+06|2.966640756e+10|3.001239945e+10|3.039813823e+10|0.000000|0.000000|0.000000
1.352605858e+06|2.948580560e+10|2.984023963e+10|3.023626788e+10|0.000000|0.000000|0.000000
1.360035036e+06|2.932223627e+10|2.968467842e+10|3.009039298e+10|0.000000|0.000000|0.000000
1.367708213e+06|2.915216644e+10|2.952330400e+10|2.993946324e+10|0.000000|0.000000|0.000000
1.375912860e+06|2.896903919e+10|2.934996485e+10|2.977779995e+10|0.000000|0.000000|0.000000
1.384255188e+06|2.878147446e+10|2.917288715e+10|2.961314636e+10|0.000000|0.000000|0.000000
1.390811924e+06|2.863308330e+10|2.903312703e+10|2.948355174e+10|0.000000|0.000000|0.000000
1.398167840e+06|2.846557880e+10|2.887572323e+10|2.933798214e+10|0.000000|0.000000|0.000000
1.406165766e+06|2.828221447e+10|2.870385482e+10|2.917950831e+10|0.000000|0.000000|0.000000
1.413609233e+06|2.811039232e+10|2.854322476e+10|2.903184969e+10|0.000000|0.000000|0.000000
1.421315274e+06|2.793131197e+10|2.837624505e+10|2.887882462e+10|0.000000|0.000000|0.000000
1.428395492e+06|2.776569379e+10|2.822221672e+10|2.873809966e+10|0.000000|0.000000|0.000000
1.435599083e+06|2.759611913e+10|2.806490872e+10|2.859481105e+10|0.000000|0.000000|0.000000
1.443015028e+06|2.742040943e+10|2.790233922e+10|2.844719540e+10|0.000000|0.000000|0.000000
1.451411024e+06|2.722007687e+10|2.771752551e+10|2.827996439e+10|0.000000|0.000000|0.000000
1.458410380e+06|2.705192210e+10|2.756284164e+10|2.814047986e+10|0.000000|0.000000|0.000000
1.465082985e+06|2.689063922e+10|2.741486276e+10|2.800745888e+10|0.000000|0.000000|0.000000
1.472607350e+06|2.670761496e+10|2.724739333e+10|2.785741589e+10|0.000000|0.000000|0.000000
1.479780824e+06|2.653197902e+10|2.708714394e+10|2.771434324e+10|0.000000|0.000000|0.000000
1.487015613e+06|2.635369943e+10|2.692494520e+10|2.757003599e+10|0.000000|0.000000|0.000000
1.494121490e+06|2.617747147e+10|2.676507334e+10|2.742830300e+10|0.000000|0.000000|0.000000
1.500476811e+06|2.601890629e+10|2.662161775e+10|2.730155465e+10|0.000000|0.000000|0.000000
1.507811620e+06|2.583477832e+10|2.645550406e+10|2.715530221e+10|0.000000|0.000000|0.000000
1.515480379e+06|2.564096903e+10|2.628120258e+10|2.700244245e+10|0.000000|0.000000|0.000000
1.522043300e+06|2.547404540e+10|2.613153144e+10|2.687168050e+10|0.000000|0.000000|0.000000
1.530012108e+06|2.527003745e+10|2.594917749e+10|2.671299339e+10|0.000000|0.000000|0.000000
1.537707827e+06|2.507162912e+10|2.577243078e+10|2.655985266e+10|0.000000|0.000000|0.000000
1.544152568e+06|2.490441283e+10|2.562393308e+10|2.643170154e+10|0.000000|0.000000|0.000000
1.551129746e+06|2.472228424e+10|2.546267496e+10|2.629307543e+10|0.000000|0.000000|0.000000
1.558119319e+06|2.453867970e+10|2.530062056e+10|2.615433421e+10|0.000000|0.000000|0.000000
1.565314496e+06|2.434846035e+10|2.513326968e+10|2.601166424e+10|0.000000|0.000000|0.000000
1.571913751e+06|2.417290476e+10|2.497931007e+10|2.588096014e+10|0.000000|0.000000|0.000000
1.578785521e+06|2.398898241e+10|2.481851886e+10|2.574502458e+10|0.000000|0.000000|0.000000
1.585449114e+06|2.380953549e+10|2.466214001e+10|2.561338200e+10|0.000000|0.000000|0.000000
1.592055778e+06|2.363054824e+10|2.450665423e+10|2.548304704e+10|0.000000|0.000000|0.000000
1.599297115e+06|2.343312980e+10|2.433572851e+10|2.534041588e+10|0.000000|0.000000|0.000000
1.605938516e+06|2.325092179e+10|2.417850439e+10|2.520982202e+10|0.000000|0.000000|0.000000
1.612256931e+06|2.307655030e+10|2.402852126e+10|2.508578743e+10|0.000000|0.000000|0.000000
1.619410338e+06|2.287792064e+10|2.385824402e+10|2.494562111e+10|0.000000|0.000000|0.000000
1.625544059e+06|2.270657033e+10|2.371184137e+10|2.482566666e+10|0.000000|0.000000|0.000000
1.631989261e+06|2.252548220e+10|2.355761131e+10|2.469986354e+10|0.000000|0.000000|0.000000
1.638741448e+06|2.233462186e+10|2.339560653e+10|2.456834864e+10|0.000000|0.000000|0.000000
1.646620052e+06|2.211042670e+10|2.320602534e+10|2.441527542e+10|0.000000|0.000000|0.000000
1.655890968e+06|2.184453175e+10|2.298218887e+10|2.423570675e+10|0.000000|0.000000|0.000000
1.664884449e+06|2.158459440e+10|2.276433936e+10|2.406206846e+10|1.000000|1.000000|1.000000
1.670760714e+06|2.141297993e+10|2.262138358e+10|2.394913949e+10|1.000000|1.000000|1.000000
1.677019950e+06|2.123018092e+10|2.246911101e+10|2.382885065e+10|1.000000|1.000000|1.000000
1.681958662e+06|2.108594740e+10|2.234896371e+10|2.373393940e+10|1.000000|1.000000|1.000000
1.686922528e+06|2.094097926e+10|2.222820446e+10|2.363854474e+10|1.000000|1.000000|1.000000
1.693105746e+06|2.076040036e+10|2.207778126e+10|2.351971683e+10|1.000000|1.000000|1.000000
1.699450176e+06|2.057511327e+10|2.192343610e+10|2.339779074e+10|1.000000|1.000000|1.000000
1.704912031e+06|2.041560154e+10|2.179056197e+10|2.329282583e+10|1.000000|1.000000|1.000000
1.711034473e+06|2.023679754e+10|2.164161727e+10|2.317516587e+10|1.000000|1.000000|1.000000
1.717869209e+06|2.003719126e+10|2.147534415e+10|2.304381720e+10|1.000000|1.000000|1.000000
1.724371010e+06|1.984730821e+10|2.131717054e+10|2.291886679e+10|1.000000|1.000000|1.000000
1.732550854e+06|1.948877943e+10|2.111817409e+10|2.276166808e+10|2.000000|1.000000|1.000000
1.742015204e+06|1.936866766e+10|2.088792860e+10|2.257978396e+10|2.000000|1.000000|1.000000
1.753812705e+06|1.921894595e+10|2.060092302e+10|2.235306179e+10|2.000000|1.000000|1.000000
1.762851470e+06|1.910423526e+10|2.038103100e+10|2.217935646e+10|2.000000|1.000000|1.000000
1.768287124e+06|1.903525155e+10|2.024879426e+10|2.207489508e+10|2.000000|1.000000|1.000000
1.773161630e+06|1.897338935e+10|2.013020895e+10|2.198121774e+10|2.000000|1.000000|1.000000
1.778188506e+06|1.890959343e+10|2.000791682e+10|2.188461217e+10|2.000000|1.000000|1.000000
1.782156122e+06|1.885924053e+10|1.985958350e+10|2.180836326e+10|2.000000|2.000000|1.000000
1.787927791e+06|1.878599247e+10|1.978008585e+10|2.169744441e+10|2.000000|2.000000|1.000000
1.794340305e+06|1.870461145e+10|1.969176135e+10|2.157420989e+10|2.000000|2.000000|1.000000
1.800671996e+06|1.862425616e+10|1.960455009e+10|2.145252864e+10|2.000000|2.000000|1.000000
1.807657750e+06|1.853560018e+10|1.950832992e+10|2.131827772e+10|2.000000|2.000000|1.000000
1.815966328e+06|1.843015628e+10|1.939388947e+10|2.115860502e+10|2.000000|2.000000|1.000000
1.824220119e+06|1.832540768e+10|1.928020365e+10|2.099998520e+10|2.000000|2.000000|1.000000
1.833174953e+06|1.821176215e+10|1.915686181e+10|2.082789285e+10|2.000000|2.000000|1.000000
1.843706105e+06|1.807811163e+10|1.901180814e+10|2.062550713e+10|2.000000|2.000000|1.000000
1.855035880e+06|1.793432583e+10|1.885575443e+10|2.040777364e+10|2.000000|2.000000|1.000000
1.861464943e+06|1.785273479e+10|1.876720199e+10|2.028422111e+10|2.000000|2.000000|1.000000
1.867469888e+06|1.777652622e+10|1.868449125e+10|2.016881919e+10|2.000000|2.000000|1.000000
1.873512000e+06|1.769984597e+10|1.860126858e+10|2.005270300e+10|2.000000|2.000000|1.000000
1.879435290e+06|1.762467367e+10|1.851968254e+10|1.993887031e+10|2.000000|2.000000|1.000000
1.884300406e+06|1.756293064e+10|1.845267155e+10|1.984537342e+10|2.000000|2.000000|1.000000
1.889720936e+06|1.749413886e+10|1.837801041e+10|1.974120268e+10|2.000000|2.000000|1.000000
1.895159480e+06|1.742511847e+10|1.830310115e+10|1.963668575e+10|2.000000|2.000000|1.000000
1.903225244e+06|1.732275612e+10|1.819200517e+10|1.948167940e+10|2.000000|2.000000|1.000000
1.911000907e+06|1.722407542e+10|1.808490497e+10|1.933224816e+10|2.000000|2.000000|1.000000
1.918661460e+06|1.712685558e+10|1.797939027e+10|1.918502907e+10|2.000000|2.000000|1.000000
1.927037270e+06|1.702055845e+10|1.786402379e+10|1.902406433e+10|2.000000|2.000000|1.000000
1.938849580e+06|1.687064879e+10|1.770132374e+10|1.879657101e+10|2.000000|2.000000|2.000000
1.953666341e+06|1.668260974e+10|1.749724106e+10|1.856796180e+10|2.000000|2.000000|2.000000
1.969130796e+06|1.648635083e+10|1.728423721e+10|1.832935927e+10|2.000000|2.000000|2.000000
1.978836934e+06|1.636317054e+10|1.715054709e+10|1.817960235e+10|2.000000|2.000000|2.000000
1.988158773e+06|1.624486738e+10|1.702215023e+10|1.803577482e+10|2.000000|2.000000|2.000000
1.995739456e+06|1.614866117e+10|1.691773563e+10|1.791881174e+10|2.000000|2.000000|2.000000
2.002271704e+06|1.606576062e+10|1.682776195e+10|1.781802508e+10|2.000000|2.000000|2.000000
2.011632892e+06|1.594695808e+10|1.669882309e+10|1.767359042e+10|2.000000|2.000000|2.000000
2.021944847e+06|1.581608937e+10|1.655678858e+10|1.751448629e+10|2.000000|2.000000|2.000000
2.032489222e+06|1.568227104e+10|1.641155277e+10|1.735179613e+10|2.000000|2.000000|2.000000
2.046545878e+06|1.550387846e+10|1.621793962e+10|1.713491466e+10|2.000000|2.000000|2.000000
2.064471404e+06|1.527638618e+10|1.597103754e+10|1.685834003e+10|2.000000|2.000000|2.000000
2.078232898e+06|1.510173949e+10|1.578148988e+10|1.664601264e+10|2.000000|2.000000|2.000000
2.087659322e+06|1.498210904e+10|1.565165247e+10|1.650057145e+10|2.000000|2.000000|2.000000
2.096137845e+06|1.487450837e+10|1.553487124e+10|1.636975552e+10|2.000000|2.000000|2.000000
2.103834671e+06|1.477682820e+10|1.542885693e+10|1.625100047e+10|2.000000|2.000000|2.000000
2.112147154e+06|1.467133473e+10|1.531436269e+10|1.612274637e+10|2.000000|2.000000|2.000000
2.121941537e+06|1.454703453e+10|1.517945711e+10|1.597162792e+10|2.000000|2.000000|2.000000
2.132093112e+06|1.441820121e+10|1.503963164e+10|1.581499831e+10|2.000000|2.000000|2.000000
2.143838418e+06|1.426914191e+10|1.487785449e+10|1.563377888e+10|2.000000|2.000000|2.000000
2.158053045e+06|1.408874452e+10|1.468206548e+10|1.541446006e+10|2.000000|2.000000|2.000000
2.168929171e+06|1.395071595e+10|1.453226021e+10|1.524665128e+10|2.000000|2.000000|2.000000
2.178961417e+06|1.382339703e+10|1.439407835e+10|1.509186281e+10|2.000000|2.000000|2.000000
2.188159528e+06|1.370666409e+10|1.426738568e+10|1.494994429e+10|2.000000|2.000000|2.000000
2.197501630e+06|1.358810376e+10|1.413870971e+10|1.480580411e+10|2.000000|2.000000|2.000000
2.206695493e+06|1.347142474e+10|1.401207555e+10|1.466395113e+10|2.000000|2.000000|2.000000
2.216783757e+06|1.334339490e+10|1.387312212e+10|1.450829836e+10|2.000000|2.000000|2.000000
2.228305257e+06|1.320156205e+10|1.371970476e+10|1.433053204e+10|3.000000|3.000000|2.000000
2.240037200e+06|1.305781510e+10|1.356434269e+10|1.415840575e+10|3.000000|3.000000|3.000000
2.251393340e+06|1.292032429e+10|1.341600490e+10|1.399280231e+10|3.000000|3.000000|3.000000
2.261501861e+06|1.279921509e+10|1.328556750e+10|1.384801656e+10|3.000000|3.000000|3.000000
2.270549269e+06|1.269177487e+10|1.317003881e+10|1.372042266e+10|3.000000|3.000000|3.000000
2.278552473e+06|1.259744453e+10|1.306875800e+10|1.360905491e+10|3.000000|3.000000|3.000000
2.287418043e+06|1.249368425e+10|1.295752155e+10|1.348726017e+10|3.000000|3.000000|3.000000
2.297453372e+06|1.237710991e+10|1.283276641e+10|1.335130052e+10|3.000000|3.000000|3.000000
2.309871381e+06|1.223405546e+10|1.268000052e+10|1.318571163e+10|3.000000|3.000000|3.000000
2.320116093e+06|1.211695970e+10|1.255523321e+10|1.305118580e+10|3.000000|3.000000|3.000000
2.330486615e+06|1.199920876e+10|1.243002719e+10|1.291681442e+10|3.000000|3.000000|3.000000
2.341103491e+06|1.187941400e+10|1.230292117e+10|1.278102816e+10|3.000000|3.000000|3.000000
2.351284599e+06|1.176519569e+10|1.218199366e+10|1.265240775e+10|3.000000|3.000000|3.000000
2.359655069e+06|1.167173700e+10|1.208323819e+10|1.254776585e+10|3.000000|3.000000|3.000000
2.367861161e+06|1.158047660e+10|1.198697520e+10|1.244609701e+10|3.000000|3.000000|3.000000
2.375888663e+06|1.149152613e+10|1.189331143e+10|1.234747846e+10|3.000000|3.000000|3.000000
2.385339867e+06|1.138718032e+10|1.178364268e+10|1.223237802e+10|3.000000|3.000000|3.000000
2.395435868e+06|1.127613300e+10|1.166717630e+10|1.211056359e+10|3.000000|3.000000|3.000000
2.407307066e+06|1.114605891e+10|1.153107801e+10|1.196873957e+10|3.000000|3.000000|3.000000
2.418543326e+06|1.102338656e+10|1.140304409e+10|1.183580857e+10|3.000000|3.000000|3.000000
2.429353875e+06|1.090572437e+10|1.128053036e+10|1.170902880e+10|3.000000|3.000000|3.000000
2.438720571e+06|1.080403320e+10|1.117487467e+10|1.160000621e+10|3.000000|3.000000|3.000000
2.447175643e+06|1.071242207e+10|1.107987223e+10|1.150221048e+10|3.000000|3.000000|3.000000
2.455977902e+06|1.061721473e+10|1.098132006e+10|1.140098319e+10|3.000000|3.000000|3.000000
2.464985517e+06|1.051994278e+10|1.088081805e+10|1.129797450e+10|3.000000|3.000000|3.000000
2.472904764e+06|1.043454069e+10|1.079273448e+10|1.120786813e+10|3.000000|3.000000|3.000000
2.481731671e+06|1.033946453e+10|1.069484086e+10|1.110790685e+10|3.000000|3.000000|3.000000
2.491658847e+06|1.023266348e+10|1.058508276e+10|1.099604299e+10|3.000000|3.000000|3.000000
2.502299686e+06|1.011831198e+10|1.046780475e+10|1.087674643e+10|3.000000|3.000000|3.000000
2.513792774e+06|9.994925782e+09|1.034153293e+10|1.074854798e+10|3.000000|3.000000|3.000000
2.522510338e+06|9.901407996e+09|1.024601208e+10|1.065172638e+10|3.000000|3.000000|3.000000
2.531353513e+06|9.806594651e+09|1.014932628e+10|1.055385075e+10|3.000000|3.000000|3.000000
2.540507884e+06|9.708490381e+09|1.004944867e+10|1.045286799e+10|3.000000|3.000000|3.000000
2.548975628e+06|9.617778138e+09|9.957241752e+09|1.035974396e+10|3.000000|3.000000|3.000000
2.557926955e+06|9.521913565e+09|9.859945297e+09|1.026157846e+10|3.000000|3.000000|3.000000
2.565744729e+06|9.438207530e+09|9.775110002e+09|1.017606141e+10|3.000000|3.000000|3.000000
2.574936858e+06|9.339803173e+09|9.675518471e+09|1.007575199e+10|3.000000|3.000000|3.000000
2.586034046e+06|9.221022445e+09|9.555500607e+09|9.954975574e+09|3.000000|3.000000|3.000000
2.596136215e+06|9.112903447e+09|9.446435249e+09|9.845310461e+09|3.000000|3.000000|3.000000
2.605250423e+06|9.015364078e+09|9.348183667e+09|9.746582767e+09|3.000000|3.000000|3.000000
2.613556959e+06|8.926471466e+09|9.258754795e+09|9.656767144e+09|3.000000|3.000000|3.000000
2.622798754e+06|8.827572598e+09|9.159381207e+09|9.557009459e+09|3.000000|3.000000|3.000000
2.631700444e+06|8.732315394e+09|9.063783651e+09|9.461081755e+09|3.000000|3.000000|3.000000
2.640655462e+06|8.636490031e+09|8.967727023e+09|9.364726519e+09|3.000000|3.000000|3.000000
2.649561228e+06|8.541195294e+09|8.872308281e+09|9.269038726e+09|3.000000|3.000000|3.000000
2.658640944e+06|8.444044769e+09|8.775135413e+09|9.171614974e+09|3.000000|3.000000|3.000000
2.666146034e+06|8.363748332e+09|8.694896420e+09|9.091182931e+09|3.000000|3.000000|3.000000
2.676512888e+06|8.252846596e+09|8.584181626e+09|8.980217642e+09|3.000000|3.000000|3.000000
2.685838520e+06|8.153100238e+09|8.484704667e+09|8.880526601e+09|3.000000|3.000000|3.000000
2.694864336e+06|8.056580434e+09|8.388531741e+09|8.784152439e+09|3.000000|3.000000|3.000000
2.704216316e+06|7.956598567e+09|8.288993494e+09|8.684408043e+09|3.000000|3.000000|3.000000
2.713898387e+06|7.853121929e+09|8.186060805e+09|8.581260668e+09|3.000000|3.000000|3.000000
2.721590291e+06|7.770944801e+09|8.104373338e+09|8.499399348e+09|3.000000|3.000000|3.000000
2.729487250e+06|7.686608910e+09|8.020589775e+09|8.415432379e+09|3.000000|3.000000|3.000000
2.739279174e+06|7.582087559e+09|7.916818336e+09|8.311424203e+09|3.000000|3.000000|3.000000
2.747773997e+06|7.491465122e+09|7.826900422e+09|8.221290559e+09|3.000000|3.000000|3.000000
2.755825839e+06|7.405620325e+09|7.741765900e+09|8.135941145e+09|3.000000|3.000000|3.000000
2.765330779e+06|7.304356365e+09|7.641388966e+09|8.035295833e+09|3.000000|3.000000|3.000000
2.774735010e+06|7.204252444e+09|7.542209317e+09|7.935833383e+09|3.000000|3.000000|3.000000
2.783125095e+06|7.115024923e+09|7.453841235e+09|7.847197344e+09|3.000000|3.000000|3.000000
2.793303299e+06|7.006894809e+09|7.346792266e+09|7.739802241e+09|3.000000|3.000000|3.000000
2.803617320e+06|6.897462177e+09|7.238491931e+09|7.631126431e+09|3.000000|3.000000|3.000000
2.811026488e+06|6.818945504e+09|7.160807678e+09|7.553156544e+09|3.000000|3.000000|3.000000
2.818839971e+06|6.736237293e+09|7.078991425e+09|7.471024323e+09|3.000000|3.000000|3.000000
2.827716744e+06|6.642397927e+09|6.986179347e+09|7.377834635e+09|3.000000|3.000000|3.000000
2.835571147e+06|6.559483940e+09|6.904183460e+09|7.295487936e+09|3.000000|3.000000|3.000000
2.844933413e+06|6.460806467e+09|6.806607346e+09|7.197473110e+09|3.000000|3.000000|3.000000
2.853700424e+06|6.368564698e+09|6.715399756e+09|7.105834472e+09|3.000000|3.000000|3.000000
2.862662231e+06|6.274445406e+09|6.622336287e+09|7.012310301e+09|3.000000|3.000000|3.000000
2.872184453e+06|6.174642616e+09|6.523649276e+09|6.913111814e+09|3.000000|3.000000|3.000000
2.880579076e+06|6.086840770e+09|6.436822085e+09|6.825815263e+09|3.000000|3.000000|3.000000
2.888610299e+06|6.003008216e+09|6.353910932e+09|6.742439210e+09|3.000000|3.000000|3.000000
2.897342908e+06|5.912050160e+09|6.263939110e+09|6.651944702e+09|3.000000|3.000000|3.000000
2.906664220e+06|5.815195895e+09|6.168115665e+09|6.555544118e+09|3.000000|3.000000|3.000000
2.915361155e+06|5.725058812e+09|6.078916281e+09|6.465788922e+09|3.000000|3.000000|3.000000
2.924213949e+06|5.633543850e+09|5.988328367e+09|6.374618646e+09|3.000000|3.000000|3.000000
2.934320249e+06|5.529376221e+09|5.885180742e+09|6.270786524e+09|3.000000|3.000000|3.000000
2.942648785e+06|5.443786768e+09|5.800397739e+09|6.185424295e+09|3.000000|3.000000|3.000000
2.950669830e+06|5.361582484e+09|5.718938208e+09|6.103394520e+09|3.000000|3.000000|3.000000
2.958983896e+06|5.276615881e+09|5.634707901e+09|6.018560793e+09|3.000000|3.000000|3.000000
2.968350879e+06|5.181191754e+09|5.540066607e+09|5.923225220e+09|3.000000|3.000000|3.000000
2.975087042e+06|5.112772574e+09|5.472177850e+09|5.854828091e+09|3.000000|3.000000|3.000000
2.983467767e+06|5.027894371e+09|5.387919349e+09|5.769926890e+09|3.000000|3.000000|3.000000
2.992294098e+06|4.938803946e+09|5.299430849e+09|5.680749709e+09|3.000000|3.000000|3.000000
3.000213845e+06|4.859133500e+09|5.220253978e+09|5.600944936e+09|3.000000|3.000000|3.000000
3.009013767e+06|4.770914447e+09|5.132529323e+09|5.512511894e+09|3.000000|3.000000|3.000000
3.017945627e+06|4.681709101e+09|5.043765119e+09|5.423017457e+09|3.000000|3.000000|3.000000
3.026244201e+06|4.599138689e+09|4.961547592e+09|5.340111537e+09|3.000000|3.000000|3.000000
3.035568464e+06|4.506726167e+09|4.869463635e+09|5.247242814e+09|3.000000|3.000000|3.000000
3.045088284e+06|4.412779677e+09|4.775775831e+09|5.152741477e+09|3.000000|3.000000|3.000000
3.055034234e+06|4.315071991e+09|4.678252750e+09|5.054355015e+09|3.000000|3.000000|3.000000
3.063952610e+06|4.227851102e+09|4.591120707e+09|4.966436832e+09|3.000000|3.000000|3.000000
3.071443325e+06|4.154882835e+09|4.518169613e+09|4.892816402e+09|3.000000|3.000000|3.000000
3.080746230e+06|4.064634803e+09|4.427868250e+09|4.801671756e+09|3.000000|3.000000|3.000000
3.088339030e+06|3.991285841e+09|4.354413276e+09|4.727518125e+09|3.000000|3.000000|3.000000
3.096146531e+06|3.916155003e+09|4.279113835e+09|4.651489924e+09|3.000000|3.000000|3.000000
3.105496872e+06|3.826570085e+09|4.189246239e+09|4.560734775e+09|3.000000|3.000000|3.000000
3.112951680e+06|3.755454273e+09|4.117841119e+09|4.488609598e+09|3.000000|3.000000|3.000000
3.118694820e+06|3.700854193e+09|4.062979047e+09|4.433184716e+09|3.000000|3.000000|3.000000
3.127058394e+06|3.621633543e+09|3.983315427e+09|4.352687960e+09|3.000000|3.000000|3.000000
3.135225423e+06|3.544609022e+09|3.905787475e+09|4.274329715e+09|3.000000|3.000000|3.000000
3.145012734e+06|3.452738550e+09|3.813220729e+09|4.180744014e+09|3.000000|3.000000|3.000000
3.154709249e+06|3.362187153e+09|3.721878963e+09|4.088364273e+09|3.000000|3.000000|3.000000
3.164308605e+06|3.272998661e+09|3.631809028e+09|3.997235689e+09|3.000000|3.000000|3.000000
3.174480792e+06|3.178979074e+09|3.536747730e+09|3.901014943e+09|3.000000|3.000000|3.000000
3.184600258e+06|3.085943240e+09|3.442565745e+09|3.805636636e+09|3.000000|3.000000|3.000000
3.193299201e+06|3.006358246e+09|3.361908209e+09|3.723912721e+09|3.000000|3.000000|3.000000
3.202465450e+06|2.922883291e+09|3.277216267e+09|3.638055085e+09|3.000000|3.000000|3.000000
3.211618267e+06|2.839918551e+09|3.192948101e+09|3.552575580e+09|3.000000|3.000000|3.000000
3.220358525e+06|2.761048057e+09|3.112751474e+09|3.471173682e+09|3.000000|3.000000|3.000000
3.229215081e+06|2.681473550e+09|3.031753014e+09|3.388900924e+09|3.000000|3.000000|3.000000
3.236232018e+06|2.618668706e+09|2.967763469e+09|3.323860644e+09|3.000000|3.000000|3.000000
3.242880964e+06|2.559349407e+09|2.907276155e+09|3.262341569e+09|3.000000|3.000000|3.000000
3.248821424e+06|2.506505125e+09|2.853351444e+09|3.207463355e+09|3.000000|3.000000|3.000000
3.255043540e+06|2.451307488e+09|2.796985406e+09|3.150064562e+09|3.000000|3.000000|3.000000
3.263342643e+06|2.377919661e+09|2.721981712e+09|3.073625560e+09|3.000000|3.000000|3.000000
3.274523565e+06|2.279455832e+09|2.621239764e+09|2.970836789e+09|3.000000|3.000000|3.000000
3.285280709e+06|2.185141300e+09|2.524627631e+09|2.872121166e+09|3.000000|3.000000|3.000000
3.296797079e+06|2.084591990e+09|2.421508571e+09|2.766589214e+09|3.000000|3.000000|3.000000
3.308088460e+06|1.986395554e+09|2.320687803e+09|2.663224892e+09|3.000000|3.000000|3.000000
3.322290580e+06|1.863372470e+09|2.194226243e+09|2.533287119e+09|3.000000|3.000000|3.000000
3.332909486e+06|1.771696849e+09|2.099887047e+09|2.436126605e+09|3.000000|3.000000|3.000000
3.341754694e+06|1.695505456e+09|2.021421476e+09|2.355152549e+09|3.000000|3.000000|3.000000
3.349152232e+06|1.631885877e+09|1.955864183e+09|2.287378938e+09|3.000000|3.000000|3.000000
3.357272611e+06|1.562138584e+09|1.883955362e+09|2.212905282e+09|3.000000|3.000000|3.000000
3.364477134e+06|1.500320142e+09|1.820191571e+09|2.146743683e+09|3.000000|3.000000|3.000000
3.370704788e+06|1.446919500e+09|1.765090379e+09|2.089472244e+09|3.000000|3.000000|3.000000
3.376207226e+06|1.399756900e+09|1.716411994e+09|2.038797599e+09|3.000000|3.000000|3.000000
3.383534804e+06|1.336966678e+09|1.651585977e+09|1.971193241e+09|3.000000|3.000000|3.000000
3.391127256e+06|1.271909594e+09|1.584401553e+09|1.900978554e+09|3.000000|3.000000|3.000000
3.397125237e+06|1.220504430e+09|1.531305027e+09|1.845373821e+09|3.000000|3.000000|3.000000
3.407184961e+06|1.134238205e+09|1.442185720e+09|1.751808915e+09|3.000000|3.000000|3.000000
3.417970007e+06|1.041633687e+09|1.346507904e+09|1.651012281e+09|3.000000|3.000000|3.000000
3.429779806e+06|9.400164866e+08|1.241520695e+09|1.539970763e+09|3.000000|3.000000|3.000000
3.446463016e+06|7.959188483e+08|1.092682471e+09|1.381710873e+09|3.000000|3.000000|3.000000
3.464536320e+06|6.388130693e+08|9.305152585e+08|1.208073945e+09|3.000000|3.000000|3.000000
3.477792470e+06|5.227166888e+08|8.107901672e+08|1.079018135e+09|3.000000|3.000000|3.000000
3.487226359e+06|4.395555856e+08|7.251058838e+08|9.861819048e+08|3.000000|3.000000|3.000000
3.496409589e+06|3.581110865e+08|6.412631310e+08|8.949434090e+08|3.000000|3.000000|3.000000
3.503113288e+06|2.983182158e+08|5.797610453e+08|8.277593108e+08|3.000000|3.000000|3.000000
3.509691619e+06|2.393416461e+08|5.191453471e+08|7.613258673e+08|3.000000|3.000000|3.000000
3.515158372e+06|1.900877327e+08|4.685606414e+08|7.057178518e+08|3.000000|3.000000|3.000000
3.520959498e+06|1.375651072e+08|4.146595057e+08|6.462928762e+08|3.000000|3.000000|3.000000
3.527072994e+06|8.191241631e+07|3.575944316e+08|5.831844573e+08|3.000000|3.000000|3.000000
3.533567788e+06|2.242910001e+07|2.966594446e+08|5.155714154e+08|3.000000|3.000000|3.000000
3.538867618e+06|-2.639976597e+07|2.466858563e+08|4.599455056e+08|3.000000|3.000000|3.000000
3.543343464e+06|-6.784976441e+07|2.042986988e+08|4.126387602e+08|3.000000|3.000000|3.000000
