#RRR|P25fit|P50fit|P75fit|P25model|P50model|P75model
1.786297707e+05|4.485216167e+10|4.510103691e+10|4.538988874e+10|0.000000|0.000000|0.000000
2.711886363e+05|4.440056080e+10|4.460349538e+10|4.122464226e+10|0.000000|0.000000|2.000000
3.226735067e+05|4.412294540e+10|4.431928677e+10|4.060890093e+10|0.000000|0.000000|2.000000
3.611289649e+05|4.390230165e+10|4.410014815e+10|4.014898688e+10|0.000000|0.000000|2.000000
3.931246442e+05|4.370965351e+10|4.391199709e+10|3.976632957e+10|0.000000|0.000000|2.000000
4.204156517e+05|4.353859154e+10|4.374659800e+10|3.943993851e+10|0.000000|0.000000|2.000000
4.457036049e+05|4.337438288e+10|4.358880567e+10|3.913750329e+10|0.000000|0.000000|2.000000
4.689059005e+05|4.321877109e+10|4.343983472e+10|3.886001182e+10|0.000000|0.000000|2.000000
4.907594649e+05|4.306777832e+10|4.329557704e+10|3.859865071e+10|0.000000|0.000000|2.000000
5.128339232e+05|4.291080922e+10|4.314572632e+10|3.833464778e+10|0.000000|0.000000|2.000000
5.346645355e+05|4.275108858e+10|4.299321419e+10|3.807356117e+10|0.000000|0.000000|2.000000
5.526416099e+05|4.261615239e+10|4.286424637e+10|3.785856155e+10|0.000000|0.000000|2.000000
5.718417211e+05|4.246857847e+10|4.272299604e+10|3.762893482e+10|0.000000|0.000000|2.000000
5.914051494e+05|4.231448119e+10|4.257520920e+10|3.739496295e+10|0.000000|0.000000|2.000000
6.102835219e+05|4.216215426e+10|4.242877369e+10|3.716918411e+10|0.000000|0.000000|2.000000
6.269154500e+05|4.202496027e+10|4.229655800e+10|3.697027197e+10|0.000000|0.000000|2.000000
6.430654962e+05|4.188902249e+10|4.216522486e+10|3.677712298e+10|0.000000|0.000000|2.000000
6.596840951e+05|4.174630969e+10|4.202697895e+10|3.657837025e+10|0.000000|0.000000|2.000000
6.769796775e+05|4.159469637e+10|4.187968706e+10|3.637152104e+10|0.000000|0.000000|2.000000
6.939705297e+05|4.144265104e+10|4.173152992e+10|3.616831629e+10|0.000000|0.000000|2.000000
7.075533318e+05|4.131886612e+10|4.161057958e+10|3.600587065e+10|0.000000|0.000000|2.000000
7.226031398e+05|4.117936611e+10|4.147391960e+10|3.582588013e+10|0.000000|0.000000|2.000000
7.371407763e+05|4.104224920e+10|4.133923212e+10|3.565201500e+10|0.000000|0.000000|2.000000
7.530387179e+05|4.088961552e+10|4.118888800e+10|3.546188109e+10|0.000000|0.000000|2.000000
7.675829932e+05|4.074749572e+10|4.104851626e+10|3.528793656e+10|0.000000|0.000000|2.000000
7.814421245e+05|4.060984279e+10|4.091221351e+10|3.512218612e+10|0.000000|0.000000|2.000000
7.949586978e+05|4.047347943e+10|4.077686536e+10|3.496053255e+10|0.000000|0.000000|2.000000
8.079114400e+05|4.034083036e+10|4.064490661e+10|3.480562221e+10|0.000000|0.000000|2.000000
8.218666009e+05|4.019573574e+10|4.050024434e+10|3.463872329e+10|0.000000|0.000000|2.000000
8.353431377e+05|4.005345411e+10|4.035807321e+10|3.447754855e+10|0.000000|0.000000|2.000000
8.493611069e+05|3.990318234e+10|4.020759731e+10|3.430989846e+10|0.000000|0.000000|2.000000
8.606242454e+05|3.978074964e+10|4.008476665e+10|3.417519520e+10|0.000000|0.000000|2.000000
8.731514937e+05|3.964279150e+10|3.994612386e+10|3.402537362e+10|0.000000|0.000000|2.000000
8.855797381e+05|3.950405411e+10|3.980645916e+10|3.387673609e+10|0.000000|0.000000|2.000000
8.981827059e+05|3.936145144e+10|3.966266890e+10|3.372600893e+10|0.000000|0.000000|2.000000
9.110596801e+05|3.921374304e+10|3.951349638e+10|3.357200475e+10|0.000000|0.000000|2.000000
9.228128682e+05|3.907714412e+10|3.937534646e+10|3.343144067e+10|0.000000|0.000000|2.000000
9.344677547e+05|3.893999825e+10|3.923646711e+10|3.329205223e+10|0.000000|0.000000|2.000000
9.458295547e+05|3.880467190e+10|3.909927061e+10|3.315616902e+10|0.000000|0.000000|2.000000
9.566308295e+05|3.867452158e+10|3.896718435e+10|3.302698949e+10|0.000000|0.000000|2.000000
9.683121858e+05|3.853211138e+10|3.882251542e+10|3.288728448e+10|0.000000|0.000000|2.000000
9.801387299e+05|3.838616872e+10|3.867412100e+10|3.274584309e+10|0.000000|0.000000|2.000000
9.914410876e+05|3.824502790e+10|3.853049203e+10|3.261067078e+10|0.000000|0.000000|2.000000
1.002020316e+06|3.811143319e+10|3.839444913e+10|3.248414685e+10|0.000000|0.000000|2.000000
1.013396681e+06|3.796616223e+10|3.824642739e+10|3.234808943e+10|0.000000|0.000000|2.000000
1.023722887e+06|3.783284934e+10|3.811052136e+10|3.222459156e+10|0.000000|0.000000|2.000000
1.033774298e+06|3.770175039e+10|3.797681950e+10|3.210438014e+10|0.000000|0.000000|2.000000
1.044830930e+06|3.755601337e+10|3.782814048e+10|3.197214663e+10|0.000000|0.000000|2.000000
1.056259972e+06|3.740367760e+10|3.767268997e+10|3.183545923e+10|0.000000|0.000000|2.000000
1.066765848e+06|3.726212347e+10|3.752821920e+10|3.170981256e+10|0.000000|0.000000|2.000000
1.077057555e+06|3.712203350e+10|3.738523425e+10|3.158672729e+10|0.000000|0.000000|2.000000
1.086666660e+06|3.698995932e+10|3.725043379e+10|3.147180570e+10|0.000000|0.000000|2.000000
1.095577660e+06|3.686637474e+10|3.712430978e+10|3.136523321e+10|0.000000|0.000000|2.000000
1.106322306e+06|3.671593884e+10|3.697080952e+10|3.123673094e+10|0.000000|0.000000|2.000000
1.116627373e+06|3.657019179e+10|3.682213411e+10|3.111348588e+10|0.000000|0.000000|2.000000
1.126798929e+06|3.642491946e+10|3.667399510e+10|3.099183757e+10|0.000000|0.000000|2.000000
1.137129251e+06|3.627593600e+10|3.652213843e+10|3.086829047e+10|0.000000|0.000000|2.000000
1.147127501e+06|3.613035041e+10|3.637382247e+10|3.074871484e+10|0.000000|0.000000|2.000000
1.156386678e+06|3.599430108e+10|3.623530103e+10|3.063797827e+10|0.000000|0.000000|2.000000
1.165100680e+06|3.586518177e+10|3.610391509e+10|3.053376180e+10|0.000000|0.000000|2.000000
1.174576724e+06|3.572357742e+10|3.595992339e+10|3.042043158e+10|0.000000|0.000000|2.000000
1.184378124e+06|3.557579799e+10|3.580977280e+10|3.030321021e+10|0.000000|0.000000|2.000000
1.194034051e+06|3.542890119e+10|3.566065159e+10|3.018772864e+10|0.000000|0.000000|2.000000
1.202824866e+06|3.529403001e+10|3.552386368e+10|3.008259352e+10|0.000000|0.000000|2.000000
1.212915132e+06|3.513788343e+10|3.536565905e+10|2.996191741e+10|0.000000|0.000000|2.000000
1.222392831e+06|3.498990829e+10|3.521590363e+10|2.984856740e+10|0.000000|0.000000|2.000000
1.230758823e+06|3.485823365e+10|3.508279238e+10|2.974851301e+10|0.000000|0.000000|2.000000
1.239817987e+06|3.471452799e+10|3.493768601e+10|2.964016852e+10|0.000000|0.000000|2.000000
1.248473727e+06|3.457612948e+10|3.479811151e+10|2.953664885e+10|0.000000|0.000000|2.000000
1.256752101e+06|3.444276289e+10|3.466377966e+10|2.943764234e+10|0.000000|0.000000|2.000000
1.265725782e+06|3.429708487e+10|3.451724381e+10|2.933032021e+10|0.000000|0.000000|2.000000
1.275994997e+06|3.412895394e+10|3.434838895e+10|2.920750393e+10|0.000000|0.000000|2.000000
1.285333675e+06|3.397473658e+10|3.419376897e+10|2.909581655e+10|0.000000|0.000000|2.000000
1.293351301e+06|3.384132735e+10|3.406022102e+10|2.899992850e+10|0.000000|0.000000|2.000000
1.301609619e+06|3.370293710e+10|3.392189932e+10|2.890116187e+10|0.000000|0.000000|2.000000
1.309421067e+06|3.357112130e+10|3.379035611e+10|2.880773964e+10|0.000000|0.000000|2.000000
1.318112653e+06|3.342340605e+10|3.364319390e+10|2.870379126e+10|0.000000|0.000000|2.000000
1.326122783e+06|3.328629271e+10|3.350683472e+10|2.860799286e+10|0.000000|0.000000|2.000000
1.335099933e+06|3.313150665e+10|3.335318658e+10|2.850062924e+10|0.000000|0.000000|2.000000
1.343754188e+06|3.298116438e+10|3.320424846e+10|2.839712732e+10|0.000000|0.000000|2.000000
1.352663305e+06|3.282523909e+10|3.305009906e+10|2.829057735e+10|0.000000|0.000000|2.000000
1.361378403e+06|3.267157194e+10|3.289850865e+10|2.818634778e+10|0.000000|0.000000|2.000000
1.368993333e+06|3.253637984e+10|3.276541805e+10|2.809527583e+10|0.000000|0.000000|2.000000
1.377494109e+06|3.238444084e+10|3.261615435e+10|2.799360948e+10|0.000000|0.000000|2.000000
1.385846467e+06|3.223410389e+10|3.246879798e+10|2.789371816e+10|0.000000|0.000000|2.000000
1.392844217e+06|3.210734518e+10|3.234481532e+10|2.781002746e+10|0.000000|0.000000|2.000000
1.400444742e+06|3.196883549e+10|3.220961922e+10|2.771912781e+10|0.000000|0.000000|2.000000
1.408576578e+06|3.181968156e+10|3.206436656e+10|2.762187384e+10|0.000000|0.000000|2.000000
1.418143317e+06|3.164293254e+10|3.189269631e+10|2.750745894e+10|0.000000|0.000000|2.000000
1.425518896e+06|3.150572181e+10|3.175977537e+10|2.741924955e+10|0.000000|0.000000|2.000000
1.433317345e+06|3.135974798e+10|3.161870424e+10|2.732598278e+10|0.000000|0.000000|2.000000
1.442159094e+06|3.119312833e+10|3.145811484e+10|2.722023851e+10|0.000000|0.000000|2.000000
1.450027139e+06|3.104385727e+10|3.131464562e+10|2.712613940e+10|0.000000|0.000000|2.000000
1.457185200e+06|3.090723548e+10|3.118367002e+10|2.704053145e+10|0.000000|0.000000|2.000000
1.464441074e+06|3.076794740e+10|3.105047354e+10|2.695375370e+10|0.000000|0.000000|2.000000
1.471392464e+06|3.063374796e+10|3.092246747e+10|2.687061746e+10|0.000000|0.000000|2.000000
1.479602055e+06|3.047430316e+10|3.077080040e+10|2.677243358e+10|0.000000|0.000000|2.000000
1.487982557e+06|3.031046957e+10|3.061543933e+10|2.667220566e+10|0.000000|0.000000|2.000000
1.496554936e+06|3.014176454e+10|3.045597515e+10|2.656968296e+10|0.000000|0.000000|2.000000
1.503631776e+06|3.000163619e+10|3.032392592e+10|2.648504639e+10|0.000000|0.000000|2.000000
1.511420706e+06|2.984651127e+10|3.017817720e+10|2.639189346e+10|0.000000|0.000000|2.000000
1.518674246e+06|2.970120281e+10|3.004206849e+10|2.630514362e+10|0.000000|0.000000|2.000000
1.526098134e+06|2.955163483e+10|2.990239587e+10|2.621635647e+10|0.000000|0.000000|2.000000
1.533473497e+06|2.940219446e+10|2.976327863e+10|2.612814966e+10|0.000000|0.000000|2.000000
1.539946188e+06|2.927034481e+10|2.964090272e+10|2.605073851e+10|0.000000|0.000000|2.000000
1.548194168e+06|2.910138317e+10|2.948458782e+10|2.595209551e+10|0.000000|0.000000|2.000000
1.555659940e+06|2.894752649e+10|2.934274715e+10|2.586280745e+10|0.000000|0.000000|2.000000
1.563104530e+06|2.879323534e+10|2.920098940e+10|2.577377271e+10|0.000000|0.000000|2.000000
1.570087070e+06|2.864772841e+10|2.906775010e+10|2.569026393e+10|0.000000|0.000000|2.000000
1.577647089e+06|2.848932179e+10|2.892319746e+10|2.559984870e+10|0.000000|0.000000|2.000000
1.585763531e+06|2.831825248e+10|2.876767907e+10|2.550277885e+10|0.000000|0.000000|2.000000
1.593626454e+06|2.815153340e+10|2.861671002e+10|2.540874100e+10|0.000000|0.000000|2.000000
1.599967488e+06|2.801637000e+10|2.849475019e+10|2.533290442e+10|0.000000|0.000000|2.000000
1.606675274e+06|2.787269478e+10|2.836554017e+10|2.525268160e+10|0.000000|0.000000|2.000000
1.614100042e+06|2.771282881e+10|2.822229456e+10|2.516388394e+10|0.000000|0.000000|2.000000
1.620315089e+06|2.757833533e+10|2.810221521e+10|2.508955411e+10|0.000000|0.000000|2.000000
1.626926766e+06|2.743458295e+10|2.797430852e+10|2.501048073e+10|0.000000|0.000000|2.000000
1.634127085e+06|2.727723843e+10|2.783483194e+10|2.492436739e+10|0.000000|0.000000|2.000000
1.641597196e+06|2.711312221e+10|2.768994048e+10|2.483502743e+10|0.000000|0.000000|2.000000
1.650369424e+06|2.691925781e+10|2.751956505e+10|2.473011460e+10|0.000000|0.000000|2.000000
1.657573496e+06|2.675912603e+10|2.737947678e+10|2.464395638e+10|0.000000|0.000000|2.000000
1.664355214e+06|2.660762015e+10|2.724747311e+10|2.456284936e+10|0.000000|0.000000|2.000000
1.671440548e+06|2.644854071e+10|2.710943797e+10|2.447811121e+10|0.000000|0.000000|2.000000
1.677850158e+06|2.630393544e+10|2.698446958e+10|2.440145449e+10|0.000000|0.000000|2.000000
1.684134058e+06|2.616152252e+10|2.686187091e+10|2.432630120e+10|0.000000|0.000000|2.000000
1.690202914e+06|2.602337731e+10|2.674339921e+10|2.425371976e+10|0.000000|0.000000|2.000000
1.697406191e+06|2.585863569e+10|2.660270534e+10|2.416757106e+10|0.000000|0.000000|2.000000
1.704293754e+06|2.570032808e+10|2.646811106e+10|2.408519817e+10|0.000000|0.000000|2.000000
1.711314833e+06|2.553815916e+10|2.633085213e+10|2.400122848e+10|0.000000|0.000000|2.000000
1.718838818e+06|2.536348500e+10|2.618371299e+10|2.391124420e+10|0.000000|0.000000|2.000000
1.725687747e+06|2.520368155e+10|2.604974384e+10|2.382933338e+10|0.000000|0.000000|2.000000
1.732917963e+06|2.503415199e+10|2.590829694e+10|2.374286249e+10|0.000000|0.000000|2.000000
1.739140043e+06|2.488757745e+10|2.578656655e+10|2.366844854e+10|0.000000|0.000000|2.000000
1.746393263e+06|2.471591346e+10|2.564466791e+10|2.358170253e+10|0.000000|0.000000|2.000000
1.754170999e+06|2.453087890e+10|2.549252918e+10|2.348868349e+10|0.000000|0.000000|2.000000
1.760755757e+06|2.437345064e+10|2.536375579e+10|2.340993205e+10|0.000000|0.000000|2.000000
1.766732791e+06|2.422993575e+10|2.524690025e+10|2.333844877e+10|0.000000|0.000000|2.000000
1.772097829e+06|2.410061572e+10|2.514204328e+10|2.327428476e+10|0.000000|0.000000|2.000000
1.778875508e+06|2.393656829e+10|2.500963169e+10|2.319322606e+10|0.000000|0.000000|2.000000
1.785378425e+06|2.377846022e+10|2.488265558e+10|2.311545340e+10|0.000000|0.000000|2.000000
1.792180769e+06|2.361232603e+10|2.474991531e+10|2.303409971e+10|0.000000|0.000000|2.000000
1.798797527e+06|2.344999168e+10|2.462088879e+10|2.295496557e+10|0.000000|0.000000|2.000000
1.805693788e+06|2.328003005e+10|2.448652102e+10|2.287248865e+10|0.000000|0.000000|2.000000
1.813165029e+06|2.309500978e+10|2.434109060e+10|2.278313519e+10|0.000000|0.000000|2.000000
1.820725255e+06|2.290684453e+10|2.419409302e+10|2.269271748e+10|0.000000|0.000000|2.000000
1.827672089e+06|2.273311008e+10|2.405918295e+10|2.260963574e+10|0.000000|0.000000|2.000000
1.833059312e+06|2.259782850e+10|2.395467611e+10|2.254520641e+10|0.000000|0.000000|2.000000
1.838903252e+06|2.245053252e+10|2.384143105e+10|2.247531490e+10|0.000000|0.000000|2.000000
1.844585050e+06|2.230677851e+10|2.373145690e+10|2.240736255e+10|0.000000|0.000000|2.000000
1.851228252e+06|2.213801837e+10|2.360304557e+10|2.232791213e+10|0.000000|0.000000|2.000000
1.857557363e+06|2.197655285e+10|2.348088790e+10|2.225221814e+10|0.000000|0.000000|2.000000
1.865079943e+06|2.178377049e+10|2.333594139e+10|2.216225068e+10|0.000000|0.000000|2.000000
1.871849534e+06|2.160947681e+10|2.320574619e+10|2.208128870e+10|0.000000|0.000000|2.000000
1.878561887e+06|2.143589995e+10|2.307689206e+10|2.200101126e+10|0.000000|0.000000|2.000000
1.884757099e+06|2.127502655e+10|2.295818874e+10|2.192691866e+10|0.000000|0.000000|2.000000
1.891696271e+06|2.109407063e+10|2.282549840e+10|2.184392855e+10|0.000000|0.000000|2.000000
1.898135402e+06|2.092554234e+10|2.270259064e+10|2.176691876e+10|1.000000|1.000000|2.000000
1.905159672e+06|2.074043593e+10|2.256900706e+10|2.168291090e+10|1.000000|1.000000|2.000000
1.911227058e+06|2.058054573e+10|2.245362097e+10|2.161034706e+10|1.000000|1.000000|2.000000
1.917046055e+06|2.042720118e+10|2.234295859e+10|2.154075386e+10|1.000000|1.000000|2.000000
1.923864962e+06|2.024750657e+10|2.221328048e+10|2.145920207e+10|1.000000|1.000000|2.000000
1.930900961e+06|2.006209107e+10|2.207947384e+10|2.137505394e+10|1.000000|1.000000|2.000000
1.936890686e+06|1.990424741e+10|2.196556466e+10|2.130341889e+10|1.000000|1.000000|2.000000
1.943014687e+06|1.974286527e+10|2.184910189e+10|2.123017795e+10|1.000000|1.000000|2.000000
1.949031511e+06|1.958430748e+10|2.173467734e+10|2.115821880e+10|1.000000|1.000000|2.000000
1.955609127e+06|1.941097150e+10|2.160958799e+10|2.107955279e+10|1.000000|1.000000|2.000000
1.961612810e+06|1.925276002e+10|2.149541335e+10|2.100775081e+10|1.000000|1.000000|2.000000
1.968706536e+06|1.906582326e+10|2.136050889e+10|2.092291228e+10|1.000000|1.000000|2.000000
1.975752354e+06|1.888014903e+10|2.122651553e+10|2.083864672e+10|1.000000|1.000000|2.000000
1.982315353e+06|1.870719823e+10|2.110170414e+10|2.076015551e+10|1.000000|1.000000|2.000000
1.989496920e+06|1.851794667e+10|2.096512918e+10|2.067426644e+10|1.000000|1.000000|2.000000
1.995763485e+06|1.835280760e+10|2.084595520e+10|2.059932048e+10|1.000000|1.000000|2.000000
2.001253662e+06|1.820812825e+10|2.074154614e+10|2.053365986e+10|1.000000|1.000000|2.000000
2.007232086e+06|1.805058238e+10|2.062785185e+10|2.046215995e+10|1.000000|1.000000|2.000000
2.013669942e+06|1.782173308e+10|2.050542037e+10|2.038516541e+10|2.000000|1.000000|2.000000
2.020336312e+06|1.776161890e+10|2.037864312e+10|2.030543792e+10|2.000000|1.000000|2.000000
2.026549253e+06|1.770559353e+10|2.026048894e+10|2.023113328e+10|2.000000|1.000000|2.000000
2.033995900e+06|1.763844319e+10|2.011887285e+10|2.014207396e+10|2.000000|1.000000|2.000000
2.040974447e+06|1.757551394e+10|1.998615880e+10|2.005861293e+10|2.000000|1.000000|2.000000
2.047869304e+06|1.751333938e+10|1.985503633e+10|1.997615282e+10|2.000000|1.000000|2.000000
2.053858629e+06|1.745933048e+10|1.974113475e+10|1.990452255e+10|2.000000|1.000000|2.000000
2.059568262e+06|1.740784370e+10|1.963255219e+10|1.983623730e+10|2.000000|1.000000|2.000000
2.065187172e+06|1.735717503e+10|1.952569495e+10|1.976903708e+10|2.000000|1.000000|2.000000
2.071138029e+06|1.730351300e+10|1.941252492e+10|1.969786686e+10|2.000000|1.000000|2.000000
2.077104831e+06|1.724970720e+10|1.929905168e+10|1.962650597e+10|2.000000|1.000000|2.000000
2.082478134e+06|1.720125329e+10|1.919686526e+10|1.956224312e+10|2.000000|1.000000|2.000000
2.088777630e+06|1.714444741e+10|1.907706501e+10|1.948690331e+10|2.000000|1.000000|2.000000
2.095178398e+06|1.708672831e+10|1.895533885e+10|1.941035233e+10|2.000000|1.000000|2.000000
2.102812861e+06|1.701788432e+10|1.881015096e+10|1.931904677e+10|2.000000|1.000000|2.000000
2.111020688e+06|1.694387002e+10|1.865405917e+10|1.922088399e+10|2.000000|1.000000|2.000000
2.119570256e+06|1.686677405e+10|1.849146834e+10|1.911863410e+10|2.000000|1.000000|2.000000
2.127011961e+06|1.679966826e+10|1.834994621e+10|1.902963386e+10|2.000000|1.000000|2.000000
2.133401495e+06|1.674205046e+10|1.822843369e+10|1.895321724e+10|2.000000|1.000000|2.000000
2.140599924e+06|1.667713843e+10|1.809153806e+10|1.886712651e+10|2.000000|1.000000|2.000000
2.146751547e+06|1.662166600e+10|1.797454998e+10|1.879355521e+10|2.000000|1.000000|2.000000
2.152224905e+06|1.657230984e+10|1.787046077e+10|1.872809573e+10|2.000000|1.000000|2.000000
2.157108346e+06|1.652827328e+10|1.777759026e+10|1.866969146e+10|2.000000|1.000000|2.000000
2.161981191e+06|1.648433226e+10|1.768492126e+10|1.861141391e+10|2.000000|1.000000|2.000000
2.166814759e+06|1.644074543e+10|1.759299921e+10|1.855360610e+10|2.000000|1.000000|2.000000
2.171390125e+06|1.639948693e+10|1.750598749e+10|1.849888629e+10|2.000000|1.000000|2.000000
2.175930133e+06|1.635854728e+10|1.741964820e+10|1.844458936e+10|2.000000|1.000000|2.000000
2.181739491e+06|1.630616123e+10|1.730916912e+10|1.837511143e+10|2.000000|1.000000|2.000000
2.187437251e+06|1.625478153e+10|1.720081236e+10|1.830696819e+10|2.000000|1.000000|2.000000
2.193728183e+06|1.619805288e+10|1.707344983e+10|1.823173081e+10|2.000000|2.000000|2.000000
2.200497656e+06|1.613700896e+10|1.700385192e+10|1.815077024e+10|2.000000|2.000000|2.000000
2.209318059e+06|1.605747073e+10|1.691316812e+10|1.804528125e+10|2.000000|2.000000|2.000000
2.220744435e+06|1.595443306e+10|1.679569193e+10|1.790862573e+10|2.000000|2.000000|2.000000
2.240084230e+06|1.578003593e+10|1.659685678e+10|1.767732844e+10|2.000000|2.000000|2.000000
2.254054032e+06|1.565406284e+10|1.645323128e+10|1.751025441e+10|2.000000|2.000000|2.000000
2.265122884e+06|1.555424917e+10|1.633943086e+10|1.737787475e+10|2.000000|2.000000|2.000000
2.273505349e+06|1.547866005e+10|1.625324955e+10|1.727762335e+10|2.000000|2.000000|2.000000
2.281600929e+06|1.540565794e+10|1.617001775e+10|1.718080300e+10|2.000000|2.000000|2.000000
2.290441785e+06|1.532593527e+10|1.607912367e+10|1.707506941e+10|2.000000|2.000000|2.000000
2.297631816e+06|1.526109896e+10|1.600520194e+10|1.698907911e+10|2.000000|2.000000|2.000000
2.305317451e+06|1.519179354e+10|1.592618485e+10|1.689716156e+10|2.000000|2.000000|2.000000
2.312820406e+06|1.512413543e+10|1.584904592e+10|1.680742880e+10|2.000000|2.000000|2.000000
2.322456234e+06|1.503724409e+10|1.574997861e+10|1.669218762e+10|2.000000|2.000000|2.000000
2.337738200e+06|1.489943853e+10|1.559286257e+10|1.650942056e+10|2.000000|2.000000|2.000000
2.356527820e+06|1.473000261e+10|1.539968384e+10|1.628470317e+10|2.000000|2.000000|2.000000
2.369343537e+06|1.461443652e+10|1.526792365e+10|1.613143160e+10|2.000000|2.000000|2.000000
2.380020465e+06|1.451815703e+10|1.515815265e+10|1.600373922e+10|2.000000|2.000000|2.000000
2.389301006e+06|1.443446950e+10|1.506273810e+10|1.589274715e+10|2.000000|2.000000|2.000000
2.397155241e+06|1.436364371e+10|1.498198761e+10|1.579881320e+10|2.000000|2.000000|2.000000
2.404478088e+06|1.429760973e+10|1.490670038e+10|1.571123446e+10|2.000000|2.000000|2.000000
2.412786459e+06|1.422268876e+10|1.482128085e+10|1.561186920e+10|2.000000|2.000000|2.000000
2.422387405e+06|1.413611197e+10|1.472257217e+10|1.549704519e+10|2.000000|2.000000|2.000000
2.431528294e+06|1.405368374e+10|1.462859341e+10|1.538772331e+10|2.000000|2.000000|2.000000
2.440856712e+06|1.396956448e+10|1.453268663e+10|1.527615864e+10|2.000000|2.000000|2.000000
2.449892366e+06|1.388808522e+10|1.443978980e+10|1.516809532e+10|2.000000|2.000000|2.000000
2.461125121e+06|1.378679353e+10|1.432430426e+10|1.503375544e+10|2.000000|2.000000|2.000000
2.471832541e+06|1.369023908e+10|1.421421977e+10|1.490569838e+10|2.000000|2.000000|2.000000
2.481993815e+06|1.359860950e+10|1.410975028e+10|1.478417304e+10|2.000000|2.000000|2.000000
2.492775680e+06|1.350138373e+10|1.399890041e+10|1.465522564e+10|2.000000|2.000000|2.000000
2.502947362e+06|1.340966031e+10|1.389432392e+10|1.453357583e+10|2.000000|2.000000|2.000000
2.513159069e+06|1.331757596e+10|1.378933592e+10|1.441144733e+10|2.000000|2.000000|2.000000
2.523335881e+06|1.322580627e+10|1.368470668e+10|1.428973615e+10|2.000000|2.000000|2.000000
2.532776169e+06|1.314067821e+10|1.358764975e+10|1.417683356e+10|2.000000|2.000000|2.000000
2.542573268e+06|1.305233259e+10|1.348692439e+10|1.405966362e+10|2.000000|2.000000|2.000000
2.551250771e+06|1.297404895e+10|1.339839431e+10|1.395748695e+10|3.000000|3.000000|3.000000
2.560473031e+06|1.289082211e+10|1.330489339e+10|1.385027031e+10|3.000000|3.000000|3.000000
2.570478829e+06|1.280049122e+10|1.320413576e+10|1.373555356e+10|3.000000|3.000000|3.000000
2.579910129e+06|1.271531750e+10|1.310979304e+10|1.362889737e+10|3.000000|3.000000|3.000000
2.589556861e+06|1.262817103e+10|1.301390279e+10|1.352122573e+10|3.000000|3.000000|3.000000
2.598974146e+06|1.254307311e+10|1.292086290e+10|1.341744618e+10|3.000000|3.000000|3.000000
2.609385765e+06|1.244896498e+10|1.281862783e+10|1.330417614e+10|3.000000|3.000000|3.000000
2.619119508e+06|1.236096308e+10|1.272362164e+10|1.319961553e+10|3.000000|3.000000|3.000000
2.628370470e+06|1.227730985e+10|1.263381946e+10|1.310138543e+10|3.000000|3.000000|3.000000
2.637915003e+06|1.219098826e+10|1.254164973e+10|1.300115794e+10|3.000000|3.000000|3.000000
2.647312642e+06|1.210598437e+10|1.245135795e+10|1.290353737e+10|3.000000|3.000000|3.000000
2.657292230e+06|1.201570808e+10|1.235595337e+10|1.280097718e+10|3.000000|3.000000|3.000000
2.666318551e+06|1.193405045e+10|1.227006922e+10|1.270915154e+10|3.000000|3.000000|3.000000
2.674420416e+06|1.186075454e+10|1.219329764e+10|1.262745689e+10|3.000000|3.000000|3.000000
2.683395854e+06|1.177955648e+10|1.210858461e+10|1.253772265e+10|3.000000|3.000000|3.000000
2.693470160e+06|1.168842177e+10|1.201390459e+10|1.243792295e+10|3.000000|3.000000|3.000000
2.703457493e+06|1.159808238e+10|1.192044632e+10|1.233990047e+10|3.000000|3.000000|3.000000
2.712501351e+06|1.151628782e+10|1.183614930e+10|1.225188637e+10|3.000000|3.000000|3.000000
2.721328267e+06|1.143646821e+10|1.175416663e+10|1.216663715e+10|3.000000|3.000000|3.000000
2.730858816e+06|1.135030353e+10|1.166595982e+10|1.207528311e+10|3.000000|3.000000|3.000000
2.740466198e+06|1.126346653e+10|1.157735528e+10|1.198388305e+10|3.000000|3.000000|3.000000
2.749651613e+06|1.118046807e+10|1.149292428e+10|1.189711294e+10|3.000000|3.000000|3.000000
2.758826151e+06|1.109759540e+10|1.140885703e+10|1.181101587e+10|3.000000|3.000000|3.000000
2.768012453e+06|1.101464757e+10|1.132493539e+10|1.172535048e+10|3.000000|3.000000|3.000000
2.776748771e+06|1.093579501e+10|1.124535047e+10|1.164435898e+10|3.000000|3.000000|3.000000
2.785671858e+06|1.085529239e+10|1.116428259e+10|1.156209208e+10|3.000000|3.000000|3.000000
2.795316275e+06|1.076832649e+10|1.107689968e+10|1.147366569e+10|3.000000|3.000000|3.000000
2.804175451e+06|1.068848559e+10|1.099684107e+10|1.139286391e+10|3.000000|3.000000|3.000000
2.814090018e+06|1.059918790e+10|1.090747352e+10|1.130289123e+10|3.000000|3.000000|3.000000
2.823954191e+06|1.051040596e+10|1.081879002e+10|1.121382484e+10|3.000000|3.000000|3.000000
2.831721903e+06|1.044053966e+10|1.074910986e+10|1.114398500e+10|3.000000|3.000000|3.000000
2.840261176e+06|1.036378403e+10|1.067266057e+10|1.106749316e+10|3.000000|3.000000|3.000000
2.848560016e+06|1.028924306e+10|1.059851146e+10|1.099342587e+10|3.000000|3.000000|3.000000
2.856264117e+06|1.022009387e+10|1.052980236e+10|1.092489263e+10|3.000000|3.000000|3.000000
2.866360896e+06|1.012954552e+10|1.043993183e+10|1.083538504e+10|3.000000|3.000000|3.000000
2.877286179e+06|1.003167074e+10|1.034290587e+10|1.073890320e+10|3.000000|3.000000|3.000000
2.885885341e+06|9.954714722e+09|1.026669230e+10|1.066321558e+10|3.000000|3.000000|3.000000
2.894409400e+06|9.878504026e+09|1.019127430e+10|1.058839353e+10|3.000000|3.000000|3.000000
2.903286126e+06|9.799221250e+09|1.011286957e+10|1.051067863e+10|3.000000|3.000000|3.000000
2.911116580e+06|9.729354802e+09|1.004381629e+10|1.044228478e+10|3.000000|3.000000|3.000000
2.921246130e+06|9.639078664e+09|9.954637353e+09|1.035401866e+10|3.000000|3.000000|3.000000
2.930091597e+06|9.560346202e+09|9.876897326e+09|1.027712114e+10|3.000000|3.000000|3.000000
2.937476357e+06|9.494689333e+09|9.812088492e+09|1.021304152e+10|3.000000|3.000000|3.000000
2.945653665e+06|9.422067392e+09|9.740421546e+09|1.014220323e+10|3.000000|3.000000|3.000000
2.954518968e+06|9.343435295e+09|9.662838314e+09|1.006553641e+10|3.000000|3.000000|3.000000
2.964253758e+06|9.257215163e+09|9.577779308e+09|9.981496333e+09|3.000000|3.000000|3.000000
2.971624935e+06|9.192018609e+09|9.513464095e+09|9.917955631e+09|3.000000|3.000000|3.000000
2.979930533e+06|9.118652403e+09|9.441088906e+09|9.846450587e+09|3.000000|3.000000|3.000000
2.988940486e+06|9.039181787e+09|9.362686168e+09|9.768982466e+09|3.000000|3.000000|3.000000
2.997979675e+06|8.959579881e+09|9.284143063e+09|9.691360577e+09|3.000000|3.000000|3.000000
3.006782014e+06|8.882189305e+09|9.207766777e+09|9.615859302e+09|3.000000|3.000000|3.000000
3.015910391e+06|8.802066945e+09|9.128674141e+09|9.537644875e+09|3.000000|3.000000|3.000000
3.024447453e+06|8.727262390e+09|9.054808224e+09|9.464568029e+09|3.000000|3.000000|3.000000
3.032960261e+06|8.652796528e+09|8.981251278e+09|9.391762062e+09|3.000000|3.000000|3.000000
3.041038009e+06|8.582255780e+09|8.911545006e+09|9.322731245e+09|3.000000|3.000000|3.000000
3.049879481e+06|8.505182240e+09|8.835350392e+09|9.247230168e+09|3.000000|3.000000|3.000000
3.057169847e+06|8.441739952e+09|8.772603491e+09|9.185016084e+09|3.000000|3.000000|3.000000
3.065448163e+06|8.369823353e+09|8.701442003e+09|9.114413634e+09|3.000000|3.000000|3.000000
3.073605680e+06|8.299086878e+09|8.631411483e+09|9.044883121e+09|3.000000|3.000000|3.000000
3.082970700e+06|8.218043277e+09|8.551128877e+09|8.965108472e+09|3.000000|3.000000|3.000000
3.092683645e+06|8.134177630e+09|8.467993573e+09|8.882421188e+09|3.000000|3.000000|3.000000
3.102030134e+06|8.053661844e+09|8.388121087e+09|8.802900147e+09|3.000000|3.000000|3.000000
3.109622352e+06|7.988395179e+09|8.323332268e+09|8.738336851e+09|3.000000|3.000000|3.000000
3.117398976e+06|7.921672852e+09|8.257056445e+09|8.672234369e+09|3.000000|3.000000|3.000000
3.125226547e+06|7.854648103e+09|8.190436011e+09|8.605727773e+09|3.000000|3.000000|3.000000
3.133066312e+06|7.787656662e+09|8.123803006e+09|8.539146208e+09|3.000000|3.000000|3.000000
3.142031532e+06|7.711219930e+09|8.047717794e+09|8.463041187e+09|3.000000|3.000000|3.000000
3.150689008e+06|7.637583971e+09|7.974360935e+09|8.389583798e+09|3.000000|3.000000|3.000000
3.159319839e+06|7.564350704e+09|7.901345778e+09|8.316387220e+09|3.000000|3.000000|3.000000
3.167451769e+06|7.495514061e+09|7.832658857e+09|8.247453947e+09|3.000000|3.000000|3.000000
3.175279427e+06|7.429405105e+09|7.766642255e+09|8.181130140e+09|3.000000|3.000000|3.000000
3.184462203e+06|7.352044327e+09|7.689324402e+09|8.103363246e+09|3.000000|3.000000|3.000000
3.192411453e+06|7.285246058e+09|7.622505772e+09|8.036077852e+09|3.000000|3.000000|3.000000
3.201098923e+06|7.212428099e+09|7.549604107e+09|7.962582589e+09|3.000000|3.000000|3.000000
3.209444977e+06|7.142654939e+09|7.479689802e+09|7.892015420e+09|3.000000|3.000000|3.000000
3.217919636e+06|7.071992617e+09|7.408823091e+09|7.820402623e+09|3.000000|3.000000|3.000000
3.226020748e+06|7.004622332e+09|7.341199833e+09|7.751987652e+09|3.000000|3.000000|3.000000
3.234104366e+06|6.937572409e+09|7.273841400e+09|7.683762667e+09|3.000000|3.000000|3.000000
3.241193706e+06|6.878914890e+09|7.214867293e+09|7.623965709e+09|3.000000|3.000000|3.000000
3.248913540e+06|6.815196699e+09|7.150755598e+09|7.558891287e+09|3.000000|3.000000|3.000000
3.257069209e+06|6.748059683e+09|7.083147883e+09|7.490191220e+09|3.000000|3.000000|3.000000
3.265875395e+06|6.675775688e+09|7.010292612e+09|7.416070066e+09|3.000000|3.000000|3.000000
3.274500717e+06|6.605187842e+09|6.939082271e+09|7.343533458e+09|3.000000|3.000000|3.000000
3.283059772e+06|6.535351319e+09|6.868567038e+09|7.271618351e+09|3.000000|3.000000|3.000000
3.291551025e+06|6.466275699e+09|6.798758689e+09|7.200339541e+09|3.000000|3.000000|3.000000
3.299618365e+06|6.400841868e+09|6.732574567e+09|7.132683833e+09|3.000000|3.000000|3.000000
3.307460848e+06|6.337413873e+09|6.668367273e+09|7.066977190e+09|3.000000|3.000000|3.000000
3.315914063e+06|6.269248926e+09|6.599308013e+09|6.996226896e+09|3.000000|3.000000|3.000000
3.324930795e+06|6.196773237e+09|6.525817267e+09|6.920848021e+09|3.000000|3.000000|3.000000
3.332243290e+06|6.138174181e+09|6.466349464e+09|6.859786051e+09|3.000000|3.000000|3.000000
3.338988238e+06|6.084265518e+09|6.411603935e+09|6.803520951e+09|3.000000|3.000000|3.000000
3.347310980e+06|6.017935714e+09|6.344195321e+09|6.734173434e+09|3.000000|3.000000|3.000000
3.355448110e+06|5.953288497e+09|6.278444989e+09|6.666460522e+09|3.000000|3.000000|3.000000
3.363209821e+06|5.891812218e+09|6.215872888e+09|6.601956037e+09|3.000000|3.000000|3.000000
3.371927702e+06|5.822983035e+09|6.145763308e+09|6.529607369e+09|3.000000|3.000000|3.000000
3.380817821e+06|5.753035300e+09|6.074457222e+09|6.455945042e+09|3.000000|3.000000|3.000000
3.388746333e+06|5.690860008e+09|6.011026860e+09|6.390352863e+09|3.000000|3.000000|3.000000
3.396076036e+06|5.633554400e+09|5.952525347e+09|6.329803487e+09|3.000000|3.000000|3.000000
3.404563683e+06|5.567405061e+09|5.884949595e+09|6.259798815e+09|3.000000|3.000000|3.000000
3.413132333e+06|5.500853074e+09|5.816913669e+09|6.189250064e+09|3.000000|3.000000|3.000000
3.420976400e+06|5.440130829e+09|5.754795522e+09|6.124779848e+09|3.000000|3.000000|3.000000
3.427668572e+06|5.388478537e+09|5.701924896e+09|6.069864724e+09|3.000000|3.000000|3.000000
3.435788473e+06|5.325996017e+09|5.637931294e+09|6.003345225e+09|3.000000|3.000000|3.000000
3.443963398e+06|5.263300200e+09|5.573679019e+09|5.936501631e+09|3.000000|3.000000|3.000000
3.451746513e+06|5.203805407e+09|5.512670804e+09|5.872983010e+09|3.000000|3.000000|3.000000
3.460071153e+06|5.140383024e+09|5.447596933e+09|5.805179273e+09|3.000000|3.000000|3.000000
3.467974346e+06|5.080374209e+09|5.385990142e+09|5.740939830e+09|3.000000|3.000000|3.000000
3.475761415e+06|5.021440214e+09|5.325454163e+09|5.677772610e+09|3.000000|3.000000|3.000000
3.483954151e+06|4.959642828e+09|5.261943141e+09|5.611455244e+09|3.000000|3.000000|3.000000
3.491653887e+06|4.901757205e+09|5.202421804e+09|5.549262673e+09|3.000000|3.000000|3.000000
3.499437921e+06|4.843427746e+09|5.142415046e+09|5.486523934e+09|3.000000|3.000000|3.000000
3.507165006e+06|4.785713544e+09|5.083013364e+09|5.424380652e+09|3.000000|3.000000|3.000000
3.515123252e+06|4.726468666e+09|5.022008285e+09|5.360522927e+09|3.000000|3.000000|3.000000
3.523551487e+06|4.663941094e+09|4.957593237e+09|5.293056698e+09|3.000000|3.000000|3.000000
3.530975624e+06|4.609046317e+09|4.901017035e+09|5.233768918e+09|3.000000|3.000000|3.000000
3.538333549e+06|4.554810155e+09|4.845097996e+09|5.175141939e+09|3.000000|3.000000|3.000000
3.546341368e+06|4.495974015e+09|4.784412751e+09|5.111488033e+09|3.000000|3.000000|3.000000
3.555020299e+06|4.432430096e+09|4.718845299e+09|5.042679869e+09|3.000000|3.000000|3.000000
3.563020510e+06|4.374059971e+09|4.658593094e+09|4.979420923e+09|3.000000|3.000000|3.000000
3.570979837e+06|4.316181618e+09|4.598827344e+09|4.916647110e+09|3.000000|3.000000|3.000000
3.577745639e+06|4.267133129e+09|4.548163497e+09|4.863414494e+09|3.000000|3.000000|3.000000
3.585314423e+06|4.212426649e+09|4.491638740e+09|4.804004664e+09|3.000000|3.000000|3.000000
3.594069059e+06|4.149362361e+09|4.426457522e+09|4.735473137e+09|3.000000|3.000000|3.000000
3.601626735e+06|4.095103046e+09|4.370359671e+09|4.676473268e+09|3.000000|3.000000|3.000000
3.609076346e+06|4.041783769e+09|4.315218857e+09|4.618464499e+09|3.000000|3.000000|3.000000
3.617153633e+06|3.984154562e+09|4.255604955e+09|4.555734184e+09|3.000000|3.000000|3.000000
3.625072846e+06|3.927835753e+09|4.197331223e+09|4.494399666e+09|3.000000|3.000000|3.000000
3.633043669e+06|3.871330527e+09|4.138849941e+09|4.432833798e+09|3.000000|3.000000|3.000000
3.640185674e+06|3.820853026e+09|4.086595212e+09|4.377813136e+09|3.000000|3.000000|3.000000
3.648305211e+06|3.763639351e+09|4.027353963e+09|4.315426317e+09|3.000000|3.000000|3.000000
3.655853993e+06|3.710610301e+09|3.972433541e+09|4.257581634e+09|3.000000|3.000000|3.000000
3.662894243e+06|3.661293188e+09|3.921347319e+09|4.203769313e+09|3.000000|3.000000|3.000000
3.671376509e+06|3.602051149e+09|3.859967592e+09|4.139107849e+09|3.000000|3.000000|3.000000
3.680484756e+06|3.538648423e+09|3.794262250e+09|4.069883440e+09|3.000000|3.000000|3.000000
3.688991365e+06|3.479627810e+09|3.733084718e+09|4.005425252e+09|3.000000|3.000000|3.000000
3.695887399e+06|3.431916830e+09|3.683620791e+09|3.953306915e+09|3.000000|3.000000|3.000000
3.702812502e+06|3.384124410e+09|3.634064129e+09|3.901089932e+09|3.000000|3.000000|3.000000
3.710515534e+06|3.331101663e+09|3.579074361e+09|3.843147917e+09|3.000000|3.000000|3.000000
3.718070960e+06|3.279233851e+09|3.525272465e+09|3.786458107e+09|3.000000|3.000000|3.000000
3.724826211e+06|3.232973387e+09|3.477278662e+09|3.735889267e+09|3.000000|3.000000|3.000000
3.732790920e+06|3.178565954e+09|3.420822402e+09|3.676406017e+09|3.000000|3.000000|3.000000
3.740351570e+06|3.127051267e+09|3.367357402e+09|3.620077173e+09|3.000000|3.000000|3.000000
3.748199497e+06|3.073712381e+09|3.311988142e+09|3.561745575e+09|3.000000|3.000000|3.000000
3.755919857e+06|3.021369397e+09|3.257641419e+09|3.504495284e+09|3.000000|3.000000|3.000000
3.764073245e+06|2.966225342e+09|3.200373789e+09|3.444172956e+09|3.000000|3.000000|3.000000
3.770863027e+06|2.920406410e+09|3.152780084e+09|3.394044778e+09|3.000000|3.000000|3.000000
3.779385896e+06|2.863019984e+09|3.093156917e+09|3.331252328e+09|3.000000|3.000000|3.000000
3.787255457e+06|2.810154440e+09|3.038216359e+09|3.273397388e+09|3.000000|3.000000|3.000000
3.795664260e+06|2.753790911e+09|2.979624205e+09|3.211703711e+09|3.000000|3.000000|3.000000
3.803863271e+06|2.698952391e+09|2.922600082e+09|3.151667675e+09|3.000000|3.000000|3.000000
3.811983562e+06|2.644750872e+09|2.866220384e+09|3.092316499e+09|3.000000|3.000000|3.000000
3.819264336e+06|2.596242225e+09|2.815746110e+09|3.039187281e+09|3.000000|3.000000|3.000000
3.826444379e+06|2.548483453e+09|2.766036082e+09|2.986867216e+09|3.000000|3.000000|3.000000
3.833875983e+06|2.499129729e+09|2.714648100e+09|2.932785739e+09|3.000000|3.000000|3.000000
3.840553768e+06|2.454846638e+09|2.668523285e+09|2.884247022e+09|3.000000|3.000000|3.000000
3.848598195e+06|2.401577151e+09|2.613016251e+09|2.825839265e+09|3.000000|3.000000|3.000000
3.856704584e+06|2.347976320e+09|2.557137853e+09|2.767044690e+09|3.000000|3.000000|3.000000
3.864622516e+06|2.295692389e+09|2.502605171e+09|2.709669079e+09|3.000000|3.000000|3.000000
3.871640413e+06|2.249405422e+09|2.454303403e+09|2.658850966e+09|3.000000|3.000000|3.000000
3.878831789e+06|2.202022296e+09|2.404832837e+09|2.606804085e+09|3.000000|3.000000|3.000000
3.886260896e+06|2.153119097e+09|2.353747040e+09|2.553057918e+09|3.000000|3.000000|3.000000
3.893740447e+06|2.103926303e+09|2.302327900e+09|2.498960055e+09|3.000000|3.000000|3.000000
3.902119336e+06|2.048862651e+09|2.244732990e+09|2.438362042e+09|3.000000|3.000000|3.000000
3.909478103e+06|2.000535555e+09|2.194147864e+09|2.385135617e+09|3.000000|3.000000|3.000000
3.917514105e+06|1.947789179e+09|2.138895423e+09|2.326992566e+09|3.000000|3.000000|3.000000
3.924819130e+06|1.899860670e+09|2.088649746e+09|2.274111583e+09|3.000000|3.000000|3.000000
3.931917073e+06|1.853303697e+09|2.039803181e+09|2.222695547e+09|3.000000|3.000000|3.000000
3.938990215e+06|1.806916928e+09|1.991095030e+09|2.171416299e+09|3.000000|3.000000|3.000000
3.946551380e+06|1.757332169e+09|1.938981971e+09|2.116540791e+09|3.000000|3.000000|3.000000
3.955177486e+06|1.700758927e+09|1.879461359e+09|2.053847834e+09|3.000000|3.000000|3.000000
3.964976890e+06|1.636472770e+09|1.811739493e+09|1.982490272e+09|3.000000|3.000000|3.000000
3.974374935e+06|1.574788732e+09|1.746666346e+09|1.913892902e+09|3.000000|3.000000|3.000000
3.984291131e+06|1.509656318e+09|1.677850201e+09|1.841311860e+09|3.000000|3.000000|3.000000
3.993337976e+06|1.450178344e+09|1.614907724e+09|1.774886880e+09|3.000000|3.000000|3.000000
4.001442663e+06|1.396838983e+09|1.558374807e+09|1.715190484e+09|3.000000|3.000000|3.000000
4.008137114e+06|1.352734531e+09|1.511564650e+09|1.665732876e+09|3.000000|3.000000|3.000000
4.014293042e+06|1.312136267e+09|1.468421414e+09|1.620125244e+09|3.000000|3.000000|3.000000
4.020254508e+06|1.272778388e+09|1.426544647e+09|1.575832549e+09|3.000000|3.000000|3.000000
4.026226801e+06|1.233303680e+09|1.384490620e+09|1.531327191e+09|3.000000|3.000000|3.000000
4.032417025e+06|1.192336497e+09|1.340788522e+09|1.485049332e+09|3.000000|3.000000|3.000000
4.037403697e+06|1.159293034e+09|1.305494604e+09|1.447652960e+09|3.000000|3.000000|3.000000
4.042656510e+06|1.124443296e+09|1.268226995e+09|1.408142633e+09|3.000000|3.000000|3.000000
4.047897307e+06|1.089626910e+09|1.230948242e+09|1.368596101e+09|3.000000|3.000000|3.000000
4.053470146e+06|1.052550770e+09|1.191196985e+09|1.326398542e+09|3.000000|3.000000|3.000000
4.059269013e+06|1.013908373e+09|1.149706655e+09|1.282322522e+09|3.000000|3.000000|3.000000
4.068156285e+06|9.545531815e+08|1.085853943e+09|1.214422421e+09|3.000000|3.000000|3.000000
4.082705263e+06|8.570063439e+08|9.805759356e+08|1.102277639e+09|3.000000|3.000000|3.000000
4.111944228e+06|6.593119726e+08|7.658067680e+08|8.726591979e+08|3.000000|3.000000|3.000000
4.128209117e+06|5.482237307e+08|6.442232504e+08|7.421063582e+08|3.000000|3.000000|3.000000
4.135319630e+06|4.993762950e+08|5.905410884e+08|6.843222158e+08|3.000000|3.000000|3.000000
4.141218547e+06|4.587129357e+08|5.457468873e+08|6.360355924e+08|3.000000|3.000000|3.000000
4.145390719e+06|4.298735818e+08|5.139181966e+08|6.016858859e+08|3.000000|3.000000|3.000000
4.149796560e+06|3.993457630e+08|4.801711806e+08|5.652293624e+08|3.000000|3.000000|3.000000
4.154146016e+06|3.691328444e+08|4.467159250e+08|5.290502313e+08|3.000000|3.000000|3.000000
4.157970657e+06|3.425016876e+08|4.171796849e+08|4.970773970e+08|3.000000|3.000000|3.000000
4.161282657e+06|3.193907462e+08|3.915114329e+08|4.692670641e+08|3.000000|3.000000|3.000000
4.165047363e+06|2.930640612e+08|3.622301071e+08|4.375138509e+08|3.000000|3.000000|3.000000
4.168718125e+06|2.673349535e+08|3.335702459e+08|4.064049925e+08|3.000000|3.000000|3.000000
4.172528511e+06|2.405638474e+08|3.037038646e+08|3.739549767e+08|3.000000|3.000000|3.000000
4.175859871e+06|2.171043655e+08|2.774931594e+08|3.454500299e+08|3.000000|3.000000|3.000000
4.179698347e+06|1.900101136e+08|2.471757868e+08|3.124472752e+08|3.000000|3.000000|3.000000
4.184039636e+06|1.592828349e+08|2.127333695e+08|2.749123597e+08|3.000000|3.000000|3.000000
4.186495934e+06|1.418571859e+08|1.931723011e+08|2.535749691e+08|3.000000|3.000000|3.000000
