#RRR|U50|U25|U75|Umean|T50|T25|T75|Tmean|P50|P25|P75|Pmean|rho50|rho25|rho75|Pmean|S
1.623621493e+05|2.119984507e+06|2.123942177e+06|2.128054332e+06|2.123156384e+06|3.258999474e+03|3.263482632e+03|3.268138458e+03|3.262569798e+03|4.387123481e+10|4.407450760e+10|4.428592157e+10|4.403400058e+10|8.079865479e+03|8.085741699e+03|8.091841064e+03|8.084542969e+03|1.874885558e+03
2.476605102e+05|2.112677201e+06|2.117655416e+06|2.121340110e+06|2.116491524e+06|3.250715272e+03|3.256360104e+03|3.260535317e+03|3.254988812e+03|4.349641361e+10|4.375170082e+10|4.394083882e+10|4.369126369e+10|8.068999512e+03|8.076403809e+03|8.081880249e+03|8.074609863e+03|1.874885558e+03
2.943116465e+05|2.109890394e+06|2.113604735e+06|2.116968972e+06|2.113648836e+06|3.247506938e+03|3.251767977e+03|3.255582067e+03|3.251756650e+03|4.335220888e+10|4.354398153e+10|4.371648762e+10|4.354519368e+10|8.064801392e+03|8.070380127e+03|8.075383545e+03|8.070372559e+03|1.874885558e+03
3.294584429e+05|2.106581573e+06|2.110515766e+06|2.113678433e+06|2.110522488e+06|3.243695215e+03|3.248227189e+03|3.251851546e+03|3.248182095e+03|4.318115586e+10|4.338455833e+10|4.354775935e+10|4.338415041e+10|8.059812500e+03|8.065745361e+03|8.070489990e+03|8.065689941e+03|1.874885558e+03
3.594277654e+05|2.102828946e+06|2.106271993e+06|2.108808562e+06|2.105907505e+06|3.239370409e+03|3.243338506e+03|3.246260845e+03|3.242894984e+03|4.298730101e+10|4.316515738e+10|4.329627057e+10|4.314614699e+10|8.054150391e+03|8.059346191e+03|8.063175171e+03|8.058766113e+03|1.874885558e+03
3.882800449e+05|2.100300844e+06|2.102837843e+06|2.106712809e+06|2.103426915e+06|3.236455741e+03|3.239380666e+03|3.243846426e+03|3.240035398e+03|4.285682866e+10|4.298776014e+10|4.318793826e+10|4.301806144e+10|8.050335815e+03|8.054166992e+03|8.060014404e+03|8.055020020e+03|1.874885558e+03
4.134236104e+05|2.094597429e+06|2.098713591e+06|2.101763437e+06|2.098383261e+06|3.229876988e+03|3.234625336e+03|3.238142084e+03|3.234219169e+03|4.256279699e+10|4.277495586e+10|4.293230076e+10|4.275770870e+10|8.041709839e+03|8.047935791e+03|8.052542480e+03|8.047400391e+03|1.874885558e+03
4.394291459e+05|2.092125492e+06|2.097340643e+06|2.100408815e+06|2.096044909e+06|3.227021159e+03|3.233041782e+03|3.236580241e+03|3.231506440e+03|4.243540019e+10|4.270416481e+10|4.286239899e+10|4.263682753e+10|8.037965332e+03|8.045859619e+03|8.050494507e+03|8.043847656e+03|1.874885558e+03
4.615552044e+05|2.089195135e+06|2.092208133e+06|2.096015489e+06|2.092537404e+06|3.223589779e+03|3.227117913e+03|3.231513107e+03|3.227445253e+03|4.228309073e+10|4.243969739e+10|4.263586199e+10|4.245567177e+10|8.033478149e+03|8.038090088e+03|8.043851685e+03|8.038526367e+03|1.874885558e+03
4.834927658e+05|2.084737424e+06|2.089370191e+06|2.092252044e+06|2.087966665e+06|3.218367677e+03|3.223794797e+03|3.227169185e+03|3.222117028e+03|4.205162462e+10|4.229218613e+10|4.244197637e+10|4.221896602e+10|8.026642700e+03|8.033744385e+03|8.038156616e+03|8.031548828e+03|1.874885558e+03
5.047327610e+05|2.083440249e+06|2.086129046e+06|2.089847936e+06|2.086823939e+06|3.216847561e+03|3.219998217e+03|3.224354288e+03|3.220783495e+03|4.198432162e+10|4.212385443e+10|4.231701120e+10|4.215961616e+10|8.024650146e+03|8.028780518e+03|8.034478760e+03|8.029805176e+03|1.874885558e+03
5.263440480e+05|2.078146418e+06|2.082224874e+06|2.086416222e+06|2.081738504e+06|3.210641537e+03|3.215423098e+03|3.220334664e+03|3.214827408e+03|4.170994258e+10|4.192128678e+10|4.213876325e+10|4.189597041e+10|8.016524658e+03|8.022787842e+03|8.029216064e+03|8.022004883e+03|1.874885558e+03
5.443065678e+05|2.075333762e+06|2.078860440e+06|2.081910864e+06|2.078472431e+06|3.207342675e+03|3.211478816e+03|3.215055035e+03|3.210990333e+03|4.156431427e+10|4.174692940e+10|4.190500835e+10|4.172652365e+10|8.012198364e+03|8.017619385e+03|8.022308716e+03|8.016979492e+03|1.874885558e+03
5.639718582e+05|2.071618796e+06|2.075759825e+06|2.078114079e+06|2.074373802e+06|3.202971684e+03|3.207842458e+03|3.210603614e+03|3.206170466e+03|4.137182823e+10|4.158635934e+10|4.170826744e+10|4.151386848e+10|8.006469482e+03|8.012854980e+03|8.016472778e+03|8.010667480e+03|1.874885558e+03
5.831198751e+05|2.067459467e+06|2.072137156e+06|2.074508011e+06|2.072069319e+06|3.198012537e+03|3.203589562e+03|3.206373964e+03|3.203451609e+03|4.115458504e+10|4.139891866e+10|4.152159730e+10|4.139425182e+10|7.999987915e+03|8.007278320e+03|8.010927856e+03|8.007106445e+03|1.874885558e+03
6.013138953e+05|2.063684426e+06|2.067940093e+06|2.071002571e+06|2.067007526e+06|3.193509588e+03|3.198585702e+03|3.202237106e+03|3.197435744e+03|4.095763939e+10|4.117967505e+10|4.133962728e+10|4.113063315e+10|7.994096069e+03|8.000735352e+03|8.005510010e+03|7.999231934e+03|1.874885558e+03
6.175166938e+05|2.062882640e+06|2.065876518e+06|2.068735264e+06|2.065941152e+06|3.192552963e+03|3.196124594e+03|3.199533906e+03|3.196174577e+03|4.091583677e+10|4.107197541e+10|4.122119252e+10|4.107509555e+10|7.992843140e+03|7.997516357e+03|8.001978516e+03|7.997582520e+03|1.874885558e+03
6.337703637e+05|2.060073393e+06|2.062499543e+06|2.064630571e+06|2.060990387e+06|3.189200521e+03|3.192095856e+03|3.194638352e+03|3.190264414e+03|4.076944962e+10|4.089586646e+10|4.100697941e+10|4.081693652e+10|7.988454712e+03|7.992247559e+03|7.995573975e+03|7.989846680e+03|1.874885558e+03
6.518434860e+05|2.055476427e+06|2.058704305e+06|2.060875292e+06|2.058400423e+06|3.183712421e+03|3.187566325e+03|3.190157582e+03|3.187165537e+03|4.053016760e+10|4.069815160e+10|4.081122341e+10|4.068190408e+10|7.981264160e+03|7.986313477e+03|7.989708374e+03|7.985788086e+03|1.874885558e+03
6.684164441e+05|2.049991259e+06|2.053856493e+06|2.056356808e+06|2.053066209e+06|3.177110312e+03|3.181777788e+03|3.184763684e+03|3.180784780e+03|4.024351071e+10|4.044592638e+10|4.057596809e+10|4.040381852e+10|7.972619019e+03|7.978729004e+03|7.982644409e+03|7.977433105e+03|1.874885558e+03
6.832077508e+05|2.048788939e+06|2.051502347e+06|2.053288054e+06|2.051252062e+06|3.175650512e+03|3.178944739e+03|3.181098839e+03|3.178600852e+03|4.018035948e+10|4.032291299e+10|4.041637459e+10|4.030905502e+10|7.970715454e+03|7.975020752e+03|7.977835449e+03|7.974573242e+03|1.874885558e+03
6.973142677e+05|2.045530419e+06|2.048756614e+06|2.051014518e+06|2.047856050e+06|3.171693238e+03|3.175611262e+03|3.178352554e+03|3.174491328e+03|4.000938116e+10|4.017866154e+10|4.029727566e+10|4.013116024e+10|7.965537231e+03|7.970661621e+03|7.974246826e+03|7.969197266e+03|1.874885558e+03
7.133388948e+05|2.042962181e+06|2.045244760e+06|2.047438967e+06|2.045225131e+06|3.168573311e+03|3.171346260e+03|3.174011219e+03|3.171301280e+03|3.987472315e+10|3.999439896e+10|4.010950649e+10|3.999319015e+10|7.961458618e+03|7.965084229e+03|7.968570435e+03|7.965024414e+03|1.874885558e+03
7.290921269e+05|2.036232039e+06|2.040803783e+06|2.043352582e+06|2.039745941e+06|3.160393410e+03|3.165950603e+03|3.169047630e+03|3.164645526e+03|3.952242050e+10|3.976165619e+10|3.989518699e+10|3.970614561e+10|7.950746338e+03|7.958023926e+03|7.962079346e+03|7.956313965e+03|1.874885558e+03
7.433184214e+05|2.035082989e+06|2.037929463e+06|2.039965616e+06|2.037632716e+06|3.158996252e+03|3.162457033e+03|3.164931970e+03|3.162075559e+03|3.946234620e+10|3.961120538e+10|3.971776991e+10|3.959543347e+10|7.948916504e+03|7.953447510e+03|7.956689819e+03|7.952948730e+03|1.874885558e+03
7.559313115e+05|2.032786332e+06|2.034873691e+06|2.036843710e+06|2.035541082e+06|3.156194333e+03|3.158741747e+03|3.161137085e+03|3.159529956e+03|3.934205572e+10|3.945140552e+10|3.955440885e+10|3.948593723e+10|7.945245728e+03|7.948580078e+03|7.951719727e+03|7.949615723e+03|1.874885558e+03
7.690769412e+05|2.029563619e+06|2.031928239e+06|2.034099772e+06|2.031591232e+06|3.152213025e+03|3.155134380e+03|3.157800604e+03|3.154685732e+03|3.917186990e+10|3.929672401e+10|3.941095853e+10|3.927836888e+10|7.940043579e+03|7.943859375e+03|7.947347534e+03|7.943276367e+03|1.874885558e+03
7.828968128e+05|2.026903248e+06|2.028893206e+06|2.031821443e+06|2.028041583e+06|3.148925442e+03|3.151384642e+03|3.155002455e+03|3.150305559e+03|3.903151565e+10|3.913648882e+10|3.929108305e+10|3.909132344e+10|7.935743774e+03|7.938959473e+03|7.943688110e+03|7.937548340e+03|1.874885558e+03
7.982048368e+05|2.020762801e+06|2.023484108e+06|2.026087380e+06|2.023102932e+06|3.141333985e+03|3.144698935e+03|3.147917065e+03|3.144198743e+03|3.870803293e+10|3.885130582e+10|3.898849475e+10|3.883095991e+10|7.925813721e+03|7.930217529e+03|7.934424072e+03|7.929560059e+03|1.874885558e+03
8.109430492e+05|2.017855164e+06|2.020762793e+06|2.022978111e+06|2.020270980e+06|3.137737614e+03|3.141333978e+03|3.144073330e+03|3.140707508e+03|3.855509277e+10|3.870803231e+10|3.882465410e+10|3.868200051e+10|7.921100708e+03|7.925813232e+03|7.929398804e+03|7.924990723e+03|1.874885558e+03
8.221977027e+05|2.013918267e+06|2.017916927e+06|2.020161795e+06|2.017062993e+06|3.132859420e+03|3.137814020e+03|3.140590708e+03|3.136720441e+03|3.834805364e+10|3.855833992e+10|3.867640986e+10|3.851285041e+10|7.914711182e+03|7.921203857e+03|7.924836670e+03|7.919771973e+03|1.874885558e+03
8.346091185e+05|2.013269900e+06|2.014981961e+06|2.017088416e+06|2.015309072e+06|3.132043000e+03|3.134182793e+03|3.136789070e+03|3.134552957e+03|3.831358204e+10|3.840412051e+10|3.851478299e+10|3.842059485e+10|7.913644165e+03|7.916443115e+03|7.919861816e+03|7.916934570e+03|1.874885558e+03
8.460049746e+05|2.008938660e+06|2.011814414e+06|2.013941225e+06|2.011127851e+06|3.126587842e+03|3.130210078e+03|3.132888327e+03|3.129319812e+03|3.808348803e+10|3.823622236e+10|3.834927445e+10|3.819937877e+10|7.906519043e+03|7.911252197e+03|7.914748047e+03|7.910089355e+03|1.874885558e+03
8.610865080e+05|2.004537907e+06|2.007258646e+06|2.010585700e+06|2.007160843e+06|3.121042837e+03|3.124471276e+03|3.128662538e+03|3.124310170e+03|3.785005572e+10|3.799433154e+10|3.817094462e+10|3.798876124e+10|7.899271362e+03|7.903750977e+03|7.909230225e+03|7.903541016e+03|1.874885558e+03
8.745903902e+05|2.001312112e+06|2.003838884e+06|2.005608615e+06|2.003340478e+06|3.116976819e+03|3.120161846e+03|3.122392156e+03|3.119520850e+03|3.767917651e+10|3.781301001e+10|3.790681707e+10|3.778656858e+10|7.893949219e+03|7.898114746e+03|7.901034668e+03|7.897276367e+03|1.874885558e+03
8.845994281e+05|1.997150021e+06|2.000377068e+06|2.002511185e+06|1.999568287e+06|3.111728779e+03|3.115797993e+03|3.118488361e+03|3.114752365e+03|3.745898856e+10|3.762968073e+10|3.774267173e+10|3.758649924e+10|7.887075684e+03|7.892404785e+03|7.895923828e+03|7.891037109e+03|1.874885558e+03
8.951899219e+05|1.995841512e+06|1.998004950e+06|2.000175294e+06|1.998255020e+06|3.110078439e+03|3.112806947e+03|3.115543599e+03|3.113097664e+03|3.738983088e+10|3.750418935e+10|3.761900216e+10|3.751702401e+10|7.884914917e+03|7.888489258e+03|7.892072266e+03|7.888869141e+03|1.874885558e+03
9.072424262e+05|1.990739757e+06|1.993700626e+06|1.996071298e+06|1.993264223e+06|3.103537750e+03|3.107337205e+03|3.110368268e+03|3.106755808e+03|3.711716521e+10|3.727544833e+10|3.740197352e+10|3.725174378e+10|7.876369263e+03|7.881335449e+03|7.885292603e+03|7.880575195e+03|1.874885558e+03
9.190552893e+05|1.988589674e+06|1.990862943e+06|1.993277854e+06|1.990223518e+06|3.100778087e+03|3.103695846e+03|3.106794756e+03|3.102861096e+03|3.700235777e+10|3.712374698e+10|3.725283706e+10|3.708954534e+10|7.872765747e+03|7.876578613e+03|7.880624268e+03|7.875484375e+03|1.874885558e+03
9.322551299e+05|1.983241887e+06|1.986321217e+06|1.989613495e+06|1.986435279e+06|3.093911841e+03|3.097865921e+03|3.102092244e+03|3.097994879e+03|3.671720419e+10|3.688132485e+10|3.705701252e+10|3.688737506e+10|7.863785889e+03|7.868959229e+03|7.874479614e+03|7.869122070e+03|1.874885558e+03
9.439815931e+05|1.980882593e+06|1.983137021e+06|1.984718431e+06|1.982478302e+06|3.090881603e+03|3.093777166e+03|3.095807965e+03|3.092910893e+03|3.659159503e+10|3.671161878e+10|3.679587235e+10|3.667629673e+10|7.859815308e+03|7.863609131e+03|7.866265137e+03|7.862473633e+03|1.874885558e+03
9.545233383e+05|1.977551366e+06|1.980278726e+06|1.982158894e+06|1.979791506e+06|3.086601945e+03|3.090105904e+03|3.092520942e+03|3.089454193e+03|3.641443149e+10|3.655946311e+10|3.665953162e+10|3.653310654e+10|7.854215576e+03|7.858801025e+03|7.861965210e+03|7.857950195e+03|1.874885558e+03
9.638181428e+05|1.975407473e+06|1.977437901e+06|1.980094928e+06|1.977383892e+06|3.083806493e+03|3.086456154e+03|3.089869798e+03|3.086345065e+03|3.629921811e+10|3.640840113e+10|3.654968465e+10|3.640453325e+10|7.850558960e+03|7.854021729e+03|7.858493042e+03|7.853883301e+03|1.874885558e+03
9.741967512e+05|1.970124651e+06|1.974181367e+06|1.976772659e+06|1.973482827e+06|3.076901348e+03|3.082204125e+03|3.085590429e+03|3.081266146e+03|3.601525338e+10|3.623325933e+10|3.637269569e+10|3.619540141e+10|7.841538452e+03|7.848469971e+03|7.852891724e+03|7.847244141e+03|1.874885558e+03
9.853479447e+05|1.968459023e+06|1.970868768e+06|1.974854648e+06|1.971844842e+06|3.074723593e+03|3.077874163e+03|3.083084039e+03|3.079123723e+03|3.592584361e+10|3.605521530e+10|3.626947501e+10|3.610736963e+10|7.838692749e+03|7.842810547e+03|7.849618774e+03|7.844444336e+03|1.874885558e+03
9.975285721e+05|1.963712714e+06|1.966858169e+06|1.969515317e+06|1.966048204e+06|3.068516294e+03|3.072630244e+03|3.076104699e+03|3.071551365e+03|3.567139739e+10|3.583996740e+10|3.598253752e+10|3.579637665e+10|7.830573364e+03|7.835955811e+03|7.840499146e+03|7.834544434e+03|1.874885558e+03
1.010069615e+06|1.960717096e+06|1.962779428e+06|1.965308820e+06|1.962703114e+06|3.064597320e+03|3.067295441e+03|3.070603981e+03|3.067166148e+03|3.551105517e+10|3.562142388e+10|3.575690652e+10|3.561690265e+10|7.825444580e+03|7.828978027e+03|7.833306519e+03|7.828808105e+03|1.874885558e+03
1.019189773e+06|1.957156399e+06|1.959873396e+06|1.962306415e+06|1.959813067e+06|3.059883817e+03|3.063493385e+03|3.066676645e+03|3.063363491e+03|3.531902225e+10|3.546592989e+10|3.559610256e+10|3.546156591e+10|7.819281372e+03|7.823996826e+03|7.828165649e+03|7.823834961e+03|1.874885558e+03
1.027944853e+06|1.954772661e+06|1.957576101e+06|1.959737349e+06|1.957025484e+06|3.056703439e+03|3.060443724e+03|3.063315368e+03|3.059677843e+03|3.518984983e+10|3.534177849e+10|3.545865685e+10|3.531133720e+10|7.815129883e+03|7.820018311e+03|7.823763916e+03|7.819018066e+03|1.874885558e+03
1.037380864e+06|1.950615565e+06|1.953265600e+06|1.956127868e+06|1.953569097e+06|3.051155691e+03|3.054692429e+03|3.058511622e+03|3.055079123e+03|3.496489346e+10|3.510825150e+10|3.526327065e+10|3.512455449e+10|7.807881714e+03|7.812504883e+03|7.817492798e+03|7.813008301e+03|1.874885558e+03
1.047247565e+06|1.948961391e+06|1.951437310e+06|1.954556688e+06|1.951319069e+06|3.048947671e+03|3.052252467e+03|3.056415260e+03|3.052074139e+03|3.487548996e+10|3.500932988e+10|3.517815319e+10|3.500282207e+10|7.804996948e+03|7.809318848e+03|7.814756958e+03|7.809082031e+03|1.874885558e+03
1.060133134e+06|1.943876478e+06|1.946054251e+06|1.949047741e+06|1.946006716e+06|3.042158524e+03|3.045066507e+03|3.049062941e+03|3.044979247e+03|3.460106093e+10|3.471852003e+10|3.488015529e+10|3.471564572e+10|7.796116943e+03|7.799920654e+03|7.805148193e+03|7.799805176e+03|1.874885558e+03
1.071164659e+06|1.940549990e+06|1.943299197e+06|1.946223510e+06|1.943139127e+06|3.037688753e+03|3.041387600e+03|3.045292499e+03|3.041129196e+03|3.442097371e+10|3.456994367e+10|3.472765369e+10|3.456045148e+10|7.790266846e+03|7.795104004e+03|7.800212280e+03|7.794770508e+03|1.874885558e+03
1.081931386e+06|1.937401961e+06|1.940140774e+06|1.942421384e+06|1.939572039e+06|3.033407268e+03|3.037132249e+03|3.040215267e+03|3.036334794e+03|3.424913281e+10|3.439862243e+10|3.452264192e+10|3.436714554e+10|7.784679688e+03|7.789542480e+03|7.793571899e+03|7.788503906e+03|1.874885558e+03
1.089695299e+06|1.935093868e+06|1.937701902e+06|1.940064380e+06|1.936810082e+06|3.030267563e+03|3.033815243e+03|3.037028357e+03|3.032587190e+03|3.412329573e+10|3.426549521e+10|3.439445008e+10|3.421682453e+10|7.780577759e+03|7.785212891e+03|7.789408936e+03|7.783606445e+03|1.874885558e+03
1.098336981e+06|1.932436186e+06|1.934475016e+06|1.936928631e+06|1.934409818e+06|3.026651700e+03|3.029425652e+03|3.032763436e+03|3.029307542e+03|3.397858090e+10|3.408958260e+10|3.422331630e+10|3.408578055e+10|7.775856689e+03|7.779479492e+03|7.783841431e+03|7.779323242e+03|1.874885558e+03
1.108337800e+06|1.928133036e+06|1.930439073e+06|1.933135718e+06|1.930161654e+06|3.020795739e+03|3.023934132e+03|3.027603499e+03|3.023544443e+03|3.374464796e+10|3.386994944e+10|3.401665545e+10|3.385479883e+10|7.768197021e+03|7.772300293e+03|7.777099854e+03|7.771790039e+03|1.874885558e+03
1.117487536e+06|1.925185826e+06|1.927540323e+06|1.929555252e+06|1.927247191e+06|3.016784025e+03|3.019989008e+03|3.022731357e+03|3.019575513e+03|3.358470065e+10|3.371246353e+10|3.382191026e+10|3.369628897e+10|7.762946045e+03|7.767138428e+03|7.770728271e+03|7.766600098e+03|1.874885558e+03
1.128030481e+06|1.921358203e+06|1.924212327e+06|1.927458189e+06|1.924077010e+06|3.011496496e+03|3.015454618e+03|3.019877214e+03|3.015210081e+03|3.337478038e+10|3.353178002e+10|3.370800430e+10|3.352301715e+10|7.756038574e+03|7.761205811e+03|7.766994873e+03|7.760893555e+03|1.874885558e+03
1.141203878e+06|1.917710860e+06|1.920067470e+06|1.922035583e+06|1.919090490e+06|3.006437348e+03|3.009706276e+03|3.012435952e+03|3.008334188e+03|3.317445820e+10|3.330384963e+10|3.341202305e+10|3.325013589e+10|7.749434082e+03|7.753704834e+03|7.757265869e+03|7.751908691e+03|1.874885558e+03
1.150313767e+06|1.915161629e+06|1.917437637e+06|1.919110192e+06|1.916912911e+06|3.002900709e+03|3.006058321e+03|3.008378462e+03|3.005318244e+03|3.303465572e+10|3.315946597e+10|3.325127179e+10|3.313065495e+10|7.744815430e+03|7.748940430e+03|7.751971558e+03|7.747971191e+03|1.874885558e+03
1.158694518e+06|1.910619750e+06|1.913793658e+06|1.915985527e+06|1.913366444e+06|2.996598254e+03|3.001002651e+03|3.004043792e+03|3.000391187e+03|3.278600526e+10|3.295970622e+10|3.307982012e+10|3.293617431e+10|7.736574219e+03|7.742333740e+03|7.746310669e+03|7.741530762e+03|1.874885558e+03
1.165742855e+06|1.908261542e+06|1.911629705e+06|1.913845551e+06|1.910721363e+06|2.993325250e+03|2.997999849e+03|3.001074654e+03|2.996699974e+03|3.265712348e+10|3.284124846e+10|3.296254848e+10|3.279089158e+10|7.732287231e+03|7.738404785e+03|7.742424927e+03|7.736706055e+03|1.874885558e+03
1.174299464e+06|1.905681278e+06|1.909131191e+06|1.911688654e+06|1.908562792e+06|2.989692787e+03|2.994532308e+03|2.998081654e+03|2.993690173e+03|3.251462853e+10|3.270463494e+10|3.284447377e+10|3.267240902e+10|7.727545898e+03|7.733869385e+03|7.738509766e+03|7.732770020e+03|1.874885558e+03
1.183881594e+06|1.902358532e+06|1.905108485e+06|1.907345296e+06|1.904265585e+06|2.984982477e+03|2.988880857e+03|2.992050542e+03|2.987661148e+03|3.233037799e+10|3.248284413e+10|3.260699240e+10|3.243578423e+10|7.721396729e+03|7.726482910e+03|7.730619751e+03|7.724892578e+03|1.874885558e+03
1.193905487e+06|1.899510260e+06|1.901808617e+06|1.903820096e+06|1.901424826e+06|2.980944148e+03|2.984202844e+03|2.987054483e+03|2.983653276e+03|3.217268888e+10|3.229991486e+10|3.241138436e+10|3.227875400e+10|7.716121460e+03|7.720380615e+03|7.724099609e+03|7.719658203e+03|1.874885558e+03
1.205864524e+06|1.895150733e+06|1.897946817e+06|1.900105200e+06|1.897367659e+06|2.974761999e+03|2.978727222e+03|2.981787712e+03|2.977890548e+03|3.193178274e+10|3.208623031e+10|3.220560730e+10|3.205419607e+10|7.708042358e+03|7.713226807e+03|7.717225586e+03|7.712127930e+03|1.874885558e+03
1.216173989e+06|1.890542671e+06|1.894075035e+06|1.895871169e+06|1.892774730e+06|2.968219755e+03|2.973236366e+03|2.975783729e+03|2.971357875e+03|3.167753318e+10|3.187242427e+10|3.197155570e+10|3.180005633e+10|7.699479004e+03|7.706044922e+03|7.709375732e+03|7.703590820e+03|1.874885558e+03
1.224005082e+06|1.888112258e+06|1.891484391e+06|1.893356265e+06|1.890446451e+06|2.964717475e+03|2.969561782e+03|2.972216908e+03|2.968032787e+03|3.154195541e+10|3.172960824e+10|3.183278055e+10|3.167108456e+10|7.694908325e+03|7.701237305e+03|7.704712158e+03|7.699243164e+03|1.874885558e+03
1.230653842e+06|1.884789289e+06|1.888450631e+06|1.890761729e+06|1.887132372e+06|2.959928403e+03|2.965205100e+03|2.968534762e+03|2.963273915e+03|3.135687861e+10|3.156082041e+10|3.168974024e+10|3.148695450e+10|7.688656982e+03|7.695545166e+03|7.699891113e+03|7.693024414e+03|1.874885558e+03
1.238399611e+06|1.881333229e+06|1.885725885e+06|1.889272924e+06|1.885416890e+06|2.954946784e+03|2.961278297e+03|2.966390068e+03|2.960808220e+03|3.116475107e+10|3.140901026e+10|3.160667950e+10|3.139157675e+10|7.682146362e+03|7.690420410e+03|7.697095581e+03|7.689803223e+03|1.874885558e+03
1.246390703e+06|1.880465875e+06|1.883427112e+06|1.885315936e+06|1.882574856e+06|2.953696443e+03|2.957965029e+03|2.960687455e+03|2.956708046e+03|3.111659463e+10|3.128110831e+10|3.138618836e+10|3.123327818e+10|7.680506714e+03|7.686089844e+03|7.689643921e+03|7.684445801e+03|1.874885558e+03
1.255460948e+06|1.877005158e+06|1.879761918e+06|1.882197137e+06|1.879601648e+06|2.948654040e+03|2.952681623e+03|2.956192104e+03|2.952405518e+03|3.092294724e+10|3.107752526e+10|3.121274199e+10|3.106760832e+10|7.673922729e+03|7.679179932e+03|7.683769043e+03|7.678822266e+03|1.874885558e+03
1.266505784e+06|1.872562741e+06|1.875505026e+06|1.878168613e+06|1.874892485e+06|2.942143445e+03|2.946455634e+03|2.950358972e+03|2.945538365e+03|3.067372733e+10|3.083871879e+10|3.098832200e+10|3.080417804e+10|7.665416138e+03|7.671050537e+03|7.676149170e+03|7.669852051e+03|1.874885558e+03
1.276751255e+06|1.869783239e+06|1.872296531e+06|1.874662262e+06|1.872266877e+06|2.938069412e+03|2.941753268e+03|2.945220533e+03|2.941692309e+03|3.051812267e+10|3.065881320e+10|3.079143130e+10|3.065698854e+10|7.660093384e+03|7.664910400e+03|7.669439575e+03|7.664828125e+03|1.874885558e+03
1.286573638e+06|1.865059355e+06|1.868773528e+06|1.870347383e+06|1.867382237e+06|2.931091261e+03|2.936589336e+03|2.938896336e+03|2.934496124e+03|3.025239803e+10|3.046165822e+10|3.054968449e+10|3.038267647e+10|7.650978027e+03|7.658157471e+03|7.661173828e+03|7.655425781e+03|1.874885558e+03
1.294015904e+06|1.863037506e+06|1.866235857e+06|1.868050875e+06|1.865404976e+06|2.928088825e+03|2.932838278e+03|2.935530008e+03|2.931578426e+03|3.013836005e+10|3.031881995e+10|3.042126718e+10|3.027157523e+10|7.647058350e+03|7.653260986e+03|7.656773071e+03|7.651613281e+03|1.874885558e+03
1.300623316e+06|1.861112677e+06|1.863597761e+06|1.866307412e+06|1.862657415e+06|2.925230297e+03|2.928920820e+03|2.932944531e+03|2.927488442e+03|3.002992406e+10|3.016994607e+10|3.032286127e+10|3.011649919e+10|7.643320679e+03|7.648145996e+03|7.653400391e+03|7.646270508e+03|1.874885558e+03
1.307462351e+06|1.857500427e+06|1.861248825e+06|1.863626907e+06|1.860069186e+06|2.919865372e+03|2.925432494e+03|2.928964101e+03|2.923641295e+03|2.982677082e+10|3.003758995e+10|3.017158949e+10|2.997057103e+10|7.636309082e+03|7.643588867e+03|7.648199951e+03|7.641245605e+03|1.874885558e+03
1.314626150e+06|1.853976278e+06|1.857942787e+06|1.860322279e+06|1.857205494e+06|2.914560644e+03|2.920522397e+03|2.924056445e+03|2.919370231e+03|2.962671851e+10|2.985162482e+10|2.998543354e+10|2.980895822e+10|7.629382568e+03|7.637167725e+03|7.641787231e+03|7.635664551e+03|1.874885558e+03
1.323338373e+06|1.852480719e+06|1.855680641e+06|1.857490121e+06|1.854885156e+06|2.912299845e+03|2.917137000e+03|2.919850064e+03|2.915892142e+03|2.954164567e+10|2.972376651e+10|2.982619198e+10|2.967773219e+10|7.626429321e+03|7.632745850e+03|7.636287842e+03|7.631120605e+03|1.874885558e+03
1.333687795e+06|1.848299939e+06|1.851295633e+06|1.853248160e+06|1.850835835e+06|2.905979494e+03|2.910508331e+03|2.913459975e+03|2.909801966e+03|2.930425696e+10|2.947429097e+10|2.958529048e+10|2.944815101e+10|7.618170410e+03|7.624092285e+03|7.627946045e+03|7.623165039e+03|1.874885558e+03
1.344623176e+06|1.842158881e+06|1.846489420e+06|1.849465628e+06|1.845214060e+06|2.896623389e+03|2.903242247e+03|2.907741796e+03|2.901253547e+03|2.895422631e+10|2.920165118e+10|2.937038186e+10|2.912804207e+10|7.605948730e+03|7.614594482e+03|7.620474243e+03|7.611997559e+03|1.874885558e+03
1.353762145e+06|1.841521945e+06|1.844421204e+06|1.847033028e+06|1.843570162e+06|2.895647211e+03|2.900090590e+03|2.904064116e+03|2.898759250e+03|2.891780275e+10|2.908372402e+10|2.923244565e+10|2.903457222e+10|7.604675293e+03|7.610477295e+03|7.615669556e+03|7.608738281e+03|1.874885558e+03
1.361424512e+06|1.837600975e+06|1.841492956e+06|1.843671927e+06|1.840364748e+06|2.889637686e+03|2.895602782e+03|2.898942272e+03|2.893850400e+03|2.869392101e+10|2.891614526e+10|2.904081310e+10|2.885146191e+10|7.596822266e+03|7.604619385e+03|7.608979736e+03|7.602326660e+03|1.874885558e+03
1.368104564e+06|1.835752435e+06|1.839403419e+06|1.841392410e+06|1.838483341e+06|2.886804385e+03|2.892400265e+03|2.895448683e+03|2.890964838e+03|2.858857786e+10|2.879676449e+10|2.891039707e+10|2.874390967e+10|7.593120117e+03|7.600434814e+03|7.604414551e+03|7.598556641e+03|1.874885558e+03
1.374047942e+06|1.831163091e+06|1.835569128e+06|1.838855173e+06|1.834654068e+06|2.879673836e+03|2.886523422e+03|2.891559984e+03|2.885052531e+03|2.832442421e+10|2.857813893e+10|2.876546956e+10|2.852443883e+10|7.583810059e+03|7.592751221e+03|7.599338867e+03|7.590834473e+03|1.874885558e+03
1.380630107e+06|1.829306481e+06|1.833091734e+06|1.836097428e+06|1.832639715e+06|2.876778131e+03|2.882681864e+03|2.887333170e+03|2.881940135e+03|2.821742599e+10|2.843571172e+10|2.860822811e+10|2.840898184e+10|7.580025146e+03|7.587732666e+03|7.593811890e+03|7.586768066e+03|1.874885558e+03
1.387927843e+06|1.828167910e+06|1.831568879e+06|1.835261251e+06|1.831005347e+06|2.875002318e+03|2.880306730e+03|2.886051522e+03|2.879399117e+03|2.815187967e+10|2.834782531e+10|2.856060894e+10|2.831497163e+10|7.577705566e+03|7.584635010e+03|7.592133667e+03|7.583448730e+03|1.874885558e+03
1.397203662e+06|1.823752556e+06|1.828349643e+06|1.830927776e+06|1.827127520e+06|2.868108670e+03|2.875285766e+03|2.879306823e+03|2.873340960e+03|2.789794917e+10|2.816233834e+10|2.831085293e+10|2.809145698e+10|7.568695801e+03|7.578076660e+03|7.583333496e+03|7.575535156e+03|1.874885558e+03
1.408222322e+06|1.819792443e+06|1.822931553e+06|1.826307291e+06|1.822966737e+06|2.861838297e+03|2.866808700e+03|2.872100320e+03|2.866819852e+03|2.766784999e+10|2.785019045e+10|2.804487971e+10|2.785132529e+10|7.560512817e+03|7.566997314e+03|7.573916016e+03|7.567016113e+03|1.874885558e+03
1.418836640e+06|1.816381166e+06|1.819318296e+06|1.821505283e+06|1.818311211e+06|2.856437017e+03|2.861087547e+03|2.864550366e+03|2.859461483e+03|2.747018062e+10|2.764034507e+10|2.776729092e+10|2.758160543e+10|7.553454346e+03|7.559531250e+03|7.564049561e+03|7.557404297e+03|1.874885558e+03
1.427164333e+06|1.811759173e+06|1.814950459e+06|1.818365146e+06|1.814561493e+06|2.849070507e+03|2.854171713e+03|2.859578363e+03|2.853506604e+03|2.720152559e+10|2.738742719e+10|2.758508287e+10|2.736389081e+10|7.543828979e+03|7.550495117e+03|7.557560547e+03|7.549624512e+03|1.874885558e+03
1.433121559e+06|1.808083023e+06|1.812677454e+06|1.815459123e+06|1.811574411e+06|2.843149126e+03|2.850549679e+03|2.854977102e+03|2.848724903e+03|2.698640465e+10|2.725535529e+10|2.741683864e+10|2.718987058e+10|7.536095703e+03|7.545756348e+03|7.551544678e+03|7.543377930e+03|1.874885558e+03
1.439033178e+06|1.805939404e+06|1.811038054e+06|1.813381242e+06|1.809831406e+06|2.839696412e+03|2.847908936e+03|2.851683358e+03|2.845929751e+03|2.686123167e+10|2.715928049e+10|2.729663740e+10|2.708822089e+10|7.531584106e+03|7.542313477e+03|7.547239746e+03|7.539726074e+03|1.874885558e+03
1.445286021e+06|1.803588796e+06|1.807876393e+06|1.812290572e+06|1.807257762e+06|2.835910419e+03|2.842816302e+03|2.849926486e+03|2.841790882e+03|2.672421484e+10|2.697432895e+10|2.723267159e+10|2.693794024e+10|7.526636475e+03|7.535664551e+03|7.544946289e+03|7.534319336e+03|1.874885558e+03
1.451392736e+06|1.802993927e+06|1.805871177e+06|1.809418937e+06|1.805858059e+06|2.834948229e+03|2.839586521e+03|2.845300924e+03|2.839538932e+03|2.668944097e+10|2.685725107e+10|2.706451431e+10|2.685614825e+10|7.525374756e+03|7.531441406e+03|7.538905762e+03|7.531376465e+03|1.874885558e+03
1.457865882e+06|1.800890455e+06|1.804442433e+06|1.808246965e+06|1.804183018e+06|2.831510434e+03|2.837285311e+03|2.843413189e+03|2.836812466e+03|2.656539817e+10|2.677394386e+10|2.699598581e+10|2.675774531e+10|7.520889893e+03|7.528433838e+03|7.536444824e+03|7.527815430e+03|1.874885558e+03
1.466576588e+06|1.797522625e+06|1.802009143e+06|1.806303619e+06|1.801608195e+06|2.826006574e+03|2.833338734e+03|2.840283044e+03|2.832628943e+03|2.636723829e+10|2.663134139e+10|2.688248560e+10|2.660666890e+10|7.513698364e+03|7.523276123e+03|7.532353271e+03|7.522350098e+03|1.874885558e+03
1.477333160e+06|1.795698364e+06|1.798701320e+06|1.802121805e+06|1.798336192e+06|2.823024321e+03|2.827932804e+03|2.833522863e+03|2.827305341e+03|2.626008778e+10|2.643652931e+10|2.663798567e+10|2.641454310e+10|7.509801270e+03|7.516218018e+03|7.523516357e+03|7.515395020e+03|1.874885558e+03
1.487989386e+06|1.790038130e+06|1.793419566e+06|1.796815781e+06|1.793521450e+06|2.813649994e+03|2.819272956e+03|2.824851470e+03|2.819375320e+03|2.592409817e+10|2.612549683e+10|2.632571809e+10|2.612994878e+10|7.497557617e+03|7.504896973e+03|7.512191528e+03|7.505035645e+03|1.874885558e+03
1.497306348e+06|1.785329412e+06|1.788991037e+06|1.793058620e+06|1.788957352e+06|2.805809219e+03|2.811906309e+03|2.818678786e+03|2.811816384e+03|2.564415989e+10|2.586175325e+10|2.610420230e+10|2.585927216e+10|7.487311401e+03|7.495283691e+03|7.504119263e+03|7.495161133e+03|1.874885558e+03
1.503047092e+06|1.781084622e+06|1.785879703e+06|1.790089920e+06|1.785779159e+06|2.798683485e+03|2.806725479e+03|2.813736238e+03|2.806497819e+03|2.539050838e+10|2.567682286e+10|2.592718268e+10|2.566966881e+10|7.478006348e+03|7.488511230e+03|7.497671509e+03|7.488211914e+03|1.874885558e+03
1.507808152e+06|1.778796288e+06|1.785000634e+06|1.788937631e+06|1.783685767e+06|2.794803114e+03|2.805261797e+03|2.811817375e+03|2.802984853e+03|2.525266560e+10|2.562465288e+10|2.585857497e+10|2.554454495e+10|7.472936279e+03|7.486596191e+03|7.495164673e+03|7.483622559e+03|1.874885558e+03
1.512776349e+06|1.777472033e+06|1.782104570e+06|1.787271331e+06|1.781900499e+06|2.792557740e+03|2.800413156e+03|2.809042678e+03|2.799968198e+03|2.517303656e+10|2.545204032e+10|2.575948533e+10|2.543744808e+10|7.470001465e+03|7.480261230e+03|7.491540405e+03|7.479681641e+03|1.874885558e+03
1.517861563e+06|1.777575655e+06|1.781007301e+06|1.784127743e+06|1.780508089e+06|2.792733425e+03|2.798552363e+03|2.803808444e+03|2.797652026e+03|2.517925755e+10|2.538584572e+10|2.557289009e+10|2.535465090e+10|7.470230713e+03|7.477831787e+03|7.484697021e+03|7.476655762e+03|1.874885558e+03
1.524695800e+06|1.771834214e+06|1.776456276e+06|1.780886497e+06|1.775960445e+06|2.782962471e+03|2.790835521e+03|2.798347505e+03|2.789934182e+03|2.483359779e+10|2.511201267e+10|2.537856213e+10|2.508105597e+10|7.457460327e+03|7.467751465e+03|7.477564087e+03|7.466571289e+03|1.874885558e+03
1.532350446e+06|1.766526877e+06|1.772603983e+06|1.777271028e+06|1.772448255e+06|2.773815411e+03|2.784289370e+03|2.792216921e+03|2.783927431e+03|2.451108442e+10|2.488051476e+10|2.516095035e+10|2.486876257e+10|7.445506836e+03|7.459193115e+03|7.469556152e+03|7.458721680e+03|1.874885558e+03
1.541812837e+06|1.761562009e+06|1.766108611e+06|1.771738610e+06|1.766422398e+06|2.765193346e+03|2.773094653e+03|2.782797677e+03|2.773545503e+03|2.420825597e+10|2.448573895e+10|2.482777335e+10|2.450286927e+10|7.434238892e+03|7.444569336e+03|7.457246582e+03|7.445153809e+03|1.874885558e+03
1.553368629e+06|1.756505308e+06|1.760264840e+06|1.765822738e+06|1.761165290e+06|2.756304043e+03|2.762912727e+03|2.772602046e+03|2.764419323e+03|2.389721555e+10|2.412830884e+10|2.446842254e+10|2.418213254e+10|7.422624268e+03|7.431260010e+03|7.443922974e+03|7.433227051e+03|1.874885558e+03
1.562780619e+06|1.753874816e+06|1.757693394e+06|1.762501722e+06|1.757773460e+06|2.751677740e+03|2.758392333e+03|2.766845629e+03|2.758475552e+03|2.373592857e+10|2.397014579e+10|2.426623967e+10|2.397404059e+10|7.416569702e+03|7.425353516e+03|7.436394287e+03|7.425457520e+03|1.874885558e+03
1.569267045e+06|1.751041126e+06|1.755838062e+06|1.760207759e+06|1.754778518e+06|2.746616079e+03|2.755131301e+03|2.762812374e+03|2.753163509e+03|2.355942448e+10|2.385629465e+10|2.412479330e+10|2.378886690e+10|7.409955322e+03|7.421085205e+03|7.431125610e+03|7.418511230e+03|1.874885558e+03
1.574799192e+06|1.747749632e+06|1.752302508e+06|1.757138129e+06|1.752081562e+06|2.740738094e+03|2.748869075e+03|2.757416324e+03|2.748391146e+03|2.335510212e+10|2.363792536e+10|2.393604882e+10|2.362236312e+10|7.402267212e+03|7.412901367e+03|7.424074829e+03|7.412272461e+03|1.874885558e+03
1.579068041e+06|1.746169232e+06|1.750879166e+06|1.754368276e+06|1.750330739e+06|2.737916347e+03|2.746326813e+03|2.752548219e+03|2.745285512e+03|2.325726612e+10|2.354935301e+10|2.376626109e+10|2.351415749e+10|7.398578491e+03|7.409577393e+03|7.417707886e+03|7.408211914e+03|1.874885558e+03
1.582986585e+06|1.743026263e+06|1.749497821e+06|1.753192677e+06|1.748455135e+06|2.732239274e+03|2.743859838e+03|2.750459169e+03|2.741915516e+03|2.306066274e+10|2.346352882e+10|2.369338924e+10|2.339719015e+10|7.391151733e+03|7.406353760e+03|7.414973267e+03|7.403805176e+03|1.874885558e+03
1.587311428e+06|1.742990062e+06|1.747147657e+06|1.751184935e+06|1.746749453e+06|2.732173186e+03|2.739663247e+03|2.746872929e+03|2.738852699e+03|2.305837492e+10|2.331781560e+10|2.356836868e+10|2.329094426e+10|7.391065063e+03|7.400865234e+03|7.410291260e+03|7.399798828e+03|1.874885558e+03
1.593017895e+06|1.741711055e+06|1.746256779e+06|1.750445584e+06|1.745885657e+06|2.729838453e+03|2.738072649e+03|2.745552440e+03|2.737328099e+03|2.297762399e+10|2.326268054e+10|2.352240022e+10|2.323771514e+10|7.388015259e+03|7.398782715e+03|7.408564209e+03|7.397806152e+03|1.874885558e+03
1.602824987e+06|1.734861235e+06|1.740862350e+06|1.744330630e+06|1.739377300e+06|2.717318131e+03|2.728289359e+03|2.734620599e+03|2.725443738e+03|2.254634611e+10|2.292410775e+10|2.314314314e+10|2.282787122e+10|7.371631348e+03|7.385990234e+03|7.394264404e+03|7.382259766e+03|1.874885558e+03
1.623346900e+06|1.727653521e+06|1.733905659e+06|1.739733838e+06|1.733743699e+06|2.703948064e+03|2.715544976e+03|2.726229741e+03|2.715033351e+03|2.208788412e+10|2.248532404e+10|2.285303049e+10|2.247038899e+10|7.354134766e+03|7.369313965e+03|7.383296265e+03|7.368638672e+03|1.874885558e+03
1.635607451e+06|1.733786175e+06|1.743154068e+06|1.748277763e+06|1.741797521e+06|2.715323281e+03|2.732472588e+03|2.741681135e+03|2.729793242e+03|2.247770126e+10|2.306873852e+10|2.338783620e+10|2.297873539e+10|7.369022949e+03|7.391456299e+03|7.403501831e+03|7.387948242e+03|1.874885558e+03
1.640296555e+06|1.736649298e+06|1.745865843e+06|1.753557963e+06|1.745476305e+06|2.720601351e+03|2.737374695e+03|2.751111706e+03|2.736471101e+03|2.265924435e+10|2.323850359e+10|2.371616464e+10|2.320957427e+10|7.375928711e+03|7.397865234e+03|7.415827759e+03|7.396682617e+03|1.874885558e+03
1.643150241e+06|1.739062243e+06|1.747689954e+06|1.753658773e+06|1.746162636e+06|2.725004135e+03|2.740631536e+03|2.751291792e+03|2.737670966e+03|2.281077667e+10|2.335140463e+10|2.372245179e+10|2.325154688e+10|7.381690552e+03|7.402129639e+03|7.416062134e+03|7.398250488e+03|1.874885558e+03
1.645806166e+06|1.739809049e+06|1.748039022e+06|1.756739357e+06|1.749019825e+06|2.726366999e+03|2.741254837e+03|2.756715424e+03|2.742748436e+03|2.285776443e+10|2.337304035e+10|2.391157956e+10|2.342844531e+10|7.383473389e+03|7.402943115e+03|7.423161987e+03|7.404890625e+03|1.874885558e+03
1.648052010e+06|1.744000196e+06|1.751945096e+06|1.761828352e+06|1.751691892e+06|2.734017312e+03|2.748230678e+03|2.765661643e+03|2.747499134e+03|2.312223638e+10|2.361567661e+10|2.422468462e+10|2.359392942e+10|7.393472290e+03|7.412064941e+03|7.434849731e+03|7.411100586e+03|1.874885558e+03
1.650181739e+06|1.743716428e+06|1.752900971e+06|1.762039148e+06|1.752714638e+06|2.733499254e+03|2.749938091e+03|2.766032281e+03|2.749205204e+03|2.310429457e+10|2.367520979e+10|2.423769116e+10|2.365474182e+10|7.392797607e+03|7.414295166e+03|7.435331909e+03|7.413330078e+03|1.874885558e+03
1.652478390e+06|1.746699142e+06|1.754542802e+06|1.763868547e+06|1.755381071e+06|2.738862443e+03|2.752854927e+03|2.769234852e+03|2.753952671e+03|2.329005095e+10|2.377694461e+10|2.435013932e+10|2.382005155e+10|7.399814941e+03|7.418109375e+03|7.439520142e+03|7.419536133e+03|1.874885558e+03
1.654656597e+06|1.748295283e+06|1.757522406e+06|1.765545573e+06|1.755816749e+06|2.741712454e+03|2.758091776e+03|2.772124450e+03|2.754685526e+03|2.338893942e+10|2.395964379e+10|2.445163812e+10|2.384610060e+10|7.403542236e+03|7.424960693e+03|7.443301270e+03|7.420493652e+03|1.874885558e+03
1.657779577e+06|1.754947347e+06|1.764623840e+06|1.774418605e+06|1.763239278e+06|2.753565895e+03|2.770536227e+03|2.787380897e+03|2.767667324e+03|2.380172423e+10|2.439583240e+10|2.498978231e+10|2.430098466e+10|7.419035767e+03|7.441218506e+03|7.463233521e+03|7.437463867e+03|1.874885558e+03
1.696000892e+06|1.594892208e+06|1.602088377e+06|1.766218106e+06|1.664082270e+06|2.401655283e+03|2.422299540e+03|2.773283337e+03|2.551569429e+03|1.238454618e+10|1.300788976e+10|2.449237457e+10|1.727098419e+10|6.955279419e+03|6.982802490e+03|7.444815796e+03|7.152781250e+03|1.874885558e+03
1.720608626e+06|1.589851268e+06|1.593129806e+06|1.596910566e+06|1.593028827e+06|2.386671394e+03|2.396430079e+03|2.407533856e+03|2.395803459e+03|1.193599492e+10|1.222733117e+10|1.256162611e+10|1.221134679e+10|6.935270386e+03|6.948307373e+03|6.963124512e+03|6.947444336e+03|1.874885558e+03
1.722715480e+06|1.587367119e+06|1.592852662e+06|1.596727163e+06|1.592189094e+06|2.379102379e+03|2.395608921e+03|2.407010316e+03|2.393197219e+03|1.171001942e+10|1.220273236e+10|1.254591853e+10|1.213411086e+10|6.925149414e+03|6.947210693e+03|6.962426270e+03|6.943955566e+03|1.874885558e+03
1.723979561e+06|1.585820700e+06|1.592390571e+06|1.595492548e+06|1.591278576e+06|2.374396568e+03|2.394240047e+03|2.403436458e+03|2.390342261e+03|1.157077889e+10|1.216178193e+10|1.243840174e+10|1.204957072e+10|6.918851440e+03|6.945382812e+03|6.957655396e+03|6.940131836e+03|1.874885558e+03
1.725028973e+06|1.585967293e+06|1.590863796e+06|1.593541013e+06|1.589343010e+06|2.374842444e+03|2.389720001e+03|2.397648730e+03|2.384378723e+03|1.158392776e+10|1.202713844e+10|1.226389416e+10|1.187239421e+10|6.919445557e+03|6.939338867e+03|6.949934692e+03|6.932149902e+03|1.874885558e+03
1.726011571e+06|1.585214787e+06|1.589660071e+06|1.594053285e+06|1.588807427e+06|2.372551014e+03|2.386088386e+03|2.399167330e+03|2.382625066e+03|1.151641646e+10|1.191849672e+10|1.230954505e+10|1.182090581e+10|6.916375732e+03|6.934486084e+03|6.951962280e+03|6.929796387e+03|1.874885558e+03
1.727023203e+06|1.585402459e+06|1.590343410e+06|1.594265280e+06|1.588467148e+06|2.373124681e+03|2.388168359e+03|2.399795916e+03|2.381255422e+03|1.153331993e+10|1.198093805e+10|1.232847016e+10|1.178239370e+10|6.917146240e+03|6.937266357e+03|6.952801636e+03|6.927939941e+03|1.874885558e+03
1.727995263e+06|1.584364946e+06|1.589279368e+06|1.593985837e+06|1.587582971e+06|2.369874861e+03|2.384927751e+03|2.398967354e+03|2.378609310e+03|1.143683123e+10|1.188370724e+10|1.230352722e+10|1.170326819e+10|6.912798340e+03|6.932939941e+03|6.951695923e+03|6.924405762e+03|1.874885558e+03
1.728975465e+06|1.583393352e+06|1.588409533e+06|1.592503574e+06|1.586044109e+06|2.366793471e+03|2.382276993e+03|2.394574778e+03|2.373614582e+03|1.134516106e+10|1.180447677e+10|1.217179067e+10|1.155639492e+10|6.908672363e+03|6.929394287e+03|6.945831177e+03|6.917702637e+03|1.874885558e+03
1.729882747e+06|1.584482619e+06|1.589133283e+06|1.593518398e+06|1.587405018e+06|2.370248263e+03|2.384482471e+03|2.397581702e+03|2.378051435e+03|1.144795718e+10|1.187037772e+10|1.226188170e+10|1.168680791e+10|6.913295898e+03|6.932343994e+03|6.949845215e+03|6.923655762e+03|1.874885558e+03
1.730849691e+06|1.582187002e+06|1.588130508e+06|1.591687239e+06|1.584080375e+06|2.362970626e+03|2.381427001e+03|2.392157305e+03|2.366674453e+03|1.123201798e+10|1.177913699e+10|1.209963487e+10|1.135601660e+10|6.903553345e+03|6.928258789e+03|6.942601807e+03|6.908347656e+03|1.874885558e+03
1.731847204e+06|1.582455708e+06|1.586621863e+06|1.589725834e+06|1.583899669e+06|2.363821768e+03|2.376833896e+03|2.386288918e+03|2.365749289e+03|1.125713187e+10|1.164276374e+10|1.192451621e+10|1.133076610e+10|6.904691162e+03|6.922113525e+03|6.934754028e+03|6.907073730e+03|1.874885558e+03
1.733002174e+06|1.583167522e+06|1.586450904e+06|1.590620076e+06|1.584102055e+06|2.366077560e+03|2.376313691e+03|2.388998886e+03|2.366962135e+03|1.132391649e+10|1.162737777e+10|1.200574456e+10|1.136313177e+10|6.907714355e+03|6.921416992e+03|6.938376221e+03|6.908748047e+03|1.874885558e+03
1.734740264e+06|1.581493816e+06|1.585469260e+06|1.588389661e+06|1.582538901e+06|2.360775278e+03|2.373327812e+03|2.382216456e+03|2.361785249e+03|1.116731561e+10|1.153929963e+10|1.180267205e+10|1.121162196e+10|6.900610596e+03|6.917418701e+03|6.929315918e+03|6.901790527e+03|1.874885558e+03
1.737727408e+06|1.580070076e+06|1.584164217e+06|1.586894140e+06|1.579027772e+06|2.356269816e+03|2.369238096e+03|2.377662517e+03|2.347982744e+03|1.103527317e+10|1.141787381e+10|1.166729675e+10|1.082055023e+10|6.894563232e+03|6.911946533e+03|6.923219604e+03|6.883089355e+03|1.874885558e+03
1.833269624e+06|3.757711887e+06|3.768941200e+06|3.778712812e+06|3.767882135e+06|2.791447307e+03|2.795080122e+03|2.798236380e+03|2.794719413e+03|2.461284922e+10|2.489332591e+10|2.513888109e+10|2.486729169e+10|3.784240173e+03|3.790775269e+03|3.796456177e+03|3.790132080e+03|2.940857443e+03
1.837726767e+06|3.753159589e+06|3.762966280e+06|3.772641462e+06|3.762743834e+06|2.789972841e+03|2.793147924e+03|2.796275862e+03|2.793069464e+03|2.449965764e+10|2.474386619e+10|2.498615787e+10|2.473937717e+10|3.781588989e+03|3.787300781e+03|3.792927063e+03|3.787160889e+03|2.940857443e+03
1.840013371e+06|3.745348451e+06|3.755226043e+06|3.766547296e+06|3.755935143e+06|2.787440491e+03|2.790642275e+03|2.794306178e+03|2.790859532e+03|2.430612696e+10|2.455100401e+10|2.483338230e+10|2.456987389e+10|3.777035950e+03|3.782792847e+03|3.789381714e+03|3.783187500e+03|2.940857443e+03
1.841842941e+06|3.739269027e+06|3.747937458e+06|3.759614973e+06|3.748413349e+06|2.785467512e+03|2.788280173e+03|2.792063405e+03|2.788417535e+03|2.415610630e+10|2.437017534e+10|2.466025730e+10|2.438265491e+10|3.773489441e+03|3.778546265e+03|3.785348694e+03|3.778797607e+03|2.940857443e+03
1.843584287e+06|3.728022115e+06|3.740345327e+06|3.754933398e+06|3.740488438e+06|2.781812695e+03|2.785816939e+03|2.790547489e+03|2.785805923e+03|2.387994447e+10|2.418262398e+10|2.454372760e+10|2.418467583e+10|3.766922180e+03|3.774117065e+03|3.782622803e+03|3.774113525e+03|2.940857443e+03
1.845149659e+06|3.727911389e+06|3.738936027e+06|3.749384131e+06|3.738924289e+06|2.781776702e+03|2.785359389e+03|2.788749224e+03|2.785313114e+03|2.387723562e+10|2.414790529e+10|2.440600591e+10|2.414664767e+10|3.766857361e+03|3.773295044e+03|3.779387573e+03|3.773224121e+03|2.940857443e+03
1.847213790e+06|3.719154830e+06|3.732128367e+06|3.743413964e+06|3.729749188e+06|2.778814612e+03|2.783147803e+03|2.786812887e+03|2.782272706e+03|2.365301101e+10|2.398057495e+10|2.425832869e+10|2.391668612e+10|3.761563904e+03|3.769321533e+03|3.775908447e+03|3.767774902e+03|2.940857443e+03
1.850510846e+06|3.703656847e+06|3.713350289e+06|3.730223834e+06|3.716408636e+06|2.773555043e+03|2.776846122e+03|2.782528674e+03|2.777816686e+03|2.325856829e+10|2.350478473e+10|2.393387384e+10|2.358117569e+10|3.752169800e+03|3.758048096e+03|3.768207581e+03|3.759798340e+03|2.940857443e+03
1.917135295e+06|3.426279864e+06|3.432781729e+06|3.441566594e+06|3.480702387e+06|2.664148096e+03|2.667261298e+03|2.671233253e+03|2.685835778e+03|1.584809794e+10|1.604134219e+10|1.628565812e+10|1.730889601e+10|3.561194824e+03|3.566486694e+03|3.573284424e+03|3.598994141e+03|2.940857443e+03
1.937943259e+06|3.420067852e+06|3.426832842e+06|3.434250662e+06|3.425920857e+06|2.661165634e+03|2.664413488e+03|2.667935938e+03|2.663929833e+03|1.566454002e+10|1.586451392e+10|1.608286180e+10|1.583611148e+10|3.556129150e+03|3.561645142e+03|3.567637146e+03|3.560834473e+03|2.940857443e+03
1.941563898e+06|3.417181559e+06|3.422927451e+06|3.430201591e+06|3.423169605e+06|2.659779185e+03|2.662538820e+03|2.666029899e+03|2.662640709e+03|1.557974107e+10|1.574885567e+10|1.596477001e+10|1.575652694e+10|3.553774658e+03|3.558462280e+03|3.564392700e+03|3.558638184e+03|2.940857443e+03
1.944308992e+06|3.414183561e+06|3.421693891e+06|3.428524619e+06|3.421113703e+06|2.658338603e+03|2.661946515e+03|2.665225321e+03|2.661653313e+03|1.549199125e+10|1.571244723e+10|1.591480898e+10|1.569620108e+10|3.551327698e+03|3.557453857e+03|3.563024048e+03|3.556960938e+03|2.940857443e+03
1.947019181e+06|3.410028311e+06|3.417862910e+06|3.425457329e+06|3.417613181e+06|2.656341141e+03|2.660106517e+03|2.663753306e+03|2.659967350e+03|1.537094475e+10|1.559973137e+10|1.582370087e+10|1.559359832e+10|3.547936218e+03|3.554330811e+03|3.560523193e+03|3.554100098e+03|2.940857443e+03
1.949510488e+06|3.411243161e+06|3.418712717e+06|3.425842542e+06|3.417474838e+06|2.656925223e+03|2.660514742e+03|2.663938201e+03|2.659882575e+03|1.540626926e+10|1.562468848e+10|1.583512343e+10|1.558906786e+10|3.548929871e+03|3.555023804e+03|3.560838379e+03|3.553959961e+03|2.940857443e+03
1.952853304e+06|3.406471265e+06|3.416188854e+06|3.423180252e+06|3.414088549e+06|2.654630503e+03|2.659302229e+03|2.662660194e+03|2.658253157e+03|1.526783401e+10|1.555064600e+10|1.575632403e+10|1.549008714e+10|3.545032715e+03|3.552964111e+03|3.558665771e+03|3.551194092e+03|2.940857443e+03
1.959386944e+06|3.405848077e+06|3.413536140e+06|3.422282532e+06|3.414058970e+06|2.654330732e+03|2.658027444e+03|2.662229167e+03|2.658254988e+03|1.524981783e+10|1.547308852e+10|1.572981386e+10|1.548982376e+10|3.544524414e+03|3.550800537e+03|3.557935547e+03|3.551193359e+03|2.940857443e+03
2.002415468e+06|3.421841592e+06|3.431793860e+06|3.437693788e+06|3.430380356e+06|2.662017434e+03|2.666793699e+03|2.669488133e+03|2.666014973e+03|1.571680745e+10|1.601230619e+10|1.617809466e+10|1.596465658e+10|3.557574402e+03|3.565689331e+03|3.570296021e+03|3.564388184e+03|2.940857443e+03
2.022664390e+06|3.424764053e+06|3.429625138e+06|3.434631961e+06|3.429436539e+06|2.663420529e+03|2.665753345e+03|2.668107863e+03|2.665615781e+03|1.580316631e+10|1.594758424e+10|1.609339037e+10|1.593934557e+10|3.559960205e+03|3.563921997e+03|3.567933594e+03|3.563698975e+03|2.940857443e+03
2.028209183e+06|3.419223953e+06|3.424382084e+06|3.428735106e+06|3.423706302e+06|2.660760307e+03|2.663237169e+03|2.665326317e+03|2.662893888e+03|1.563971570e+10|1.579186079e+10|1.592107391e+10|1.577209008e+10|3.555441895e+03|3.559647583e+03|3.563197021e+03|3.559069092e+03|2.940857443e+03
2.032562252e+06|3.413041318e+06|3.419007804e+06|3.423377925e+06|3.417995067e+06|2.657789611e+03|2.660656486e+03|2.662755098e+03|2.660162285e+03|1.545865176e+10|1.563336019e+10|1.576216511e+10|1.560452915e+10|3.550396362e+03|3.555262695e+03|3.558829285e+03|3.554427246e+03|2.940857443e+03
2.037347057e+06|3.408927852e+06|3.416469192e+06|3.421818681e+06|3.414758616e+06|2.655811988e+03|2.659436926e+03|2.662006438e+03|2.658604976e+03|1.533899340e+10|1.555885884e+10|1.571612763e+10|1.551013858e+10|3.547038757e+03|3.553193726e+03|3.557556580e+03|3.551783691e+03|2.940857443e+03
2.043364795e+06|3.400725090e+06|3.408572511e+06|3.413261230e+06|3.406575209e+06|2.651865633e+03|2.655641108e+03|2.657895312e+03|2.654658039e+03|1.510226327e+10|1.532868640e+10|1.546506666e+10|1.527111323e+10|3.540342346e+03|3.546750122e+03|3.550574463e+03|3.545086670e+03|2.940857443e+03
2.051013677e+06|3.392995758e+06|3.400435710e+06|3.406269389e+06|3.397787343e+06|2.648143711e+03|2.651726346e+03|2.654533398e+03|2.650345490e+03|1.488148496e+10|1.509395755e+10|1.526199621e+10|1.501319128e+10|3.534026794e+03|3.540106567e+03|3.544868591e+03|3.537786621e+03|2.940857443e+03
2.071019081e+06|3.377305444e+06|3.383095424e+06|3.394280942e+06|3.384979593e+06|2.640102581e+03|2.643081438e+03|2.648762779e+03|2.643964399e+03|1.440186659e+10|1.457839650e+10|1.491805030e+10|1.463284219e+10|3.520491028e+03|3.525500854e+03|3.535076782e+03|3.527006592e+03|2.940857443e+03
2.102005041e+06|3.374032049e+06|3.380049287e+06|3.386090868e+06|3.379532991e+06|2.638417698e+03|2.641514463e+03|2.644621861e+03|2.641242971e+03|1.430272668e+10|1.448533721e+10|1.467031566e+10|1.447098591e+10|3.517655396e+03|3.522864990e+03|3.528093750e+03|3.522410645e+03|2.940857443e+03
2.110874896e+06|3.368571838e+06|3.375110232e+06|3.380173481e+06|3.373805864e+06|2.635605972e+03|2.638972723e+03|2.641578360e+03|2.638293645e+03|1.413841742e+10|1.433532829e+10|1.448912246e+10|1.429716415e+10|3.512926697e+03|3.518589844e+03|3.522973267e+03|3.517449463e+03|2.940857443e+03
2.116005484e+06|3.364203851e+06|3.371161481e+06|3.376765475e+06|3.369476038e+06|2.633355564e+03|2.636939698e+03|2.639824686e+03|2.636038006e+03|1.400792871e+10|1.421618001e+10|1.438548007e+10|1.416573861e+10|3.509144043e+03|3.515168945e+03|3.520023438e+03|3.513661865e+03|2.940857443e+03
2.120468262e+06|3.361770112e+06|3.367886322e+06|3.372804137e+06|3.366903861e+06|2.632101253e+03|2.635252854e+03|2.637785522e+03|2.634729525e+03|1.393559240e+10|1.411788459e+10|1.426566102e+10|1.408908592e+10|3.507035034e+03|3.512332886e+03|3.516592834e+03|3.511457764e+03|2.940857443e+03
2.125652908e+06|3.359533871e+06|3.363967253e+06|3.371464403e+06|3.364663992e+06|2.630948462e+03|2.633233639e+03|2.637095686e+03|2.633572844e+03|1.386935280e+10|1.400088487e+10|1.422529657e+10|1.402186311e+10|3.505097900e+03|3.508938354e+03|3.515433411e+03|3.509513672e+03|2.940857443e+03
2.131809588e+06|3.354039351e+06|3.361814490e+06|3.367775128e+06|3.361581688e+06|2.628114895e+03|2.632124130e+03|2.635195577e+03|2.631952474e+03|1.370754243e+10|1.393690695e+10|1.411455358e+10|1.392859283e+10|3.500334961e+03|3.507072510e+03|3.512237488e+03|3.506796143e+03|2.940857443e+03
2.143951248e+06|3.348879649e+06|3.358031683e+06|3.366665476e+06|3.356296853e+06|2.625267660e+03|2.630173927e+03|2.634623925e+03|2.629100474e+03|1.354221682e+10|1.382498432e+10|1.408136517e+10|1.376477259e+10|3.495587646e+03|3.503795044e+03|3.511275391e+03|3.502029053e+03|2.940857443e+03
2.165260556e+06|3.346545845e+06|3.354595910e+06|3.363201560e+06|3.353370696e+06|2.623972615e+03|2.628401989e+03|2.632839038e+03|2.627533146e+03|1.346739100e+10|1.372387308e+10|1.397810558e+10|1.367495997e+10|3.493429077e+03|3.500816895e+03|3.508274963e+03|3.499407715e+03|2.940857443e+03
2.188633207e+06|3.345359744e+06|3.349035596e+06|3.357045672e+06|3.350203482e+06|2.623314338e+03|2.625354186e+03|2.629665475e+03|2.625920716e+03|1.342947609e+10|1.354722748e+10|1.379591322e+10|1.358046301e+10|3.492332703e+03|3.495731323e+03|3.502940857e+03|3.496691895e+03|2.940857443e+03
2.197373066e+06|3.339252175e+06|3.345127438e+06|3.350726224e+06|3.344340241e+06|2.619923602e+03|2.623185401e+03|2.626292150e+03|2.622712303e+03|1.323545793e+10|1.342205972e+10|1.360163112e+10|1.339706000e+10|3.486684265e+03|3.492116699e+03|3.497293457e+03|3.491338135e+03|2.940857443e+03
2.204239365e+06|3.337950062e+06|3.341743694e+06|3.347122387e+06|3.341476732e+06|2.619200474e+03|2.621307036e+03|2.624292567e+03|2.621146551e+03|1.319435541e+10|1.331436155e+10|1.348584880e+10|1.330691197e+10|3.485479614e+03|3.488989136e+03|3.493962097e+03|3.488725342e+03|2.940857443e+03
2.209547641e+06|3.330826633e+06|3.337700307e+06|3.344919460e+06|3.336956601e+06|2.615243024e+03|2.619061763e+03|2.623069965e+03|2.618619627e+03|1.297111233e+10|1.318648322e+10|1.341542330e+10|1.316448941e+10|3.478890015e+03|3.485249023e+03|3.491925537e+03|3.484520996e+03|2.940857443e+03
2.215986862e+06|3.327154655e+06|3.332253330e+06|3.338892671e+06|3.331945787e+06|2.613202073e+03|2.616035829e+03|2.619723960e+03|2.615836900e+03|1.285710175e+10|1.301560510e+10|1.322410044e+10|1.300638706e+10|3.475493347e+03|3.480210083e+03|3.486351807e+03|3.479886230e+03|2.940857443e+03
2.222389566e+06|3.323682626e+06|3.331234582e+06|3.336846040e+06|3.329180178e+06|2.611271655e+03|2.615469728e+03|2.618587292e+03|2.614257138e+03|1.274996080e+10|1.298382332e+10|1.315957668e+10|1.291870405e+10|3.472281128e+03|3.479267578e+03|3.484459900e+03|3.477265869e+03|2.940857443e+03
2.233440392e+06|3.318037040e+06|3.328370128e+06|3.334272941e+06|3.325494977e+06|2.608131497e+03|2.613877729e+03|2.617157938e+03|2.612182400e+03|1.257712226e+10|1.289475960e+10|1.307878089e+10|1.280254317e+10|3.467055908e+03|3.476618164e+03|3.482079834e+03|3.473817383e+03|2.940857443e+03
2.253362431e+06|3.312403696e+06|3.319786178e+06|3.327287190e+06|3.316832500e+06|2.604768756e+03|2.609104561e+03|2.613275751e+03|2.607141819e+03|1.238837163e+10|1.263048990e+10|1.286120271e+10|1.252415167e+10|3.461503296e+03|3.468673828e+03|3.475617493e+03|3.465475342e+03|2.940857443e+03
2.272874330e+06|3.311266319e+06|3.318406802e+06|3.322703164e+06|3.315726385e+06|2.604085942e+03|2.608337212e+03|2.610726976e+03|2.606636855e+03|1.235022444e+10|1.258839064e+10|1.271985257e+10|1.249335581e+10|3.460377380e+03|3.467399536e+03|3.471373840e+03|3.464610596e+03|2.940857443e+03
2.283030162e+06|3.308442469e+06|3.312646227e+06|3.317994168e+06|3.311710781e+06|2.602390431e+03|2.604914349e+03|2.608107646e+03|2.604271645e+03|1.225588449e+10|1.239651866e+10|1.257581573e+10|1.236312584e+10|3.457582031e+03|3.461744385e+03|3.467017334e+03|3.460701904e+03|2.940857443e+03
2.290024220e+06|3.304157602e+06|3.309580538e+06|3.315688030e+06|3.308532696e+06|2.599817033e+03|2.603073799e+03|2.606740165e+03|2.602410728e+03|1.211375133e+10|1.229383958e+10|1.249901274e+10|1.225940178e+10|3.453338379e+03|3.458709351e+03|3.464757935e+03|3.457623535e+03|2.940857443e+03
2.296252283e+06|3.300716099e+06|3.305827300e+06|3.311166334e+06|3.305126080e+06|2.597749569e+03|2.600819911e+03|2.604025916e+03|2.600389275e+03|1.200047550e+10|1.216899188e+10|1.234687195e+10|1.214761766e+10|3.449930054e+03|3.454992188e+03|3.460278870e+03|3.454285645e+03|2.940857443e+03
2.303193967e+06|3.297443275e+06|3.303401197e+06|3.308443300e+06|3.301796917e+06|2.595782964e+03|2.599362670e+03|2.602390930e+03|2.598360277e+03|1.189347847e+10|1.208878803e+10|1.225591180e+10|1.203690177e+10|3.446687500e+03|3.452589111e+03|3.457584106e+03|3.450946045e+03|2.940857443e+03
2.311724479e+06|3.292677221e+06|3.298151024e+06|3.301821609e+06|3.296844266e+06|2.592918268e+03|2.596208281e+03|2.598413754e+03|2.595392975e+03|1.173892404e+10|1.191655787e+10|1.203677765e+10|1.187470102e+10|3.441967834e+03|3.447388916e+03|3.451024536e+03|3.446052490e+03|2.940857443e+03
2.320836389e+06|3.288004917e+06|3.294042745e+06|3.300833197e+06|3.293909249e+06|2.590108969e+03|2.593739133e+03|2.597819923e+03|2.593589333e+03|1.158885591e+10|1.178305273e+10|1.200431758e+10|1.177770644e+10|3.437339783e+03|3.443319580e+03|3.450046082e+03|3.443088135e+03|2.940857443e+03
2.335849322e+06|3.284016689e+06|3.289985942e+06|3.295188301e+06|3.288671469e+06|2.587710235e+03|2.591300208e+03|2.594427706e+03|2.590363615e+03|1.146190812e+10|1.165230843e+10|1.182016778e+10|1.160399357e+10|3.433386963e+03|3.439301270e+03|3.444455322e+03|3.437786865e+03|2.940857443e+03
2.353647694e+06|3.276351470e+06|3.284051392e+06|3.290150675e+06|3.281830390e+06|2.582687582e+03|2.587731110e+03|2.591399258e+03|2.585614466e+03|1.118965718e+10|1.146300826e+10|1.165759806e+10|1.136889378e+10|3.425189026e+03|3.433421753e+03|3.439464661e+03|3.430466797e+03|2.940857443e+03
2.365939860e+06|3.278911348e+06|3.283039762e+06|3.288135622e+06|3.281956336e+06|2.584366154e+03|2.587072789e+03|2.590187570e+03|2.585790340e+03|1.128010450e+10|1.142713401e+10|1.159303385e+10|1.137783599e+10|3.427927673e+03|3.432347534e+03|3.437467529e+03|3.430754883e+03|2.940857443e+03
2.374059462e+06|3.275313735e+06|3.278680718e+06|3.285687786e+06|3.279092394e+06|2.582007052e+03|2.584214932e+03|2.588715405e+03|2.584411782e+03|1.115314753e+10|1.127193773e+10|1.151497112e+10|1.128374218e+10|3.424079224e+03|3.427682739e+03|3.435041687e+03|3.428016846e+03|2.940857443e+03
2.381098314e+06|3.271529569e+06|3.277080370e+06|3.282295017e+06|3.275731647e+06|2.579525148e+03|2.583165561e+03|2.586584567e+03|2.582249408e+03|1.102077943e+10|1.121535522e+10|1.140050610e+10|1.116892944e+10|3.420028137e+03|3.425969238e+03|3.431548584e+03|3.424481934e+03|2.940857443e+03
2.388497045e+06|3.266431687e+06|3.271541747e+06|3.275712003e+06|3.270399800e+06|2.576180863e+03|2.579533137e+03|2.582268234e+03|2.578727659e+03|1.084433159e+10|1.102119959e+10|1.116714880e+10|1.098223335e+10|3.414575684e+03|3.420043213e+03|3.424503357e+03|3.418748047e+03|2.940857443e+03
2.396307148e+06|3.265527929e+06|3.271892305e+06|3.277493359e+06|3.270586168e+06|2.575587891e+03|2.579763076e+03|2.583436373e+03|2.578875989e+03|1.081327767e+10|1.103341258e+10|1.122993554e+10|1.098959000e+10|3.413607727e+03|3.420418945e+03|3.426411438e+03|3.418978027e+03|2.940857443e+03
2.405429138e+06|3.262786990e+06|3.267109677e+06|3.271456400e+06|3.266175025e+06|2.573789346e+03|2.576625685e+03|2.579477155e+03|2.575988427e+03|1.071950763e+10|1.086767400e+10|1.101822777e+10|1.083644534e+10|3.410675415e+03|3.415301270e+03|3.419951599e+03|3.414266846e+03|2.940857443e+03
2.417977553e+06|3.257553238e+06|3.262633453e+06|3.268726456e+06|3.261511803e+06|2.570354372e+03|2.573688594e+03|2.577686374e+03|2.572622549e+03|1.054215466e+10|1.071426781e+10|1.092348959e+10|1.067216350e+10|3.405074890e+03|3.410510620e+03|3.417030334e+03|3.409059570e+03|2.940857443e+03
2.432705277e+06|3.249125590e+06|3.256375822e+06|3.262216255e+06|3.255347077e+06|2.564589839e+03|2.569581491e+03|2.573414814e+03|2.568687687e+03|1.024643732e+10|1.050256649e+10|1.070005290e+10|1.045949650e+10|3.395720947e+03|3.403815430e+03|3.410065247e+03|3.402432617e+03|2.940857443e+03
2.446246053e+06|3.251743745e+06|3.256612484e+06|3.259804564e+06|3.254702590e+06|2.566473471e+03|2.569736844e+03|2.571832059e+03|2.568339055e+03|1.034373874e+10|1.051051450e+10|1.061816632e+10|1.043919841e+10|3.398762817e+03|3.404069092e+03|3.407484741e+03|3.401816895e+03|2.940857443e+03
2.457358513e+06|3.247982071e+06|3.251131375e+06|3.256503253e+06|3.251176516e+06|2.563767093e+03|2.566032913e+03|2.569665141e+03|2.565950715e+03|1.020393888e+10|1.032098125e+10|1.050684539e+10|1.031619909e+10|3.394392883e+03|3.398050049e+03|3.403950562e+03|3.397936523e+03|2.940857443e+03
2.464848003e+06|3.244632578e+06|3.247929125e+06|3.251860933e+06|3.247190731e+06|2.561357031e+03|2.563728998e+03|2.566557778e+03|2.563138356e+03|1.007946944e+10|1.020197121e+10|1.034809371e+10|1.017244323e+10|3.390502563e+03|3.394330811e+03|3.398897156e+03|3.393403076e+03|2.940857443e+03
2.471928031e+06|3.241832384e+06|3.244891501e+06|3.249872130e+06|3.244027503e+06|2.559342036e+03|2.561543342e+03|2.565126951e+03|2.560852066e+03|9.975445157e+09|1.008909003e+10|1.027418239e+10|1.005678879e+10|3.387249878e+03|3.390802490e+03|3.396586487e+03|3.389746582e+03|2.940857443e+03
2.479128918e+06|3.239024183e+06|3.244472503e+06|3.248193880e+06|3.242246092e+06|2.557321126e+03|2.561241846e+03|2.563919489e+03|2.559374348e+03|9.871173323e+09|1.007352181e+10|1.021181062e+10|9.990191334e+09|3.383988892e+03|3.390314575e+03|3.394637878e+03|3.387623779e+03|2.940857443e+03
2.487555192e+06|3.233965154e+06|3.239682227e+06|3.245377384e+06|3.238629146e+06|2.553680025e+03|2.557794699e+03|2.561892961e+03|2.556958247e+03|9.683639074e+09|9.895601903e+09|1.010714422e+10|9.857994675e+09|3.378115173e+03|3.384752319e+03|3.391368042e+03|3.383491211e+03|2.940857443e+03
2.497351562e+06|3.232313144e+06|3.235934506e+06|3.240888169e+06|3.235124762e+06|2.552490926e+03|2.555097473e+03|2.558662554e+03|2.554142238e+03|9.624094593e+09|9.756529924e+09|9.940378896e+09|9.726791884e+09|3.376195923e+03|3.380400879e+03|3.386153076e+03|3.379307617e+03|2.940857443e+03
2.509060116e+06|3.227525587e+06|3.232279869e+06|3.237871026e+06|3.231403410e+06|2.549044590e+03|2.552466974e+03|2.556491217e+03|2.551658971e+03|9.453155906e+09|9.622900071e+09|9.828374121e+09|9.591994503e+09|3.370639832e+03|3.376156494e+03|3.382648499e+03|3.375040527e+03|2.940857443e+03
2.523269373e+06|3.224322376e+06|3.229425904e+06|3.233806290e+06|3.228295641e+06|2.546738496e+03|2.550412592e+03|2.553565679e+03|2.549233521e+03|9.340113478e+09|9.520720090e+09|9.677898101e+09|9.477457923e+09|3.366920166e+03|3.372844849e+03|3.377929382e+03|3.371350586e+03|2.940857443e+03
2.535743182e+06|3.223990976e+06|3.227547742e+06|3.229574847e+06|3.225781213e+06|2.546485843e+03|2.549060539e+03|2.550519810e+03|2.547442458e+03|9.328041072e+09|9.453941276e+09|9.526031646e+09|9.386315203e+09|3.366526855e+03|3.370665039e+03|3.373018494e+03|3.368439941e+03|2.940857443e+03
2.545779203e+06|3.217209590e+06|3.221405298e+06|3.226193125e+06|3.220613713e+06|2.540757516e+03|2.544301588e+03|2.548085333e+03|2.543261590e+03|9.066270911e+09|9.227633646e+09|9.406004485e+09|9.194335570e+09|3.358087463e+03|3.363309082e+03|3.369092468e+03|3.362180664e+03|2.940857443e+03
2.553519747e+06|3.213313015e+06|3.220396593e+06|3.224104679e+06|3.217737640e+06|2.537466406e+03|2.543449516e+03|2.546581480e+03|2.540585098e+03|8.918151253e+09|9.188662617e+09|9.332460500e+09|9.085732147e+09|3.353238098e+03|3.362053101e+03|3.366667847e+03|3.358583740e+03|2.940857443e+03
2.560557624e+06|3.214933437e+06|3.218268138e+06|3.221675880e+06|3.217067711e+06|2.538835007e+03|2.541651630e+03|2.544530157e+03|2.540264838e+03|8.979543320e+09|9.106797381e+09|9.238104629e+09|9.061150039e+09|3.355254944e+03|3.359402954e+03|3.363644958e+03|3.357830322e+03|2.940857443e+03
2.568528784e+06|3.211753770e+06|3.216816501e+06|3.219509885e+06|3.215390408e+06|2.536149520e+03|2.540425494e+03|2.542700511e+03|2.538851114e+03|8.859343742e+09|9.051251773e+09|9.154495988e+09|8.997692946e+09|3.351297546e+03|3.357597534e+03|3.360948059e+03|3.355757568e+03|2.940857443e+03
2.576581482e+06|3.207038393e+06|3.212525906e+06|3.216670473e+06|3.210908610e+06|2.530920199e+03|2.536801635e+03|2.540302152e+03|2.534262998e+03|8.681512284e+09|8.888430595e+09|9.045677155e+09|8.825911097e+09|3.345246094e+03|3.352259155e+03|3.357414734e+03|3.350029785e+03|2.940857443e+03
2.586688658e+06|3.204611888e+06|3.208711060e+06|3.213255816e+06|3.207957732e+06|2.528048157e+03|2.532900592e+03|2.537418096e+03|2.531441110e+03|8.589258583e+09|8.744820077e+09|8.915986625e+09|8.713834692e+09|3.342102905e+03|3.347411621e+03|3.353166321e+03|3.346302734e+03|2.940857443e+03
2.598076112e+06|3.202462776e+06|3.206530257e+06|3.209566538e+06|3.205096248e+06|2.525505361e+03|2.530318657e+03|2.533913665e+03|2.528190126e+03|8.507140135e+09|8.662242163e+09|8.777095154e+09|8.602376726e+09|3.339320740e+03|3.344588257e+03|3.348519836e+03|3.342521240e+03|2.940857443e+03
2.609866954e+06|3.197555348e+06|3.202287489e+06|3.206239598e+06|3.200877427e+06|2.519664298e+03|2.525298001e+03|2.529974603e+03|2.523298950e+03|8.317448238e+09|8.500426517e+09|8.651203655e+09|8.439990941e+09|3.332941040e+03|3.339093628e+03|3.344210938e+03|3.337034180e+03|2.940857443e+03
2.621692985e+06|3.196663033e+06|3.200444183e+06|3.204397092e+06|3.200034003e+06|2.518489250e+03|2.523117770e+03|2.527793972e+03|2.522412496e+03|8.280253560e+09|8.429684016e+09|8.581069038e+09|8.409160843e+09|3.331692139e+03|3.336708618e+03|3.341825195e+03|3.336019775e+03|2.940857443e+03
2.631676075e+06|3.191776486e+06|3.197090132e+06|3.199782254e+06|3.194831547e+06|2.512058299e+03|2.519051649e+03|2.522335004e+03|2.515867534e+03|8.078614893e+09|8.298041971e+09|8.404219740e+09|8.202580221e+09|3.324859741e+03|3.332289062e+03|3.335851440e+03|3.328963135e+03|2.940857443e+03
2.639910665e+06|3.190975916e+06|3.194857582e+06|3.198160278e+06|3.193159010e+06|2.511005332e+03|2.516112411e+03|2.520417277e+03|2.513722724e+03|8.045906674e+09|8.205350009e+09|8.341692685e+09|8.135307859e+09|3.323740051e+03|3.329166504e+03|3.333752869e+03|3.326666016e+03|2.940857443e+03
2.647850901e+06|3.186149563e+06|3.191380140e+06|3.194695825e+06|3.189839795e+06|2.504661144e+03|2.511536969e+03|2.515899508e+03|2.509437213e+03|7.850684421e+09|8.062407847e+09|8.198663285e+09|8.001186574e+09|3.316994568e+03|3.324303833e+03|3.328942322e+03|3.322090088e+03|2.940857443e+03
2.655961667e+06|3.184767583e+06|3.190001559e+06|3.193114984e+06|3.187974632e+06|2.502845735e+03|2.509724030e+03|2.513819172e+03|2.506961139e+03|7.795400895e+09|8.006224193e+09|8.133501485e+09|7.925228755e+09|3.315065674e+03|3.322378174e+03|3.326730347e+03|3.319462402e+03|2.940857443e+03
2.664555247e+06|3.182995429e+06|3.186907587e+06|3.190312721e+06|3.185879384e+06|2.500518556e+03|2.505657132e+03|2.510133198e+03|2.504205724e+03|7.725201451e+09|7.881124503e+09|8.018887631e+09|7.840513370e+09|3.312589905e+03|3.318054443e+03|3.322813049e+03|3.316533203e+03|2.940857443e+03
2.674422574e+06|3.181006111e+06|3.184144698e+06|3.188236119e+06|3.183124970e+06|2.497907233e+03|2.502027667e+03|2.507403107e+03|2.500524412e+03|7.647326926e+09|7.770572367e+09|7.934672367e+09|7.728760416e+09|3.309810608e+03|3.314193359e+03|3.319909912e+03|3.312633057e+03|2.940857443e+03
2.684875929e+06|3.175765454e+06|3.181179610e+06|3.184141870e+06|3.179460470e+06|2.491033217e+03|2.498134937e+03|2.502023953e+03|2.495651658e+03|7.442724081e+09|7.654114614e+09|7.770459854e+09|7.582493433e+09|3.302496338e+03|3.310054443e+03|3.314189453e+03|3.307464111e+03|2.940857443e+03
2.694893825e+06|3.173399335e+06|3.177885296e+06|3.180700958e+06|3.176421800e+06|2.487818269e+03|2.493812837e+03|2.497506767e+03|2.491533688e+03|7.347049833e+09|7.525381746e+09|7.635390898e+09|7.459414902e+09|3.299099792e+03|3.305455078e+03|3.309385925e+03|3.303113525e+03|2.940857443e+03
2.706452226e+06|3.170978028e+06|3.175361512e+06|3.178180017e+06|3.174508126e+06|2.484169835e+03|2.490503695e+03|2.494199384e+03|2.489015663e+03|7.238538187e+09|7.426990888e+09|7.536885153e+09|7.383665786e+09|3.295331116e+03|3.301931763e+03|3.305866516e+03|3.300436523e+03|2.940857443e+03
2.716580990e+06|3.167415092e+06|3.172775902e+06|3.175569118e+06|3.169707928e+06|2.478805862e+03|2.486878635e+03|2.490775837e+03|2.481827428e+03|7.080963926e+09|7.319000455e+09|7.435076251e+09|7.176833438e+09|3.289789124e+03|3.298129639e+03|3.302222717e+03|3.292994385e+03|2.940857443e+03
2.725794430e+06|3.168095984e+06|3.172120267e+06|3.173818731e+06|3.170652635e+06|2.479830509e+03|2.485890644e+03|2.488450478e+03|2.483600373e+03|7.110884145e+09|7.289583710e+09|7.365962950e+09|7.223776319e+09|3.290849121e+03|3.297109619e+03|3.299752930e+03|3.294759277e+03|2.940857443e+03
2.732940814e+06|3.164257165e+06|3.168218561e+06|3.170507013e+06|3.165287178e+06|2.474056277e+03|2.480014994e+03|2.483460406e+03|2.475396149e+03|6.943380575e+09|7.116281016e+09|7.217563947e+09|6.987913431e+09|3.284878418e+03|3.291038452e+03|3.294597656e+03|3.286300293e+03|2.940857443e+03
2.741626912e+06|3.161804076e+06|3.165877824e+06|3.168751292e+06|3.164529072e+06|2.470369808e+03|2.476493233e+03|2.480816848e+03|2.474328569e+03|6.837849864e+09|7.013745226e+09|7.139766450e+09|6.955403179e+09|3.281066162e+03|3.287398315e+03|3.291867126e+03|3.285189697e+03|2.940857443e+03
2.750734086e+06|3.157575682e+06|3.162429884e+06|3.166465114e+06|3.161033429e+06|2.464021607e+03|2.471310014e+03|2.477376616e+03|2.469051705e+03|6.658674070e+09|6.864661057e+09|7.039370454e+09|6.804046956e+09|3.274497681e+03|3.282038696e+03|3.288311584e+03|3.279731934e+03|2.940857443e+03
2.759607562e+06|3.156741241e+06|3.161713960e+06|3.164173032e+06|3.159191089e+06|2.462769770e+03|2.470234425e+03|2.473929801e+03|2.466101542e+03|6.623724822e+09|6.833991967e+09|6.939742752e+09|6.721782588e+09|3.273202576e+03|3.280926636e+03|3.284747314e+03|3.276719727e+03|2.940857443e+03
2.768621134e+06|3.154107153e+06|3.159115459e+06|3.162205319e+06|3.156916243e+06|2.458820074e+03|2.466332405e+03|2.470972603e+03|2.462462838e+03|6.514271163e+09|6.723520523e+09|6.855028292e+09|6.620852001e+09|3.269113586e+03|3.276889648e+03|3.281688904e+03|3.273002441e+03|2.940857443e+03
2.779123198e+06|3.150452066e+06|3.154689244e+06|3.158323351e+06|3.154197355e+06|2.452846217e+03|2.459692626e+03|2.465143532e+03|2.458580885e+03|6.347074910e+09|6.538342519e+09|6.690104905e+09|6.508057098e+09|3.263019958e+03|3.270016235e+03|3.275658264e+03|3.268933105e+03|2.940857443e+03
2.790007532e+06|3.149987374e+06|3.153451860e+06|3.156166304e+06|3.152536076e+06|2.452039254e+03|2.457837962e+03|2.461907414e+03|2.455886694e+03|6.324362714e+09|6.487247327e+09|6.599719362e+09|6.434178086e+09|3.262203247e+03|3.268096680e+03|3.272308472e+03|3.266185059e+03|2.940857443e+03
2.798641506e+06|3.148136833e+06|3.151029030e+06|3.152988467e+06|3.148980712e+06|2.448827170e+03|2.453848335e+03|2.457143570e+03|2.450061751e+03|6.234523669e+09|6.375352789e+09|6.468186527e+09|6.273972473e+09|3.258957397e+03|3.264030762e+03|3.267377869e+03|3.260251465e+03|2.940857443e+03
2.809233675e+06|3.143832720e+06|3.148210391e+06|3.150334998e+06|3.145943247e+06|2.441365276e+03|2.448954806e+03|2.452642905e+03|2.444794460e+03|6.029244070e+09|6.238077171e+09|6.341346139e+09|6.129868937e+09|3.251414795e+03|3.259087769e+03|3.262814697e+03|3.254941650e+03|2.940857443e+03
2.818857314e+06|3.143061524e+06|3.145830831e+06|3.148487799e+06|3.144806467e+06|2.440029604e+03|2.444827770e+03|2.449436184e+03|2.442914751e+03|5.993001019e+09|6.123904688e+09|6.251489745e+09|6.075985846e+09|3.250063477e+03|3.254916382e+03|3.259574219e+03|3.253018799e+03|2.940857443e+03
2.826903254e+06|3.138355717e+06|3.143949544e+06|3.146395437e+06|3.141743618e+06|2.431888140e+03|2.441567643e+03|2.445806657e+03|2.437441506e+03|5.775370778e+09|6.034748139e+09|6.150852620e+09|5.929535356e+09|3.241824097e+03|3.251618530e+03|3.255904358e+03|3.247532715e+03|2.940857443e+03
2.834324971e+06|3.137384055e+06|3.141088602e+06|3.145431461e+06|3.140533136e+06|2.430208963e+03|2.436614445e+03|2.444135492e+03|2.435456146e+03|5.731188412e+09|5.901024155e+09|6.104896463e+09|5.874419562e+09|3.240125854e+03|3.246608276e+03|3.254214966e+03|3.245494385e+03|2.940857443e+03
2.842709501e+06|3.134233055e+06|3.139776665e+06|3.142260441e+06|3.137409137e+06|2.424767908e+03|2.434344929e+03|2.438642599e+03|2.429492666e+03|5.589633471e+09|5.840452927e+09|5.955526368e+09|5.720089385e+09|3.234614380e+03|3.244312378e+03|3.248660950e+03|3.239617188e+03|2.940857443e+03
2.851165023e+06|3.130826505e+06|3.136538939e+06|3.139619336e+06|3.134560993e+06|2.417877125e+03|2.428748964e+03|2.434072837e+03|2.424442089e+03|5.411565304e+09|5.692954604e+09|5.833217485e+09|5.586630035e+09|3.227938782e+03|3.238646484e+03|3.244036865e+03|3.234546875e+03|2.940857443e+03
2.860095786e+06|3.131178343e+06|3.134905003e+06|3.137670218e+06|3.133572065e+06|2.418617056e+03|2.425927634e+03|2.430703420e+03|2.422648767e+03|5.430540835e+09|5.619592465e+09|5.744170572e+09|5.540126798e+09|3.228650757e+03|3.235790405e+03|3.240627075e+03|3.232750244e+03|2.940857443e+03
2.869800393e+06|3.127760455e+06|3.131491293e+06|3.134576289e+06|3.129844866e+06|2.411435062e+03|2.419275334e+03|2.425360257e+03|2.415353330e+03|5.248370749e+09|5.447466630e+09|5.604919485e+09|5.355029643e+09|3.221759399e+03|3.229281982e+03|3.235216492e+03|3.225614014e+03|2.940857443e+03
2.880336197e+06|3.127344203e+06|3.130905873e+06|3.133085155e+06|3.128972073e+06|2.410561319e+03|2.418044018e+03|2.422629736e+03|2.413589746e+03|5.226518662e+09|5.415838151e+09|5.534317980e+09|5.310279099e+09|3.220920410e+03|3.228099243e+03|3.232495667e+03|3.223888672e+03|2.940857443e+03
2.889189531e+06|3.125146071e+06|3.128887133e+06|3.131198187e+06|3.126696978e+06|2.405950599e+03|2.413801052e+03|2.418658792e+03|2.408694977e+03|5.112305763e+09|5.307881970e+09|5.431612306e+09|5.188996100e+09|3.216492859e+03|3.224030518e+03|3.228689209e+03|3.219187256e+03|2.940857443e+03
2.898237895e+06|3.123391036e+06|3.126800335e+06|3.129456917e+06|3.125110413e+06|2.402273303e+03|2.409419999e+03|2.414998141e+03|2.405579907e+03|5.022534164e+09|5.198073110e+09|5.338179426e+09|5.109264225e+09|3.212961609e+03|3.219824951e+03|3.225178711e+03|3.216170654e+03|2.940857443e+03
2.906871380e+06|3.118580699e+06|3.123886345e+06|3.126870842e+06|3.121842483e+06|2.392212528e+03|2.403310785e+03|2.409567951e+03|2.398447748e+03|4.782861209e+09|5.047753237e+09|5.201757988e+09|4.935399792e+09|3.203287659e+03|3.213957764e+03|3.219966492e+03|3.209355225e+03|2.940857443e+03
2.915303373e+06|3.117093114e+06|3.122790771e+06|3.125299573e+06|3.120441504e+06|2.389058071e+03|2.401016412e+03|2.406272393e+03|2.395353444e+03|4.709026676e+09|4.992124299e+09|5.120215563e+09|4.860743518e+09|3.200259827e+03|3.211753052e+03|3.216801025e+03|3.206402588e+03|2.940857443e+03
2.923579666e+06|3.115212192e+06|3.119615097e+06|3.123200701e+06|3.118819977e+06|2.384427389e+03|2.394373703e+03|2.401874704e+03|2.392014549e+03|4.595877537e+09|4.833616895e+09|5.012871202e+09|4.778515197e+09|3.195903748e+03|3.205365479e+03|3.212577759e+03|3.203188477e+03|2.940857443e+03
2.933360957e+06|3.112446364e+06|3.118134123e+06|3.121337956e+06|3.116386635e+06|2.377462753e+03|2.391279868e+03|2.397976031e+03|2.386258400e+03|4.428319842e+09|4.761077632e+09|4.919102699e+09|4.643425805e+09|3.189366455e+03|3.202389893e+03|3.208829956e+03|3.197733398e+03|2.940857443e+03
2.942340137e+06|3.108971241e+06|3.115268591e+06|3.118429425e+06|3.113367403e+06|2.368732220e+03|2.384569599e+03|2.391896567e+03|2.378808024e+03|4.224964920e+09|4.599363057e+09|4.775471973e+09|4.469753485e+09|3.181166016e+03|3.196037842e+03|3.202983032e+03|3.190670410e+03|2.940857443e+03
2.951064516e+06|3.108006276e+06|3.113874227e+06|3.116685170e+06|3.111983182e+06|2.366311789e+03|2.381056494e+03|2.388142303e+03|2.375788167e+03|4.169841143e+09|4.514187224e+09|4.687216137e+09|4.397285647e+09|3.178890503e+03|3.192741943e+03|3.199388672e+03|3.187810547e+03|2.940857443e+03
2.959806529e+06|3.106503983e+06|3.111066783e+06|3.114227911e+06|3.109184543e+06|2.362547152e+03|2.373994119e+03|2.381947245e+03|2.368514524e+03|4.085253459e+09|4.346633434e+09|4.535663271e+09|4.228047887e+09|3.175349060e+03|3.186110107e+03|3.193576599e+03|3.180959473e+03|2.940857443e+03
2.969542104e+06|3.102781995e+06|3.108245156e+06|3.112467622e+06|3.106563356e+06|2.353219760e+03|2.366910800e+03|2.377516278e+03|2.361361652e+03|3.881072006e+09|4.183427026e+09|4.429606097e+09|4.053506165e+09|3.166570190e+03|3.179453491e+03|3.189418152e+03|3.174235107e+03|2.940857443e+03
2.978150308e+06|3.101835224e+06|3.106807661e+06|3.110872095e+06|3.105894511e+06|2.350342053e+03|2.363307808e+03|2.373504909e+03|2.359911288e+03|3.811454245e+09|4.102236305e+09|4.335207401e+09|4.029072257e+09|3.163872803e+03|3.176064819e+03|3.185650085e+03|3.172872803e+03|2.940857443e+03
2.986544352e+06|3.100648133e+06|3.106084666e+06|3.109546607e+06|3.104477948e+06|2.346737634e+03|2.361497114e+03|2.370176087e+03|2.356170404e+03|3.725664135e+09|4.061896511e+09|4.258065563e+09|3.943854796e+09|3.160492920e+03|3.174361572e+03|3.182521912e+03|3.169357910e+03|2.940857443e+03
2.995812877e+06|3.097677628e+06|3.103315705e+06|3.106082739e+06|3.101358577e+06|2.337736312e+03|2.354571373e+03|2.361492298e+03|2.347332128e+03|3.518111726e+09|3.910418878e+09|4.061791771e+09|3.744906967e+09|3.152043457e+03|3.167843384e+03|3.174358032e+03|3.161051270e+03|2.940857443e+03
3.004326327e+06|3.095110761e+06|3.100311466e+06|3.104171640e+06|3.099837555e+06|2.329979011e+03|2.345716150e+03|2.356710793e+03|2.343254107e+03|3.346749149e+09|3.701631438e+09|3.956757175e+09|3.651084718e+09|3.144752991e+03|3.159533569e+03|3.169857727e+03|3.157221191e+03|2.940857443e+03
3.012777497e+06|3.095513728e+06|3.099812886e+06|3.102964542e+06|3.098495914e+06|2.331195635e+03|2.344204012e+03|2.353694051e+03|2.339195847e+03|3.373209591e+09|3.666280729e+09|3.891545765e+09|3.547474518e+09|3.145898682e+03|3.158114746e+03|3.167017334e+03|3.153406006e+03|2.940857443e+03
3.021507068e+06|3.092540215e+06|3.096770747e+06|3.100742628e+06|3.096196808e+06|2.322229997e+03|2.334993425e+03|2.347024401e+03|2.331955926e+03|3.182316454e+09|3.456736212e+09|3.732432380e+09|3.398797563e+09|3.137464844e+03|3.149466553e+03|3.160760742e+03|3.146604736e+03|2.940857443e+03
3.028951051e+06|3.091066641e+06|3.096676109e+06|3.100467358e+06|3.095598552e+06|2.317775576e+03|2.334707326e+03|2.346189122e+03|2.330236182e+03|3.090377896e+09|3.450384065e+09|3.712751621e+09|3.360649257e+09|3.133271240e+03|3.149197876e+03|3.159977905e+03|3.144988770e+03|2.940857443e+03
3.037053449e+06|3.087297316e+06|3.094624391e+06|3.098598000e+06|3.092960717e+06|2.303411748e+03|2.328511464e+03|2.340522474e+03|2.321375375e+03|2.759198209e+09|3.315138788e+09|3.581342525e+09|3.165541917e+09|3.119791382e+03|3.143373047e+03|3.154659912e+03|3.136661133e+03|2.940857443e+03
3.045204079e+06|3.086186791e+06|3.090972440e+06|3.096056800e+06|3.090975538e+06|2.299190977e+03|2.317424435e+03|2.332835782e+03|2.315016313e+03|2.667682019e+09|3.082039443e+09|3.409064484e+09|3.010565615e+09|3.115824036e+03|3.132941406e+03|3.147439331e+03|3.130685547e+03|2.940857443e+03
3.053945132e+06|3.085859283e+06|3.090568577e+06|3.095180514e+06|3.089669792e+06|2.297947336e+03|2.315881233e+03|2.330189550e+03|2.310385233e+03|2.641175854e+09|3.045023394e+09|3.351308376e+09|2.901580445e+09|3.114654785e+03|3.131494995e+03|3.144952881e+03|3.126331787e+03|2.940857443e+03
3.063505138e+06|3.082928277e+06|3.088408869e+06|3.092192026e+06|3.087818583e+06|2.286842068e+03|2.307642735e+03|2.321181883e+03|2.303658939e+03|2.414272477e+09|2.853571642e+09|3.160591339e+09|2.764279043e+09|3.104206665e+03|3.123764038e+03|3.136478760e+03|3.120010986e+03|2.940857443e+03
3.073455563e+06|3.079926734e+06|3.086215295e+06|3.089757675e+06|3.084891678e+06|2.273031289e+03|2.299299182e+03|2.312785151e+03|2.292729312e+03|2.107908299e+09|2.669974602e+09|2.971854846e+09|2.463749087e+09|3.091222778e+03|3.115924194e+03|3.128589905e+03|3.109948975e+03|2.940857443e+03
3.084615662e+06|3.077548413e+06|3.083328852e+06|3.087524007e+06|3.081725450e+06|2.260866782e+03|2.288357218e+03|2.304274111e+03|2.279604699e+03|1.848906662e+09|2.444222153e+09|2.778218504e+09|2.120089555e+09|3.079779175e+03|3.105632324e+03|3.120600708e+03|3.098373535e+03|2.940857443e+03
3.097157743e+06|3.076453533e+06|3.080223943e+06|3.083084798e+06|3.078937865e+06|2.255285870e+03|2.274555370e+03|2.287433965e+03|2.268437995e+03|1.739826357e+09|2.142477822e+09|2.425920946e+09|1.866424529e+09|3.074524292e+03|3.092653442e+03|3.104763611e+03|3.088094482e+03|2.940857443e+03
3.109683404e+06|3.074735373e+06|3.078850567e+06|3.083555874e+06|3.078424954e+06|2.246774793e+03|2.267520055e+03|2.289216280e+03|2.266081149e+03|1.441410420e+09|1.986913511e+09|2.461342167e+09|1.788616238e+09|3.066500732e+03|3.086040894e+03|3.106441589e+03|3.085579102e+03|2.940857443e+03
3.117831018e+06|3.071736448e+06|3.078630394e+06|3.083804769e+06|3.077274008e+06|2.240055304e+03|2.266393911e+03|2.290158780e+03|2.261185138e+03|3.386996852e+07|1.962939652e+09|2.480385421e+09|1.655893373e+09|3.060176819e+03|3.084980835e+03|3.107328552e+03|3.081093506e+03|2.940857443e+03
3.123909669e+06|3.068526011e+06|3.077687193e+06|3.081529065e+06|3.076096456e+06|2.232877012e+03|2.261575067e+03|2.281258373e+03|2.256082238e+03|6.585634627e+05|1.863186631e+09|2.300416188e+09|1.529087191e+09|3.053415588e+03|3.080445435e+03|3.098951172e+03|3.077699463e+03|2.940857443e+03
3.128559214e+06|3.066278909e+06|3.076043017e+06|3.079837408e+06|3.073956515e+06|2.227861756e+03|2.253195902e+03|2.272573402e+03|2.245374206e+03|3.688259265e+04|1.700211175e+09|2.097617910e+09|1.266867389e+09|3.048688293e+03|3.072553711e+03|3.090791138e+03|3.069074951e+03|2.940857443e+03
3.133737242e+06|3.058967303e+06|3.076346118e+06|3.080328577e+06|3.072125137e+06|2.209147769e+03|2.254738649e+03|2.275092144e+03|2.237324567e+03|3.918090991e+00|1.729281654e+09|2.154771340e+09|1.213361124e+09|3.032299377e+03|3.074007324e+03|3.093159668e+03|3.062561279e+03|2.940857443e+03
3.138143968e+06|3.064935388e+06|3.075079841e+06|3.078538049e+06|3.072735233e+06|2.224866871e+03|2.248299654e+03|2.265921737e+03|2.242340748e+03|6.918428367e+03|1.610848829e+09|1.952969166e+09|1.117619787e+09|3.045863831e+03|3.067938110e+03|3.084537231e+03|3.063842773e+03|2.940857443e+03
3.143109856e+06|3.058967303e+06|3.075649828e+06|3.079795041e+06|3.071731003e+06|2.199025122e+03|2.251196038e+03|2.272356253e+03|2.232497741e+03|3.918090991e+00|1.663197232e+09|2.092753553e+09|1.139112324e+09|3.028017334e+03|3.070669312e+03|3.090587341e+03|3.058138672e+03|2.940857443e+03
3.147989413e+06|3.058967303e+06|3.073585672e+06|3.080607772e+06|3.071985579e+06|2.204624700e+03|2.244197381e+03|2.276524933e+03|2.233171731e+03|3.918090991e+00|4.342885254e+08|2.187879758e+09|1.089173562e+09|3.030387085e+03|3.064076660e+03|3.094505493e+03|3.058753418e+03|2.940857443e+03
3.153473702e+06|3.058967303e+06|3.076032018e+06|3.080765663e+06|3.072981266e+06|2.208238512e+03|2.253139939e+03|2.277335592e+03|2.236304320e+03|3.918090991e+00|1.699166104e+09|2.206829895e+09|1.299215628e+09|3.031913452e+03|3.072500610e+03|3.095266113e+03|3.062642822e+03|2.940857443e+03
3.160903300e+06|3.058967303e+06|3.077006497e+06|3.080067001e+06|3.072174489e+06|2.198720486e+03|2.258102856e+03|2.273750548e+03|2.236918152e+03|3.918090991e+00|1.794089760e+09|2.124207773e+09|1.197278026e+09|3.027887329e+03|3.077175659e+03|3.091898071e+03|3.061114258e+03|2.940857443e+03
3.191669175e+06|3.058967303e+06|3.058967303e+06|3.070459076e+06|3.064404642e+06|2.133582054e+03|2.182550544e+03|2.237197366e+03|2.187291342e+03|3.918090991e+00|3.918090991e+00|7.384603166e+06|3.755730284e+08|2.972480164e+03|3.021019531e+03|3.057486694e+03|3.013200928e+03|2.940857443e+03
3.229051351e+06|3.058967303e+06|3.058967303e+06|3.058967303e+06|3.061306107e+06|2.133582054e+03|2.133582054e+03|2.191756585e+03|2.160056489e+03|3.918090991e+00|3.918090991e+00|3.918090991e+00|5.440306460e+07|2.909957703e+03|2.949333374e+03|3.024934875e+03|2.962799316e+03|2.940857443e+03
3.234757278e+06|3.058967303e+06|3.058967303e+06|3.068988133e+06|3.062855600e+06|2.133582054e+03|2.133582054e+03|2.233909260e+03|2.174992778e+03|3.918090991e+00|3.918090991e+00|1.102324573e+06|2.372218731e+07|2.923579956e+03|2.972774658e+03|3.054389099e+03|2.977204590e+03|2.940857443e+03
3.237648255e+06|3.058967303e+06|3.058967303e+06|3.063819347e+06|3.061424316e+06|2.133582054e+03|2.133582054e+03|2.222381142e+03|2.167009988e+03|3.918090991e+00|3.918090991e+00|1.743132175e+03|2.951915973e+06|2.906872986e+03|2.955860352e+03|3.043517578e+03|2.964985596e+03|2.940857443e+03
3.240221524e+06|3.058967303e+06|3.058967303e+06|3.058967303e+06|3.059730544e+06|2.133582054e+03|2.133582054e+03|2.153358389e+03|2.151465590e+03|3.918090991e+00|3.918090991e+00|3.918090991e+00|7.733780209e+05|2.881190796e+03|2.916555298e+03|3.008528015e+03|2.936483643e+03|2.940857443e+03
3.243279948e+06|3.058967303e+06|3.058967303e+06|3.058967303e+06|3.058967303e+06|2.133582054e+03|2.133582054e+03|2.133582054e+03|2.136529006e+03|3.918090991e+00|3.918090991e+00|3.918090991e+00|3.918090991e+00|2.835609924e+03|2.883291016e+03|2.966120239e+03|2.892915283e+03|2.940857443e+03
3.246204407e+06|3.058967303e+06|3.058967303e+06|3.058967303e+06|3.058967303e+06|2.133582054e+03|2.133582054e+03|2.133582054e+03|2.135212854e+03|3.918090991e+00|3.918090991e+00|3.918090991e+00|3.918090991e+00|2.801896484e+03|2.862754761e+03|2.960079041e+03|2.874920654e+03|2.940857443e+03
3.248799597e+06|3.058967303e+06|3.058967303e+06|3.058967303e+06|3.058969656e+06|2.133582054e+03|2.133582054e+03|2.133582054e+03|2.136159337e+03|3.918090991e+00|3.918090991e+00|3.918090991e+00|3.931513850e+00|2.782952637e+03|2.881717529e+03|2.959545166e+03|2.871300049e+03|2.940857443e+03
3.251171231e+06|3.058967303e+06|3.058967303e+06|3.058967303e+06|3.058967303e+06|2.133582054e+03|2.133582054e+03|2.133582054e+03|2.135452840e+03|3.918090991e+00|3.918090991e+00|3.918090991e+00|3.918090991e+00|2.754963257e+03|2.842319824e+03|2.949139526e+03|2.847667725e+03|2.940857443e+03
3.253710855e+06|3.058967303e+06|3.058967303e+06|3.058967303e+06|3.058967303e+06|2.133582054e+03|2.133582054e+03|2.133582054e+03|2.134927493e+03|3.918090991e+00|3.918090991e+00|3.918090991e+00|3.918090991e+00|2.729600037e+03|2.782454590e+03|2.932210815e+03|2.818507080e+03|2.940857443e+03
3.256472357e+06|3.058967303e+06|3.058967303e+06|3.058967303e+06|3.058989083e+06|2.133582054e+03|2.133582054e+03|2.133582054e+03|2.137411143e+03|3.918090991e+00|3.918090991e+00|3.918090991e+00|4.477242749e+00|2.697153381e+03|2.865457397e+03|2.953526978e+03|2.827235840e+03|2.940857443e+03
3.258881122e+06|3.058967303e+06|3.058967303e+06|3.058967303e+06|3.058967303e+06|2.133582054e+03|2.133582054e+03|2.133582054e+03|2.134400027e+03|3.918090991e+00|3.918090991e+00|3.918090991e+00|3.918090991e+00|2.659086304e+03|2.775275513e+03|2.918661255e+03|2.787197754e+03|2.940857443e+03
3.261590252e+06|3.058967303e+06|3.058967303e+06|3.058967303e+06|3.058967303e+06|2.133582054e+03|2.133582054e+03|2.133582054e+03|2.133914147e+03|3.918090991e+00|3.918090991e+00|3.918090991e+00|3.918090991e+00|2.602149109e+03|2.682039917e+03|2.872412476e+03|2.731278076e+03|2.940857443e+03
3.264768510e+06|3.058967303e+06|3.058967303e+06|3.058967305e+06|3.058967304e+06|2.133582054e+03|2.133582054e+03|2.133582054e+03|2.133582054e+03|3.918090991e+00|3.918090991e+00|3.918090991e+00|3.918090991e+00|2.551818298e+03|2.593630005e+03|2.820261963e+03|2.660121826e+03|2.940857443e+03
3.269197778e+06|3.058967303e+06|3.058967307e+06|3.058967313e+06|3.058967308e+06|2.133582054e+03|2.133582054e+03|2.133582054e+03|2.133582054e+03|3.918090991e+00|3.918090991e+00|3.918090991e+00|3.918090991e+00|2.454896667e+03|2.519261108e+03|2.732350586e+03|2.560706543e+03|2.940857443e+03
3.276887174e+06|3.058967303e+06|3.058967307e+06|3.058967313e+06|3.058967307e+06|2.133582054e+03|2.133582054e+03|2.133582054e+03|2.133582054e+03|3.918090961e+00|3.918090991e+00|3.918090991e+00|3.918090981e+00|2.286624512e+03|2.369881836e+03|2.512659546e+03|2.405515381e+03|2.940857443e+03
