#PHASE|Nmant|Nmant/Nmanttot|Mmant|Mmant/Mmanttot|RRRminmant|RRRminmantEq|RRRmaxmant|RRRmaxmantEq|Ncore|Ncore/Ncoretot|Mcore|Mcore/Mcoretot|RRRmincore|RRRmaxcore|
0.000000000e+00|0.000000000e+00|0.000000000e+00|0.000000000e+00|0.000000000e+00|inf|inf|-inf|inf|0.000000000e+00|0.000000000e+00|0.000000000e+00|0.000000000e+00|inf|-inf
1.000000000e+00|4.570700000e+04|3.331802543e-01|1.592143110e+23|3.329636216e-01|1.795224586e+06|1.934190853e+06|1.089198540e+08|inf|4.570700000e+04|0.000000000e+00|0.000000000e+00|0.000000000e+00|inf|-inf
2.000000000e+00|1.316000000e+03|9.592955447e-03|4.606976798e+21|9.634533917e-03|3.037675508e+06|4.653115200e+06|1.732391325e+08|inf|1.316000000e+03|0.000000000e+00|0.000000000e+00|0.000000000e+00|inf|-inf
3.000000000e+00|5.837300000e+04|4.255088057e-01|2.033869742e+23|4.253415606e-01|1.946298511e+06|1.946298511e+06|1.089717222e+08|inf|5.837300000e+04|0.000000000e+00|0.000000000e+00|0.000000000e+00|inf|-inf
4.000000000e+00|2.816600000e+04|2.053154887e-01|9.831833983e+22|2.056123617e-01|2.208891639e+06|2.208891639e+06|1.089718900e+08|inf|2.816600000e+04|9.820391267e-01|2.050690974e+23|9.819580970e-01|2.698448780e+04|1.085696908e+08
5.000000000e+00|3.622000000e+03|2.640249592e-02|1.264669000e+22|2.644792216e-02|3.110199131e+06|3.384742193e+06|1.703348549e+08|inf|3.622000000e+03|1.377111571e-02|2.888878839e+21|1.383318112e-02|2.057807959e+06|1.085697134e+08
6.000000000e+00|0.000000000e+00|0.000000000e+00|0.000000000e+00|0.000000000e+00|inf|inf|-inf|inf|0.000000000e+00|0.000000000e+00|0.000000000e+00|0.000000000e+00|inf|-inf
7.000000000e+00|0.000000000e+00|0.000000000e+00|0.000000000e+00|0.000000000e+00|inf|inf|-inf|inf|0.000000000e+00|0.000000000e+00|0.000000000e+00|0.000000000e+00|inf|-inf
8.000000000e+00|0.000000000e+00|0.000000000e+00|0.000000000e+00|0.000000000e+00|inf|inf|-inf|inf|0.000000000e+00|4.189757628e-03|8.789364792e+20|4.208721857e-03|1.778137793e+06|3.063298899e+06
