#PHASE|Nmant|Nmant/Nmanttot|Mmant|Mmant/Mmanttot|RRRminmant|RRRminmantEq|RRRmaxmant|RRRmaxmantEq|Ncore|Ncore/Ncoretot|Mcore|Mcore/Mcoretot|RRRmincore|RRRmaxcore|
0.000000000e+00|0.000000000e+00|0.000000000e+00|0.000000000e+00|0.000000000e+00|inf|inf|-inf|inf|0.000000000e+00|0.000000000e+00|0.000000000e+00|0.000000000e+00|inf|-inf
1.000000000e+00|6.631900000e+04|6.298100665e-01|2.635030496e+23|6.300026733e-01|1.819930558e+06|1.825239336e+06|1.105445721e+08|inf|6.631900000e+04|0.000000000e+00|0.000000000e+00|0.000000000e+00|inf|-inf
2.000000000e+00|4.370000000e+02|4.150047483e-03|1.733883013e+21|4.145496361e-03|3.106938441e+06|3.106938441e+06|1.514745952e+08|inf|4.370000000e+02|0.000000000e+00|0.000000000e+00|0.000000000e+00|inf|-inf
3.000000000e+00|3.396500000e+04|3.225546059e-01|1.349157547e+23|3.225666127e-01|1.863318043e+06|1.863318043e+06|1.105978129e+08|inf|3.396500000e+04|0.000000000e+00|0.000000000e+00|0.000000000e+00|inf|-inf
4.000000000e+00|3.998000000e+03|3.796771130e-02|1.580520799e+22|3.778826582e-02|3.089559535e+06|3.089559535e+06|3.374750243e+06|inf|3.998000000e+03|1.000000000e+00|1.790438485e+23|1.000000000e+00|3.238488363e+04|1.751567719e+06
5.000000000e+00|5.810000000e+02|5.517568851e-03|2.299138790e+21|5.496951880e-03|3.165895518e+06|3.230368730e+06|1.470026491e+08|inf|5.810000000e+02|0.000000000e+00|0.000000000e+00|0.000000000e+00|inf|-inf
6.000000000e+00|0.000000000e+00|0.000000000e+00|0.000000000e+00|0.000000000e+00|inf|inf|-inf|inf|0.000000000e+00|0.000000000e+00|0.000000000e+00|0.000000000e+00|inf|-inf
7.000000000e+00|0.000000000e+00|0.000000000e+00|0.000000000e+00|0.000000000e+00|inf|inf|-inf|inf|0.000000000e+00|0.000000000e+00|0.000000000e+00|0.000000000e+00|inf|-inf
8.000000000e+00|0.000000000e+00|0.000000000e+00|0.000000000e+00|0.000000000e+00|inf|inf|-inf|inf|0.000000000e+00|0.000000000e+00|0.000000000e+00|0.000000000e+00|inf|-inf
