#RRR|U50|U25|U75|Umean|T50|T25|T75|Tmean|P50|P25|P75|Pmean|rho50|rho25|rho75|Pmean|S
1.710194086e+05|2.438251905e+06|2.441005953e+06|2.443499838e+06|2.440839800e+06|3.860776747e+03|3.864315859e+03|3.867500963e+03|3.864085558e+03|4.549623067e+10|4.562691110e+10|4.574491414e+10|4.561875514e+10|7.944386230e+03|7.948201904e+03|7.951634766e+03|7.947956055e+03|1.991001277e+03
2.597625105e+05|2.430123668e+06|2.433047522e+06|2.434987851e+06|2.432788733e+06|3.850241596e+03|3.854031991e+03|3.856546917e+03|3.853695212e+03|4.510908341e+10|4.524827220e+10|4.534068645e+10|4.523599415e+10|7.933050049e+03|7.937133789e+03|7.939838623e+03|7.936767090e+03|1.991001277e+03
3.094220910e+05|2.424312179e+06|2.426875906e+06|2.429675302e+06|2.427008679e+06|3.842705298e+03|3.846030326e+03|3.849660275e+03|3.846201865e+03|4.483267971e+10|4.495457338e+10|4.508774653e+10|4.496095358e+10|7.924928589e+03|7.928514160e+03|7.932423340e+03|7.928697266e+03|1.991001277e+03
3.505387627e+05|2.418355497e+06|2.421359679e+06|2.424201358e+06|2.421342640e+06|3.834977308e+03|3.838875260e+03|3.842561555e+03|3.838847222e+03|4.454972268e+10|4.469238286e+10|4.482741202e+10|4.469153365e+10|7.916595215e+03|7.920801514e+03|7.924776367e+03|7.920771484e+03|1.991001277e+03
3.872290043e+05|2.413104086e+06|2.415707233e+06|2.419368164e+06|2.416199325e+06|3.828079585e+03|3.831508243e+03|3.836291351e+03|3.832134038e+03|4.429877649e+10|4.442331995e+10|4.459780259e+10|4.444649897e+10|7.909173340e+03|7.912860596e+03|7.918014648e+03|7.913540039e+03|1.991001277e+03
4.218239850e+05|2.408291346e+06|2.410883980e+06|2.413486060e+06|2.410784284e+06|3.821738969e+03|3.825154940e+03|3.828582730e+03|3.825021700e+03|4.406869399e+10|4.419260819e+10|4.431704731e+10|4.418790108e+10|7.902355469e+03|7.906027344e+03|7.909716187e+03|7.905883301e+03|1.991001277e+03
4.516244685e+05|2.402568477e+06|2.404961302e+06|2.408058929e+06|2.405187631e+06|3.814196492e+03|3.817350494e+03|3.821432714e+03|3.817647153e+03|4.379542575e+10|4.390964188e+10|4.405758934e+10|4.392051822e+10|7.894227051e+03|7.897623779e+03|7.902021240e+03|7.897944336e+03|1.991001277e+03
4.820466208e+05|2.397324544e+06|2.400048317e+06|2.402833492e+06|2.399591851e+06|3.807282555e+03|3.810874071e+03|3.814545837e+03|3.810260096e+03|4.354533158e+10|4.367519727e+10|4.380807266e+10|4.365327693e+10|7.886773071e+03|7.890648438e+03|7.894604370e+03|7.889986328e+03|1.991001277e+03
5.086637579e+05|2.392331489e+06|2.394955474e+06|2.397994947e+06|2.394812300e+06|3.800631725e+03|3.804143368e+03|3.808166600e+03|3.803926529e+03|4.330601342e+10|4.343211044e+10|4.357728805e+10|4.342478353e+10|7.879617432e+03|7.883393311e+03|7.887730103e+03|7.883165527e+03|1.991001277e+03
5.339757750e+05|2.386450076e+06|2.389694732e+06|2.393394320e+06|2.389522846e+06|3.792758505e+03|3.797102378e+03|3.802054170e+03|3.796867892e+03|4.302368142e+10|4.317937894e+10|4.335707925e+10|4.317120933e+10|7.871145386e+03|7.875821777e+03|7.881144653e+03|7.875566895e+03|1.991001277e+03
5.606757226e+05|2.381010532e+06|2.384815093e+06|2.387562405e+06|2.384066123e+06|3.785474077e+03|3.790569272e+03|3.794247772e+03|3.789556760e+03|4.276293245e+10|4.294526646e+10|4.307704442e+10|4.290941555e+10|7.863303467e+03|7.868790039e+03|7.872750366e+03|7.867698730e+03|1.991001277e+03
5.843065110e+05|2.374188697e+06|2.379779186e+06|2.382815830e+06|2.378346687e+06|3.776330702e+03|3.783824742e+03|3.787891954e+03|3.781883150e+03|4.243631659e+10|4.270395579e+10|4.284942974e+10|4.263509011e+10|7.853449585e+03|7.861527100e+03|7.865908081e+03|7.859435547e+03|1.991001277e+03
6.060803055e+05|2.370379692e+06|2.374593241e+06|2.377611594e+06|2.373818662e+06|3.771149726e+03|3.776876917e+03|3.780921019e+03|3.775781540e+03|4.225250638e+10|4.245575844e+10|4.260017834e+10|4.241769741e+10|7.847878418e+03|7.854036621e+03|7.858400391e+03|7.852865234e+03|1.991001277e+03
6.295473842e+05|2.363699501e+06|2.367792996e+06|2.371650357e+06|2.367278522e+06|3.762060492e+03|3.767630648e+03|3.772878214e+03|3.766925478e+03|4.193055052e+10|4.212777576e+10|4.231380497e+10|4.210310063e+10|7.838105103e+03|7.844094238e+03|7.849738281e+03|7.843334473e+03|1.991001277e+03
6.520685121e+05|2.358928037e+06|2.363344887e+06|2.366603540e+06|2.362016593e+06|3.755566036e+03|3.761577890e+03|3.766012261e+03|3.759754974e+03|4.170093174e+10|4.191347567e+10|4.207044701e+10|4.184955494e+10|7.831107910e+03|7.837580811e+03|7.842356934e+03|7.835617676e+03|1.991001277e+03
6.713321096e+05|2.352085652e+06|2.357408394e+06|2.361686000e+06|2.356336478e+06|3.746222078e+03|3.753497245e+03|3.759320141e+03|3.752004237e+03|4.137155088e+10|4.162786860e+10|4.183362321e+10|4.157589047e+10|7.821045898e+03|7.828881592e+03|7.835151245e+03|7.827273926e+03|1.991001277e+03
6.928376337e+05|2.345730437e+06|2.352414532e+06|2.355822342e+06|2.351352137e+06|3.737433081e+03|3.746676820e+03|3.751337840e+03|3.745171000e+03|4.106368758e+10|4.138749625e+10|4.155164320e+10|4.133545533e+10|7.811594360e+03|7.821534424e+03|7.826552246e+03|7.819918945e+03|1.991001277e+03
7.133814101e+05|2.340847255e+06|2.347621415e+06|2.350852122e+06|2.345881172e+06|3.730677710e+03|3.740048552e+03|3.744516403e+03|3.737632957e+03|4.082747885e+10|4.115523875e+10|4.131175610e+10|4.107111639e+10|7.804323730e+03|7.814409912e+03|7.819213257e+03|7.811806641e+03|1.991001277e+03
7.317152203e+05|2.335777285e+06|2.341560698e+06|2.345884412e+06|2.340036486e+06|3.723661971e+03|3.731664791e+03|3.737646059e+03|3.729537421e+03|4.058256214e+10|4.086197186e+10|4.107114049e+10|4.078823278e+10|7.796772461e+03|7.805389893e+03|7.811825195e+03|7.803096680e+03|1.991001277e+03
7.489124513e+05|2.329801034e+06|2.337163789e+06|2.341308252e+06|2.335735524e+06|3.715322742e+03|3.725580792e+03|3.731315530e+03|3.723560930e+03|4.029277841e+10|4.064950640e+10|4.084976512e+10|4.057991372e+10|7.787797241e+03|7.798839600e+03|7.805011475e+03|7.796666016e+03|1.991001277e+03
7.693778088e+05|2.324832542e+06|2.332226480e+06|2.335312391e+06|2.330491206e+06|3.708330640e+03|3.718735420e+03|3.723018559e+03|3.716256732e+03|4.005091075e+10|4.041096653e+10|4.056012085e+10|4.032589085e+10|7.780279663e+03|7.791464111e+03|7.796075317e+03|7.788803711e+03|1.991001277e+03
7.868820685e+05|2.316686472e+06|2.325531167e+06|2.330325430e+06|2.323817662e+06|3.696862948e+03|3.709313914e+03|3.716060626e+03|3.706885337e+03|3.965508233e+10|4.008489996e+10|4.031832376e+10|4.000168368e+10|7.767937012e+03|7.781341064e+03|7.788588013e+03|7.778720703e+03|1.991001277e+03
8.034076687e+05|2.314012429e+06|2.319170445e+06|2.324604620e+06|2.318695053e+06|3.693097510e+03|3.700360282e+03|3.708009845e+03|3.699666663e+03|3.952534581e+10|3.977568583e+10|4.003982361e+10|3.975246234e+10|7.763880249e+03|7.771706543e+03|7.779936279e+03|7.770955566e+03|1.991001277e+03
8.203647744e+05|2.305143034e+06|2.313490438e+06|2.319418629e+06|2.312447952e+06|3.680437302e+03|3.692362412e+03|3.700709689e+03|3.690806993e+03|3.909185593e+10|3.950003228e+10|3.978774069e+10|3.944803962e+10|7.750273682e+03|7.763088135e+03|7.772084229e+03|7.761425781e+03|1.991001277e+03
8.373590324e+05|2.302590094e+06|2.309914578e+06|2.316647403e+06|2.309389757e+06|3.676781934e+03|3.687268207e+03|3.696807935e+03|3.686462053e+03|3.896706081e+10|3.932536715e+10|3.965318637e+10|3.929900147e+10|7.746338623e+03|7.757615967e+03|7.767877197e+03|7.756749512e+03|1.991001277e+03
8.545270066e+05|2.295849460e+06|2.305122643e+06|2.309510461e+06|2.302594660e+06|3.667128499e+03|3.680408105e+03|3.686689733e+03|3.676756556e+03|3.863801307e+10|3.909085946e+10|3.930557581e+10|3.896725722e+10|7.735947021e+03|7.750241211e+03|7.756988281e+03|7.746307617e+03|1.991001277e+03
8.696949685e+05|2.288417692e+06|2.299887877e+06|2.305506771e+06|2.297606746e+06|3.656385820e+03|3.672912370e+03|3.680958076e+03|3.669588109e+03|3.827373238e+10|3.883507101e+10|3.910964481e+10|3.872315832e+10|7.724394775e+03|7.742176758e+03|7.750831787e+03|7.738598633e+03|1.991001277e+03
8.840658993e+05|2.283643115e+06|2.293780954e+06|2.299925001e+06|2.291744143e+06|3.649431245e+03|3.664165552e+03|3.672965535e+03|3.661138861e+03|3.803893412e+10|3.853717168e+10|3.883688354e+10|3.843612070e+10|7.716917847e+03|7.732760498e+03|7.742231567e+03|7.729509766e+03|1.991001277e+03
9.016761495e+05|2.279387211e+06|2.288394157e+06|2.293876511e+06|2.286117329e+06|3.643231078e+03|3.656351543e+03|3.664302435e+03|3.652996040e+03|3.782995528e+10|3.827257434e+10|3.854182878e+10|3.816040710e+10|7.710248535e+03|7.724359619e+03|7.732904053e+03|7.720748535e+03|1.991001277e+03
9.176126244e+05|2.271599332e+06|2.285061157e+06|2.290825809e+06|2.281375807e+06|3.631857083e+03|3.651496877e+03|3.659892959e+03|3.646074754e+03|3.744767639e+10|3.810863006e+10|3.839229022e+10|3.792737103e+10|7.698005615e+03|7.719140625e+03|7.728161011e+03|7.713304199e+03|1.991001277e+03
9.327032703e+05|2.262167062e+06|2.278705043e+06|2.284495959e+06|2.274201558e+06|3.617915690e+03|3.642237172e+03|3.650673577e+03|3.635543889e+03|3.698212460e+10|3.779648606e+10|3.808084646e+10|3.757405351e+10|7.683016357e+03|7.709181641e+03|7.718258667e+03|7.701979492e+03|1.991001277e+03
9.460346364e+05|2.261973648e+06|2.273418652e+06|2.280152849e+06|2.270800502e+06|3.617629769e+03|3.634534122e+03|3.644346565e+03|3.630573140e+03|3.697259312e+10|3.753736477e+10|3.786752863e+10|3.740685291e+10|7.682709595e+03|7.700884277e+03|7.711452637e+03|7.696631836e+03|1.991001277e+03
9.594250846e+05|2.256681986e+06|2.269029715e+06|2.272918276e+06|2.265088875e+06|3.609757102e+03|3.628059489e+03|3.633804917e+03|3.622159728e+03|3.671090061e+10|3.732070235e+10|3.751286085e+10|3.712543388e+10|7.674242310e+03|7.693926758e+03|7.700101196e+03|7.687580566e+03|1.991001277e+03
9.756132467e+05|2.246856229e+06|2.264254102e+06|2.269318422e+06|2.259163284e+06|3.595031079e+03|3.621000823e+03|3.628486181e+03|3.613331809e+03|3.622377366e+10|3.708500927e+10|3.733496311e+10|3.683224298e+10|7.658400391e+03|7.686332764e+03|7.694381836e+03|7.678085449e+03|1.991001277e+03
9.911422722e+05|2.241834248e+06|2.259025359e+06|2.263863487e+06|2.253786511e+06|3.587438333e+03|3.613268559e+03|3.620423421e+03|3.605308140e+03|3.597387130e+10|3.682732388e+10|3.706574722e+10|3.656607475e+10|7.650239624e+03|7.678012207e+03|7.685712402e+03|7.669457520e+03|1.991001277e+03
1.004775572e+06|2.235433522e+06|2.255483336e+06|2.260265977e+06|2.249441539e+06|3.577733335e+03|3.607960886e+03|3.615105254e+03|3.598783508e+03|3.565537391e+10|3.665138542e+10|3.688846970e+10|3.635053208e+10|7.639802490e+03|7.672312500e+03|7.679991211e+03|7.662441406e+03|1.991001277e+03
1.018262115e+06|2.233330395e+06|2.247523893e+06|2.254019732e+06|2.243739417e+06|3.574544185e+03|3.596031848e+03|3.605767542e+03|3.590209405e+03|3.555088715e+10|3.625682054e+10|3.657875000e+10|3.606745321e+10|7.636371216e+03|7.659477295e+03|7.669952148e+03|7.653220215e+03|1.991001277e+03
1.031702304e+06|2.224487045e+06|2.242913628e+06|2.250279300e+06|2.238116882e+06|3.560967436e+03|3.589074782e+03|3.600161754e+03|3.581659272e+03|3.510844584e+10|3.602765338e+10|3.639328720e+10|3.578728399e+10|7.621776001e+03|7.651999268e+03|7.663924683e+03|7.644026855e+03|1.991001277e+03
1.045302473e+06|2.220969603e+06|2.236438391e+06|2.243385198e+06|2.231350504e+06|3.555554707e+03|3.579257045e+03|3.589789716e+03|3.571344257e+03|3.493260834e+10|3.570532736e+10|3.605115754e+10|3.544984236e+10|7.615954224e+03|7.641444336e+03|7.652767700e+03|7.632935059e+03|1.991001277e+03
1.059996769e+06|2.220730695e+06|2.233969488e+06|2.238871933e+06|2.228606705e+06|3.555190366e+03|3.575513313e+03|3.582946953e+03|3.567160620e+03|3.492073375e+10|3.558262960e+10|3.582637449e+10|3.531300797e+10|7.615563965e+03|7.637416016e+03|7.645415527e+03|7.628436035e+03|1.991001277e+03
1.073381839e+06|2.207596900e+06|2.228980607e+06|2.234647819e+06|2.222256891e+06|3.534773726e+03|3.567877795e+03|3.576541926e+03|3.557341651e+03|3.426126599e+10|3.533335315e+10|3.561632914e+10|3.499473902e+10|7.593610596e+03|7.629206787e+03|7.638523071e+03|7.617879395e+03|1.991001277e+03
1.085012756e+06|2.204034625e+06|2.223043916e+06|2.229035649e+06|2.216096647e+06|3.529183062e+03|3.558748024e+03|3.567962437e+03|3.547802167e+03|3.408170190e+10|3.503629806e+10|3.533611035e+10|3.468578405e+10|7.587601562e+03|7.619389160e+03|7.629296753e+03|7.607621094e+03|1.991001277e+03
1.097936994e+06|2.195886465e+06|2.213191178e+06|2.222626741e+06|2.208814456e+06|3.516320778e+03|3.543483453e+03|3.558106433e+03|3.536451467e+03|3.367014311e+10|3.454206290e+10|3.501544901e+10|3.431971733e+10|7.573769897e+03|7.602979248e+03|7.618700562e+03|7.595417969e+03|1.991001277e+03
1.110567475e+06|2.197731591e+06|2.211528293e+06|2.218936444e+06|2.206226852e+06|3.519233461e+03|3.540894572e+03|3.552427618e+03|3.532392503e+03|3.376321764e+10|3.445853211e+10|3.483108912e+10|3.418932190e+10|7.576903809e+03|7.600195557e+03|7.612590088e+03|7.591051758e+03|1.991001277e+03
1.125276035e+06|2.196784899e+06|2.207503997e+06|2.214512856e+06|2.203225423e+06|3.517739034e+03|3.534629081e+03|3.545541083e+03|3.527689700e+03|3.371545377e+10|3.425660806e+10|3.460849403e+10|3.403822821e+10|7.575298950e+03|7.593455078e+03|7.605193237e+03|7.585996094e+03|1.991001277e+03
1.138015991e+06|2.179613630e+06|2.199682540e+06|2.206826795e+06|2.193397295e+06|3.490323061e+03|3.522313160e+03|3.533574703e+03|3.512100219e+03|3.284479871e+10|3.386170525e+10|3.422266017e+10|3.354092490e+10|7.545817017e+03|7.580218750e+03|7.592319580e+03|7.569233887e+03|1.991001277e+03
1.149554213e+06|2.173507354e+06|2.196218161e+06|2.202822846e+06|2.189511791e+06|3.480422033e+03|3.516844390e+03|3.527270251e+03|3.505904332e+03|3.253295835e+10|3.368686994e+10|3.402040462e+10|3.334391712e+10|7.535175049e+03|7.574337402e+03|7.585547485e+03|7.562573730e+03|1.991001277e+03
1.161065982e+06|2.180616270e+06|2.192037521e+06|2.198611560e+06|2.186852026e+06|3.491935984e+03|3.510219042e+03|3.520622555e+03|3.501700363e+03|3.289576976e+10|3.347558633e+10|3.380762868e+10|3.320953685e+10|7.547550171e+03|7.567208252e+03|7.578396729e+03|7.558053223e+03|1.991001277e+03
1.172540608e+06|2.167435372e+06|2.184648243e+06|2.192551126e+06|2.179440831e+06|3.470563499e+03|3.498398349e+03|3.511040658e+03|3.489754614e+03|3.222342065e+10|3.310032384e+10|3.350171389e+10|3.283218639e+10|7.524570312e+03|7.554504639e+03|7.568089355e+03|7.545208008e+03|1.991001277e+03
1.185542977e+06|2.154937644e+06|2.180526952e+06|2.190171073e+06|2.173109077e+06|3.449984257e+03|3.491803992e+03|3.507233272e+03|3.479418123e+03|3.158168536e+10|3.289150168e+10|3.338068741e+10|3.250802123e+10|7.502445312e+03|7.547409912e+03|7.564000000e+03|7.534095215e+03|1.991001277e+03
1.199131206e+06|2.158270664e+06|2.175890803e+06|2.182462883e+06|2.169551226e+06|3.455507855e+03|3.484286636e+03|3.494902400e+03|3.473650502e+03|3.175343541e+10|3.265457138e+10|3.298956584e+10|3.232625251e+10|7.508381104e+03|7.539333008e+03|7.550741943e+03|7.527892578e+03|1.991001277e+03
1.210498531e+06|2.154446245e+06|2.169900085e+06|2.176238404e+06|2.164390540e+06|3.449165194e+03|3.474573192e+03|3.484850252e+03|3.465297900e+03|3.155624658e+10|3.234915814e+10|3.267231691e+10|3.206311513e+10|7.501567017e+03|7.528886719e+03|7.539934692e+03|7.518912598e+03|1.991001277e+03
1.222940323e+06|2.140278674e+06|2.165007234e+06|2.172314561e+06|2.158102142e+06|3.425464292e+03|3.466577456e+03|3.478488020e+03|3.454860644e+03|3.082251911e+10|3.209879032e+10|3.247214814e+10|3.173867333e+10|7.476083130e+03|7.520285645e+03|7.533097778e+03|7.507689941e+03|1.991001277e+03
1.233403878e+06|2.135039520e+06|2.158813438e+06|2.167689645e+06|2.153297324e+06|3.416595018e+03|3.456405607e+03|3.470980918e+03|3.446856122e+03|3.054934523e+10|3.178137517e+10|3.223647567e+10|3.149027449e+10|7.466546753e+03|7.509346436e+03|7.525019897e+03|7.499080566e+03|1.991001277e+03
1.244701705e+06|2.137613503e+06|2.154167252e+06|2.163717038e+06|2.149407851e+06|3.420952318e+03|3.448700146e+03|3.464459511e+03|3.440333815e+03|3.068346096e+10|3.154178485e+10|3.203262351e+10|3.128839586e+10|7.471236816e+03|7.501065674e+03|7.518010498e+03|7.492068359e+03|1.991001277e+03
1.256417440e+06|2.124960962e+06|2.148179829e+06|2.157178519e+06|2.142686384e+06|3.399383923e+03|3.438720824e+03|3.453701464e+03|3.429060218e+03|3.002120346e+10|3.123223635e+10|3.169724089e+10|3.093968879e+10|7.448040649e+03|7.490340576e+03|7.506438965e+03|7.479946289e+03|1.991001277e+03
1.269106530e+06|2.130783509e+06|2.145402281e+06|2.151246280e+06|2.138755819e+06|3.409370978e+03|3.434091833e+03|3.443831578e+03|3.422494245e+03|3.032739259e+10|3.108896011e+10|3.139065361e+10|3.073623986e+10|7.458777466e+03|7.485360840e+03|7.495837402e+03|7.472884766e+03|1.991001277e+03
1.281071752e+06|2.121852303e+06|2.140911687e+06|2.149150332e+06|2.132649560e+06|3.394052631e+03|3.426535995e+03|3.440338297e+03|3.411876505e+03|2.985814429e+10|3.085557731e+10|3.128234705e+10|3.041287698e+10|7.442302979e+03|7.477233887e+03|7.492077148e+03|7.461461426e+03|1.991001277e+03
1.292107617e+06|2.109105576e+06|2.135835219e+06|2.143167951e+06|2.127611975e+06|3.371891021e+03|3.417941961e+03|3.430356037e+03|3.403368761e+03|2.918327332e+10|3.059078294e+10|3.097348746e+10|3.015057135e+10|7.418459961e+03|7.467995361e+03|7.481339600e+03|7.452313965e+03|1.991001277e+03
1.301829193e+06|2.108295287e+06|2.127322093e+06|2.138575587e+06|2.121429091e+06|3.370477167e+03|3.403433553e+03|3.422581030e+03|3.392655129e+03|2.914038182e+10|3.014522694e+10|3.073363507e+10|2.982377832e+10|7.416936157e+03|7.452396240e+03|7.472988770e+03|7.440788086e+03|1.991001277e+03
1.311355350e+06|2.105592049e+06|2.124060210e+06|2.132524335e+06|2.117130188e+06|3.365702165e+03|3.397839092e+03|3.412337553e+03|3.385322982e+03|2.899559984e+10|2.997392560e+10|3.041847841e+10|2.959870492e+10|7.411803589e+03|7.446377686e+03|7.461965210e+03|7.432901855e+03|1.991001277e+03
1.324260082e+06|2.103354829e+06|2.120653221e+06|2.130014038e+06|2.114379292e+06|3.361748007e+03|3.391996388e+03|3.408050992e+03|3.380471284e+03|2.887584401e+10|2.979532712e+10|3.028684602e+10|2.945180116e+10|7.407553345e+03|7.440088379e+03|7.457358643e+03|7.427681641e+03|1.991001277e+03
1.335789492e+06|2.089964638e+06|2.115934996e+06|2.121857107e+06|2.105896643e+06|3.337892228e+03|3.383793927e+03|3.394060869e+03|3.365394854e+03|2.815652561e+10|2.954513839e+10|2.985839596e+10|2.899669800e+10|7.381875000e+03|7.431270264e+03|7.442311157e+03|7.411452637e+03|1.991001277e+03
1.347295764e+06|2.095628890e+06|2.109680449e+06|2.118287363e+06|2.102296629e+06|3.348062642e+03|3.372892826e+03|3.387894637e+03|3.359042164e+03|2.846252901e+10|2.921367517e+10|2.967013013e+10|2.880434467e+10|7.392820801e+03|7.419541992e+03|7.435677246e+03|7.404615723e+03|1.991001277e+03
1.358745979e+06|2.080091786e+06|2.102038043e+06|2.110811804e+06|2.094653080e+06|3.320017923e+03|3.359420886e+03|3.374864459e+03|3.345460912e+03|2.762096257e+10|2.880544471e+10|2.927353783e+10|2.839433918e+10|7.362634644e+03|7.405047119e+03|7.421661377e+03|7.389997559e+03|1.991001277e+03
1.368153923e+06|2.064886015e+06|2.092895669e+06|2.106365545e+06|2.086201703e+06|3.292032432e+03|3.343154517e+03|3.367069310e+03|3.330019933e+03|2.678817667e+10|2.831469503e+10|2.903701745e+10|2.793332191e+10|7.332481812e+03|7.387541748e+03|7.413273926e+03|7.373363281e+03|1.991001277e+03
1.377843315e+06|2.074047568e+06|2.094402372e+06|2.104267112e+06|2.083589320e+06|3.308992154e+03|3.345860059e+03|3.363360332e+03|3.325000371e+03|2.729203324e+10|2.839615860e+10|2.892464478e+10|2.778632889e+10|7.350753052e+03|7.390451172e+03|7.409286865e+03|7.367945801e+03|1.991001277e+03
1.387940304e+06|2.052653914e+06|2.088611368e+06|2.103082618e+06|2.078646997e+06|3.269053043e+03|3.335462653e+03|3.361266911e+03|3.315930671e+03|2.610974129e+10|2.808351439e+10|2.886128161e+10|2.751605627e+10|7.307705200e+03|7.379261475e+03|7.407036133e+03|7.358176758e+03|1.991001277e+03
1.398376047e+06|2.047311113e+06|2.082964575e+06|2.094739907e+06|2.069972703e+06|3.258843399e+03|3.325254807e+03|3.346466178e+03|3.299412892e+03|2.580963974e+10|2.777757305e+10|2.841441420e+10|2.703059585e+10|7.296705322e+03|7.368269775e+03|7.391102539e+03|7.340352539e+03|1.991001277e+03
1.409734335e+06|2.064860616e+06|2.079819894e+06|2.087242513e+06|2.068404308e+06|3.291985431e+03|3.319522328e+03|3.333005482e+03|3.296943236e+03|2.678678463e+10|2.760615519e+10|2.800979588e+10|2.695227258e+10|7.332429443e+03|7.362098145e+03|7.376616821e+03|7.337706055e+03|1.991001277e+03
1.421473196e+06|2.055119353e+06|2.072081555e+06|2.081560835e+06|2.063456089e+06|3.273694572e+03|3.305351676e+03|3.322695773e+03|3.287944144e+03|2.624635596e+10|2.718360720e+10|2.770101196e+10|2.668313472e+10|7.312714111e+03|7.346834961e+03|7.365514160e+03|7.328015137e+03|1.991001277e+03
1.432066850e+06|2.049384486e+06|2.066766188e+06|2.077568643e+06|2.061268067e+06|3.262804933e+03|3.295511970e+03|3.315419270e+03|3.284256239e+03|2.592594025e+10|2.689128259e+10|2.748362569e+10|2.656942999e+10|7.300972778e+03|7.336234131e+03|7.357677368e+03|7.324060547e+03|1.991001277e+03
1.441343226e+06|2.044850291e+06|2.064281715e+06|2.076910439e+06|2.056934497e+06|3.254142620e+03|3.290914155e+03|3.314219769e+03|3.275735396e+03|2.567187796e+10|2.675505803e+10|2.744783811e+10|2.632205185e+10|7.291627563e+03|7.331273438e+03|7.356389160e+03|7.314854980e+03|1.991001277e+03
1.451556639e+06|2.022798655e+06|2.055354400e+06|2.071329528e+06|2.047515665e+06|3.211074750e+03|3.274136992e+03|3.303959325e+03|3.257378154e+03|2.441878756e+10|2.625943595e+10|2.714218616e+10|2.578731701e+10|7.245130371e+03|7.313194092e+03|7.345335327e+03|7.295031250e+03|1.991001277e+03
1.460629091e+06|2.018469151e+06|2.049207888e+06|2.064330748e+06|2.040388383e+06|3.202405090e+03|3.262467478e+03|3.291004889e+03|3.243541516e+03|2.416843068e+10|2.591602581e+10|2.675774430e+10|2.538364259e+10|7.235763428e+03|7.300611572e+03|7.331370972e+03|7.280089355e+03|1.991001277e+03
1.470816356e+06|2.020610214e+06|2.049571229e+06|2.062476561e+06|2.037808674e+06|3.206715800e+03|3.263161776e+03|3.287541013e+03|3.237901369e+03|2.429285310e+10|2.593642487e+10|2.665521184e+10|2.522581792e+10|7.240417725e+03|7.301360840e+03|7.327639282e+03|7.273962891e+03|1.991001277e+03
1.481827219e+06|1.977840019e+06|2.028171643e+06|2.053712912e+06|2.019299682e+06|3.117903707e+03|3.221683024e+03|3.271048597e+03|3.200798382e+03|2.176416057e+10|2.472585939e+10|2.616844868e+10|2.415618692e+10|7.144249512e+03|7.256590088e+03|7.309863403e+03|7.233846191e+03|1.991001277e+03
1.490824307e+06|1.964029891e+06|2.026580247e+06|2.051621490e+06|2.010467401e+06|3.087672866e+03|3.218540240e+03|3.267074984e+03|3.180904970e+03|2.091953142e+10|2.463472597e+10|2.605150994e+10|2.360514457e+10|7.111416138e+03|7.253200684e+03|7.305576782e+03|7.212199219e+03|1.991001277e+03
1.501532226e+06|2.011184371e+06|2.032467081e+06|2.044896661e+06|2.023787643e+06|3.187732902e+03|3.230147852e+03|3.254231186e+03|3.210765511e+03|2.374659036e+10|2.497177441e+10|2.567447093e+10|2.443331183e+10|7.219892822e+03|7.265729980e+03|7.291727783e+03|7.244666016e+03|1.991001277e+03
1.511746505e+06|2.008584404e+06|2.026755442e+06|2.042414249e+06|2.021801440e+06|3.182413970e+03|3.218886222e+03|3.249486953e+03|3.207124910e+03|2.359395262e+10|2.464475816e+10|2.553569898e+10|2.432478540e+10|7.214147339e+03|7.253574219e+03|7.286602295e+03|7.240747559e+03|1.991001277e+03
1.520701715e+06|2.003048699e+06|2.020086989e+06|2.034957082e+06|2.015118819e+06|3.171095915e+03|3.205662223e+03|3.234989808e+03|3.193921599e+03|2.327034625e+10|2.426241594e+10|2.511256031e+10|2.394224840e+10|7.201894409e+03|7.239278564e+03|7.270961670e+03|7.226488281e+03|1.991001277e+03
1.529295702e+06|1.994993245e+06|2.014589923e+06|2.033081258e+06|2.009397306e+06|3.154360582e+03|3.194597719e+03|3.231342035e+03|3.181768239e+03|2.279365244e+10|2.394363915e+10|2.500647035e+10|2.359876678e+10|7.183779785e+03|7.227322021e+03|7.267018433e+03|7.213298828e+03|1.991001277e+03
1.540570298e+06|1.984606716e+06|2.009405820e+06|2.024209565e+06|2.003141633e+06|3.132431951e+03|3.184094182e+03|3.213859733e+03|3.169233910e+03|2.217314843e+10|2.364212934e+10|2.449926226e+10|2.323753062e+10|7.160009399e+03|7.215961182e+03|7.248139038e+03|7.199759766e+03|1.991001277e+03
1.552917776e+06|1.971911324e+06|2.000966777e+06|2.015560776e+06|1.994256619e+06|3.105037495e+03|3.166809117e+03|3.196551270e+03|3.150563551e+03|2.140372453e+10|2.314801636e+10|2.399980875e+10|2.270814172e+10|7.130283936e+03|7.197252686e+03|7.229436768e+03|7.179522461e+03|1.991001277e+03
1.562861048e+06|1.958193594e+06|1.990695846e+06|2.005771184e+06|1.979745941e+06|3.074576842e+03|3.145356189e+03|3.176661070e+03|3.118687332e+03|2.055580571e+10|2.253839907e+10|2.342929261e+10|2.181774566e+10|7.097179443e+03|7.174019043e+03|7.207920166e+03|7.144879395e+03|1.991001277e+03
1.571843071e+06|1.933813650e+06|1.971833863e+06|1.998814971e+06|1.965119364e+06|3.018082178e+03|3.104866800e+03|3.162323499e+03|3.085390128e+03|1.900512181e+10|2.139895165e+10|2.302008248e+10|2.089833652e+10|7.035611206e+03|7.130097412e+03|7.192401489e+03|7.108610840e+03|1.991001277e+03
1.579730318e+06|1.951363945e+06|1.978142158e+06|2.001876818e+06|1.970200779e+06|3.059065990e+03|3.118555736e+03|3.168700239e+03|3.096934640e+03|2.012740149e+10|2.178235373e+10|2.320201149e+10|2.121725051e+10|7.080296509e+03|7.144960938e+03|7.199302124e+03|7.121185059e+03|1.991001277e+03
1.586618275e+06|1.893525065e+06|1.957684688e+06|2.000383123e+06|1.950492280e+06|2.916489490e+03|3.073435654e+03|3.165592273e+03|3.048237633e+03|1.628754280e+10|2.052422984e+10|2.311328071e+10|1.990628106e+10|6.924280151e+03|7.095936035e+03|7.195937988e+03|7.067861328e+03|1.991001277e+03
1.592739072e+06|1.937055724e+06|1.964220404e+06|1.992895606e+06|1.959899545e+06|3.025791220e+03|3.088098896e+03|3.149992006e+03|3.071634318e+03|1.921554465e+10|2.093139503e+10|2.266979854e+10|2.053478230e+10|7.044023682e+03|7.111875977e+03|7.179043457e+03|7.093478516e+03|1.991001277e+03
1.601832070e+06|1.928312735e+06|1.971981713e+06|1.989469250e+06|1.957535410e+06|3.004885239e+03|3.105192636e+03|3.142753987e+03|3.067695445e+03|1.864740501e+10|2.140806750e+10|2.246469249e+10|2.041354779e+10|7.021190674e+03|7.130451904e+03|7.171200928e+03|7.089305664e+03|1.991001277e+03
1.615780820e+06|1.920808720e+06|1.957837213e+06|1.985519198e+06|1.947727941e+06|2.986581989e+03|3.073777672e+03|3.134377741e+03|3.042647691e+03|1.815308836e+10|2.053369194e+10|2.222799026e+10|1.974528824e+10|7.001177368e+03|7.096312012e+03|7.162124512e+03|7.061792480e+03|1.991001277e+03
1.638188257e+06|1.935107767e+06|1.956812877e+06|1.978773016e+06|1.953730420e+06|3.021174502e+03|3.071481055e+03|3.119918711e+03|3.061590139e+03|1.908936871e+10|2.047020941e+10|2.182064805e+10|2.022241321e+10|7.038986572e+03|7.093811035e+03|7.146438232e+03|7.082836426e+03|1.991001277e+03
1.647634691e+06|1.946674965e+06|1.958375294e+06|1.980113911e+06|1.961250675e+06|3.048322545e+03|3.074984340e+03|3.122816279e+03|3.079548203e+03|1.983197861e+10|2.056708831e+10|2.190215125e+10|2.071084101e+10|7.068590454e+03|7.097623047e+03|7.149582520e+03|7.102455078e+03|1.991001277e+03
1.653061521e+06|1.935378475e+06|1.968094140e+06|1.986495941e+06|1.962670870e+06|3.021821095e+03|3.096628124e+03|3.136448431e+03|3.082048734e+03|1.910694366e+10|2.116879968e+10|2.228644201e+10|2.078632329e+10|7.039693481e+03|7.121152832e+03|7.164368896e+03|7.105127441e+03|1.991001277e+03
1.657097204e+06|1.931271582e+06|1.956889086e+06|1.983894303e+06|1.953710497e+06|3.012011712e+03|3.071651894e+03|3.130933724e+03|3.061216686e+03|1.884032119e+10|2.047492750e+10|2.213087208e+10|2.021501199e+10|7.028979614e+03|7.093995117e+03|7.158386963e+03|7.082410156e+03|1.991001277e+03
1.661610143e+06|1.931085368e+06|1.962342970e+06|1.986032393e+06|1.957924058e+06|3.011567263e+03|3.083886016e+03|3.135465669e+03|3.070353711e+03|1.882829026e+10|2.081410225e+10|2.225869611e+10|2.047140454e+10|7.028493164e+03|7.107303223e+03|7.163302002e+03|7.092336426e+03|1.991001277e+03
1.666585773e+06|1.921205521e+06|1.943292473e+06|1.969276559e+06|1.943831518e+06|2.987559808e+03|3.040432570e+03|3.099232384e+03|3.035825948e+03|1.817942882e+10|1.961524621e+10|2.124148373e+10|1.953921366e+10|7.002246094e+03|7.059996582e+03|7.123979736e+03|7.054532715e+03|1.991001277e+03
1.671761926e+06|1.908238248e+06|1.925327172e+06|1.953635208e+06|1.928928901e+06|2.954966333e+03|2.997614086e+03|3.064272199e+03|2.998455270e+03|1.730621243e+10|1.845032522e+10|2.027105830e+10|1.853754878e+10|6.966547485e+03|7.013247559e+03|7.085963257e+03|7.013566895e+03|1.991001277e+03
1.680624647e+06|1.837238327e+06|1.880009908e+06|1.926005360e+06|1.881025175e+06|2.748494657e+03|2.879495877e+03|2.999264979e+03|2.868609924e+03|1.199317647e+10|1.532049806e+10|1.849495307e+10|1.513175851e+10|6.737982910e+03|6.883506348e+03|7.015051636e+03|6.870409180e+03|1.991001277e+03
1.692597645e+06|1.819007131e+06|1.837454516e+06|1.872432280e+06|1.845729497e+06|2.683268951e+03|2.749234562e+03|2.857973229e+03|2.764741343e+03|1.039278506e+10|1.201171903e+10|1.476314511e+10|1.246505845e+10|6.664762329e+03|6.738805908e+03|6.859728271e+03|6.755232422e+03|1.991001277e+03
1.731165910e+06|1.823682646e+06|1.841885748e+06|1.851349481e+06|1.838408238e+06|2.700723204e+03|2.764019152e+03|2.794537382e+03|2.748317225e+03|1.081762009e+10|1.237925264e+10|1.314530507e+10|1.201134031e+10|6.684406982e+03|6.755333008e+03|6.789348755e+03|6.737463867e+03|1.991001277e+03
1.740274004e+06|1.815941411e+06|1.835352163e+06|1.848653094e+06|1.831370242e+06|2.671559114e+03|2.742049525e+03|2.785980878e+03|2.722904968e+03|1.011045283e+10|1.183317536e+10|1.292960621e+10|1.138906995e+10|6.651552246e+03|6.730770508e+03|6.779821533e+03|6.708906738e+03|1.991001277e+03
1.743468451e+06|1.807273925e+06|1.830047025e+06|1.835917806e+06|1.824935951e+06|2.636809407e+03|2.723626902e+03|2.743981454e+03|2.699129753e+03|9.277438929e+09|1.137830467e+10|1.188100153e+10|1.080945050e+10|6.612249512e+03|6.710130127e+03|6.732930908e+03|6.682146973e+03|1.991001277e+03
1.745810418e+06|1.792343368e+06|1.822830072e+06|1.841914403e+06|1.818516930e+06|2.569917339e+03|2.697612147e+03|2.764114439e+03|2.669552636e+03|7.703238870e+09|1.074202082e+10|1.238164131e+10|1.011725204e+10|6.536097290e+03|6.680906738e+03|6.755437744e+03|6.648408691e+03|1.991001277e+03
1.748440612e+06|1.788213596e+06|1.817745654e+06|1.836927333e+06|1.815141138e+06|2.549357596e+03|2.678487845e+03|2.747431384e+03|2.657429359e+03|7.228172650e+09|1.027737456e+10|1.196669339e+10|9.819929965e+09|6.512550781e+03|6.659370605e+03|6.736792969e+03|6.634794922e+03|1.991001277e+03
1.750868807e+06|1.783818456e+06|1.798796503e+06|1.833137442e+06|1.806598560e+06|2.526186383e+03|2.600020498e+03|2.734492519e+03|2.619666925e+03|6.697313553e+09|8.406708706e+09|1.164693146e+10|8.929641929e+09|6.485929443e+03|6.570452148e+03|6.722308228e+03|6.591818848e+03|1.991001277e+03
1.753368972e+06|1.781439354e+06|1.793398475e+06|1.812618782e+06|1.798289861e+06|2.512922185e+03|2.575015504e+03|2.658503535e+03|2.586861468e+03|6.395127949e+09|7.822353030e+09|9.796015679e+09|8.140467043e+09|6.470649902e+03|6.541926025e+03|6.636806519e+03|6.554738770e+03|1.991001277e+03
1.756784139e+06|1.780153781e+06|1.789075849e+06|1.816151390e+06|1.798093231e+06|2.505584623e+03|2.553773740e+03|2.672384584e+03|2.583926536e+03|6.229452139e+09|7.330207948e+09|1.013038434e+10|8.079738934e+09|6.462185059e+03|6.517613525e+03|6.652481689e+03|6.551262695e+03|1.991001277e+03
1.762532216e+06|1.776287124e+06|1.782496927e+06|1.790090239e+06|1.785293726e+06|2.482400936e+03|2.518970583e+03|2.558976812e+03|2.526989914e+03|5.708715639e+09|6.533744884e+09|7.451608032e+09|6.738897847e+09|6.435369751e+03|6.477617432e+03|6.523570801e+03|6.486435547e+03|1.991001277e+03
1.771975595e+06|1.769354384e+06|1.775612394e+06|1.783344370e+06|1.775933606e+06|2.434961940e+03|2.478025957e+03|2.523656425e+03|2.472408824e+03|4.653553733e+09|5.609170722e+09|6.640257602e+09|5.503909820e+09|6.380210571e+03|6.430302002e+03|6.483016113e+03|6.423387695e+03|1.991001277e+03
1.783397442e+06|1.754338100e+06|1.757582797e+06|1.762875983e+06|1.760331840e+06|2.238262690e+03|2.317216746e+03|2.380103423e+03|2.323048603e+03|4.796861518e+08|2.132179927e+09|3.461503138e+09|2.279729861e+09|6.146610596e+03|6.241384277e+03|6.315881714e+03|6.240488770e+03|1.991001277e+03
1.866479447e+06|1.754097044e+06|1.754097052e+06|1.754731649e+06|1.755023900e+06|2.211971551e+03|2.211971614e+03|2.256192372e+03|2.241241965e+03|6.204186399e+02|6.204191140e+02|8.595988512e+08|5.830334099e+08|5.952370605e+03|6.082402344e+03|6.168260254e+03|5.850093262e+03|1.991001277e+03
1.858411102e+06|4.126207687e+06|4.152537297e+06|4.169468279e+06|4.146388322e+06|2.965198997e+03|2.980564533e+03|2.990293559e+03|2.976796087e+03|2.270714013e+10|2.332444557e+10|2.371968366e+10|2.317820888e+10|3.694506836e+03|3.710134888e+03|3.720038147e+03|3.706312500e+03|3.119694610e+03
1.865698275e+06|4.103105618e+06|4.124672394e+06|4.148156072e+06|4.123345423e+06|2.951332589e+03|2.964277876e+03|2.978045668e+03|2.963197427e+03|2.215713112e+10|2.267038468e+10|2.322269127e+10|2.263463433e+10|3.680434326e+03|3.693572144e+03|3.707569885e+03|3.692493408e+03|3.119694610e+03
1.870023693e+06|4.103158881e+06|4.119840119e+06|4.133544826e+06|4.114820476e+06|2.951364572e+03|2.961378317e+03|2.969600233e+03|2.958213432e+03|2.215839219e+10|2.255488473e+10|2.288319719e+10|2.243438623e+10|3.680466064e+03|3.690629639e+03|3.698969482e+03|3.687425049e+03|3.119694610e+03
1.874488209e+06|4.080608593e+06|4.105573188e+06|4.130227526e+06|4.103992220e+06|2.937816502e+03|2.952814293e+03|2.967610472e+03|2.951661927e+03|2.162787034e+10|2.221556565e+10|2.280352348e+10|2.217712869e+10|3.666703369e+03|3.681938843e+03|3.696951355e+03|3.680777588e+03|3.119694610e+03
1.880603236e+06|4.054949505e+06|4.085547542e+06|4.111167243e+06|4.086282389e+06|2.921703557e+03|2.940785203e+03|2.956172833e+03|2.940835898e+03|2.100438607e+10|2.174353684e+10|2.234830906e+10|2.175396665e+10|3.650402161e+03|3.669720947e+03|3.685346252e+03|3.669799805e+03|3.119694610e+03
1.896293496e+06|4.050421539e+06|4.073216526e+06|4.087929919e+06|4.068861663e+06|2.918858434e+03|2.933177412e+03|2.942216773e+03|2.930117363e+03|2.089529224e+10|2.144738398e+10|2.179942761e+10|2.133693590e+10|3.647522034e+03|3.662013306e+03|3.671175415e+03|3.658936035e+03|3.119694610e+03
1.918848445e+06|4.001289349e+06|4.034065490e+06|4.061837991e+06|4.005582537e+06|2.887171367e+03|2.908577807e+03|2.926031118e+03|2.887494364e+03|1.969833535e+10|2.050360136e+10|2.117089880e+10|1.976696389e+10|3.615491333e+03|3.637106567e+03|3.654782227e+03|3.615964600e+03|3.119694610e+03
1.967310928e+06|3.812705045e+06|3.822173480e+06|3.836076888e+06|3.820344629e+06|2.749310016e+03|2.756929654e+03|2.768122261e+03|2.755213104e+03|1.485620128e+10|1.510869687e+10|1.548515500e+10|1.505800091e+10|3.477206360e+03|3.484786499e+03|3.495909241e+03|3.483091797e+03|3.119694610e+03
1.975955710e+06|3.797195770e+06|3.817780092e+06|3.831870473e+06|3.811949197e+06|2.736713475e+03|2.753393842e+03|2.764735489e+03|2.748279400e+03|1.444411948e+10|1.499114894e+10|1.537054005e+10|1.483040031e+10|3.464679932e+03|3.481270386e+03|3.492544617e+03|3.476200684e+03|3.119694610e+03
1.981269702e+06|3.778239401e+06|3.809436854e+06|3.822426831e+06|3.803368724e+06|2.720502863e+03|2.746680478e+03|2.757133567e+03|2.741207865e+03|1.391558132e+10|1.476977475e+10|1.511549756e+10|1.459763464e+10|3.448604370e+03|3.474591187e+03|3.484988037e+03|3.469176025e+03|3.119694610e+03
1.988388240e+06|3.772411752e+06|3.782624793e+06|3.814410143e+06|3.790744441e+06|2.715522383e+03|2.724251698e+03|2.750682017e+03|2.730693513e+03|1.375534905e+10|1.403679381e+10|1.490144117e+10|1.425382546e+10|3.443662476e+03|3.452323853e+03|3.478572021e+03|3.458731201e+03|3.119694610e+03
1.998034731e+06|3.759019640e+06|3.773334313e+06|3.797737493e+06|3.780241303e+06|2.704010953e+03|2.716310735e+03|2.737176951e+03|2.721691873e+03|1.338902097e+10|1.378065505e+10|1.445939520e+10|1.396396548e+10|3.432234558e+03|3.444444458e+03|3.465138123e+03|3.449802246e+03|3.119694610e+03
2.014075257e+06|3.753742922e+06|3.768047920e+06|3.781936715e+06|3.768674142e+06|2.699195374e+03|2.711793872e+03|2.723663442e+03|2.711989755e+03|1.323504250e+10|1.363613262e+10|1.401773207e+10|1.364728701e+10|3.427475830e+03|3.439960815e+03|3.451740295e+03|3.440168701e+03|3.119694610e+03
2.040543579e+06|3.764428867e+06|3.805099626e+06|3.838109349e+06|3.801106129e+06|2.708702311e+03|2.743191228e+03|2.769758838e+03|2.738837484e+03|1.353785180e+10|1.465567004e+10|1.554075644e+10|1.452856249e+10|3.436890930e+03|3.471118896e+03|3.497535156e+03|3.466845947e+03|3.119694610e+03
2.061465266e+06|3.807266493e+06|3.818379559e+06|3.830032794e+06|3.814555913e+06|2.744934381e+03|2.753876268e+03|2.763256034e+03|2.750243134e+03|1.471258246e+10|1.500714925e+10|1.532067309e+10|1.489751931e+10|3.472854431e+03|3.481749878e+03|3.491073181e+03|3.478165039e+03|3.119694610e+03
2.072405034e+06|3.788707341e+06|3.806108488e+06|3.819336014e+06|3.802324737e+06|2.729452682e+03|2.744002802e+03|2.754646002e+03|2.740414429e+03|1.420596885e+10|1.468214964e+10|1.503270594e+10|1.457066310e+10|3.457481934e+03|3.471927246e+03|3.482515137e+03|3.468382568e+03|3.119694610e+03
2.082506855e+06|3.760404192e+06|3.786349699e+06|3.802055657e+06|3.781633578e+06|2.705264908e+03|2.727436555e+03|2.740742634e+03|2.723047764e+03|1.342919605e+10|1.414024908e+10|1.457593565e+10|1.400527430e+10|3.433476135e+03|3.455483398e+03|3.468682190e+03|3.451139648e+03|3.119694610e+03
2.093928155e+06|3.743988628e+06|3.762614380e+06|3.787825726e+06|3.765448924e+06|2.690298315e+03|2.707152505e+03|2.728698745e+03|2.708915735e+03|1.295329801e+10|1.348878229e+10|1.418137199e+10|1.355299865e+10|3.418676147e+03|3.435350952e+03|3.456734131e+03|3.437131592e+03|3.119694610e+03
2.110246726e+06|3.734637273e+06|3.755306757e+06|3.772673124e+06|3.753310237e+06|2.681774630e+03|2.700622353e+03|2.715745731e+03|2.698318821e+03|1.268671769e+10|1.328056102e+10|1.376251791e+10|1.321358609e+10|3.410239441e+03|3.428885742e+03|3.443882751e+03|3.426628662e+03|3.119694610e+03
2.133808391e+06|3.728730042e+06|3.761946564e+06|3.785725072e+06|3.757560681e+06|2.676393265e+03|2.706582171e+03|2.726902448e+03|2.701810010e+03|1.252014368e+10|1.347078829e+10|1.412286942e+10|1.332886961e+10|3.404911072e+03|3.434783569e+03|3.454952515e+03|3.430097168e+03|3.119694610e+03
2.149999910e+06|3.744052928e+06|3.766520626e+06|3.784365402e+06|3.758986501e+06|2.690356980e+03|2.710489118e+03|2.725739873e+03|2.703048913e+03|1.295516521e+10|1.359458945e+10|1.408507901e+10|1.336822932e+10|3.418735229e+03|3.438665161e+03|3.453800964e+03|3.431326660e+03|3.119694610e+03
2.159857712e+06|3.737122854e+06|3.764451142e+06|3.776895995e+06|3.756399385e+06|2.684039658e+03|2.708721347e+03|2.719354621e+03|2.700965791e+03|1.275723811e+10|1.353846418e+10|1.387857755e+10|1.329883366e+10|3.412482727e+03|3.436909058e+03|3.447466614e+03|3.429254639e+03|3.119694610e+03
2.169963279e+06|3.725246392e+06|3.749815343e+06|3.768028593e+06|3.746215278e+06|2.673220702e+03|2.695612211e+03|2.711777362e+03|2.691740926e+03|1.242249342e+10|1.312114432e+10|1.363560789e+10|1.300885386e+10|3.401767273e+03|3.423933350e+03|3.439944397e+03|3.420123779e+03|3.119694610e+03
2.181722957e+06|3.702210111e+06|3.731107076e+06|3.752503186e+06|3.728663877e+06|2.650835691e+03|2.678558407e+03|2.698064289e+03|2.675549207e+03|1.173428581e+10|1.258700003e+10|1.319905246e+10|1.250355950e+10|3.379686890e+03|3.407055420e+03|3.426356323e+03|3.404106934e+03|3.119694610e+03
2.198347358e+06|3.702469604e+06|3.719536574e+06|3.733211768e+06|3.717845872e+06|2.651089158e+03|2.667767815e+03|2.680475797e+03|2.665548970e+03|1.174200269e+10|1.225352382e+10|1.264638428e+10|1.219198598e+10|3.379937134e+03|3.396385376e+03|3.408952576e+03|3.394212891e+03|3.119694610e+03
2.219921303e+06|3.691711389e+06|3.714385326e+06|3.746959630e+06|3.719165849e+06|2.640589910e+03|2.662730857e+03|2.693007557e+03|2.666274525e+03|1.142660335e+10|1.209768664e+10|1.303871475e+10|1.222162897e+10|3.369570190e+03|3.391419922e+03|3.421356445e+03|3.394950195e+03|3.119694610e+03
2.235688057e+06|3.722694243e+06|3.745655056e+06|3.763066302e+06|3.737786692e+06|2.670856713e+03|2.691817850e+03|2.707538503e+03|2.683744018e+03|1.234969167e+10|1.300116410e+10|1.350100226e+10|1.276261046e+10|3.399427734e+03|3.420179199e+03|3.435733887e+03|3.412218506e+03|3.119694610e+03
2.248730736e+06|3.694244663e+06|3.730226459e+06|3.746542798e+06|3.723567457e+06|2.643061197e+03|2.677756201e+03|2.692627413e+03|2.670697600e+03|1.150037348e+10|1.256217786e+10|1.302670843e+10|1.235474537e+10|3.372011414e+03|3.406261230e+03|3.420980103e+03|3.399308105e+03|3.119694610e+03
2.258798590e+06|3.690422510e+06|3.709535813e+06|3.727269625e+06|3.710337262e+06|2.639332814e+03|2.657991152e+03|2.675063121e+03|2.658230117e+03|1.138919254e+10|1.195207748e+10|1.247912193e+10|1.196916201e+10|3.368328308e+03|3.386746460e+03|3.403592041e+03|3.386986572e+03|3.119694610e+03
2.269337545e+06|3.681041027e+06|3.700426141e+06|3.725088151e+06|3.703312400e+06|2.629648326e+03|2.649093978e+03|2.673076608e+03|2.651145901e+03|1.110055300e+10|1.168164580e+10|1.241806756e+10|1.175666691e+10|3.358734619e+03|3.377967163e+03|3.401623718e+03|3.379997803e+03|3.119694610e+03
2.283593574e+06|3.669054514e+06|3.689831577e+06|3.711193472e+06|3.691089183e+06|2.617075148e+03|2.638756508e+03|2.659611004e+03|2.638953583e+03|1.072807988e+10|1.137206682e+10|1.200171410e+10|1.138851509e+10|3.346330078e+03|3.367759888e+03|3.388343506e+03|3.367977539e+03|3.119694610e+03
2.300162174e+06|3.664294073e+06|3.686017095e+06|3.700553109e+06|3.683895311e+06|2.612029845e+03|2.634848269e+03|2.649217903e+03|2.631750454e+03|1.057931275e+10|1.125542903e+10|1.168537460e+10|1.117198774e+10|3.341411926e+03|3.363889160e+03|3.378090820e+03|3.360882080e+03|3.119694610e+03
2.319334005e+06|3.668840624e+06|3.701094766e+06|3.730071630e+06|3.696552308e+06|2.616848388e+03|2.649746711e+03|2.677615168e+03|2.643983135e+03|1.072135671e+10|1.170134794e+10|1.255782013e+10|1.154547113e+10|3.346110840e+03|3.378612305e+03|3.406119751e+03|3.372963379e+03|3.119694610e+03
2.331089601e+06|3.674960904e+06|3.697453478e+06|3.723333738e+06|3.694069858e+06|2.623299103e+03|2.646192346e+03|2.671473049e+03|2.641690879e+03|1.091262466e+10|1.159423592e+10|1.236885771e+10|1.147436083e+10|3.352438171e+03|3.375104248e+03|3.400037964e+03|3.370701172e+03|3.119694610e+03
2.342644827e+06|3.664524630e+06|3.687062465e+06|3.710145060e+06|3.686150052e+06|2.612274110e+03|2.635941131e+03|2.658586499e+03|2.633915622e+03|1.058646927e+10|1.128809927e+10|1.197031825e+10|1.123813177e+10|3.341649353e+03|3.364974365e+03|3.387334412e+03|3.363022461e+03|3.119694610e+03
2.354777713e+06|3.654971130e+06|3.676931886e+06|3.693378611e+06|3.677009252e+06|2.602031520e+03|2.625356770e+03|2.642216259e+03|2.624495917e+03|1.028817473e+10|1.097338169e+10|1.147511538e+10|1.095807497e+10|3.331656128e+03|3.354480591e+03|3.371178223e+03|3.353752441e+03|3.119694610e+03
2.367200350e+06|3.639048484e+06|3.659823578e+06|3.690614226e+06|3.664693024e+06|2.583862420e+03|2.607294914e+03|2.639519792e+03|2.610938112e+03|9.762973637e+09|1.044128583e+10|1.139475177e+10|1.056363861e+10|3.313870728e+03|3.336794556e+03|3.368514160e+03|3.340460693e+03|3.119694610e+03
2.380834493e+06|3.633685947e+06|3.653062413e+06|3.667877918e+06|3.653015073e+06|2.577754123e+03|2.599850973e+03|2.615827852e+03|2.598751048e+03|9.590223077e+09|1.022424432e+10|1.069114937e+10|1.020344243e+10|3.307885986e+03|3.329522827e+03|3.345113953e+03|3.328467773e+03|3.119694610e+03
2.397929356e+06|3.627576081e+06|3.643858361e+06|3.664696147e+06|3.648180761e+06|2.570794807e+03|2.589345834e+03|2.612455996e+03|2.593012984e+03|9.395692997e+09|9.919686997e+09|1.059188717e+10|1.004163802e+10|3.301061890e+03|3.319241455e+03|3.341828552e+03|3.322868408e+03|3.119694610e+03
2.414363130e+06|3.636565405e+06|3.664546291e+06|3.693582996e+06|3.661064905e+06|2.581033416e+03|2.612297095e+03|2.642415651e+03|2.606949265e+03|9.682751805e+09|1.058716139e+10|1.148107091e+10|1.044874591e+10|3.311097717e+03|3.341674072e+03|3.371374878e+03|3.336545898e+03|3.119694610e+03
2.426314574e+06|3.635814349e+06|3.654149502e+06|3.682456884e+06|3.656295338e+06|2.580177890e+03|2.601092773e+03|2.631127553e+03|2.602237009e+03|9.658548791e+09|1.026061410e+10|1.114452399e+10|1.030571017e+10|3.310261108e+03|3.330736450e+03|3.360201111e+03|3.331898438e+03|3.119694610e+03
2.437602487e+06|3.627370783e+06|3.643923554e+06|3.667610817e+06|3.647815205e+06|2.570557861e+03|2.589420184e+03|2.615544715e+03|2.592744074e+03|9.389078274e+09|9.921821961e+09|1.068277308e+10|1.003261528e+10|3.300829285e+03|3.319315063e+03|3.344839478e+03|3.322593750e+03|3.119694610e+03
2.449523465e+06|3.617717515e+06|3.638490858e+06|3.665984135e+06|3.641557555e+06|2.558635549e+03|2.583226991e+03|2.613820695e+03|2.585559478e+03|9.052302773e+09|9.744913191e+09|1.063193910e+10|9.827253573e+09|3.289193176e+03|3.313247925e+03|3.343158875e+03|3.315555664e+03|3.119694610e+03
2.462058089e+06|3.616983380e+06|3.632315992e+06|3.649444720e+06|3.633794093e+06|2.557722759e+03|2.576194523e+03|2.595720067e+03|2.576933677e+03|9.026730526e+09|9.546422314e+09|1.010384178e+10|9.578071796e+09|3.288300842e+03|3.306355225e+03|3.325480347e+03|3.307096924e+03|3.119694610e+03
2.475899573e+06|3.600302025e+06|3.616669534e+06|3.639353634e+06|3.619958311e+06|2.537022815e+03|2.557332755e+03|2.584210253e+03|2.560189147e+03|8.460114265e+09|9.015875233e+09|9.772897466e+09|9.110400889e+09|3.268073425e+03|3.287920532e+03|3.314212097e+03|3.290732422e+03|3.119694610e+03
2.490434747e+06|3.590063056e+06|3.608170308e+06|3.631927498e+06|3.614610193e+06|2.523194823e+03|2.546777567e+03|2.575752314e+03|2.553353071e+03|8.082153755e+09|8.724196431e+09|9.534026129e+09|8.923236260e+09|3.254598328e+03|3.277610474e+03|3.305922546e+03|3.284064453e+03|3.119694610e+03
2.505196822e+06|3.604190880e+06|3.623480806e+06|3.651566538e+06|3.626430325e+06|2.541842023e+03|2.565805076e+03|2.598142535e+03|2.567891540e+03|8.589925086e+09|9.254380507e+09|1.017432302e+10|9.326825433e+09|3.272786438e+03|3.296187744e+03|3.327852112e+03|3.298263428e+03|3.119694610e+03
2.518238407e+06|3.598090000e+06|3.617100968e+06|3.646007330e+06|3.619403210e+06|2.534148898e+03|2.557868936e+03|2.591797460e+03|2.559273099e+03|8.381822393e+09|9.030816988e+09|9.990366149e+09|9.087499970e+09|3.265270813e+03|3.288445068e+03|3.321641174e+03|3.289843994e+03|3.119694610e+03
2.530329668e+06|3.593151504e+06|3.607031030e+06|3.630715039e+06|3.611246056e+06|2.527406794e+03|2.545364129e+03|2.574372457e+03|2.549422341e+03|8.196537992e+09|8.685603996e+09|9.495429811e+09|8.811099816e+09|3.258703186e+03|3.276230103e+03|3.304570068e+03|3.280217285e+03|3.119694610e+03
2.542083128e+06|3.589706844e+06|3.606205382e+06|3.626308930e+06|3.607484963e+06|2.522709273e+03|2.544340225e+03|2.569326456e+03|2.544711648e+03|8.069043631e+09|8.657786929e+09|9.354682644e+09|8.681280249e+09|3.254125854e+03|3.275228027e+03|3.299623047e+03|3.275615723e+03|3.119694610e+03
2.555174016e+06|3.583646963e+06|3.599395400e+06|3.618095639e+06|3.601173065e+06|2.514455586e+03|2.535899857e+03|2.559105756e+03|2.536559814e+03|7.848183645e+09|8.430048871e+09|9.065497354e+09|8.458499549e+09|3.246077820e+03|3.266975098e+03|3.289650269e+03|3.267658203e+03|3.119694610e+03
2.568245213e+06|3.570012967e+06|3.584960042e+06|3.604341774e+06|3.588971383e+06|2.495311941e+03|2.516242892e+03|2.542029329e+03|2.520363919e+03|7.344077923e+09|7.895661573e+09|8.595071822e+09|8.020914443e+09|3.227413757e+03|3.247820190e+03|3.272969910e+03|3.251856201e+03|3.119694610e+03
2.581677165e+06|3.569047954e+06|3.584907566e+06|3.607816527e+06|3.586680301e+06|2.493854841e+03|2.516171465e+03|2.546338639e+03|2.517167704e+03|7.305433493e+09|7.893764451e+09|8.712208147e+09|7.936717488e+09|3.225993835e+03|3.247752075e+03|3.277183105e+03|3.248737549e+03|3.119694610e+03
2.595356369e+06|3.564593322e+06|3.585597051e+06|3.615599209e+06|3.589062192e+06|2.487134588e+03|2.517110338e+03|2.556002439e+03|2.519624931e+03|7.128967662e+09|7.918819846e+09|8.978761359e+09|8.009613750e+09|3.219453003e+03|3.248665771e+03|3.286621582e+03|3.251143799e+03|3.119694610e+03
2.608404636e+06|3.564132164e+06|3.584333753e+06|3.612139308e+06|3.586488587e+06|2.486439439e+03|2.515390328e+03|2.551704304e+03|2.516627668e+03|7.110878086e+09|7.872987169e+09|8.859569969e+09|7.924408835e+09|3.218776306e+03|3.246988647e+03|3.282425415e+03|3.248214600e+03|3.119694610e+03
2.620442626e+06|3.565763209e+06|3.582656041e+06|3.609866975e+06|3.584468201e+06|2.488898533e+03|2.513107172e+03|2.548883124e+03|2.513811347e+03|7.175005488e+09|7.812482478e+09|8.781881198e+09|7.849615814e+09|3.221171631e+03|3.244761841e+03|3.279668518e+03|3.245468506e+03|3.119694610e+03
2.631750685e+06|3.559963061e+06|3.575114238e+06|3.598122766e+06|3.579179150e+06|2.480159743e+03|2.502856043e+03|2.534193645e+03|2.506772929e+03|6.948888340e+09|7.544580159e+09|8.383056341e+09|7.660292479e+09|3.212658264e+03|3.234755737e+03|3.265312439e+03|3.238600830e+03|3.119694610e+03
2.645130631e+06|3.553324152e+06|3.572234591e+06|3.588384990e+06|3.572772566e+06|2.470177405e+03|2.498668177e+03|2.520907746e+03|2.497544225e+03|6.696527301e+09|7.433612500e+09|8.020487991e+09|7.417059978e+09|3.202926331e+03|3.230676636e+03|3.252369629e+03|3.229607422e+03|3.119694610e+03
2.656807002e+06|3.547515179e+06|3.561562087e+06|3.578386042e+06|3.563980385e+06|2.460735406e+03|2.482567612e+03|2.507300787e+03|2.484667269e+03|6.454643927e+09|7.010807041e+09|7.660000012e+09|7.080897625e+09|3.193737854e+03|3.215005493e+03|3.239096497e+03|3.217057617e+03|3.119694610e+03
2.669565215e+06|3.541258255e+06|3.552731031e+06|3.573344086e+06|3.557562481e+06|2.450180440e+03|2.469286624e+03|2.500345212e+03|2.474967060e+03|6.186949520e+09|6.674312452e+09|7.478623010e+09|6.830334972e+09|3.183469116e+03|3.202058105e+03|3.232308716e+03|3.207607178e+03|3.119694610e+03
2.684172803e+06|3.536465956e+06|3.548426777e+06|3.570885667e+06|3.553550973e+06|2.442114053e+03|2.462275496e+03|2.496630298e+03|2.468193790e+03|5.987578641e+09|6.494378306e+09|7.379235171e+09|6.660389541e+09|3.175615173e+03|3.195236328e+03|3.228693909e+03|3.201013672e+03|3.119694610e+03
2.696915271e+06|3.542157067e+06|3.557689547e+06|3.573549714e+06|3.558264136e+06|2.451694915e+03|2.476738791e+03|2.500644407e+03|2.476089198e+03|6.224845950e+09|6.861679730e+09|7.486561687e+09|6.858368874e+09|3.184944275e+03|3.209324219e+03|3.232599731e+03|3.208700195e+03|3.119694610e+03
2.709257065e+06|3.534531857e+06|3.547416029e+06|3.570417796e+06|3.551573520e+06|2.438863107e+03|2.460568088e+03|2.495923342e+03|2.465142577e+03|5.908533811e+09|6.450383028e+09|7.360334535e+09|6.582203681e+09|3.172447449e+03|3.193576294e+03|3.228007568e+03|3.198041260e+03|3.119694610e+03
2.721174232e+06|3.537469005e+06|3.548104955e+06|3.558701711e+06|3.549228653e+06|2.443801054e+03|2.461731731e+03|2.478261644e+03|2.461895177e+03|6.028890498e+09|6.480329630e+09|6.900457497e+09|6.496163824e+09|3.177256531e+03|3.194706909e+03|3.210809937e+03|3.194875244e+03|3.119694610e+03
2.733804630e+06|3.528371365e+06|3.541793237e+06|3.554498154e+06|3.542900591e+06|2.427892494e+03|2.451081759e+03|2.471941049e+03|2.451509221e+03|5.638818465e+09|6.209470108e+09|6.740646267e+09|6.234199126e+09|3.161766724e+03|3.184346558e+03|3.204647034e+03|3.184763184e+03|3.119694610e+03
2.746164260e+06|3.527762319e+06|3.540674202e+06|3.552331343e+06|3.541167821e+06|2.426725550e+03|2.449196412e+03|2.468686471e+03|2.448021530e+03|5.609591636e+09|6.162351761e+09|6.659380617e+09|6.151324852e+09|3.160632507e+03|3.182511719e+03|3.201471741e+03|3.181368408e+03|3.119694610e+03
2.757919129e+06|3.521186282e+06|3.531165301e+06|3.545187675e+06|3.533707868e+06|2.414149359e+03|2.433208509e+03|2.456805915e+03|2.435754670e+03|5.301636284e+09|5.772732620e+09|6.354054847e+09|5.842359479e+09|3.148397461e+03|3.166934570e+03|3.189915588e+03|3.169424316e+03|3.119694610e+03
2.769255671e+06|3.516984812e+06|3.529684046e+06|3.543239224e+06|3.530974519e+06|2.406136271e+03|2.430408634e+03|2.453519597e+03|2.429990764e+03|5.111848585e+09|5.702142496e+09|6.270877682e+09|5.706415344e+09|3.140594055e+03|3.164212158e+03|3.186717957e+03|3.163812744e+03|3.119694610e+03
2.781983844e+06|3.510730677e+06|3.521650394e+06|3.535387425e+06|3.523737783e+06|2.393506270e+03|2.415035650e+03|2.440300880e+03|2.416797417e+03|4.812533444e+09|5.322958140e+09|5.943402034e+09|5.383035079e+09|3.128297607e+03|3.149259766e+03|3.173846252e+03|3.150967529e+03|3.119694610e+03
2.795025509e+06|3.515000252e+06|3.522562567e+06|3.532571540e+06|3.524355445e+06|2.402357225e+03|2.416777935e+03|2.435570603e+03|2.418740447e+03|5.024057588e+09|5.364977848e+09|5.829198655e+09|5.426001149e+09|3.136912048e+03|3.150957397e+03|3.169235962e+03|3.152860596e+03|3.119694610e+03
2.808394012e+06|3.512164634e+06|3.518857878e+06|3.526607279e+06|3.520073864e+06|2.396679883e+03|2.409706485e+03|2.424513588e+03|2.410397507e+03|4.890229212e+09|5.195792344e+09|5.554526178e+09|5.225190209e+09|3.131382202e+03|3.144073242e+03|3.158481873e+03|3.144738770e+03|3.119694610e+03
2.821064694e+06|3.506997832e+06|3.516121661e+06|3.523873510e+06|3.516520827e+06|2.385258319e+03|2.404492221e+03|2.419283433e+03|2.403653775e+03|4.614811762e+09|5.073535290e+09|5.425859496e+09|5.060904398e+09|3.120273926e+03|3.138992798e+03|3.153394226e+03|3.138176025e+03|3.119694610e+03
2.832697335e+06|3.504002887e+06|3.511297596e+06|3.519014085e+06|3.513235015e+06|2.378655189e+03|2.394760595e+03|2.410004399e+03|2.397011509e+03|4.460929352e+09|4.843125257e+09|5.202846754e+09|4.903728524e+09|3.113844543e+03|3.129516968e+03|3.144361877e+03|3.131708496e+03|3.119694610e+03
2.845653009e+06|3.498941090e+06|3.506545185e+06|3.512696406e+06|3.506936041e+06|2.367523921e+03|2.384259509e+03|2.397857539e+03|2.383501996e+03|4.210159912e+09|4.591281372e+09|4.919294603e+09|4.585691973e+09|3.102996826e+03|3.119300781e+03|3.132527710e+03|3.118553223e+03|3.119694610e+03
2.859074908e+06|3.495630940e+06|3.503604926e+06|3.510068203e+06|3.504278590e+06|2.359449663e+03|2.377778594e+03|2.392041249e+03|2.377514005e+03|4.022910892e+09|4.440747789e+09|4.777028348e+09|4.447247393e+09|3.095133423e+03|3.112989746e+03|3.126872559e+03|3.112720947e+03|3.119694610e+03
2.870824939e+06|3.494793277e+06|3.501465167e+06|3.508513090e+06|3.502504714e+06|2.357258785e+03|2.373069898e+03|2.388604026e+03|2.373289709e+03|3.971260069e+09|4.333715464e+09|4.694289572e+09|4.348917019e+09|3.093000000e+03|3.108403076e+03|3.123529785e+03|3.108607422e+03|3.119694610e+03
2.881289468e+06|3.493056301e+06|3.500938189e+06|3.509896917e+06|3.502167557e+06|2.352720639e+03|2.371911131e+03|2.391662292e+03|2.372502313e+03|3.865884664e+09|4.307640382e+09|4.767791620e+09|4.331658134e+09|3.088581116e+03|3.107274658e+03|3.126503479e+03|3.107839111e+03|3.119694610e+03
2.892697751e+06|3.490208393e+06|3.496921867e+06|3.502127438e+06|3.497851120e+06|2.345294025e+03|2.362828948e+03|2.374526610e+03|2.362563150e+03|3.698034399e+09|4.103556789e+09|4.366629159e+09|4.102132259e+09|3.081344177e+03|3.098421387e+03|3.109824036e+03|3.098159180e+03|3.119694610e+03
2.903164375e+06|3.488477173e+06|3.495422300e+06|3.501068199e+06|3.497072617e+06|2.340788019e+03|2.358903812e+03|2.372196985e+03|2.360293539e+03|3.598955490e+09|4.009988731e+09|4.314065307e+09|4.051426876e+09|3.076952271e+03|3.094602295e+03|3.107552612e+03|3.095946777e+03|3.119694610e+03
