#PHASE|Nmant|Nmant/Nmanttot|Mmant|Mmant/Mmanttot|RRRminmant|RRRminmantEq|RRRmaxmant|RRRmaxmantEq|Ncore|Ncore/Ncoretot|Mcore|Mcore/Mcoretot|RRRmincore|RRRmaxcore|
0.000000000e+00|0.000000000e+00|0.000000000e+00|0.000000000e+00|0.000000000e+00|inf|inf|-inf|inf|0.000000000e+00|0.000000000e+00|0.000000000e+00|0.000000000e+00|inf|-inf
1.000000000e+00|1.438300000e+04|1.068668826e-01|6.460094486e+22|1.084384546e-01|1.816380832e+06|2.237589750e+06|2.149609188e+08|inf|1.438300000e+04|0.000000000e+00|0.000000000e+00|0.000000000e+00|inf|-inf
2.000000000e+00|1.620000000e+03|1.203673433e-02|6.887269449e+21|1.156089678e-02|5.405887877e+06|5.405887877e+06|2.423367676e+08|inf|1.620000000e+03|0.000000000e+00|0.000000000e+00|0.000000000e+00|inf|-inf
3.000000000e+00|6.909900000e+04|5.134112997e-01|3.085516765e+23|5.179315417e-01|1.823567920e+06|2.241358770e+06|2.356032559e+08|inf|6.909900000e+04|0.000000000e+00|0.000000000e+00|0.000000000e+00|inf|-inf
4.000000000e+00|4.780200000e+04|3.551728237e-01|2.085181979e+23|3.500164151e-01|2.048635005e+06|2.539195377e+06|1.498750340e+08|inf|4.780200000e+04|9.841157142e-01|2.634667232e+23|9.846423882e-01|5.001016908e+04|1.251790589e+08
5.000000000e+00|1.683000000e+03|1.250482955e-02|7.175744803e+21|1.204512842e-02|4.120321267e+06|4.120321267e+06|2.465188559e+08|inf|1.683000000e+03|1.274705678e-02|3.282012463e+21|1.226571823e-02|2.368967610e+06|2.088044652e+08
6.000000000e+00|0.000000000e+00|0.000000000e+00|0.000000000e+00|0.000000000e+00|inf|inf|-inf|inf|0.000000000e+00|0.000000000e+00|0.000000000e+00|0.000000000e+00|inf|-inf
7.000000000e+00|0.000000000e+00|0.000000000e+00|0.000000000e+00|0.000000000e+00|inf|inf|-inf|inf|0.000000000e+00|0.000000000e+00|0.000000000e+00|0.000000000e+00|inf|-inf
8.000000000e+00|1.000000000e+00|7.430082920e-06|4.505775561e+18|7.563346630e-06|3.145775199e+06|inf|3.145775199e+06|inf|1.000000000e+00|3.137229001e-03|8.273166655e+20|3.091893532e-03|1.774186399e+06|3.459356685e+06
