#PHASE|Nmant|Nmant/Nmanttot|Mmant|Mmant/Mmanttot|RRRminmant|RRRminmantEq|RRRmaxmant|RRRmaxmantEq|Ncore|Ncore/Ncoretot|Mcore|Mcore/Mcoretot|RRRmincore|RRRmaxcore|
0.000000000e+00|0.000000000e+00|0.000000000e+00|0.000000000e+00|0.000000000e+00|inf|inf|-inf|inf|0.000000000e+00|0.000000000e+00|0.000000000e+00|0.000000000e+00|inf|-inf
1.000000000e+00|2.934700000e+04|2.210014233e-01|1.165493478e+23|2.218370870e-01|1.815259719e+06|2.061974597e+06|2.009522915e+08|inf|2.934700000e+04|0.000000000e+00|0.000000000e+00|0.000000000e+00|inf|-inf
2.000000000e+00|1.768000000e+03|1.331415533e-02|6.883528971e+21|1.310193531e-02|5.726724265e+06|5.726724265e+06|2.126737055e+08|inf|1.768000000e+03|0.000000000e+00|0.000000000e+00|0.000000000e+00|inf|-inf
3.000000000e+00|5.819200000e+04|4.382224699e-01|2.308914816e+23|4.394730187e-01|1.933114165e+06|2.065854646e+06|2.838908481e+08|inf|5.819200000e+04|0.000000000e+00|0.000000000e+00|0.000000000e+00|inf|-inf
4.000000000e+00|4.286000000e+04|3.227628378e-01|1.686241217e+23|3.209548974e-01|2.395089595e+06|2.447691896e+06|2.839672894e+08|inf|4.286000000e+04|9.808528863e-01|2.309476790e+23|9.811247644e-01|4.518148841e+04|1.523414749e+08
5.000000000e+00|6.220000000e+02|4.684052383e-03|2.426183592e+21|4.617936614e-03|3.786471947e+06|3.786471947e+06|2.280040151e+08|inf|6.220000000e+02|1.461227095e-02|3.386619567e+21|1.438722545e-02|2.225543910e+06|2.005365532e+08
6.000000000e+00|2.000000000e+00|1.506126168e-05|7.946390161e+18|1.512495848e-05|1.689922326e+07|inf|1.871055271e+07|inf|2.000000000e+00|0.000000000e+00|0.000000000e+00|0.000000000e+00|inf|-inf
7.000000000e+00|0.000000000e+00|0.000000000e+00|0.000000000e+00|0.000000000e+00|inf|inf|-inf|inf|0.000000000e+00|0.000000000e+00|0.000000000e+00|0.000000000e+00|inf|-inf
8.000000000e+00|0.000000000e+00|0.000000000e+00|0.000000000e+00|0.000000000e+00|inf|inf|-inf|inf|0.000000000e+00|4.534842708e-03|1.056435997e+21|4.488010111e-03|1.800186650e+06|3.064059361e+06
