#RRR|U50|U25|U75|Umean|T50|T25|T75|Tmean|P50|P25|P75|Pmean|rho50|rho25|rho75|Pmean|S
1.629379404e+05|2.524132280e+06|2.527414924e+06|2.532187119e+06|2.527583709e+06|3.955300998e+03|3.959229926e+03|3.964909544e+03|3.959413365e+03|5.032185144e+10|5.047647750e+10|5.070077585e+10|5.048418536e+10|8.091911377e+03|8.096185059e+03|8.102377441e+03|8.096388672e+03|1.984861932e+03
2.471449730e+05|2.515832958e+06|2.519225906e+06|2.521891519e+06|2.518876965e+06|3.945362326e+03|3.949426411e+03|3.952618384e+03|3.949006689e+03|4.993129031e+10|5.009089005e+10|5.021634811e+10|5.007456763e+10|8.081078003e+03|8.085506348e+03|8.088984863e+03|8.085047363e+03|1.984861932e+03
2.931041580e+05|2.509665403e+06|2.512297299e+06|2.516794739e+06|2.512635177e+06|3.937971483e+03|3.941125925e+03|3.946514482e+03|3.941504541e+03|4.964139557e+10|4.976507392e+10|4.997651685e+10|4.978079908e+10|8.073013306e+03|8.076454102e+03|8.082335083e+03|8.076868164e+03|1.984861932e+03
3.303343672e+05|2.502462250e+06|2.506715821e+06|2.510847041e+06|2.506749189e+06|3.929269854e+03|3.934435372e+03|3.939387829e+03|3.934415720e+03|4.930191570e+10|4.950289920e+10|4.969691523e+10|4.950369442e+10|8.063533569e+03|8.069156006e+03|8.074562134e+03|8.069140625e+03|1.984861932e+03
3.583738763e+05|2.498228571e+06|2.503423272e+06|2.508619542e+06|2.502760498e+06|3.924124704e+03|3.930437499e+03|3.936717770e+03|3.929583632e+03|4.910197300e+10|4.934732256e+10|4.959227916e+10|4.931559155e+10|8.057926514e+03|8.064800293e+03|8.071643799e+03|8.063875000e+03|1.984861932e+03
3.854724181e+05|2.491628775e+06|2.498156008e+06|2.504007915e+06|2.497661163e+06|3.916100101e+03|3.924036504e+03|3.931147793e+03|3.923405500e+03|4.879056944e+10|4.909854720e+10|4.937494996e+10|4.907512188e+10|8.049183472e+03|8.057830566e+03|8.065574463e+03|8.057143555e+03|1.984861932e+03
4.116387487e+05|2.490837211e+06|2.494869964e+06|2.498552191e+06|2.494194771e+06|3.915137328e+03|3.920041620e+03|3.924518068e+03|3.919202039e+03|4.875324372e+10|4.894345745e+10|4.911725141e+10|4.891155100e+10|8.048133911e+03|8.053479004e+03|8.058359009e+03|8.052564453e+03|1.984861932e+03
4.335831789e+05|2.484303131e+06|2.489652518e+06|2.493621068e+06|2.486732726e+06|3.907187317e+03|3.913696264e+03|3.918523012e+03|3.910078655e+03|4.844533425e+10|4.869738999e+10|4.888453658e+10|4.855908373e+10|8.039462280e+03|8.046566406e+03|8.051828613e+03|8.042623535e+03|1.984861932e+03
4.576660853e+05|2.480594303e+06|2.484570099e+06|2.489103035e+06|2.483674459e+06|3.902626464e+03|3.907512232e+03|3.913027819e+03|3.906363035e+03|4.826972977e+10|4.845790883e+10|4.867148785e+10|4.841492117e+10|8.034497192e+03|8.039818848e+03|8.045834106e+03|8.038571777e+03|1.984861932e+03
4.795569116e+05|2.478721454e+06|2.482895600e+06|2.486553866e+06|2.482011332e+06|3.900315168e+03|3.905465989e+03|3.909926321e+03|3.904333756e+03|4.818095316e+10|4.837886879e+10|4.855136211e+10|4.833641032e+10|8.031982422e+03|8.037585205e+03|8.042454956e+03|8.036360840e+03|1.984861932e+03
4.989182603e+05|2.470588861e+06|2.475827204e+06|2.479759686e+06|2.474443919e+06|3.890274331e+03|3.896742625e+03|3.901596506e+03|3.895015945e+03|4.779577011e+10|4.804380337e+10|4.823016456e+10|4.797831401e+10|8.021052490e+03|8.028096191e+03|8.033375977e+03|8.026211914e+03|1.984861932e+03
5.193616974e+05|2.468805917e+06|2.474522990e+06|2.478382107e+06|2.473313052e+06|3.888072081e+03|3.895132459e+03|3.899896343e+03|3.893622571e+03|4.771140268e+10|4.798202517e+10|4.816486959e+10|4.792475942e+10|8.018648926e+03|8.026345459e+03|8.031525757e+03|8.024695801e+03|1.984861932e+03
5.382687310e+05|2.463201246e+06|2.468813044e+06|2.473186727e+06|2.467258666e+06|3.881147090e+03|3.888080878e+03|3.893482540e+03|3.886119383e+03|4.744637214e+10|4.771174040e+10|4.791874719e+10|4.763791487e+10|8.011103271e+03|8.018660889e+03|8.024545044e+03|8.016522949e+03|1.984861932e+03
5.566721456e+05|2.460988996e+06|2.466808563e+06|2.470523488e+06|2.465048297e+06|3.878412753e+03|3.885604590e+03|3.890193588e+03|3.883391889e+03|4.734183565e+10|4.761692184e+10|4.779267619e+10|4.753334355e+10|8.008117432e+03|8.015961914e+03|8.020962524e+03|8.013551270e+03|1.984861932e+03
5.743909303e+05|2.453438052e+06|2.459826649e+06|2.463192767e+06|2.458187998e+06|3.868958788e+03|3.876964267e+03|3.881136604e+03|3.874874551e+03|4.698280006e+10|4.728667332e+10|4.744597183e+10|4.720828831e+10|7.997836914e+03|8.006543213e+03|8.011093018e+03|8.004272949e+03|1.984861932e+03
5.921126175e+05|2.450289080e+06|2.455667414e+06|2.461266473e+06|2.455334699e+06|3.865011270e+03|3.871752862e+03|3.878755744e+03|3.871305511e+03|4.683318271e+10|4.708879023e+10|4.735494485e+10|4.707279484e+10|7.993536621e+03|8.000875977e+03|8.008493164e+03|8.000386719e+03|1.984861932e+03
6.091729375e+05|2.446403831e+06|2.451727554e+06|2.457547301e+06|2.451458748e+06|3.860139335e+03|3.866814654e+03|3.874108532e+03|3.866443048e+03|4.664870018e+10|4.690152051e+10|4.717821036e+10|4.688865794e+10|7.988234009e+03|7.995500488e+03|8.003439087e+03|7.995093262e+03|1.984861932e+03
6.251402186e+05|2.442715438e+06|2.449197512e+06|2.452869157e+06|2.446623462e+06|3.855512775e+03|3.863642653e+03|3.868245702e+03|3.860391476e+03|4.647371195e+10|4.678133505e+10|4.695576507e+10|4.665905440e+10|7.983191895e+03|7.992045898e+03|7.997058472e+03|7.988504395e+03|1.984861932e+03
6.408766050e+05|2.440337912e+06|2.445150990e+06|2.449212863e+06|2.444203927e+06|3.852529754e+03|3.858567987e+03|3.863661901e+03|3.857351797e+03|4.636098055e+10|4.658924783e+10|4.678206415e+10|4.654411674e+10|7.979936035e+03|7.986517090e+03|7.992065552e+03|7.985194336e+03|1.984861932e+03
6.573072399e+05|2.431304733e+06|2.438939475e+06|2.443989305e+06|2.437734739e+06|3.841075682e+03|3.850774891e+03|3.857110821e+03|3.849193296e+03|4.593060211e+10|4.629469753e+10|4.653413380e+10|4.623657250e+10|7.967472046e+03|7.978021729e+03|7.984930420e+03|7.976309570e+03|1.984861932e+03
6.725266356e+05|2.428562582e+06|2.435687603e+06|2.440253092e+06|2.433998038e+06|3.837584863e+03|3.846653590e+03|3.852423322e+03|3.844470477e+03|4.579983763e+10|4.613975428e+10|4.635695972e+10|4.605881512e+10|7.963674927e+03|7.973539551e+03|7.979822632e+03|7.971167480e+03|1.984861932e+03
6.876214163e+05|2.424716472e+06|2.430339137e+06|2.435900628e+06|2.429020272e+06|3.832687383e+03|3.839846546e+03|3.846924650e+03|3.838138035e+03|4.561656956e+10|4.588454762e+10|4.614992446e+10|4.582162285e+10|7.958343628e+03|7.966138916e+03|7.973834595e+03|7.964273926e+03|1.984861932e+03
7.019679380e+05|2.415281174e+06|2.425954936e+06|2.430352851e+06|2.422726662e+06|3.820656769e+03|3.834264559e+03|3.839864002e+03|3.830110355e+03|4.516741270e+10|4.567556397e+10|4.588520161e+10|4.552156827e+10|7.945236084e+03|7.960062744e+03|7.966153931e+03|7.955535645e+03|1.984861932e+03
7.171289463e+05|2.415557770e+06|2.421963988e+06|2.427819995e+06|2.420602708e+06|3.821014221e+03|3.829181558e+03|3.836639400e+03|3.827407916e+03|4.518067031e+10|4.548549690e+10|4.576443837e+10|4.542037057e+10|7.945624634e+03|7.954527344e+03|7.962645264e+03|7.952594238e+03|1.984861932e+03
7.309007695e+05|2.411024399e+06|2.417122959e+06|2.422965894e+06|2.416079279e+06|3.815154645e+03|3.823013683e+03|3.830457771e+03|3.821612761e+03|4.496347826e+10|4.525518692e+10|4.553320052e+10|4.520455160e+10|7.939258423e+03|7.947802002e+03|7.955916138e+03|7.946285645e+03|1.984861932e+03
7.440964385e+05|2.410849327e+06|2.416103020e+06|2.420014674e+06|2.414308936e+06|3.814928317e+03|3.821713889e+03|3.826698257e+03|3.819353311e+03|4.495509468e+10|4.520669547e+10|4.539272434e+10|4.512019589e+10|7.939012207e+03|7.946384033e+03|7.951818970e+03|7.943825684e+03|1.984861932e+03
7.582628988e+05|2.402683658e+06|2.410476334e+06|2.415495692e+06|2.408100047e+06|3.804368603e+03|3.814446111e+03|3.820933999e+03|3.811342087e+03|4.456441477e+10|4.493723449e+10|4.517769453e+10|4.482339638e+10|7.927525391e+03|7.938486328e+03|7.945536865e+03|7.935106445e+03|1.984861932e+03
7.723469335e+05|2.399116353e+06|2.405951165e+06|2.410044166e+06|2.404519743e+06|3.799753363e+03|3.808594880e+03|3.813887387e+03|3.806730885e+03|4.439395748e+10|4.472066490e+10|4.491654251e+10|4.465230896e+10|7.922495239e+03|7.932122070e+03|7.937879761e+03|7.930089355e+03|1.984861932e+03
7.845485133e+05|2.395234568e+06|2.402883651e+06|2.408515384e+06|2.401298535e+06|3.794729830e+03|3.804627306e+03|3.811910765e+03|3.802537437e+03|4.420861991e+10|4.457397551e+10|4.484336062e+10|4.449798898e+10|7.917021851e+03|7.927801758e+03|7.935729126e+03|7.925524902e+03|1.984861932e+03
7.973644650e+05|2.391650902e+06|2.397467263e+06|2.403566905e+06|2.396311953e+06|3.790045332e+03|3.797619409e+03|3.805511122e+03|3.796060980e+03|4.403666361e+10|4.431520501e+10|4.460664017e+10|4.425924961e+10|7.911926025e+03|7.920172607e+03|7.928765869e+03|7.918478027e+03|1.984861932e+03
8.104573502e+05|2.387172427e+06|2.395488782e+06|2.399171295e+06|2.392070009e+06|3.784158806e+03|3.795058862e+03|3.799824454e+03|3.790527170e+03|4.382127262e+10|4.422075339e+10|4.439658154e+10|4.405594157e+10|7.905532593e+03|7.917380127e+03|7.922576172e+03|7.912456055e+03|1.984861932e+03
8.227584956e+05|2.383114326e+06|2.390221836e+06|2.394880038e+06|2.388289563e+06|3.778823198e+03|3.788167167e+03|3.794270950e+03|3.785583982e+03|4.362628754e+10|4.396790971e+10|4.419169916e+10|4.387467711e+10|7.899725952e+03|7.909884033e+03|7.916522339e+03|7.907077637e+03|1.984861932e+03
8.351648055e+05|2.379348349e+06|2.386554038e+06|2.390916445e+06|2.384911679e+06|3.773870283e+03|3.783345846e+03|3.789080089e+03|3.781158663e+03|4.344549858e+10|4.379154845e+10|4.400132566e+10|4.371256238e+10|7.894336426e+03|7.904645264e+03|7.910879395e+03|7.902263672e+03|1.984861932e+03
8.477831838e+05|2.373709854e+06|2.383447441e+06|2.388259253e+06|2.379854446e+06|3.766452185e+03|3.779261231e+03|3.785587511e+03|3.774481638e+03|4.317510818e+10|4.364228731e+10|4.387352228e+10|4.346942866e+10|7.886256836e+03|7.900202393e+03|7.907083130e+03|7.894999512e+03|1.984861932e+03
8.603182269e+05|2.370982060e+06|2.378173590e+06|2.384083427e+06|2.376922076e+06|3.762833118e+03|3.772325000e+03|3.780097517e+03|3.770631718e+03|4.304375553e+10|4.338913457e+10|4.367283516e+10|4.332862001e+10|7.882321411e+03|7.892651367e+03|7.901112671e+03|7.890812012e+03|1.984861932e+03
8.718840128e+05|2.368998002e+06|2.374469225e+06|2.380093699e+06|2.373142964e+06|3.760183035e+03|3.767451393e+03|3.774850655e+03|3.765614492e+03|4.294787247e+10|4.321150379e+10|4.348126729e+10|4.314671224e+10|7.879442505e+03|7.887344482e+03|7.895401978e+03|7.885351074e+03|1.984861932e+03
8.826947493e+05|2.363001481e+06|2.370239781e+06|2.376341671e+06|2.369087952e+06|3.752171427e+03|3.761841707e+03|3.769915022e+03|3.760249159e+03|4.265840294e+10|4.300787820e+10|4.330127137e+10|4.295165931e+10|7.870736572e+03|7.881242676e+03|7.890026489e+03|7.879516113e+03|1.984861932e+03
8.941613357e+05|2.362377883e+06|2.367839649e+06|2.372396344e+06|2.366596759e+06|3.751338088e+03|3.758635679e+03|3.764721350e+03|3.756945946e+03|4.262832627e+10|4.289191835e+10|4.311211727e+10|4.283179017e+10|7.869829590e+03|7.877761719e+03|7.884371338e+03|7.875921875e+03|1.984861932e+03
9.062196882e+05|2.354130396e+06|2.361420204e+06|2.368952679e+06|2.360754289e+06|3.740313355e+03|3.750058237e+03|3.760122496e+03|3.749126148e+03|4.223096484e+10|4.258214497e+10|4.294568228e+10|4.254988831e+10|7.857826294e+03|7.868433838e+03|7.879375977e+03|7.867416016e+03|1.984861932e+03
9.177818466e+05|2.349033839e+06|2.356132891e+06|2.363946878e+06|2.355456262e+06|3.733451299e+03|3.742990734e+03|3.753434733e+03|3.742032633e+03|4.198474272e+10|4.232737100e+10|4.270401245e+10|4.229420338e+10|7.850362427e+03|7.860741699e+03|7.872104004e+03|7.859702637e+03|1.984861932e+03
9.286470214e+05|2.349074457e+06|2.356109715e+06|2.360447442e+06|2.353478546e+06|3.733506447e+03|3.742959750e+03|3.748758142e+03|3.739354880e+03|4.198671401e+10|4.232625494e+10|4.253524732e+10|4.219850439e+10|7.850422729e+03|7.860708008e+03|7.867019409e+03|7.856789551e+03|1.984861932e+03
9.397616178e+05|2.340769944e+06|2.348719014e+06|2.356403284e+06|2.347268048e+06|3.722228632e+03|3.733023862e+03|3.743352227e+03|3.730986555e+03|4.158406755e+10|4.196946249e+10|4.234039220e+10|4.189838536e+10|7.838166748e+03|7.849902588e+03|7.861137329e+03|7.847687988e+03|1.984861932e+03
9.507424692e+05|2.342156840e+06|2.347769741e+06|2.352893154e+06|2.345726191e+06|3.724112489e+03|3.731734983e+03|3.738658967e+03|3.728909298e+03|4.165124450e+10|4.192339696e+10|4.217142263e+10|4.182393640e+10|7.840214111e+03|7.848500488e+03|7.856026245e+03|7.845427734e+03|1.984861932e+03
9.615963687e+05|2.333106260e+06|2.341183648e+06|2.347848408e+06|2.340525694e+06|3.711815906e+03|3.722790594e+03|3.731841797e+03|3.721854422e+03|4.121329975e+10|4.160410384e+10|4.192721403e+10|4.157210966e+10|7.826834229e+03|7.838779053e+03|7.848614502e+03|7.837756836e+03|1.984861932e+03
9.722986958e+05|2.326223259e+06|2.341515173e+06|2.344921690e+06|2.337105394e+06|3.702369750e+03|3.723240915e+03|3.727867574e+03|3.717194109e+03|4.087884346e+10|4.162016152e+10|4.178525468e+10|4.140620338e+10|7.816568604e+03|7.839268555e+03|7.844297119e+03|7.832690430e+03|1.984861932e+03
9.833179483e+05|2.325062671e+06|2.334671547e+06|2.340662417e+06|2.333064520e+06|3.700767440e+03|3.713943084e+03|3.722082568e+03|3.711673383e+03|4.082229454e+10|4.128896448e+10|4.157886011e+10|4.121020283e+10|7.814825684e+03|7.829151855e+03|7.838008057e+03|7.826687500e+03|1.984861932e+03
9.941164044e+05|2.319532315e+06|2.330970000e+06|2.337379567e+06|2.329201427e+06|3.693130769e+03|3.708912463e+03|3.717622705e+03|3.706381778e+03|4.055307037e+10|4.111008326e+10|4.141994076e+10|4.102273739e+10|7.806529297e+03|7.823672852e+03|7.833155396e+03|7.820932617e+03|1.984861932e+03
1.004692018e+06|2.319337750e+06|2.325476374e+06|2.331579798e+06|2.324539134e+06|3.692862057e+03|3.701338614e+03|3.709741294e+03|3.699987512e+03|4.054360620e+10|4.084244949e+10|4.113954061e+10|4.079638984e+10|7.806234863e+03|7.815447021e+03|7.824576172e+03|7.813978516e+03|1.984861932e+03
1.014982918e+06|2.312609792e+06|2.321655046e+06|2.328699216e+06|2.319942261e+06|3.683568294e+03|3.696062258e+03|3.705787708e+03|3.693643796e+03|4.021665277e+10|4.065636000e+10|4.099954119e+10|4.057275667e+10|7.796124634e+03|7.809716309e+03|7.820277344e+03|7.807082031e+03|1.984861932e+03
1.024055490e+06|2.311228742e+06|2.318954874e+06|2.324881285e+06|2.317159974e+06|3.681660121e+03|3.692333258e+03|3.700517011e+03|3.689792576e+03|4.014962347e+10|4.052498374e+10|4.081345760e+10|4.043724500e+10|7.794045410e+03|7.805660156e+03|7.814556519e+03|7.802896484e+03|1.984861932e+03
1.033824212e+06|2.303904839e+06|2.314748457e+06|2.320939397e+06|2.312469062e+06|3.671400940e+03|3.686522957e+03|3.695073988e+03|3.683284728e+03|3.979135209e+10|4.032051946e+10|4.062153066e+10|4.020868084e+10|7.782902344e+03|7.799341797e+03|7.808642090e+03|7.795820801e+03|1.984861932e+03
1.044807365e+06|2.301930852e+06|2.310537295e+06|2.315606921e+06|2.309167387e+06|3.668627920e+03|3.680704703e+03|3.687708866e+03|3.678696430e+03|3.969474885e+10|4.011607425e+10|4.036222685e+10|4.004784096e+10|7.779892090e+03|7.793004883e+03|7.800630371e+03|7.790831055e+03|1.984861932e+03
1.054937538e+06|2.296569990e+06|2.306860678e+06|2.313688749e+06|2.304974137e+06|3.661095742e+03|3.675552687e+03|3.685058971e+03|3.672827131e+03|3.943265677e+10|3.993611264e+10|4.026904551e+10|3.984299714e+10|7.771701416e+03|7.787411865e+03|7.797744141e+03|7.784451172e+03|1.984861932e+03
1.064665971e+06|2.291025833e+06|2.300039630e+06|2.307575563e+06|2.299380978e+06|3.653303812e+03|3.665970945e+03|3.676556715e+03|3.664989918e+03|3.916203698e+10|3.960223846e+10|3.997114180e+10|3.956970530e+10|7.763218750e+03|7.777000977e+03|7.788501465e+03|7.775931152e+03|1.984861932e+03
1.074258856e+06|2.291377771e+06|2.299277354e+06|2.305723647e+06|2.297138534e+06|3.653798503e+03|3.664899937e+03|3.673955698e+03|3.661838523e+03|3.917920239e+10|3.956496824e+10|3.988041291e+10|3.946001974e+10|7.763758179e+03|7.775838135e+03|7.785675293e+03|7.772504883e+03|1.984861932e+03
1.083305386e+06|2.283891499e+06|2.296136049e+06|2.302330508e+06|2.293035041e+06|3.643132439e+03|3.660485948e+03|3.669189390e+03|3.656026345e+03|3.881110786e+10|3.941145952e+10|3.971429933e+10|3.925882001e+10|7.752173828e+03|7.771039795e+03|7.780502197e+03|7.766189453e+03|1.984861932e+03
1.093250636e+06|2.277994692e+06|2.290359598e+06|2.296083932e+06|2.287722534e+06|3.634701034e+03|3.652367314e+03|3.660412710e+03|3.648507449e+03|3.852112236e+10|3.912954657e+10|3.940891386e+10|3.899848550e+10|7.743010010e+03|7.762201416e+03|7.770957642e+03|7.758015625e+03|1.984861932e+03
1.102446962e+06|2.282476557e+06|2.287593102e+06|2.293490535e+06|2.286891723e+06|3.641109522e+03|3.648423931e+03|3.656768056e+03|3.647360127e+03|3.874147901e+10|3.899340664e+10|3.928228879e+10|3.895812922e+10|7.749976685e+03|7.757919434e+03|7.766994751e+03|7.756768066e+03|1.984861932e+03
1.111559176e+06|2.272005335e+06|2.282169623e+06|2.290057383e+06|2.281436503e+06|3.626134982e+03|3.640670691e+03|3.651942492e+03|3.639557407e+03|3.822712118e+10|3.872637809e+10|3.911481050e+10|3.868989252e+10|7.733694092e+03|7.749500488e+03|7.761739624e+03|7.748287598e+03|1.984861932e+03
1.121990765e+06|2.266366028e+06|2.278361599e+06|2.285901796e+06|2.275851220e+06|3.617978200e+03|3.635225714e+03|3.646006296e+03|3.631555456e+03|3.794865309e+10|3.853915009e+10|3.891008817e+10|3.841510920e+10|7.724837646e+03|7.743582764e+03|7.755293701e+03|7.739591309e+03|1.984861932e+03
1.131165315e+06|2.268909371e+06|2.276429121e+06|2.283180940e+06|2.274755957e+06|3.621677472e+03|3.632462163e+03|3.642116582e+03|3.629980944e+03|3.807467123e+10|3.844421983e+10|3.877613765e+10|3.836116408e+10|7.728849243e+03|7.740580322e+03|7.751074341e+03|7.737880859e+03|1.984861932e+03
1.140157349e+06|2.263723015e+06|2.271382519e+06|2.278019620e+06|2.270761980e+06|3.614133564e+03|3.625244088e+03|3.634736682e+03|3.624264796e+03|3.781780584e+10|3.819658008e+10|3.852234690e+10|3.816472823e+10|7.720657959e+03|7.732724365e+03|7.743051147e+03|7.731667480e+03|1.984861932e+03
1.149433488e+06|2.254151643e+06|2.265157834e+06|2.273610518e+06|2.263568405e+06|3.600207294e+03|3.616220757e+03|3.628430964e+03|3.613828928e+03|3.734494522e+10|3.788882622e+10|3.830586176e+10|3.780955823e+10|7.705525391e+03|7.722927734e+03|7.736191528e+03|7.720325195e+03|1.984861932e+03
1.158066078e+06|2.254294197e+06|2.263400269e+06|2.271172974e+06|2.262861748e+06|3.600414769e+03|3.613664059e+03|3.624944344e+03|3.612813785e+03|3.735197108e+10|3.780183485e+10|3.818630580e+10|3.777478951e+10|7.705745850e+03|7.720152588e+03|7.732399902e+03|7.719221680e+03|1.984861932e+03
1.167062129e+06|2.249838810e+06|2.260280166e+06|2.266930711e+06|2.257718882e+06|3.593913751e+03|3.609124858e+03|3.618799559e+03|3.605325884e+03|3.713194637e+10|3.764753980e+10|3.797662335e+10|3.752052321e+10|7.698674438e+03|7.715220459e+03|7.725725830e+03|7.711084473e+03|1.984861932e+03
1.176437339e+06|2.245640234e+06|2.255464105e+06|2.262559279e+06|2.253276152e+06|3.587717304e+03|3.602117247e+03|3.612440622e+03|3.598846592e+03|3.692321709e+10|3.740969156e+10|3.776023105e+10|3.730074347e+10|7.691948730e+03|7.707602295e+03|7.718819458e+03|7.704043945e+03|1.984861932e+03
1.185392184e+06|2.241675574e+06|2.251457797e+06|2.259090298e+06|2.250225094e+06|3.581865269e+03|3.596286851e+03|3.607393665e+03|3.594351012e+03|3.672639082e+10|3.721212106e+10|3.758874110e+10|3.714933533e+10|7.685592041e+03|7.701254639e+03|7.713338623e+03|7.699158691e+03|1.984861932e+03
1.194991681e+06|2.236893399e+06|2.245352027e+06|2.252465068e+06|2.244615382e+06|3.574798195e+03|3.587291918e+03|3.597752826e+03|3.586109172e+03|3.648916690e+10|3.690890131e+10|3.726176934e+10|3.687126670e+10|7.677906128e+03|7.691486084e+03|7.702851562e+03|7.690200684e+03|1.984861932e+03
1.203255709e+06|2.236589516e+06|2.245935379e+06|2.250123044e+06|2.242990446e+06|3.574346627e+03|3.588152920e+03|3.594333204e+03|3.583730562e+03|3.647404219e+10|3.693788032e+10|3.714608754e+10|3.679086731e+10|7.677413086e+03|7.692419434e+03|7.699133911e+03|7.687613770e+03|1.984861932e+03
1.211540062e+06|2.230071173e+06|2.240247574e+06|2.247916592e+06|2.238412251e+06|3.564587575e+03|3.579757275e+03|3.591076964e+03|3.576926067e+03|3.614836549e+10|3.665556454e+10|3.703634786e+10|3.656300220e+10|7.666819946e+03|7.683297363e+03|7.695598389e+03|7.680221191e+03|1.984861932e+03
1.220601141e+06|2.222293626e+06|2.232922356e+06|2.241970197e+06|2.232121545e+06|3.552916988e+03|3.568856495e+03|3.582300174e+03|3.567544394e+03|3.576017323e+10|3.629072647e+10|3.674100823e+10|3.624949893e+10|7.654133545e+03|7.671452881e+03|7.686063232e+03|7.670028320e+03|1.984861932e+03
1.228984997e+06|2.227393133e+06|2.235159986e+06|2.240827327e+06|2.233343312e+06|3.560577570e+03|3.572206535e+03|3.580613112e+03|3.569401054e+03|3.601478401e+10|3.640255369e+10|3.668431454e+10|3.631081219e+10|7.662459839e+03|7.675092285e+03|7.684224854e+03|7.672044922e+03|1.984861932e+03
1.237688496e+06|2.215147091e+06|2.228687366e+06|2.234282900e+06|2.224844820e+06|3.542091118e+03|3.562515551e+03|3.570893443e+03|3.556633253e+03|3.540196736e+10|3.607932339e+10|3.635871013e+10|3.588623827e+10|7.642375488e+03|7.664565674e+03|7.673663818e+03|7.658173340e+03|1.984861932e+03
1.246494296e+06|2.218348392e+06|2.226144390e+06|2.232083261e+06|2.223827285e+06|3.546940813e+03|3.558707652e+03|3.567600200e+03|3.555108840e+03|3.556230579e+10|3.595253689e+10|3.624881497e+10|3.583543840e+10|7.647643555e+03|7.660427246e+03|7.670090332e+03|7.656517090e+03|1.984861932e+03
1.255422461e+06|2.214207706e+06|2.222141541e+06|2.228039557e+06|2.220377005e+06|3.540667973e+03|3.552686622e+03|3.561545537e+03|3.549925801e+03|3.535494896e+10|3.575254017e+10|3.604701396e+10|3.566305440e+10|7.640829346e+03|7.653881348e+03|7.663514893e+03|7.650885742e+03|1.984861932e+03
1.263450177e+06|2.208218873e+06|2.218521270e+06|2.224290050e+06|2.215908351e+06|3.531547071e+03|3.547202697e+03|3.555930755e+03|3.543131807e+03|3.505446099e+10|3.557097003e+10|3.586015773e+10|3.543888382e+10|7.630919922e+03|7.647928955e+03|7.657408081e+03|7.643504883e+03|1.984861932e+03
1.271898358e+06|2.202699044e+06|2.211775629e+06|2.220632383e+06|2.209866027e+06|3.523066816e+03|3.536983263e+03|3.550400632e+03|3.533939123e+03|3.477632589e+10|3.523330893e+10|3.567682075e+10|3.513571975e+10|7.621705566e+03|7.636821289e+03|7.651398926e+03|7.633517090e+03|1.984861932e+03
1.280169095e+06|2.199387342e+06|2.209185810e+06|2.214870364e+06|2.207067601e+06|3.517978555e+03|3.533032517e+03|3.541671893e+03|3.529673219e+03|3.460974814e+10|3.510324279e+10|3.538811181e+10|3.499519223e+10|7.616175659e+03|7.632528564e+03|7.641918335e+03|7.628882324e+03|1.984861932e+03
1.289001918e+06|2.196581149e+06|2.207012349e+06|2.212684029e+06|2.203554165e+06|3.513650875e+03|3.529693531e+03|3.538359556e+03|3.524280130e+03|3.446836421e+10|3.499361397e+10|3.527872915e+10|3.481834110e+10|7.611476074e+03|7.628904541e+03|7.638317505e+03|7.623022949e+03|1.984861932e+03
1.297152354e+06|2.190007151e+06|2.200643967e+06|2.208622603e+06|2.198753766e+06|3.503423009e+03|3.519909332e+03|3.532167302e+03|3.516838936e+03|3.413555042e+10|3.467292853e+10|3.507482612e+10|3.457583950e+10|7.600370117e+03|7.618274414e+03|7.631590576e+03|7.614939941e+03|1.984861932e+03
1.304990031e+06|2.188528470e+06|2.195718022e+06|2.204505484e+06|2.194720783e+06|3.501122353e+03|3.512308064e+03|3.525842189e+03|3.510618486e+03|3.406081488e+10|3.442461668e+10|3.486728276e+10|3.437245216e+10|7.597870483e+03|7.610017822e+03|7.624725464e+03|7.608182617e+03|1.984861932e+03
1.312846060e+06|2.186575551e+06|2.195960909e+06|2.201718590e+06|2.192332641e+06|3.498083771e+03|3.512685937e+03|3.521560431e+03|3.506910149e+03|3.396217612e+10|3.443692579e+10|3.472698570e+10|3.425171802e+10|7.594565552e+03|7.610427490e+03|7.620071777e+03|7.604153809e+03|1.984861932e+03
1.321262478e+06|2.178687701e+06|2.190842294e+06|2.197776163e+06|2.188340741e+06|3.485685329e+03|3.504722376e+03|3.515502958e+03|3.500691297e+03|3.356146344e+10|3.417778002e+10|3.452878160e+10|3.404971522e+10|7.581102295e+03|7.601777588e+03|7.613486084e+03|7.597398926e+03|1.984861932e+03
1.329995368e+06|2.178243592e+06|2.188240341e+06|2.194347171e+06|2.184281248e+06|3.484984763e+03|3.500674052e+03|3.510175332e+03|3.494318182e+03|3.353887818e+10|3.404625671e+10|3.435516667e+10|3.384366885e+10|7.580339844e+03|7.597380615e+03|7.607699463e+03|7.590475098e+03|1.984861932e+03
1.337798506e+06|2.172555766e+06|2.182966379e+06|2.188638788e+06|2.179266038e+06|3.476008156e+03|3.492434683e+03|3.501293997e+03|3.486452663e+03|3.324993415e+10|3.377925832e+10|3.406638861e+10|3.358923731e+10|7.570581665e+03|7.588426270e+03|7.598053589e+03|7.581930664e+03|1.984861932e+03
1.345282340e+06|2.167292894e+06|2.176526165e+06|2.182842709e+06|2.174563497e+06|3.467612647e+03|3.482275566e+03|3.492239604e+03|3.479063579e+03|3.298094201e+10|3.345158559e+10|3.377295731e+10|3.335049752e+10|7.561468506e+03|7.577393555e+03|7.588216919e+03|7.573903320e+03|1.984861932e+03
1.354043522e+06|2.166360717e+06|2.174417358e+06|2.182392499e+06|2.172337742e+06|3.466122040e+03|3.478948936e+03|3.491529433e+03|3.475502081e+03|3.293327461e+10|3.334448962e+10|3.375002263e+10|3.323672731e+10|7.559849487e+03|7.573780518e+03|7.587444214e+03|7.570033691e+03|1.984861932e+03
1.361074270e+06|2.163325103e+06|2.173829939e+06|2.180217825e+06|2.170095612e+06|3.461267905e+03|3.478022279e+03|3.488099029e+03|3.471930145e+03|3.277817289e+10|3.331467437e+10|3.363930337e+10|3.312227845e+10|7.554574341e+03|7.572769775e+03|7.583720703e+03|7.566155762e+03|1.984861932e+03
1.368975521e+06|2.152685104e+06|2.166960683e+06|2.175266106e+06|2.163374535e+06|3.444110554e+03|3.467081421e+03|3.480287836e+03|3.461112092e+03|3.223256843e+10|3.296395262e+10|3.338758125e+10|3.277786303e+10|7.535938721e+03|7.560888184e+03|7.575234009e+03|7.554402344e+03|1.984861932e+03
1.376962177e+06|2.154776871e+06|2.164783795e+06|2.171279407e+06|2.161039263e+06|3.447500897e+03|3.463600444e+03|3.473987318e+03|3.457413378e+03|3.234006010e+10|3.285267886e+10|3.318501990e+10|3.265890412e+10|7.539620483e+03|7.557109375e+03|7.568386230e+03|7.550385742e+03|1.984861932e+03
1.385263408e+06|2.153512735e+06|2.161146691e+06|2.165598045e+06|2.158342072e+06|3.445451975e+03|3.457784489e+03|3.464902481e+03|3.453152342e+03|3.227508317e+10|3.266699817e+10|3.289428834e+10|3.252166685e+10|7.537393799e+03|7.550789062e+03|7.558521362e+03|7.545755859e+03|1.984861932e+03
1.392850592e+06|2.137120336e+06|2.153494382e+06|2.161202629e+06|2.148628745e+06|3.418671032e+03|3.445422229e+03|3.457873937e+03|3.437260389e+03|3.143064692e+10|3.227414124e+10|3.266985299e+10|3.202049040e+10|7.508297241e+03|7.537360840e+03|7.550881470e+03|7.528492676e+03|1.984861932e+03
1.400745844e+06|2.139262572e+06|2.147278717e+06|2.155280422e+06|2.145596333e+06|3.422198817e+03|3.435348060e+03|3.448317060e+03|3.432376630e+03|3.154135455e+10|3.195523612e+10|3.236595027e+10|3.186502360e+10|7.512130493e+03|7.526410645e+03|7.540507324e+03|7.523185547e+03|1.984861932e+03
1.407863256e+06|2.133539470e+06|2.145699635e+06|2.151796509e+06|2.142025767e+06|3.412734131e+03|3.432764014e+03|3.442670329e+03|3.426541921e+03|3.124469978e+10|3.187374391e+10|3.218693597e+10|3.168100346e+10|7.501846436e+03|7.523605713e+03|7.534370972e+03|7.516848145e+03|1.984861932e+03
1.416012579e+06|2.131575419e+06|2.141605754e+06|2.149580253e+06|2.138552071e+06|3.409460713e+03|3.426044603e+03|3.439078278e+03|3.420776751e+03|3.114230292e+10|3.166223527e+10|3.207321078e+10|3.150047250e+10|7.498296997e+03|7.516311768e+03|7.530468262e+03|7.510584961e+03|1.984861932e+03
1.423774752e+06|2.127020009e+06|2.137552984e+06|2.143814669e+06|2.132877750e+06|3.401868799e+03|3.419386523e+03|3.429670120e+03|3.411363699e+03|3.090516874e+10|3.145307926e+10|3.177631214e+10|3.120564568e+10|7.490047363e+03|7.509072998e+03|7.520246338e+03|7.500358887e+03|1.984861932e+03
1.431415186e+06|2.123541331e+06|2.133880804e+06|2.140624178e+06|2.129153392e+06|3.396071806e+03|3.413303043e+03|3.424433563e+03|3.405139597e+03|3.072447773e+10|3.126251376e+10|3.161158051e+10|3.101139019e+10|7.483747314e+03|7.502462402e+03|7.514560059e+03|7.493596680e+03|1.984861932e+03
1.439106704e+06|2.116569919e+06|2.125520840e+06|2.137863086e+06|2.125057554e+06|3.384290968e+03|3.399370481e+03|3.419899145e+03|3.398348412e+03|3.035836346e+10|3.082725667e+10|3.146915051e+10|3.079881351e+10|7.470953735e+03|7.487332031e+03|7.509628906e+03|7.486220703e+03|1.984861932e+03
1.446447668e+06|2.115359801e+06|2.126244161e+06|2.134514794e+06|2.123563087e+06|3.382242184e+03|3.400575864e+03|3.414359722e+03|3.395841962e+03|3.029482521e+10|3.086483940e+10|3.129558993e+10|3.072068226e+10|7.468726562e+03|7.488644775e+03|7.503613770e+03|7.483497070e+03|1.984861932e+03
1.452972315e+06|2.106538417e+06|2.121139511e+06|2.129761800e+06|2.117348603e+06|3.367210696e+03|3.392028085e+03|3.406438095e+03|3.385286298e+03|2.982980701e+10|3.059866382e+10|3.104781686e+10|3.039365599e+10|7.452395508e+03|7.479356201e+03|7.495011963e+03|7.472028320e+03|1.984861932e+03
1.460999427e+06|2.109453388e+06|2.119141382e+06|2.127874021e+06|2.115326081e+06|3.372211664e+03|3.388644780e+03|3.403292015e+03|3.381787264e+03|2.998431810e+10|3.049351255e+10|3.094957781e+10|3.028605455e+10|7.457823242e+03|7.475684326e+03|7.491598633e+03|7.468224609e+03|1.984861932e+03
1.468666413e+06|2.098095670e+06|2.111803310e+06|2.118667344e+06|2.106977867e+06|3.352698349e+03|3.376221304e+03|3.387842150e+03|3.367608911e+03|2.938283585e+10|3.010834756e+10|3.046858330e+10|2.984676738e+10|7.436619751e+03|7.462180176e+03|7.474810303e+03|7.452819336e+03|1.984861932e+03
1.476031371e+06|2.100004820e+06|2.111024734e+06|2.118411475e+06|2.106451597e+06|3.356001315e+03|3.374903309e+03|3.387408922e+03|3.366749584e+03|2.948439160e+10|3.006757414e+10|3.045513057e+10|2.981971029e+10|7.440211182e+03|7.460746094e+03|7.474341919e+03|7.451886230e+03|1.984861932e+03
1.483829031e+06|2.087369667e+06|2.102566038e+06|2.112551240e+06|2.098281806e+06|3.333984475e+03|3.360396435e+03|3.377487445e+03|3.352593789e+03|2.880953336e+10|2.961967370e+10|3.014753258e+10|2.938478424e+10|7.416282104e+03|7.444990479e+03|7.463556152e+03|7.436501465e+03|1.984861932e+03
1.490832347e+06|2.083402919e+06|2.095987646e+06|2.105587006e+06|2.091776617e+06|3.326972574e+03|3.349021715e+03|3.365578546e+03|3.341268123e+03|2.859548112e+10|2.926991316e+10|2.977943195e+10|2.903752999e+10|7.408662354e+03|7.432627930e+03|7.450624146e+03|7.424189453e+03|1.984861932e+03
1.498306481e+06|2.075923473e+06|2.095185153e+06|2.106464020e+06|2.089685248e+06|3.313737772e+03|3.347622180e+03|3.367083062e+03|3.337496485e+03|2.819278757e+10|2.922697070e+10|2.982586532e+10|2.892353618e+10|7.394268433e+03|7.431106934e+03|7.452256104e+03|7.420086914e+03|1.984861932e+03
1.505999350e+06|2.072594557e+06|2.085764626e+06|2.098706385e+06|2.084533802e+06|3.307754700e+03|3.331148841e+03|3.353763202e+03|3.328555181e+03|2.801123654e+10|2.872290606e+10|2.941555667e+10|2.864894364e+10|7.387763916e+03|7.413199219e+03|7.437775391e+03|7.410370117e+03|1.984861932e+03
1.513428067e+06|2.069972404e+06|2.082235930e+06|2.089300835e+06|2.079024398e+06|3.303042754e+03|3.324909144e+03|3.337361462e+03|3.318848770e+03|2.786853113e+10|2.853259039e+10|2.891272699e+10|2.835281163e+10|7.382639648e+03|7.406416992e+03|7.419950928e+03|7.399816895e+03|1.984861932e+03
1.520359107e+06|2.061575803e+06|2.073526173e+06|2.086444718e+06|2.071427751e+06|3.287856589e+03|3.309428971e+03|3.332351553e+03|3.305040426e+03|2.741005114e+10|2.806200102e+10|2.875963425e+10|2.793662883e+10|7.366121582e+03|7.389584717e+03|7.414507324e+03|7.384792480e+03|1.984861932e+03
1.527375350e+06|2.051686577e+06|2.069042352e+06|2.081734282e+06|2.064053082e+06|3.269743611e+03|3.301371647e+03|3.324022160e+03|3.291625638e+03|2.686588999e+10|2.781797594e+10|2.850556078e+10|2.753240654e+10|7.346409668e+03|7.380824463e+03|7.405454712e+03|7.370194824e+03|1.984861932e+03
1.534307422e+06|2.050393537e+06|2.064283671e+06|2.074219956e+06|2.063195860e+06|3.267346644e+03|3.292797281e+03|3.310675874e+03|3.290314440e+03|2.679408850e+10|2.755902214e+10|2.809982605e+10|2.749003062e+10|7.343803467e+03|7.371492676e+03|7.390937866e+03|7.368778320e+03|1.984861932e+03
1.541009526e+06|2.045486783e+06|2.060364311e+06|2.071902185e+06|2.056530534e+06|3.258253038e+03|3.285646441e+03|3.306510446e+03|3.277957570e+03|2.652229457e+10|2.734349988e+10|2.797352853e+10|2.712042450e+10|7.333900391e+03|7.363716064e+03|7.386415771e+03|7.355325684e+03|1.984861932e+03
1.547217787e+06|2.038703405e+06|2.056118823e+06|2.069754461e+06|2.053001043e+06|3.245535680e+03|3.277902842e+03|3.302651144e+03|3.271380167e+03|2.614346541e+10|2.711068770e+10|2.785667955e+10|2.692414618e+10|7.320055786e+03|7.355291016e+03|7.382214111e+03|7.348162109e+03|1.984861932e+03
1.554432189e+06|2.028468102e+06|2.049533418e+06|2.067472255e+06|2.046938897e+06|3.226123893e+03|3.265752342e+03|3.298550741e+03|3.259885274e+03|2.556796284e+10|2.674636812e+10|2.773270923e+10|2.658330207e+10|7.298905029e+03|7.342068115e+03|7.377753784e+03|7.335638184e+03|1.984861932e+03
1.561626463e+06|2.034908285e+06|2.051118574e+06|2.065745327e+06|2.047746493e+06|3.238386543e+03|3.268690656e+03|3.295448411e+03|3.261651607e+03|2.593114952e+10|2.683434275e+10|2.763904785e+10|2.663302549e+10|7.312265259e+03|7.345263184e+03|7.374373535e+03|7.337569824e+03|1.984861932e+03
1.568282872e+06|2.019254141e+06|2.038996037e+06|2.052300821e+06|2.036261741e+06|3.208384668e+03|3.246087037e+03|3.270882350e+03|3.240201123e+03|2.504516889e+10|2.615986354e+10|2.690002438e+10|2.599333927e+10|7.279567505e+03|7.320655762e+03|7.347650879e+03|7.314211426e+03|1.984861932e+03
1.576781815e+06|2.013513654e+06|2.030683700e+06|2.045655661e+06|2.029199945e+06|3.197202698e+03|3.230364556e+03|3.258565956e+03|3.226583485e+03|2.471711700e+10|2.569339526e+10|2.653163088e+10|2.559214421e+10|7.267369995e+03|7.303524170e+03|7.334242798e+03|7.299364258e+03|1.984861932e+03
1.584704166e+06|2.017645061e+06|2.035387011e+06|2.051057016e+06|2.031340639e+06|3.205250082e+03|3.239288162e+03|3.268576574e+03|3.230476071e+03|2.495315622e+10|2.595787871e+10|2.683093333e+10|2.570942829e+10|7.276151489e+03|7.313248535e+03|7.345139893e+03|7.303596680e+03|1.984861932e+03
1.593076274e+06|2.006818490e+06|2.025258980e+06|2.041288458e+06|2.023713191e+06|3.183999241e+03|3.219982885e+03|3.250406805e+03|3.215824890e+03|2.433104209e+10|2.538661528e+10|2.628841674e+10|2.527712751e+10|7.252965942e+03|7.292211426e+03|7.325358276e+03|7.287625488e+03|1.984861932e+03
1.600435505e+06|2.001794238e+06|2.018202809e+06|2.041161463e+06|2.019507602e+06|3.174054791e+03|3.206336322e+03|3.250167444e+03|3.207574631e+03|2.404158350e+10|2.498497893e+10|2.628128050e+10|2.503561755e+10|7.242104614e+03|7.277336182e+03|7.325099609e+03|7.278623047e+03|1.984861932e+03
1.607172394e+06|1.991455419e+06|2.010477083e+06|2.027126207e+06|2.007867106e+06|3.153180914e+03|3.191238094e+03|3.223555691e+03|3.184660747e+03|2.343660900e+10|2.454253706e+10|2.549204328e+10|2.436556647e+10|7.219306152e+03|7.260863037e+03|7.296107178e+03|7.253613770e+03|1.984861932e+03
1.613764763e+06|1.982212546e+06|2.000388841e+06|2.025839804e+06|2.003299759e+06|3.134236340e+03|3.171218718e+03|3.221094178e+03|3.175070404e+03|2.289096899e+10|2.395907705e+10|2.541939106e+10|2.409154994e+10|7.198590210e+03|7.239010254e+03|7.293422241e+03|7.243118652e+03|1.984861932e+03
1.619771907e+06|1.976753351e+06|2.003898918e+06|2.019506753e+06|1.999501520e+06|3.122826094e+03|3.178224918e+03|3.208876927e+03|3.167456188e+03|2.256371110e+10|2.416281949e+10|2.505964664e+10|2.387038516e+10|7.186117065e+03|7.246659912e+03|7.280106567e+03|7.234798828e+03|1.984861932e+03
1.625269379e+06|1.965309239e+06|1.987797232e+06|2.015372540e+06|1.987478741e+06|3.098641684e+03|3.145683865e+03|3.200822838e+03|3.141882166e+03|2.187459273e+10|2.322015800e+10|2.482314660e+10|2.314262578e+10|7.159635742e+03|7.211113770e+03|7.271321167e+03|7.206773926e+03|1.984861932e+03
1.630959419e+06|1.967014364e+06|1.992592439e+06|2.017302646e+06|1.987862263e+06|3.102264459e+03|3.155495564e+03|3.204582522e+03|3.142236451e+03|2.197743912e+10|2.350351224e+10|2.493344835e+10|2.315702735e+10|7.163603760e+03|7.221834473e+03|7.275424072e+03|7.207124512e+03|1.984861932e+03
1.638057822e+06|1.963526095e+06|1.990710256e+06|2.013269945e+06|1.987695352e+06|3.094853887e+03|3.151653412e+03|3.196728109e+03|3.142309862e+03|2.176716808e+10|2.339243679e+10|2.470322324e+10|2.315508771e+10|7.155479004e+03|7.217638916e+03|7.266850586e+03|7.207232910e+03|1.984861932e+03
1.643976037e+06|1.955717807e+06|1.982063000e+06|2.009686113e+06|1.982255524e+06|3.077925141e+03|3.133925370e+03|3.189672809e+03|3.131850520e+03|2.128825509e+10|2.288202599e+10|2.449674629e+10|2.284680490e+10|7.136922729e+03|7.198254639e+03|7.259157227e+03|7.195846680e+03|1.984861932e+03
1.651396950e+06|1.948807739e+06|1.973266772e+06|1.993148312e+06|1.971840862e+06|3.062717183e+03|3.115542928e+03|3.156616354e+03|3.109320491e+03|2.086036363e+10|2.235578036e+10|2.353593696e+10|2.220902910e+10|7.120241333e+03|7.178138672e+03|7.223058228e+03|7.171113770e+03|1.984861932e+03
1.657911223e+06|1.946022449e+06|1.976831214e+06|1.995853928e+06|1.974161812e+06|3.056568641e+03|3.122988753e+03|3.162071034e+03|3.115270015e+03|2.068805910e+10|2.256835704e+10|2.369362868e+10|2.236884594e+10|7.113482666e+03|7.186294922e+03|7.229023560e+03|7.177716309e+03|1.984861932e+03
1.665484740e+06|1.939637774e+06|1.972047948e+06|2.003511183e+06|1.970327829e+06|3.042213356e+03|3.112935254e+03|3.177458263e+03|3.104955122e+03|2.028660518e+10|2.228136807e+10|2.414052790e+10|2.209582054e+10|7.097716187e+03|7.175290771e+03|7.245822632e+03|7.166255859e+03|1.984861932e+03
1.673490433e+06|1.949068226e+06|1.990936383e+06|2.017915075e+06|1.982688132e+06|3.063292406e+03|3.152116971e+03|3.205775636e+03|3.131574574e+03|2.087650854e+10|2.340584654e+10|2.496848510e+10|2.285047483e+10|7.120869751e+03|7.218145752e+03|7.276722656e+03|7.195473633e+03|1.984861932e+03
1.680739764e+06|1.946845832e+06|1.993045629e+06|2.032046023e+06|1.987466737e+06|3.058382529e+03|3.156409174e+03|3.232970658e+03|3.140141737e+03|2.073885439e+10|2.352991442e+10|2.577061210e+10|2.310989447e+10|7.115479126e+03|7.222833008e+03|7.306361450e+03|7.204776367e+03|1.984861932e+03
1.690783722e+06|1.911672212e+06|1.944749081e+06|1.975900938e+06|1.942996865e+06|2.976895612e+03|3.053729404e+03|3.121045068e+03|3.044330281e+03|1.848482723e+10|2.060852729e+10|2.251278913e+10|2.039486713e+10|7.025774902e+03|7.110363770e+03|7.184166138e+03|7.099670410e+03|1.984861932e+03
1.701173725e+06|1.897634014e+06|1.928622471e+06|1.951375419e+06|1.922864884e+06|2.942257014e+03|3.017035050e+03|3.068388466e+03|2.997834457e+03|1.754458731e+10|1.958767979e+10|2.101967313e+10|1.910640941e+10|6.987493408e+03|7.070020996e+03|7.126462891e+03|7.048424316e+03|1.984861932e+03
1.708402684e+06|1.871562450e+06|1.898129095e+06|1.929838986e+06|1.891625559e+06|2.874035928e+03|2.943497301e+03|3.019829819e+03|2.916032579e+03|1.572508254e+10|1.757802655e+10|1.966490531e+10|1.692276529e+10|6.911788208e+03|6.988865967e+03|7.073099976e+03|6.957548340e+03|1.984861932e+03
1.713402617e+06|1.880040836e+06|1.898847883e+06|1.925616674e+06|1.895782355e+06|2.896868809e+03|2.945298337e+03|3.010015969e+03|2.929476868e+03|1.632954646e+10|1.762663043e+10|1.939357023e+10|1.726262960e+10|6.937173828e+03|6.990858643e+03|7.062294922e+03|6.972678223e+03|1.984861932e+03
1.717928429e+06|1.858659645e+06|1.891667892e+06|1.924451562e+06|1.887986956e+06|2.837999435e+03|2.927117701e+03|3.007283361e+03|2.908137687e+03|1.478080349e+10|1.713705006e+10|1.931811368e+10|1.670019097e+10|6.871625977e+03|6.970731201e+03|7.059283936e+03|6.948923340e+03|1.984861932e+03
1.721806142e+06|1.840449762e+06|1.890056511e+06|1.922241340e+06|1.879923794e+06|2.783786504e+03|2.922999841e+03|3.002102696e+03|2.882575838e+03|1.338204577e+10|1.702677479e+10|1.917554426e+10|1.605047905e+10|6.810944702e+03|6.966166504e+03|7.053573242e+03|6.920152344e+03|1.984861932e+03
1.725764340e+06|1.837719786e+06|1.877257098e+06|1.902509402e+06|1.871995101e+06|2.775385667e+03|2.889399088e+03|2.954434132e+03|2.858976379e+03|1.316762280e+10|1.613102699e+10|1.787400876e+10|1.544079788e+10|6.801514893e+03|6.928878906e+03|7.000963989e+03|6.893666016e+03|1.984861932e+03
1.730288651e+06|1.852838068e+06|1.878548684e+06|1.909047647e+06|1.875844160e+06|2.821134814e+03|2.892863408e+03|2.970505924e+03|2.876749232e+03|1.434273201e+10|1.622288440e+10|1.831038350e+10|1.585969175e+10|6.852782837e+03|6.932727051e+03|7.018723633e+03|6.914103027e+03|1.984861932e+03
1.735661547e+06|1.821526610e+06|1.864031725e+06|1.885308669e+06|1.854704195e+06|2.722673502e+03|2.853174741e+03|2.910699841e+03|2.812593971e+03|1.183754104e+10|1.517676081e+10|1.669756873e+10|1.421164274e+10|6.742137573e+03|6.888554932e+03|6.952526978e+03|6.842098145e+03|1.984861932e+03
1.742718575e+06|1.826143555e+06|1.847261520e+06|1.878133326e+06|1.851174096e+06|2.738152727e+03|2.804589686e+03|2.891748998e+03|2.806152275e+03|1.222545520e+10|1.391556954e+10|1.619328712e+10|1.402035377e+10|6.759609619e+03|6.834268311e+03|6.931489624e+03|6.835243652e+03|1.984861932e+03
1.751719571e+06|1.834192913e+06|1.849901167e+06|1.866029749e+06|1.848026392e+06|2.764270528e+03|2.812444550e+03|2.858797478e+03|2.801972433e+03|1.288506577e+10|1.411794833e+10|1.532438890e+10|1.387896909e+10|6.789024658e+03|6.843064453e+03|6.894820679e+03|6.830942383e+03|1.984861932e+03
1.757893368e+06|1.822581616e+06|1.837235500e+06|1.852485803e+06|1.833186273e+06|2.726212381e+03|2.773858117e+03|2.820103246e+03|2.746560960e+03|1.192574020e+10|1.312864511e+10|1.431613822e+10|1.251747986e+10|6.746140015e+03|6.799797852e+03|6.851628418e+03|6.766863770e+03|1.984861932e+03
1.763471829e+06|1.819300232e+06|1.841656171e+06|1.859606863e+06|1.834372004e+06|2.715001413e+03|2.787571909e+03|2.840698332e+03|2.749007488e+03|1.164527644e+10|1.347840720e+10|1.485118692e+10|1.258788254e+10|6.733473877e+03|6.815195068e+03|6.874636841e+03|6.766088867e+03|1.984861932e+03
1.776424024e+06|1.740558548e+06|1.770590988e+06|1.816413376e+06|1.780615856e+06|2.197417016e+03|2.511038869e+03|2.705039451e+03|2.480164204e+03|5.198966853e+02|6.751792203e+09|1.139807181e+10|6.308837615e+09|6.075083740e+03|6.499948486e+03|6.722202515e+03|6.412808594e+03|1.984861932e+03
1.790900442e+06|1.740558538e+06|1.740570564e+06|1.747933660e+06|1.754732485e+06|2.197416908e+03|2.201869966e+03|2.350149305e+03|2.314426168e+03|5.198959982e+02|6.992330137e+04|3.163561495e+09|2.557395905e+09|5.825312866e+03|6.127172119e+03|6.310828003e+03|6.122629883e+03|1.984861932e+03
1.799090180e+06|1.740558537e+06|1.740558542e+06|1.740972583e+06|1.741591269e+06|2.197416884e+03|2.197416993e+03|2.232171442e+03|2.225184722e+03|5.198958508e+02|5.198965398e+02|6.647561040e+08|5.455757814e+08|5.779100464e+03|6.025504150e+03|6.168755493e+03|5.978002930e+03|1.984861932e+03
1.803874721e+06|1.740558536e+06|1.740558541e+06|1.741827441e+06|1.743292768e+06|2.197416898e+03|2.197417004e+03|2.259833769e+03|2.244033011e+03|5.198959356e+02|5.198966111e+02|1.254620735e+09|9.654383625e+08|5.806694946e+03|6.055548828e+03|6.202353027e+03|5.981086914e+03|1.984861932e+03
1.808238997e+06|1.740558535e+06|1.740558540e+06|1.740672090e+06|1.742155701e+06|2.197416862e+03|2.197416987e+03|2.214139654e+03|2.227657834e+03|5.198957078e+02|5.198965041e+02|1.197496031e+08|6.199216009e+08|5.735979126e+03|6.005229736e+03|6.146317383e+03|5.926277344e+03|1.984861932e+03
1.811691004e+06|1.740558535e+06|1.740558539e+06|1.740558547e+06|1.741192033e+06|2.197416860e+03|2.197416942e+03|2.197612371e+03|2.211340017e+03|5.198956971e+02|5.198962164e+02|1.587106526e+03|2.749055101e+08|5.733403076e+03|5.916711182e+03|6.094203125e+03|5.872295410e+03|1.984861932e+03
1.814743357e+06|1.740558536e+06|1.740558540e+06|1.740558545e+06|1.741238629e+06|2.197416889e+03|2.197416963e+03|2.197416993e+03|2.215577570e+03|5.198958784e+02|5.198963466e+02|5.198965397e+02|3.708987247e+08|5.807461426e+03|5.948756836e+03|6.043129028e+03|5.907829590e+03|1.984861932e+03
1.818279123e+06|1.740558534e+06|1.740558538e+06|1.740558543e+06|1.740873771e+06|2.197416755e+03|2.197416906e+03|2.197416954e+03|2.206031054e+03|5.198950323e+02|5.198959859e+02|5.198962898e+02|1.701612160e+08|5.520110718e+03|5.823520752e+03|5.927377686e+03|5.745574219e+03|1.984861932e+03
1.823237078e+06|1.740558532e+06|1.740558537e+06|1.740558540e+06|1.740616391e+06|2.197416743e+03|2.197416859e+03|2.197416916e+03|2.200646371e+03|5.198949507e+02|5.198956866e+02|5.198960495e+02|6.416594148e+07|5.486920166e+03|5.727483887e+03|5.865557983e+03|5.682629395e+03|1.984861932e+03
1.830000869e+06|1.740558530e+06|1.740558535e+06|1.740558538e+06|1.740559042e+06|2.197416597e+03|2.197416756e+03|2.197416828e+03|2.197513680e+03|5.198940247e+02|5.198950364e+02|5.198954898e+02|9.412323670e+03|5.217636230e+03|5.522198242e+03|5.657626953e+03|5.460297363e+03|1.984861932e+03
1.846022424e+06|1.740558520e+06|1.740558529e+06|1.740558534e+06|1.740558527e+06|2.197416363e+03|2.197416508e+03|2.197416643e+03|2.197416495e+03|5.198925429e+02|5.198934602e+02|5.198943215e+02|5.198933826e+02|4.857706421e+03|5.074676514e+03|5.311259399e+03|5.077703613e+03|1.984861932e+03
1.928717130e+06|1.740558507e+06|1.740558515e+06|1.740558525e+06|1.740558516e+06|2.197416045e+03|2.197416301e+03|2.197416426e+03|2.197416230e+03|5.198905296e+02|5.198921524e+02|5.198929436e+02|5.198917027e+02|4.417941406e+03|4.759720947e+03|4.946751221e+03|4.690089844e+03|1.984861932e+03
2.054877241e+06|1.740558514e+06|1.740558520e+06|1.740558529e+06|1.740558521e+06|2.197416182e+03|2.197416343e+03|2.197416514e+03|2.197416340e+03|5.198913939e+02|5.198924145e+02|5.198934983e+02|5.198923970e+02|4.596229004e+03|4.823705811e+03|5.086698608e+03|4.853428223e+03|1.984861932e+03
2.521067963e+06|1.740558478e+06|1.740558497e+06|1.740558507e+06|1.740558494e+06|2.197415168e+03|2.197415704e+03|2.197415943e+03|2.197415593e+03|5.198849647e+02|5.198883616e+02|5.198898806e+02|5.198876591e+02|3.546938477e+03|4.030022339e+03|4.297036377e+03|4.060170898e+03|1.984861932e+03
1.870684584e+06|4.483204799e+06|4.507756998e+06|4.541989286e+06|4.532157994e+06|3.057926536e+03|3.070455046e+03|3.087756505e+03|3.081954233e+03|2.656271421e+10|2.711029003e+10|2.787600142e+10|2.764713319e+10|3.763449951e+03|3.776486084e+03|3.794506592e+03|3.788536865e+03|3.197440081e+03
1.889257041e+06|4.439618965e+06|4.458194430e+06|4.483256060e+06|4.475329129e+06|3.035095398e+03|3.044831959e+03|3.057953369e+03|3.053210699e+03|2.558212536e+10|2.599758101e+10|2.656387472e+10|2.637930524e+10|3.739803894e+03|3.749890869e+03|3.763478516e+03|3.758647461e+03|3.197440081e+03
1.910480892e+06|4.371314304e+06|4.413065312e+06|4.446595188e+06|4.412547124e+06|2.998309030e+03|3.020925601e+03|3.038753183e+03|3.020108613e+03|2.404640381e+10|2.498453632e+10|2.573772670e+10|2.496896569e+10|3.701953552e+03|3.725193848e+03|3.743594971e+03|3.724445312e+03|3.197440081e+03
1.918687310e+06|4.368394214e+06|4.405333545e+06|4.428866659e+06|4.395197724e+06|2.996720888e+03|3.016740690e+03|3.029455106e+03|3.010884326e+03|2.398134892e+10|2.480928117e+10|2.534330979e+10|2.457840356e+10|3.700321350e+03|3.720895996e+03|3.733956726e+03|3.714918457e+03|3.197440081e+03
1.923998519e+06|4.370890247e+06|4.397822504e+06|4.419901336e+06|4.390418798e+06|2.998079065e+03|3.012673760e+03|3.024624405e+03|3.008272028e+03|2.403698868e+10|2.463969863e+10|2.513982314e+10|2.447036673e+10|3.701717773e+03|3.716718018e+03|3.728991150e+03|3.712235352e+03|3.197440081e+03
1.928654952e+06|4.345389071e+06|4.376592332e+06|4.394281690e+06|4.367186235e+06|2.983746243e+03|3.001170635e+03|3.010756064e+03|2.995546561e+03|2.345223528e+10|2.416388354e+10|2.455997372e+10|2.394431889e+10|3.687033936e+03|3.704896240e+03|3.714748718e+03|3.699158203e+03|3.197440081e+03
1.934425289e+06|4.298061015e+06|4.337541450e+06|4.362939352e+06|4.328783757e+06|2.956684356e+03|2.979311496e+03|2.993658926e+03|2.973817528e+03|2.236815372e+10|2.327278881e+10|2.385595496e+10|2.306675352e+10|3.659320801e+03|3.682488770e+03|3.697186646e+03|3.676892822e+03|3.197440081e+03
1.946540562e+06|4.231277292e+06|4.269686491e+06|4.302979660e+06|4.269823949e+06|2.916590295e+03|2.939927626e+03|2.959587483e+03|2.939416090e+03|2.080859184e+10|2.170971530e+10|2.248328791e+10|2.170484180e+10|3.618392090e+03|3.642198730e+03|3.662287109e+03|3.641711182e+03|3.197440081e+03
1.971443925e+06|4.127490622e+06|4.163003708e+06|4.210910703e+06|4.175877131e+06|2.849421759e+03|2.873219261e+03|2.903999724e+03|2.880437539e+03|1.831532561e+10|1.918231049e+10|2.033031781e+10|1.947488502e+10|3.550117493e+03|3.574255981e+03|3.605555298e+03|3.581657471e+03|3.197440081e+03
1.990354222e+06|4.104432734e+06|4.124175746e+06|4.161785964e+06|4.142691474e+06|2.833726746e+03|2.847165470e+03|2.872430017e+03|2.858534289e+03|1.775428609e+10|1.823409392e+10|1.915331861e+10|1.867113325e+10|3.534199890e+03|3.547828979e+03|3.573454407e+03|3.559418213e+03|3.197440081e+03
2.010096121e+06|4.080865368e+06|4.109303443e+06|4.126398845e+06|4.110936299e+06|2.816882840e+03|2.837042237e+03|2.848678638e+03|2.837336567e+03|1.715864597e+10|1.787202236e+10|1.828854916e+10|1.789816109e+10|3.517181946e+03|3.537563354e+03|3.549364380e+03|3.537909912e+03|3.197440081e+03
2.020021990e+06|4.065535521e+06|4.085166689e+06|4.099659755e+06|4.087267362e+06|2.805898989e+03|2.819965023e+03|2.830351182e+03|2.820856558e+03|1.677596729e+10|1.726686542e+10|1.763422091e+10|1.731127988e+10|3.506074341e+03|3.520295532e+03|3.530788879e+03|3.521227295e+03|3.197440081e+03
2.026949466e+06|4.068374077e+06|4.081473311e+06|4.094483428e+06|4.082141648e+06|2.807932698e+03|2.817318465e+03|2.826641513e+03|2.816971517e+03|1.684646907e+10|1.717392180e+10|1.750253901e+10|1.717908338e+10|3.508132080e+03|3.517620972e+03|3.527040527e+03|3.517310547e+03|3.197440081e+03
2.032719871e+06|4.049522281e+06|4.075247910e+06|4.087197886e+06|4.073153914e+06|2.794121532e+03|2.812857742e+03|2.821420555e+03|2.810849776e+03|1.636903561e+10|1.701786826e+10|1.731809958e+10|1.695828902e+10|3.494185181e+03|3.513111328e+03|3.521766724e+03|3.511106201e+03|3.197440081e+03
2.040590423e+06|4.041277574e+06|4.068567968e+06|4.092605399e+06|4.077024805e+06|2.787886262e+03|2.808071614e+03|2.825295648e+03|2.812901474e+03|1.615479136e+10|1.685128795e+10|1.745489568e+10|1.704425861e+10|3.487903687e+03|3.508272583e+03|3.525680359e+03|3.513217773e+03|3.197440081e+03
2.050795474e+06|4.046238040e+06|4.078345525e+06|4.120505955e+06|4.087912479e+06|2.791637604e+03|2.815077261e+03|2.844667575e+03|2.820682118e+03|1.628351734e+10|1.709541896e+10|1.814439444e+10|1.731731799e+10|3.491683594e+03|3.515356567e+03|3.545296875e+03|3.521083740e+03|3.197440081e+03
2.068955035e+06|4.051133080e+06|4.090130720e+06|4.130941639e+06|4.094821968e+06|2.795339873e+03|2.823522243e+03|2.851770678e+03|2.825424612e+03|1.641106530e+10|1.739223706e+10|1.840015957e+10|1.748765010e+10|3.495413818e+03|3.523889404e+03|3.552496521e+03|3.525887695e+03|3.197440081e+03
2.087817485e+06|4.061357365e+06|4.089179012e+06|4.120060242e+06|4.095896923e+06|2.802905608e+03|2.822840232e+03|2.844364191e+03|2.826514803e+03|1.667248155e+10|1.736814736e+10|1.813352155e+10|1.751961965e+10|3.503046875e+03|3.523201050e+03|3.544991089e+03|3.526973145e+03|3.197440081e+03
2.103090929e+06|4.068579511e+06|4.090789686e+06|4.109222808e+06|4.092054935e+06|2.808079884e+03|2.823994462e+03|2.836987349e+03|2.824098253e+03|1.685157493e+10|1.740889517e+10|1.787006833e+10|1.742849489e+10|3.508281372e+03|3.524366699e+03|3.537509583e+03|3.524512207e+03|3.197440081e+03
2.112432843e+06|4.050978833e+06|4.067750799e+06|4.085745182e+06|4.072136649e+06|2.795223203e+03|2.807486140e+03|2.820379563e+03|2.809934454e+03|1.640703528e+10|1.683097384e+10|1.728145493e+10|1.693018958e+10|3.495295105e+03|3.507680176e+03|3.520715942e+03|3.510189697e+03|3.197440081e+03
2.119563486e+06|4.048865110e+06|4.066372983e+06|4.088066532e+06|4.072311308e+06|2.793624478e+03|2.806498989e+03|2.822043024e+03|2.810044960e+03|1.635189329e+10|1.679674635e+10|1.734003320e+10|1.693429758e+10|3.493684814e+03|3.506682739e+03|3.522395325e+03|3.510302490e+03|3.197440081e+03
2.126839691e+06|4.030986795e+06|4.053840131e+06|4.074466368e+06|4.057501278e+06|2.780105331e+03|2.797387491e+03|2.812297758e+03|2.799109182e+03|1.588961062e+10|1.648184255e+10|1.699833296e+10|1.655714973e+10|3.480059875e+03|3.497475830e+03|3.512545654e+03|3.499262695e+03|3.197440081e+03
2.136074047e+06|4.023860937e+06|4.039022740e+06|4.067408015e+06|4.050662451e+06|2.774718541e+03|2.786181202e+03|2.807240547e+03|2.793774190e+03|1.570743532e+10|1.609647496e+10|1.682245349e+10|1.637788032e+10|3.474627136e+03|3.486186523e+03|3.507430786e+03|3.493893555e+03|3.197440081e+03
2.149066378e+06|4.017052347e+06|4.040436359e+06|4.070727345e+06|4.048076715e+06|2.769572441e+03|2.787250141e+03|2.809618763e+03|2.791953184e+03|1.553446970e+10|1.613302095e+10|1.690505275e+10|1.631389840e+10|3.469435913e+03|3.487262085e+03|3.509836243e+03|3.492048828e+03|3.197440081e+03
2.162905575e+06|4.016192226e+06|4.042459525e+06|4.064995689e+06|4.046588907e+06|2.768922393e+03|2.788780069e+03|2.805512226e+03|2.791097958e+03|1.551268704e+10|1.618541024e+10|1.676257450e+10|1.628007939e+10|3.468780151e+03|3.488804810e+03|3.505683716e+03|3.491174072e+03|3.197440081e+03
2.178142463e+06|3.999883653e+06|4.034717734e+06|4.057285827e+06|4.031735626e+06|2.756002263e+03|2.782926128e+03|2.799986145e+03|2.779704670e+03|1.507863021e+10|1.598550448e+10|1.657187480e+10|1.589458473e+10|3.455776367e+03|3.482904419e+03|3.500093689e+03|3.479694092e+03|3.197440081e+03
2.189849341e+06|4.002274986e+06|4.030769065e+06|4.046399516e+06|4.024123268e+06|2.757914178e+03|2.779940719e+03|2.791759711e+03|2.774326175e+03|1.514246361e+10|1.588402105e+10|1.628769610e+10|1.570459212e+10|3.457699585e+03|3.479894165e+03|3.491806335e+03|3.474253174e+03|3.197440081e+03
2.198748699e+06|4.007404651e+06|4.026364024e+06|4.039319438e+06|4.023556405e+06|2.762016055e+03|2.776610659e+03|2.786405557e+03|2.774064093e+03|1.528007168e+10|1.577131135e+10|1.610414652e+10|1.569276223e+10|3.461827637e+03|3.476534180e+03|3.486410339e+03|3.473982910e+03|3.197440081e+03
2.207804655e+06|3.992272665e+06|4.013236473e+06|4.033070459e+06|4.011712136e+06|2.749918382e+03|2.766680414e+03|2.781680646e+03|2.764795277e+03|1.487683239e+10|1.543763624e+10|1.594310032e+10|1.538281018e+10|3.449654968e+03|3.466517944e+03|3.481647339e+03|3.464649658e+03|3.197440081e+03
2.215996962e+06|3.987207216e+06|4.002727060e+06|4.028099150e+06|4.003570433e+06|2.745870296e+03|2.758275650e+03|2.777922298e+03|2.758376384e+03|1.474362675e+10|1.515456513e+10|1.581563341e+10|1.516815087e+10|3.445578552e+03|3.458065063e+03|3.477859131e+03|3.458191162e+03|3.197440081e+03
2.224942740e+06|3.969343101e+06|3.998836062e+06|4.024255181e+06|3.998822868e+06|2.731477730e+03|2.755164763e+03|2.775016534e+03|2.754224674e+03|1.427275638e+10|1.505074205e+10|1.571746839e+10|1.503712800e+10|3.431094971e+03|3.454933838e+03|3.474926697e+03|3.454031250e+03|3.197440081e+03
2.236428061e+06|3.974464134e+06|4.002458429e+06|4.025671385e+06|3.999556815e+06|2.735690272e+03|2.758060849e+03|2.776087062e+03|2.754975513e+03|1.441079079e+10|1.514736678e+10|1.575360810e+10|1.505921000e+10|3.435324646e+03|3.457847290e+03|3.476007751e+03|3.454778320e+03|3.197440081e+03
2.248277884e+06|3.967804919e+06|3.990779452e+06|4.015785518e+06|3.993051109e+06|2.730178106e+03|2.748725001e+03|2.768615020e+03|2.749452374e+03|1.422996333e+10|1.483748866e+10|1.550239016e+10|1.488220999e+10|3.429792542e+03|3.448453369e+03|3.468469604e+03|3.449244629e+03|3.197440081e+03
2.263066051e+06|3.970266687e+06|3.991016391e+06|4.014671019e+06|3.992416822e+06|2.732258131e+03|2.748914340e+03|2.767772759e+03|2.749388218e+03|1.429849929e+10|1.484370690e+10|1.547421361e+10|1.487292810e+10|3.431876587e+03|3.448644165e+03|3.467618164e+03|3.449152832e+03|3.197440081e+03
2.274640389e+06|3.966178378e+06|3.999616347e+06|4.013691211e+06|3.993689072e+06|2.728803941e+03|2.755788560e+03|2.767032307e+03|2.750425778e+03|1.418480973e+10|1.507150962e+10|1.544946647e+10|1.490665565e+10|3.428418518e+03|3.455561035e+03|3.466872070e+03|3.450196289e+03|3.197440081e+03
2.283673953e+06|3.964182648e+06|3.993404445e+06|4.008209213e+06|3.991538200e+06|2.727118055e+03|2.750822952e+03|2.762659484e+03|2.748568863e+03|1.412956696e+10|1.490670497e+10|1.530173316e+10|1.484699978e+10|3.426728699e+03|3.450564819e+03|3.462474548e+03|3.448334717e+03|3.197440081e+03
2.292170968e+06|3.971688779e+06|3.993052649e+06|4.003593148e+06|3.986767534e+06|2.733459841e+03|2.750541768e+03|2.758968146e+03|2.744981369e+03|1.433821156e+10|1.489740613e+10|1.517773098e+10|1.472442566e+10|3.433079468e+03|3.450281738e+03|3.458761108e+03|3.444718018e+03|3.197440081e+03
2.300989952e+06|3.954233469e+06|3.976046027e+06|3.991738946e+06|3.971405496e+06|2.718716403e+03|2.736953712e+03|2.749491805e+03|2.732417550e+03|1.385663831e+10|1.445189711e+10|1.486274047e+10|1.431338529e+10|3.418311890e+03|3.436596802e+03|3.449225342e+03|3.432101318e+03|3.197440081e+03
2.309835123e+06|3.943904851e+06|3.965627750e+06|3.987036707e+06|3.966414900e+06|2.709999448e+03|2.728338797e+03|2.745734047e+03|2.728015729e+03|1.357764910e+10|1.416956554e+10|1.473915830e+10|1.417489581e+10|3.409573975e+03|3.427952026e+03|3.445441406e+03|3.427698486e+03|3.197440081e+03
2.319717193e+06|3.937201118e+06|3.960005084e+06|3.984914702e+06|3.961657752e+06|2.704344501e+03|2.723589695e+03|2.744038496e+03|2.724282601e+03|1.339888131e+10|1.401446386e+10|1.468358974e+10|1.405032666e+10|3.403902344e+03|3.423194336e+03|3.443734009e+03|3.423938721e+03|3.197440081e+03
2.330174884e+06|3.925662757e+06|3.960292584e+06|3.983849531e+06|3.954998905e+06|2.694248640e+03|2.723832489e+03|2.743187445e+03|2.718352270e+03|1.307917257e+10|1.402236181e+10|1.465564940e+10|1.386451291e+10|3.393815552e+03|3.423437134e+03|3.442877441e+03|3.418020508e+03|3.197440081e+03
2.343791986e+06|3.925086274e+06|3.947803428e+06|3.966991099e+06|3.948407630e+06|2.693732216e+03|2.713289205e+03|2.729490546e+03|2.712998983e+03|1.306279762e+10|1.368253980e+10|1.420736021e+10|1.368895782e+10|3.393303223e+03|3.412872192e+03|3.429103943e+03|3.412638184e+03|3.197440081e+03
2.357179149e+06|3.925476889e+06|3.956531663e+06|3.972886902e+06|3.949773442e+06|2.694082121e+03|2.720656702e+03|2.734430630e+03|2.714413021e+03|1.307388501e+10|1.391931799e+10|1.436986887e+10|1.373060553e+10|3.393651550e+03|3.420256226e+03|3.434055969e+03|3.414042480e+03|3.197440081e+03
2.367301429e+06|3.939250574e+06|3.959561338e+06|3.972107790e+06|3.956236232e+06|2.706073108e+03|2.723214958e+03|2.733804663e+03|2.719710188e+03|1.345335390e+10|1.400228098e+10|1.434951564e+10|1.390328348e+10|3.405635437e+03|3.422819580e+03|3.433426392e+03|3.419354736e+03|3.197440081e+03
2.376092383e+06|3.930581916e+06|3.953384857e+06|3.966405540e+06|3.948844875e+06|2.698656305e+03|2.718000007e+03|2.728995865e+03|2.713474188e+03|1.321945491e+10|1.383354667e+10|1.419112343e+10|1.370255639e+10|3.398208862e+03|3.417594116e+03|3.428610657e+03|3.413111572e+03|3.197440081e+03
2.384452168e+06|3.929785958e+06|3.949168675e+06|3.964027156e+06|3.946075978e+06|2.697942991e+03|2.714441253e+03|2.726986710e+03|2.711335896e+03|1.319668940e+10|1.371927530e+10|1.412526817e+10|1.363035664e+10|3.397496460e+03|3.414026001e+03|3.426595947e+03|3.410953125e+03|3.197440081e+03
2.392364625e+06|3.915405232e+06|3.938335070e+06|3.956296478e+06|3.935406123e+06|2.685063106e+03|2.705300899e+03|2.720458129e+03|2.702019176e+03|1.278902949e+10|1.342899542e+10|1.391289292e+10|1.333558324e+10|3.384662354e+03|3.404860962e+03|3.420055725e+03|3.401643555e+03|3.197440081e+03
2.402897226e+06|3.909878342e+06|3.930211680e+06|3.950678466e+06|3.926087669e+06|2.680116848e+03|2.698324527e+03|2.715715522e+03|2.693895233e+03|1.263449250e+10|1.320887500e+10|1.376010951e+10|1.307817592e+10|3.379728699e+03|3.397876953e+03|3.415304993e+03|3.393524170e+03|3.197440081e+03
2.413121640e+06|3.899438719e+06|3.920945262e+06|3.943302345e+06|3.920750985e+06|2.670779815e+03|2.690023236e+03|2.709491091e+03|2.688934172e+03|1.234667321e+10|1.294542246e+10|1.356148845e+10|1.292646146e+10|3.370413147e+03|3.389607422e+03|3.409063416e+03|3.388583496e+03|3.197440081e+03
2.423863823e+06|3.891308562e+06|3.915780424e+06|3.938611364e+06|3.912653112e+06|2.663351438e+03|2.685398944e+03|2.705533931e+03|2.681644134e+03|1.211911591e+10|1.279956394e+10|1.343633308e+10|1.269897241e+10|3.363028931e+03|3.384995972e+03|3.405094360e+03|3.381307129e+03|3.197440081e+03
2.436406997e+06|3.891795033e+06|3.913798817e+06|3.930811550e+06|3.909988668e+06|2.663806122e+03|2.683625225e+03|2.698862100e+03|2.679394383e+03|1.213310646e+10|1.274395085e+10|1.322602484e+10|1.262702518e+10|3.363480408e+03|3.383228394e+03|3.398412537e+03|3.379054932e+03|3.197440081e+03
2.448326132e+06|3.889273940e+06|3.915674027e+06|3.935390598e+06|3.913621440e+06|2.661449955e+03|2.685303785e+03|2.702817612e+03|2.682846957e+03|1.206066983e+10|1.279663132e+10|1.335091680e+10|1.273261354e+10|3.361149109e+03|3.384901489e+03|3.402369629e+03|3.382494385e+03|3.197440081e+03
2.458544942e+06|3.893745936e+06|3.912076653e+06|3.929315003e+06|3.910430319e+06|2.665629787e+03|2.682083973e+03|2.697520958e+03|2.680174365e+03|1.218929363e+10|1.269579052e+10|1.318323229e+10|1.264586167e+10|3.365284302e+03|3.381690796e+03|3.397076172e+03|3.379813721e+03|3.197440081e+03
2.466778377e+06|3.885402725e+06|3.911865252e+06|3.922652384e+06|3.903952358e+06|2.657833078e+03|2.681894787e+03|2.691552101e+03|2.674226347e+03|1.194981936e+10|1.268988425e+10|1.299377842e+10|1.246212356e+10|3.357569519e+03|3.381500732e+03|3.391129395e+03|3.373886963e+03|3.197440081e+03
2.475135775e+06|3.884982917e+06|3.911447865e+06|3.925444249e+06|3.904399372e+06|2.657440959e+03|2.681521261e+03|2.694052880e+03|2.674466424e+03|1.193783621e+10|1.267822217e+10|1.307295664e+10|1.247162062e+10|3.357180176e+03|3.381128540e+03|3.393621155e+03|3.374131592e+03|3.197440081e+03
2.483242104e+06|3.876712527e+06|3.900180780e+06|3.911194073e+06|3.893075661e+06|2.649692761e+03|2.671443252e+03|2.681294160e+03|2.663998045e+03|1.170179382e+10|1.236695769e+10|1.267114519e+10|1.214931050e+10|3.349504822e+03|3.371073730e+03|3.380902832e+03|3.363706543e+03|3.197440081e+03
2.492140933e+06|3.870394526e+06|3.891163840e+06|3.911466852e+06|3.888592431e+06|2.643472882e+03|2.663216203e+03|2.681538258e+03|2.659895035e+03|1.151315072e+10|1.211496468e+10|1.267875563e+10|1.202284260e+10|3.343288879e+03|3.362896240e+03|3.381145142e+03|3.359623047e+03|3.197440081e+03
2.502533292e+06|3.865208094e+06|3.882054394e+06|3.900555468e+06|3.879126953e+06|2.638370361e+03|2.654705804e+03|2.671778255e+03|2.650360864e+03|1.136019347e+10|1.185431700e+10|1.237721025e+10|1.173997301e+10|3.338185364e+03|3.354474365e+03|3.371408142e+03|3.350159668e+03|3.197440081e+03
2.514225525e+06|3.854734262e+06|3.875705553e+06|3.897177389e+06|3.873682539e+06|2.627795279e+03|2.648701109e+03|2.668758323e+03|2.645568953e+03|1.104397508e+10|1.167154706e+10|1.228502410e+10|1.158890908e+10|3.327659973e+03|3.348514526e+03|3.368394836e+03|3.345379150e+03|3.197440081e+03
2.525869967e+06|3.852003252e+06|3.872602853e+06|3.888331142e+06|3.868530123e+06|2.624975182e+03|2.645646396e+03|2.660568986e+03|2.640591249e+03|1.095969130e+10|1.157879401e+10|1.203363381e+10|1.143867559e+10|3.324866394e+03|3.345459961e+03|3.360276855e+03|3.340429443e+03|3.197440081e+03
2.536426741e+06|3.852081448e+06|3.875330780e+06|3.892798546e+06|3.870125322e+06|2.625055900e+03|2.648332082e+03|2.664744142e+03|2.641881367e+03|1.096209266e+10|1.166031536e+10|1.216199295e+10|1.148097135e+10|3.324944702e+03|3.348146118e+03|3.364408264e+03|3.341718018e+03|3.197440081e+03
2.545378613e+06|3.858116411e+06|3.882004194e+06|3.891253916e+06|3.873253753e+06|2.631289177e+03|2.654658915e+03|2.663300357e+03|2.645440211e+03|1.114894135e+10|1.185288442e+10|1.211754253e+10|1.158207614e+10|3.331123596e+03|3.354426025e+03|3.362979492e+03|3.345242188e+03|3.197440081e+03
2.554141608e+06|3.846987086e+06|3.872836354e+06|3.886435870e+06|3.865687198e+06|2.619798051e+03|2.645876263e+03|2.658798251e+03|2.637609955e+03|1.080598381e+10|1.158576141e+10|1.197937005e+10|1.135175897e+10|3.319730774e+03|3.345690796e+03|3.358524048e+03|3.337475586e+03|3.197440081e+03
2.562307733e+06|3.838404182e+06|3.862493003e+06|3.881575173e+06|3.858229671e+06|2.610947819e+03|2.635700414e+03|2.654258297e+03|2.630374056e+03|1.054631403e+10|1.128080185e+10|1.184067538e+10|1.113323219e+10|3.310952148e+03|3.335514038e+03|3.354029907e+03|3.330277832e+03|3.197440081e+03
2.570558483e+06|3.835555235e+06|3.864024593e+06|3.882339845e+06|3.856857981e+06|2.608012416e+03|2.637206430e+03|2.654972361e+03|2.628931739e+03|1.046105722e+10|1.132552666e+10|1.186244194e+10|1.109129529e+10|3.308037476e+03|3.337022583e+03|3.354736633e+03|3.328852295e+03|3.197440081e+03
2.579740868e+06|3.839028591e+06|3.859182373e+06|3.871410607e+06|3.854234010e+06|2.611591341e+03|2.632390683e+03|2.644472878e+03|2.626657385e+03|1.056506743e+10|1.118215771e+10|1.154331606e+10|1.101913633e+10|3.311590332e+03|3.332215210e+03|3.344287354e+03|3.326577148e+03|3.197440081e+03
2.589057726e+06|3.825446618e+06|3.850839372e+06|3.863646889e+06|3.844881813e+06|2.597403178e+03|2.623773641e+03|2.636835006e+03|2.616798097e+03|1.015443396e+10|1.092389818e+10|1.131448199e+10|1.073092697e+10|3.297515015e+03|3.323675171e+03|3.336651184e+03|3.316795898e+03|3.197440081e+03
2.599672811e+06|3.818972981e+06|3.842474203e+06|3.861069471e+06|3.837353983e+06|2.590163954e+03|2.615143334e+03|2.634300871e+03|2.608251048e+03|9.944148650e+09|1.066892635e+10|1.123935473e+10|1.048851878e+10|3.290360352e+03|3.315114990e+03|3.334116150e+03|3.308339600e+03|3.197440081e+03
2.610869357e+06|3.810126914e+06|3.832795379e+06|3.850921430e+06|3.830955381e+06|2.580284461e+03|2.605169825e+03|2.623858341e+03|2.602014336e+03|9.661545926e+09|1.037888328e+10|1.092641627e+10|1.030047363e+10|3.280591187e+03|3.305214478e+03|3.323756897e+03|3.302137207e+03|3.197440081e+03
2.620966749e+06|3.811600770e+06|3.838650515e+06|3.855313241e+06|3.831189510e+06|2.581929461e+03|2.611201756e+03|2.628393271e+03|2.601980610e+03|9.708245089e+09|1.055373849e+10|1.106189558e+10|1.030320748e+10|3.282218933e+03|3.311203491e+03|3.328254761e+03|3.302111816e+03|3.197440081e+03
2.630519127e+06|3.818913306e+06|3.836502290e+06|3.852211569e+06|3.831217857e+06|2.590097238e+03|2.608988064e+03|2.625190246e+03|2.602351721e+03|9.942216301e+09|1.048933785e+10|1.096610013e+10|1.030945495e+10|3.290293701e+03|3.309005859e+03|3.325078125e+03|3.302466797e+03|3.197440081e+03
2.638632456e+06|3.817120114e+06|3.840235989e+06|3.850144154e+06|3.832076672e+06|2.588093427e+03|2.612835836e+03|2.623056016e+03|2.603193635e+03|9.884508094e+09|1.060138677e+10|1.090255476e+10|1.033440942e+10|3.288314453e+03|3.312825073e+03|3.322963379e+03|3.303300049e+03|3.197440081e+03
2.648024708e+06|3.809471304e+06|3.831550242e+06|3.843986410e+06|3.826131232e+06|2.579553114e+03|2.603887708e+03|2.616702754e+03|2.597041035e+03|9.640917727e+09|1.034195160e+10|1.071472336e+10|1.015380462e+10|3.279868164e+03|3.303941040e+03|3.316660156e+03|3.297198242e+03|3.197440081e+03
2.655696389e+06|3.803377171e+06|3.824327926e+06|3.840301129e+06|3.818601041e+06|2.572756232e+03|2.596151619e+03|2.612903133e+03|2.588360263e+03|9.449639982e+09|1.011788292e+10|1.060341007e+10|9.909196522e+09|3.273141724e+03|3.296277954e+03|3.312890137e+03|3.288614990e+03|3.197440081e+03
2.663768000e+06|3.799862727e+06|3.825807261e+06|3.840185780e+06|3.818752628e+06|2.568839928e+03|2.597806709e+03|2.612784068e+03|2.588670602e+03|9.340592023e+09|1.016623717e+10|1.059986996e+10|9.917123065e+09|3.269264526e+03|3.297913696e+03|3.312774719e+03|3.288918457e+03|3.197440081e+03
2.673797618e+06|3.797476490e+06|3.816604782e+06|3.829627924e+06|3.812782490e+06|2.566168965e+03|2.587517604e+03|2.601908755e+03|2.582388082e+03|9.266501724e+09|9.867937545e+09|1.028512123e+10|9.733885983e+09|3.266619507e+03|3.287744995e+03|3.301976929e+03|3.282691650e+03|3.197440081e+03
2.683392455e+06|3.795134129e+06|3.814274999e+06|3.826041307e+06|3.808852935e+06|2.563325224e+03|2.584915268e+03|2.598068601e+03|2.577837789e+03|9.185749500e+09|9.793367316e+09|1.017390222e+10|9.605363085e+09|3.263815186e+03|3.285171631e+03|3.298171753e+03|3.278192139e+03|3.197440081e+03
2.693026094e+06|3.785418045e+06|3.805374798e+06|3.820166057e+06|3.798507268e+06|2.551504248e+03|2.574983355e+03|2.591497492e+03|2.565601839e+03|8.854502848e+09|9.512021079e+09|9.982666851e+09|9.264831824e+09|3.252152893e+03|3.275345215e+03|3.291678772e+03|3.266099121e+03|3.197440081e+03
2.704588806e+06|3.780634238e+06|3.803365842e+06|3.819979250e+06|3.799029636e+06|2.545692415e+03|2.572743594e+03|2.591288666e+03|2.566085559e+03|8.694311593e+09|9.449283368e+09|9.976626473e+09|9.279504889e+09|3.246416199e+03|3.273129272e+03|3.291472656e+03|3.266584473e+03|3.197440081e+03
2.714334819e+06|3.783618619e+06|3.801421629e+06|3.814151598e+06|3.795695405e+06|2.549317257e+03|2.570576792e+03|2.584777460e+03|2.562406857e+03|8.793944027e+09|9.388855130e+09|9.789428525e+09|9.173985202e+09|3.249994080e+03|3.270983398e+03|3.285035156e+03|3.262940674e+03|3.197440081e+03
2.723292378e+06|3.781587861e+06|3.800521172e+06|3.812228059e+06|3.794998527e+06|2.546850428e+03|2.569573419e+03|2.582629729e+03|2.561679880e+03|8.726057395e+09|9.360932808e+09|9.728172337e+09|9.152641436e+09|3.247560364e+03|3.269989868e+03|3.282912415e+03|3.262221924e+03|3.197440081e+03
2.730714683e+06|3.779612040e+06|3.798204031e+06|3.806793716e+06|3.790455602e+06|2.544451627e+03|2.566992275e+03|2.576565741e+03|2.556363512e+03|8.660454743e+09|9.289386130e+09|9.556499239e+09|9.004513039e+09|3.245192017e+03|3.267434326e+03|3.276912231e+03|3.256966309e+03|3.197440081e+03
2.739092637e+06|3.777859387e+06|3.797913082e+06|3.808016327e+06|3.787617272e+06|2.542324235e+03|2.566668254e+03|2.577929514e+03|2.551623180e+03|8.602422782e+09|9.280430767e+09|9.594938874e+09|8.885513069e+09|3.243090088e+03|3.267113037e+03|3.278261169e+03|3.252294678e+03|3.197440081e+03
2.748046071e+06|3.768432525e+06|3.788989182e+06|3.799703669e+06|3.781287934e+06|2.530737230e+03|2.555845883e+03|2.568662669e+03|2.545078766e+03|8.289303593e+09|8.975153334e+09|9.335651981e+09|8.693929558e+09|3.231646179e+03|3.256437866e+03|3.269088867e+03|3.245824707e+03|3.197440081e+03
2.756611256e+06|3.769443014e+06|3.787273780e+06|3.797713469e+06|3.782169998e+06|2.532086479e+03|2.553759749e+03|2.566444043e+03|2.546442052e+03|8.326587539e+09|8.916982817e+09|9.274218737e+09|8.728834292e+09|3.232974915e+03|3.254380493e+03|3.266889832e+03|3.247168213e+03|3.197440081e+03
2.766100718e+06|3.752117001e+06|3.776941017e+06|3.792526588e+06|3.771141132e+06|2.509001338e+03|2.541210039e+03|2.560150195e+03|2.532470461e+03|7.703683880e+09|8.572198337e+09|9.095947689e+09|8.349619662e+09|3.210219910e+03|3.241988403e+03|3.260684998e+03|3.233378418e+03|3.197440081e+03
2.776135597e+06|3.754572669e+06|3.768020560e+06|3.784833310e+06|3.769135368e+06|2.512266881e+03|2.530187265e+03|2.550793143e+03|2.530243894e+03|7.789862981e+09|8.274140158e+09|8.834675324e+09|8.285312471e+09|3.213441833e+03|3.231104004e+03|3.251452576e+03|3.231180908e+03|3.197440081e+03
2.785702884e+06|3.750443862e+06|3.774423929e+06|3.785028490e+06|3.767124888e+06|2.506777639e+03|2.538156896e+03|2.551030346e+03|2.527123421e+03|7.645371585e+09|8.489589912e+09|8.841238526e+09|8.205658840e+09|3.208026184e+03|3.238972412e+03|3.251686523e+03|3.228105957e+03|3.197440081e+03
2.795967251e+06|3.745558749e+06|3.766890956e+06|3.782900185e+06|3.763007194e+06|2.500290557e+03|2.528679568e+03|2.548444379e+03|2.521772090e+03|7.476915245e+09|8.232661645e+09|8.769867775e+09|8.061888013e+09|3.201621643e+03|3.229618530e+03|3.249133179e+03|3.222826172e+03|3.197440081e+03
2.805112816e+06|3.740579077e+06|3.759887576e+06|3.774551540e+06|3.754792369e+06|2.493127126e+03|2.519341842e+03|2.538311636e+03|2.510772188e+03|7.287143982e+09|7.978753388e+09|8.493761569e+09|7.768319946e+09|3.194567200e+03|3.220419434e+03|3.239126465e+03|3.211975586e+03|3.197440081e+03
2.814682951e+06|3.737561514e+06|3.758634136e+06|3.773088776e+06|3.754443583e+06|2.488679528e+03|2.517672432e+03|2.536538142e+03|2.510631433e+03|7.169734453e+09|7.933914099e+09|8.446026378e+09|7.762332429e+09|3.190188599e+03|3.218772583e+03|3.237372864e+03|3.211835693e+03|3.197440081e+03
2.823752481e+06|3.739064717e+06|3.755009448e+06|3.771843609e+06|3.750921933e+06|2.490894509e+03|2.512847922e+03|2.535028893e+03|2.505419289e+03|7.228030041e+09|7.805261633e+09|8.405538211e+09|7.628440090e+09|3.192368591e+03|3.214015625e+03|3.235882751e+03|3.206696045e+03|3.197440081e+03
2.832145490e+06|3.732771636e+06|3.752873930e+06|3.766634362e+06|3.750672834e+06|2.481628586e+03|2.510007714e+03|2.528337123e+03|2.504264664e+03|6.986217527e+09|7.730186031e+09|8.223251438e+09|7.604483607e+09|3.183240479e+03|3.211213257e+03|3.229283325e+03|3.205558350e+03|3.197440081e+03
2.839814797e+06|3.742538063e+06|3.752816714e+06|3.764284943e+06|3.752434830e+06|2.496016796e+03|2.509931611e+03|2.525202887e+03|2.507576949e+03|7.364112329e+09|7.728172579e+09|8.137503260e+09|7.684081886e+09|3.197410706e+03|3.211139648e+03|3.226195251e+03|3.208824463e+03|3.197440081e+03
2.847642381e+06|3.727544033e+06|3.749638594e+06|3.761607062e+06|3.744769191e+06|2.473945864e+03|2.505707890e+03|2.521632860e+03|2.496641199e+03|6.789935482e+09|7.617469712e+09|8.040561934e+09|7.398518222e+09|3.175666931e+03|3.206970215e+03|3.222676453e+03|3.198043945e+03|3.197440081e+03
2.856640606e+06|3.719653438e+06|3.741909827e+06|3.753734870e+06|3.735930317e+06|2.462066125e+03|2.495089953e+03|2.511152548e+03|2.484199513e+03|6.489998819e+09|7.339382908e+09|7.760385938e+09|7.073375988e+09|3.163951660e+03|3.196499634e+03|3.212342285e+03|3.185773682e+03|3.197440081e+03
2.865949371e+06|3.724530194e+06|3.740082783e+06|3.756605769e+06|3.739677234e+06|2.469522520e+03|2.492395308e+03|2.514972078e+03|2.489350471e+03|6.678649188e+09|7.267727659e+09|7.861732538e+09|7.208576923e+09|3.171302185e+03|3.193845825e+03|3.216110718e+03|3.190853760e+03|3.197440081e+03
2.874921383e+06|3.718179346e+06|3.736735407e+06|3.750227464e+06|3.731893337e+06|2.459636471e+03|2.487462627e+03|2.506490080e+03|2.478205837e+03|6.427144823e+09|7.137817608e+09|7.637845189e+09|6.919258524e+09|3.161560913e+03|3.188988281e+03|3.207743652e+03|3.179863770e+03|3.197440081e+03
2.883785942e+06|3.708776018e+06|3.729792303e+06|3.742211041e+06|3.726530497e+06|2.444171734e+03|2.477248464e+03|2.495534257e+03|2.470161770e+03|6.037070472e+09|6.873857113e+09|7.351213674e+09|6.712329949e+09|3.146327393e+03|3.178922974e+03|3.196935669e+03|3.171936523e+03|3.197440081e+03
2.892620862e+06|3.705804662e+06|3.724466476e+06|3.739094704e+06|3.721778886e+06|2.439297166e+03|2.469429072e+03|2.490938875e+03|2.462705211e+03|5.917626389e+09|6.676318292e+09|7.229250965e+09|6.523482527e+09|3.141521606e+03|3.171210327e+03|3.192411987e+03|3.164585693e+03|3.197440081e+03
2.901306533e+06|3.703851395e+06|3.725265791e+06|3.738431255e+06|3.720805329e+06|2.436096162e+03|2.470601738e+03|2.489960932e+03|2.460615745e+03|5.840153738e+09|6.705685081e+09|7.203410313e+09|6.474885919e+09|3.138364685e+03|3.172366699e+03|3.191449219e+03|3.162525879e+03|3.197440081e+03
2.910410295e+06|3.701456192e+06|3.720443442e+06|3.735409661e+06|3.718304204e+06|2.432173913e+03|2.463368718e+03|2.485510498e+03|2.457489780e+03|5.746078706e+09|6.523837890e+09|7.086842895e+09|6.390618023e+09|3.134494507e+03|3.165234375e+03|3.187066589e+03|3.159445068e+03|3.197440081e+03
2.921492189e+06|3.700188143e+06|3.719440003e+06|3.730313393e+06|3.717295881e+06|2.429965894e+03|2.461714181e+03|2.478014289e+03|2.456004173e+03|5.691963865e+09|6.480849492e+09|6.893424662e+09|6.351081509e+09|3.132318115e+03|3.163606079e+03|3.179678528e+03|3.157981201e+03|3.197440081e+03
2.931012998e+06|3.686052961e+06|3.708647140e+06|3.725980638e+06|3.706291483e+06|2.403657991e+03|2.443960181e+03|2.471650779e+03|2.436541192e+03|5.052434943e+09|6.031850564e+09|6.732041495e+09|5.874730236e+09|3.106390869e+03|3.146118530e+03|3.173402527e+03|3.138792480e+03|3.197440081e+03
2.939375567e+06|3.687617530e+06|3.708549839e+06|3.723732593e+06|3.705270096e+06|2.406561388e+03|2.443800594e+03|2.468352628e+03|2.435287557e+03|5.120336327e+09|6.027950499e+09|6.649427176e+09|5.840944333e+09|3.109255798e+03|3.145962158e+03|3.170148071e+03|3.137558105e+03|3.197440081e+03
2.947433643e+06|3.690908693e+06|3.703050471e+06|3.719272633e+06|3.704259586e+06|2.412676282e+03|2.434784104e+03|2.461438274e+03|2.434084931e+03|5.265495959e+09|5.808539285e+09|6.473699291e+09|5.807613530e+09|3.115286987e+03|3.137070068e+03|3.163335144e+03|3.136375000e+03|3.197440081e+03
2.955943754e+06|3.687451575e+06|3.703222647e+06|3.717347542e+06|3.704361056e+06|2.406253324e+03|2.435066048e+03|2.458266214e+03|2.433098946e+03|5.113103542e+09|5.815301047e+09|6.391918985e+09|5.791256148e+09|3.108952515e+03|3.137348877e+03|3.160212158e+03|3.135400635e+03|3.197440081e+03
2.964731910e+06|3.681018394e+06|3.696224807e+06|3.710787187e+06|3.695106182e+06|2.393865720e+03|2.422574746e+03|2.447474473e+03|2.417128595e+03|4.821757698e+09|5.506704752e+09|6.118971966e+09|5.397969514e+09|3.096731995e+03|3.125039673e+03|3.149583862e+03|3.119653076e+03|3.197440081e+03
2.972108084e+06|3.677489844e+06|3.693856100e+06|3.706099297e+06|3.692465078e+06|2.386280612e+03|2.418161036e+03|2.439780300e+03|2.412066243e+03|4.638666456e+09|5.398194643e+09|5.929401474e+09|5.276358405e+09|3.089255371e+03|3.120692017e+03|3.141998596e+03|3.114659668e+03|3.197440081e+03
2.980460003e+06|3.670216624e+06|3.690052364e+06|3.704463882e+06|3.688269834e+06|2.370699326e+03|2.411084459e+03|2.437099493e+03|2.403993830e+03|4.278888933e+09|5.227479702e+09|5.864320647e+09|5.083914189e+09|3.073879639e+03|3.113717651e+03|3.139354431e+03|3.106698486e+03|3.197440081e+03
2.989056503e+06|3.680206826e+06|3.696920294e+06|3.706759480e+06|3.693494392e+06|2.392119858e+03|2.423871669e+03|2.440862926e+03|2.413406060e+03|4.779216262e+09|5.538883789e+09|5.955810138e+09|5.312700848e+09|3.095011047e+03|3.126319214e+03|3.143065491e+03|3.115974609e+03|3.197440081e+03
2.996904266e+06|3.675274181e+06|3.690030522e+06|3.701188339e+06|3.688933878e+06|2.381526542e+03|2.411043965e+03|2.431735616e+03|2.405263799e+03|4.526623308e+09|5.226544081e+09|5.735657801e+09|5.114045495e+09|3.084566162e+03|3.113676880e+03|3.134061218e+03|3.107949463e+03|3.197440081e+03
3.004326449e+06|3.668618182e+06|3.684152170e+06|3.699646293e+06|3.685042413e+06|2.367284688e+03|2.400133719e+03|2.428959368e+03|2.397813331e+03|4.202935285e+09|4.970889938e+09|5.666417321e+09|4.935752020e+09|3.070508057e+03|3.102913086e+03|3.131326660e+03|3.100602295e+03|3.197440081e+03
3.013550777e+06|3.669852785e+06|3.683677435e+06|3.694475712e+06|3.681247882e+06|2.369921752e+03|2.399254052e+03|2.419315085e+03|2.390448241e+03|4.261495087e+09|4.950691292e+09|5.426418653e+09|4.759618018e+09|3.073112854e+03|3.102044678e+03|3.121828430e+03|3.093335205e+03|3.197440081e+03
3.023016925e+06|3.662391918e+06|3.681870878e+06|3.689727555e+06|3.677693488e+06|2.352218780e+03|2.395700509e+03|2.410480884e+03|2.383125211e+03|3.853964361e+09|4.866748653e+09|5.213125993e+09|4.588059841e+09|3.055634277e+03|3.098539307e+03|3.113121216e+03|3.086110107e+03|3.197440081e+03
3.032947074e+06|3.660929784e+06|3.675057580e+06|3.690371118e+06|3.674616369e+06|2.348516935e+03|2.381062095e+03|2.411676849e+03|2.375888500e+03|3.769562713e+09|4.515770669e+09|5.241586944e+09|4.421774026e+09|3.051976013e+03|3.084108276e+03|3.114300598e+03|3.078963379e+03|3.197440081e+03
3.043349514e+06|3.658910469e+06|3.668220827e+06|3.681716223e+06|3.669736177e+06|2.343411443e+03|2.366436269e+03|2.395367458e+03|2.366018982e+03|3.655438088e+09|4.184187866e+09|4.858522860e+09|4.189002771e+09|3.046932739e+03|3.069669067e+03|3.098211182e+03|3.069228516e+03|3.197440081e+03
3.054625109e+06|3.659559011e+06|3.670177741e+06|3.678397232e+06|3.668442446e+06|2.345050291e+03|2.370616231e+03|2.388229529e+03|2.362686085e+03|3.691788294e+09|4.277030992e+09|4.685201308e+09|4.113870973e+09|3.048551819e+03|3.073796875e+03|3.091177002e+03|3.065935059e+03|3.197440081e+03
3.065977846e+06|3.649456039e+06|3.659769689e+06|3.668132678e+06|3.660082882e+06|2.317280200e+03|2.345582856e+03|2.366248046e+03|2.341830498e+03|3.078767210e+09|3.703661309e+09|4.180025922e+09|3.644037910e+09|3.021084961e+03|3.049077393e+03|3.069482422e+03|3.045326904e+03|3.197440081e+03
3.075789590e+06|3.641118765e+06|3.652624079e+06|3.669222420e+06|3.655186650e+06|2.290363682e+03|2.327082283e+03|2.368575079e+03|2.327903498e+03|2.502873395e+09|3.300443976e+09|4.231520490e+09|3.334963953e+09|2.994425354e+03|3.030782104e+03|3.071782166e+03|3.031553711e+03|3.197440081e+03
3.082593838e+06|3.640937791e+06|3.652294027e+06|3.663842406e+06|3.653011587e+06|2.289648468e+03|2.326059348e+03|2.355895495e+03|2.323177288e+03|2.486495976e+09|3.276601190e+09|3.939223553e+09|3.226602529e+09|2.993718689e+03|3.029769775e+03|3.059262817e+03|3.026887451e+03|3.197440081e+03
3.088389038e+06|3.641701369e+06|3.653307068e+06|3.668311384e+06|3.653673946e+06|2.292667281e+03|2.329089734e+03|2.366629533e+03|2.320862472e+03|2.556243047e+09|3.346369477e+09|4.188431675e+09|3.190943770e+09|2.996703796e+03|3.032766235e+03|3.069860779e+03|3.024573975e+03|3.197440081e+03
3.094201403e+06|3.635384174e+06|3.652456220e+06|3.663767539e+06|3.651752181e+06|2.267792851e+03|2.326561990e+03|2.355705626e+03|2.314198968e+03|2.032932419e+09|3.288296354e+09|3.934789229e+09|3.037684300e+09|2.972074341e+03|3.030267456e+03|3.059077087e+03|3.017874023e+03|3.197440081e+03
3.100117801e+06|3.636820892e+06|3.650674866e+06|3.659030917e+06|3.649771493e+06|2.273430409e+03|2.321046398e+03|2.343715747e+03|2.310705869e+03|2.141947014e+09|3.162142556e+09|3.662167180e+09|2.959862001e+09|2.977661560e+03|3.024812012e+03|3.047233032e+03|3.014460205e+03|3.197440081e+03
3.107456142e+06|3.633679680e+06|3.646193967e+06|3.655169075e+06|3.645674054e+06|2.260624689e+03|2.307217996e+03|2.333974448e+03|2.295633224e+03|1.890287301e+09|2.862102891e+09|3.451635924e+09|2.630717327e+09|2.964969482e+03|3.011120605e+03|3.037599976e+03|2.999354980e+03|3.197440081e+03
3.114066298e+06|3.632098323e+06|3.645275888e+06|3.657892654e+06|3.645906153e+06|2.251952657e+03|2.304394287e+03|2.340841246e+03|2.293573704e+03|1.690510256e+09|2.804166136e+09|3.599003210e+09|2.587772601e+09|2.956387329e+03|3.008322876e+03|3.044391052e+03|2.996659912e+03|3.197440081e+03
3.120610644e+06|3.633816076e+06|3.644030835e+06|3.656134035e+06|3.645318310e+06|2.261374301e+03|2.300565756e+03|2.336405334e+03|2.293099763e+03|1.908703414e+09|2.725900138e+09|3.503175108e+09|2.561243101e+09|2.965711426e+03|3.004527466e+03|3.040002930e+03|2.996358398e+03|3.197440081e+03
3.128374497e+06|3.633755648e+06|3.642511986e+06|3.648868691e+06|3.641880385e+06|2.261042064e+03|2.295256991e+03|2.315464349e+03|2.284022545e+03|1.900445037e+09|2.609999064e+09|3.038197467e+09|2.364720414e+09|2.965382141e+03|2.999270752e+03|3.019288391e+03|2.986904785e+03|3.197440081e+03
3.138356559e+06|3.632274738e+06|3.638893480e+06|3.648605158e+06|3.641510010e+06|2.252917334e+03|2.281582663e+03|2.314650829e+03|2.283917486e+03|1.710876530e+09|2.308867159e+09|3.020460130e+09|2.368760267e+09|2.957343323e+03|2.985736328e+03|3.018482178e+03|2.987497070e+03|3.197440081e+03
3.151443895e+06|3.627966826e+06|3.638538336e+06|3.645556243e+06|3.637961393e+06|2.229421207e+03|2.280183912e+03|2.305255342e+03|2.267918954e+03|1.255300124e+09|2.279329307e+09|2.821412062e+09|2.026637479e+09|2.934053162e+03|2.984351196e+03|3.009174744e+03|2.968888184e+03|3.197440081e+03
3.169021764e+06|3.625220530e+06|3.632050773e+06|3.639701177e+06|3.633469924e+06|2.204857679e+03|2.251691169e+03|2.284766657e+03|2.248062432e+03|7.114431766e+08|1.684028237e+09|2.377546782e+09|1.604673069e+09|2.909631104e+03|2.956129028e+03|2.988889038e+03|2.946556885e+03|3.197440081e+03
3.185233263e+06|3.623334804e+06|3.627370133e+06|3.636910419e+06|3.630082901e+06|2.188425366e+03|2.224465992e+03|2.273781340e+03|2.230809037e+03|6.305036849e+07|1.127536997e+09|2.148561114e+09|1.234554087e+09|2.889006958e+03|2.929132446e+03|2.978009460e+03|2.928807617e+03|3.197440081e+03
3.194312840e+06|3.620973682e+06|3.627090868e+06|3.632725656e+06|3.627627214e+06|2.172593668e+03|2.221909324e+03|2.255388664e+03|2.218696020e+03|2.357332231e+05|1.062312843e+09|1.766764462e+09|9.915260426e+08|2.857450745e+03|2.926592163e+03|2.959788940e+03|2.909668701e+03|3.197440081e+03
3.201480067e+06|3.622892246e+06|3.624728384e+06|3.630132120e+06|3.626766157e+06|2.184779410e+03|2.200391229e+03|2.241208069e+03|2.212603031e+03|1.908640528e+07|6.397476168e+08|1.467898510e+09|8.154662427e+08|2.883086304e+03|2.905182983e+03|2.945744141e+03|2.909957520e+03|3.197440081e+03
3.208082455e+06|3.621200509e+06|3.625444501e+06|3.629959933e+06|3.626140654e+06|2.173276543e+03|2.206893356e+03|2.240269416e+03|2.210923658e+03|3.307215014e+05|7.468276840e+08|1.449849206e+09|8.269554423e+08|2.860490845e+03|2.911657837e+03|2.944814026e+03|2.901945312e+03|3.197440081e+03
3.212835932e+06|3.620364955e+06|3.622927986e+06|3.625920519e+06|3.623372854e+06|2.170761905e+03|2.185073641e+03|2.211225040e+03|2.194993656e+03|9.495543959e+04|2.102706726e+07|8.270810619e+08|4.891109757e+08|2.849307495e+03|2.883564453e+03|2.915968079e+03|2.875020508e+03|3.197440081e+03
3.218345003e+06|3.616835857e+06|3.619945127e+06|3.625046503e+06|3.622338820e+06|2.163272266e+03|2.169499294e+03|2.203277323e+03|2.191626756e+03|2.337281124e+03|5.088815836e+04|6.852254448e+08|4.609164005e+08|2.800123047e+03|2.843704102e+03|2.908057373e+03|2.858035400e+03|3.197440081e+03
3.223098238e+06|3.617058033e+06|3.620798663e+06|3.625817458e+06|3.622513122e+06|2.163642553e+03|2.172066885e+03|2.210286905e+03|2.191825469e+03|2.813872805e+03|1.818641897e+05|8.094186155e+08|4.715589194e+08|2.803273499e+03|2.855108032e+03|2.915034058e+03|2.857175293e+03|3.197440081e+03
3.228259824e+06|3.614323983e+06|3.617945091e+06|3.621951718e+06|3.620210073e+06|2.160695710e+03|2.165121465e+03|2.177049701e+03|2.182937983e+03|3.986088557e+01|6.417742428e+03|1.480764451e+06|3.549918442e+08|2.746709167e+03|2.815894775e+03|2.870540222e+03|2.817546631e+03|3.197440081e+03
3.232743918e+06|3.615240608e+06|3.619188676e+06|3.623529294e+06|3.620305574e+06|2.161552733e+03|2.167225790e+03|2.190029426e+03|2.180860815e+03|1.000997635e+03|1.663584061e+04|1.063724189e+08|2.492009555e+08|2.775956543e+03|2.833633423e+03|2.891613525e+03|2.831739258e+03|3.197440081e+03
3.238172991e+06|3.614257005e+06|3.619725809e+06|3.624057315e+06|3.621035793e+06|2.160652251e+03|2.168840036e+03|2.194412894e+03|2.187000919e+03|2.098196316e+01|3.914282774e+04|4.154899457e+08|3.972404610e+08|2.742278748e+03|2.840782593e+03|2.898569702e+03|2.831247559e+03|3.197440081e+03
3.245857638e+06|3.615817675e+06|3.621221438e+06|3.627494692e+06|3.622710826e+06|2.162172832e+03|2.173339560e+03|2.225607121e+03|2.194459249e+03|1.347536322e+03|3.412918576e+05|1.157734463e+09|5.326782467e+08|2.784676270e+03|2.860772217e+03|2.930265564e+03|2.847914062e+03|3.197440081e+03
3.256089623e+06|3.614487611e+06|3.619506082e+06|3.623020115e+06|3.620732538e+06|2.160801883e+03|2.168179515e+03|2.185832260e+03|2.184051020e+03|2.312884251e+02|2.656544855e+04|2.697737500e+07|3.396203452e+08|2.757566345e+03|2.837854858e+03|2.884795715e+03|2.823855957e+03|3.197440081e+03
3.269389697e+06|3.614121437e+06|3.615973207e+06|3.619409063e+06|3.617738247e+06|2.160564286e+03|2.162339979e+03|2.167887966e+03|2.171196467e+03|5.731474281e+00|1.464190442e+03|2.307343266e+04|1.287705531e+08|2.679797791e+03|2.787032593e+03|2.836564392e+03|2.773656250e+03|3.197440081e+03
3.297705026e+06|3.614121437e+06|3.614465593e+06|3.616673003e+06|3.615698552e+06|2.160564286e+03|2.160787596e+03|2.163092102e+03|2.163088141e+03|5.731474281e+00|1.558489635e+02|2.135054683e+03|9.249704049e+06|2.694150635e+03|2.756098633e+03|2.797653809e+03|2.743689697e+03|3.197440081e+03
3.315280072e+06|3.614121437e+06|3.614121437e+06|3.614398999e+06|3.614490265e+06|2.160564286e+03|2.160564286e+03|2.160744386e+03|2.160956083e+03|5.731474281e+00|5.731474281e+00|8.223185415e+01|8.496313092e+02|2.650357422e+03|2.721931885e+03|2.751678589e+03|2.704089355e+03|3.197440081e+03
3.325430605e+06|3.614121437e+06|3.614121437e+06|3.614121437e+06|3.614305999e+06|2.160564286e+03|2.160564286e+03|2.160564286e+03|2.160747104e+03|5.731474281e+00|5.731474281e+00|5.731474281e+00|2.230057073e+02|2.629765747e+03|2.681715942e+03|2.719286987e+03|2.676339111e+03|3.197440081e+03
3.331671072e+06|3.614121437e+06|3.614121437e+06|3.614121441e+06|3.614228823e+06|2.160564286e+03|2.160564286e+03|2.160564286e+03|2.160661026e+03|5.731474277e+00|5.731474281e+00|5.731474281e+00|9.111038308e+01|2.593020935e+03|2.633568970e+03|2.701443604e+03|2.638909668e+03|3.197440081e+03
3.336626583e+06|3.614121435e+06|3.614121437e+06|3.614121440e+06|3.614238220e+06|2.160564286e+03|2.160564286e+03|2.160564286e+03|2.160676814e+03|5.731474262e+00|5.731474280e+00|5.731474281e+00|1.101908324e+02|2.555760315e+03|2.599242188e+03|2.685803406e+03|2.617042236e+03|3.197440081e+03
3.341592285e+06|3.614121437e+06|3.614121437e+06|3.614121442e+06|3.614196031e+06|2.160564286e+03|2.160564286e+03|2.160564286e+03|2.160633139e+03|5.731474262e+00|5.731474276e+00|5.731474281e+00|6.724826286e+01|2.515060364e+03|2.590776489e+03|2.663756409e+03|2.593485596e+03|3.197440081e+03
3.346518720e+06|3.614121437e+06|3.614121441e+06|3.614121442e+06|3.614337100e+06|2.160564286e+03|2.160564286e+03|2.160564286e+03|2.160864804e+03|5.731474262e+00|5.731474262e+00|5.731474281e+00|1.968978089e+03|2.476685303e+03|2.527515015e+03|2.615959167e+03|2.551977539e+03|3.197440081e+03
3.351210571e+06|3.614121437e+06|3.614121442e+06|3.614121442e+06|3.614191853e+06|2.160564286e+03|2.160564286e+03|2.160564286e+03|2.160651223e+03|5.731474262e+00|5.731474262e+00|5.731474262e+00|2.516817303e+02|2.440881897e+03|2.490446045e+03|2.548541748e+03|2.501526611e+03|3.197440081e+03
3.355712231e+06|3.614121437e+06|3.614121442e+06|3.614121442e+06|3.614121440e+06|2.160564286e+03|2.160564286e+03|2.160564286e+03|2.160564286e+03|5.731474262e+00|5.731474262e+00|5.731474262e+00|5.731474260e+00|2.404600952e+03|2.469002075e+03|2.520060486e+03|2.470034180e+03|3.197440081e+03
3.360049816e+06|3.614121436e+06|3.614121442e+06|3.614121442e+06|3.614160364e+06|2.160564286e+03|2.160564286e+03|2.160564286e+03|2.160600380e+03|5.731474232e+00|5.731474262e+00|5.731474262e+00|3.409935221e+01|2.317280640e+03|2.399401733e+03|2.474998779e+03|2.407626465e+03|3.197440081e+03
3.364851817e+06|3.614121431e+06|3.614121441e+06|3.614121442e+06|3.614128658e+06|2.160564285e+03|2.160564286e+03|2.160564286e+03|2.160569904e+03|5.731474200e+00|5.731474262e+00|5.731474262e+00|1.367530801e+01|2.251329529e+03|2.346771118e+03|2.414840149e+03|2.338480713e+03|3.197440081e+03
3.370396800e+06|3.614121428e+06|3.614121435e+06|3.614121442e+06|3.614121435e+06|2.160564285e+03|2.160564285e+03|2.160564286e+03|2.160564286e+03|5.731474200e+00|5.731474200e+00|5.731474262e+00|5.731474224e+00|2.229643494e+03|2.298643066e+03|2.358132812e+03|2.293738037e+03|3.197440081e+03
3.375623892e+06|3.614121429e+06|3.614121433e+06|3.614121437e+06|3.614121434e+06|2.160564285e+03|2.160564285e+03|2.160564286e+03|2.160564285e+03|5.731474181e+00|5.731474200e+00|5.731474234e+00|5.731474212e+00|2.120052185e+03|2.240242432e+03|2.318647278e+03|2.238581543e+03|3.197440081e+03
3.382197145e+06|3.614121433e+06|3.614121436e+06|3.614121442e+06|3.614121437e+06|2.160564285e+03|2.160564285e+03|2.160564286e+03|2.160564285e+03|5.731474181e+00|5.731474200e+00|5.731474262e+00|5.731474211e+00|2.056616882e+03|2.204786377e+03|2.357638367e+03|2.197298340e+03|3.197440081e+03
3.389347580e+06|3.614121430e+06|3.614121433e+06|3.614121440e+06|3.614121435e+06|2.160564285e+03|2.160564285e+03|2.160564285e+03|2.160564285e+03|5.731474181e+00|5.731474192e+00|5.731474202e+00|5.731474198e+00|2.002228912e+03|2.152374023e+03|2.300865723e+03|2.145185059e+03|3.197440081e+03
