#PHASE|Nmant|Nmant/Nmanttot|Mmant|Mmant/Mmanttot|RRRminmant|RRRminmantEq|RRRmaxmant|RRRmaxmantEq|Ncore|Ncore/Ncoretot|Mcore|Mcore/Mcoretot|RRRmincore|RRRmaxcore|
0.000000000e+00|0.000000000e+00|0.000000000e+00|0.000000000e+00|0.000000000e+00|inf|inf|-inf|inf|0.000000000e+00|0.000000000e+00|0.000000000e+00|0.000000000e+00|inf|-inf
1.000000000e+00|4.859000000e+03|3.489407540e-02|1.692526118e+22|3.486884778e-02|1.883224359e+06|1.963658094e+06|3.408150589e+06|inf|4.859000000e+03|0.000000000e+00|0.000000000e+00|0.000000000e+00|inf|-inf
2.000000000e+00|1.200000000e+02|8.617594255e-04|4.196024457e+20|8.644506962e-04|3.179855972e+06|5.103990813e+07|1.769999976e+08|inf|1.200000000e+02|0.000000000e+00|0.000000000e+00|0.000000000e+00|inf|-inf
3.000000000e+00|9.109800000e+04|6.542046679e-01|3.174086591e+23|6.539145307e-01|1.876775500e+06|1.974842186e+06|3.591738042e+06|inf|9.109800000e+04|0.000000000e+00|0.000000000e+00|0.000000000e+00|inf|-inf
4.000000000e+00|4.016400000e+04|2.884308797e-01|1.401446142e+23|2.887211706e-01|1.993778558e+06|2.086986919e+06|3.698298589e+06|inf|4.016400000e+04|9.981811204e-01|2.085218026e+23|9.981731168e-01|2.922411197e+04|2.222194723e+06
5.000000000e+00|2.991000000e+03|2.147935368e-02|1.043685026e+22|2.150164416e-02|3.177088459e+06|3.456914393e+06|1.760100391e+08|inf|2.991000000e+03|2.669915063e-04|5.601314571e+19|2.681293540e-04|1.988708576e+06|2.173225078e+06
6.000000000e+00|1.800000000e+01|1.292639138e-04|6.278917419e+19|1.293561224e-04|6.762991502e+06|7.307405849e+06|1.042214610e+07|inf|1.800000000e+01|1.668696915e-05|3.502582801e+18|1.676651529e-05|1.409277127e+07|1.409277127e+07
7.000000000e+00|0.000000000e+00|0.000000000e+00|0.000000000e+00|0.000000000e+00|inf|inf|-inf|inf|0.000000000e+00|0.000000000e+00|0.000000000e+00|0.000000000e+00|inf|-inf
8.000000000e+00|0.000000000e+00|0.000000000e+00|0.000000000e+00|0.000000000e+00|inf|inf|-inf|inf|0.000000000e+00|1.535201161e-03|3.221264694e+20|1.541987351e-03|1.828112060e+06|2.969465730e+06
