#PHASE|Nmant|Nmant/Nmanttot|Mmant|Mmant/Mmanttot|RRRminmant|RRRminmantEq|RRRmaxmant|RRRmaxmantEq|Ncore|Ncore/Ncoretot|Mcore|Mcore/Mcoretot|RRRmincore|RRRmaxcore|
0.000000000e+00|0.000000000e+00|0.000000000e+00|0.000000000e+00|0.000000000e+00|inf|inf|-inf|inf|0.000000000e+00|0.000000000e+00|0.000000000e+00|0.000000000e+00|inf|-inf
1.000000000e+00|4.900000000e+01|5.571854177e-04|2.179743330e+20|5.536086780e-04|2.529138424e+07|inf|1.578576170e+08|inf|4.900000000e+01|0.000000000e+00|0.000000000e+00|0.000000000e+00|inf|-inf
2.000000000e+00|3.930000000e+02|4.468854472e-03|1.750872570e+21|4.446845806e-03|1.522781557e+07|8.726130772e+07|1.699970075e+08|inf|3.930000000e+02|0.000000000e+00|0.000000000e+00|0.000000000e+00|inf|-inf
3.000000000e+00|3.487600000e+04|3.965795638e-01|1.570004272e+23|3.987478606e-01|1.870235717e+06|1.883719823e+06|1.672482935e+08|inf|3.487600000e+04|0.000000000e+00|0.000000000e+00|0.000000000e+00|inf|-inf
4.000000000e+00|5.139700000e+04|5.844420186e-01|2.293407141e+23|5.824768805e-01|1.923646775e+06|2.016502203e+06|1.579535947e+08|inf|5.139700000e+04|9.930728596e-01|1.795179850e+23|9.933282972e-01|4.992866357e+04|1.125525573e+08
5.000000000e+00|7.620000000e+02|8.664801801e-03|3.367663621e+21|8.553152931e-03|3.325645795e+06|3.418052593e+06|1.713141618e+08|inf|7.620000000e+02|1.993421708e-03|3.439057593e+20|1.902936478e-03|2.004455938e+06|1.638028528e+08
6.000000000e+00|4.160000000e+02|4.730390485e-03|1.838725534e+21|4.669973744e-03|4.488301114e+06|4.935492602e+06|1.075519625e+08|inf|4.160000000e+02|1.993421708e-04|3.426528757e+19|1.896003888e-04|3.981878313e+06|6.030899691e+06
7.000000000e+00|4.900000000e+01|5.571854177e-04|2.172140529e+20|5.516777274e-04|5.957559595e+06|8.070992030e+06|1.189628068e+08|inf|4.900000000e+01|5.232731984e-04|9.054608354e+19|5.010193656e-04|5.275086566e+06|1.135911547e+07
8.000000000e+00|0.000000000e+00|0.000000000e+00|0.000000000e+00|0.000000000e+00|inf|inf|-inf|inf|0.000000000e+00|4.211103359e-03|7.370178253e+20|4.078146606e-03|1.836898610e+06|2.895155782e+06
