#RRR|P25fit|P50fit|P75fit|P25model|P50model|P75model
1.783419192e+05|4.477596414e+10|4.504626613e+10|4.524002534e+10|0.000000|0.000000|0.000000
2.710111129e+05|4.432648100e+10|4.451371663e+10|3.709594322e+10|0.000000|0.000000|2.000000
3.217716647e+05|4.405824954e+10|4.422401311e+10|3.658009572e+10|0.000000|0.000000|2.000000
3.611676038e+05|4.383778107e+10|4.399597752e+10|3.617973962e+10|0.000000|0.000000|2.000000
3.917384824e+05|4.365871791e+10|4.381556953e+10|3.586906705e+10|0.000000|0.000000|2.000000
4.201017495e+05|4.348599408e+10|4.364457126e+10|3.558082904e+10|0.000000|0.000000|2.000000
4.445743322e+05|4.333164098e+10|4.349365862e+10|3.533212960e+10|0.000000|0.000000|2.000000
4.664931933e+05|4.318905655e+10|4.335545823e+10|3.510938203e+10|0.000000|0.000000|2.000000
4.888662645e+05|4.303915725e+10|4.321110621e+10|3.488201860e+10|0.000000|0.000000|2.000000
5.093257889e+05|4.289811562e+10|4.307593014e+10|3.467410135e+10|0.000000|0.000000|2.000000
5.294459848e+05|4.275562656e+10|4.293981429e+10|3.446963248e+10|0.000000|0.000000|2.000000
5.494368949e+05|4.261024765e+10|4.280124218e+10|3.426647746e+10|0.000000|0.000000|2.000000
5.688604886e+05|4.246528227e+10|4.266323740e+10|3.406908772e+10|0.000000|0.000000|2.000000
5.864693308e+05|4.233063656e+10|4.253511572e+10|3.389014015e+10|0.000000|0.000000|2.000000
6.033053121e+05|4.219898189e+10|4.240982403e+10|3.371904668e+10|0.000000|0.000000|2.000000
6.208240956e+05|4.205890904e+10|4.227644105e+10|3.354101432e+10|0.000000|0.000000|2.000000
6.376605591e+05|4.192128704e+10|4.214526001e+10|3.336991595e+10|0.000000|0.000000|2.000000
6.526394614e+05|4.179633790e+10|4.202601013e+10|3.321769481e+10|0.000000|0.000000|2.000000
6.691717268e+05|4.165564946e+10|4.189153719e+10|3.304968781e+10|0.000000|0.000000|2.000000
6.840254973e+05|4.152672483e+10|4.176809737e+10|3.289873830e+10|0.000000|0.000000|2.000000
6.993460869e+05|4.139121964e+10|4.163812006e+10|3.274304481e+10|0.000000|0.000000|2.000000
7.149769288e+05|4.125029418e+10|4.150267016e+10|3.258419841e+10|0.000000|0.000000|2.000000
7.291707608e+05|4.111995795e+10|4.137713931e+10|3.243995544e+10|0.000000|0.000000|2.000000
7.431860631e+05|4.098902883e+10|4.125078014e+10|3.229752676e+10|0.000000|0.000000|2.000000
7.578271765e+05|4.084986243e+10|4.111618391e+10|3.214873835e+10|0.000000|0.000000|2.000000
7.712364365e+05|4.072024256e+10|4.099055244e+10|3.201246849e+10|0.000000|0.000000|2.000000
7.859288114e+05|4.057582537e+10|4.085027432e+10|3.186315914e+10|0.000000|0.000000|2.000000
7.987049830e+05|4.044819217e+10|4.072603358e+10|3.173332296e+10|0.000000|0.000000|2.000000
8.119517890e+05|4.031382732e+10|4.059497408e+10|3.159870402e+10|0.000000|0.000000|2.000000
8.240675432e+05|4.018911297e+10|4.047308739e+10|3.147557924e+10|0.000000|0.000000|2.000000
8.378875652e+05|4.004471604e+10|4.033168137e+10|3.133513507e+10|0.000000|0.000000|2.000000
8.493017492e+05|3.992372625e+10|4.021296933e+10|3.121913991e+10|0.000000|0.000000|2.000000
8.627779080e+05|3.977885253e+10|4.007055685e+10|3.108219020e+10|0.000000|0.000000|2.000000
8.738252443e+05|3.965844327e+10|3.995197906e+10|3.096992308e+10|0.000000|0.000000|2.000000
8.860982735e+05|3.952292606e+10|3.981829847e+10|3.084520002e+10|0.000000|0.000000|2.000000
8.978771955e+05|3.939112522e+10|3.968806381e+10|3.072549826e+10|0.000000|0.000000|2.000000
9.088180634e+05|3.926716831e+10|3.956538949e+10|3.061431311e+10|0.000000|0.000000|2.000000
9.205636721e+05|3.913244262e+10|3.943185717e+10|3.049494989e+10|0.000000|0.000000|2.000000
9.330066081e+05|3.898784501e+10|3.928831840e+10|3.036850018e+10|0.000000|0.000000|2.000000
9.434186442e+05|3.886536088e+10|3.916656008e+10|3.026268921e+10|0.000000|0.000000|2.000000
9.544305458e+05|3.873433983e+10|3.903615053e+10|3.015078220e+10|0.000000|0.000000|2.000000
9.650485025e+05|3.860655989e+10|3.890881125e+10|3.004287859e+10|0.000000|0.000000|2.000000
9.766890074e+05|3.846483712e+10|3.876740772e+10|2.992458348e+10|0.000000|0.000000|2.000000
9.879901218e+05|3.832560270e+10|3.862832414e+10|2.980973737e+10|0.000000|0.000000|2.000000
9.988979059e+05|3.818967345e+10|3.849239706e+10|2.969888844e+10|0.000000|0.000000|2.000000
1.009581792e+06|3.805506274e+10|3.835765725e+10|2.959031484e+10|0.000000|0.000000|2.000000
1.018962657e+06|3.793566535e+10|3.823804400e+10|2.949498302e+10|0.000000|0.000000|2.000000
1.030105166e+06|3.779237969e+10|3.809438347e+10|2.938174872e+10|0.000000|0.000000|2.000000
1.040999359e+06|3.765074393e+10|3.795226376e+10|2.927103790e+10|0.000000|0.000000|2.000000
1.050441723e+06|3.752674617e+10|3.782775859e+10|2.917508110e+10|0.000000|0.000000|2.000000
1.061489257e+06|3.738020754e+10|3.768053016e+10|2.906281198e+10|0.000000|0.000000|2.000000
1.071729726e+06|3.724296368e+10|3.754256186e+10|2.895874455e+10|0.000000|0.000000|2.000000
1.081983180e+06|3.710418361e+10|3.740298242e+10|2.885454516e+10|0.000000|0.000000|2.000000
1.091255906e+06|3.697750197e+10|3.727552094e+10|2.876031229e+10|0.000000|0.000000|2.000000
1.100591271e+06|3.684883490e+10|3.714602079e+10|2.866544286e+10|0.000000|0.000000|2.000000
1.110162154e+06|3.671574338e+10|3.701203235e+10|2.856818000e+10|0.000000|0.000000|2.000000
1.119895473e+06|3.657916792e+10|3.687450812e+10|2.846926641e+10|0.000000|0.000000|2.000000
1.128814454e+06|3.645293303e+10|3.674737857e+10|2.837862843e+10|0.000000|0.000000|2.000000
1.138604423e+06|3.631317368e+10|3.660661762e+10|2.827913915e+10|0.000000|0.000000|2.000000
1.149252660e+06|3.615973827e+10|3.645208011e+10|2.817092782e+10|0.000000|0.000000|2.000000
1.158603194e+06|3.602377776e+10|3.631515046e+10|2.807590424e+10|0.000000|0.000000|2.000000
1.166518458e+06|3.590779123e+10|3.619834937e+10|2.799546640e+10|0.000000|0.000000|2.000000
1.175152719e+06|3.578033208e+10|3.607001453e+10|2.790772184e+10|0.000000|0.000000|2.000000
1.183601543e+06|3.565466370e+10|3.594350913e+10|2.782186177e+10|0.000000|0.000000|2.000000
1.192909820e+06|3.551512718e+10|3.580308172e+10|2.772726762e+10|0.000000|0.000000|2.000000
1.203680964e+06|3.535224178e+10|3.563921877e+10|2.761780727e+10|0.000000|0.000000|2.000000
1.211791333e+06|3.522858820e+10|3.551487589e+10|2.753538670e+10|0.000000|0.000000|2.000000
1.219259666e+06|3.511395936e+10|3.539965439e+10|2.745949074e+10|0.000000|0.000000|2.000000
1.229200733e+06|3.496024085e+10|3.524521931e+10|2.735846593e+10|0.000000|0.000000|2.000000
1.237929983e+06|3.482419046e+10|3.510861739e+10|2.726975607e+10|0.000000|0.000000|2.000000
1.246459037e+06|3.469029379e+10|3.497426129e+10|2.718308067e+10|0.000000|0.000000|2.000000
1.254833980e+06|3.455788719e+10|3.484148858e+10|2.709797140e+10|0.000000|0.000000|2.000000
1.263586200e+06|3.441853218e+10|3.470185036e+10|2.700902810e+10|0.000000|0.000000|2.000000
1.271513890e+06|3.429143813e+10|3.457459568e+10|2.692846398e+10|0.000000|0.000000|2.000000
1.279949111e+06|3.415530251e+10|3.443839806e+10|2.684274215e+10|0.000000|0.000000|2.000000
1.289473273e+06|3.400047160e+10|3.428364366e+10|2.674595409e+10|0.000000|0.000000|2.000000
1.297565840e+06|3.386797998e+10|3.415134901e+10|2.666371443e+10|0.000000|0.000000|2.000000
1.306550959e+06|3.371987132e+10|3.400361221e+10|2.657240433e+10|0.000000|0.000000|2.000000
1.314504091e+06|3.358789286e+10|3.387210669e+10|2.649158166e+10|0.000000|0.000000|2.000000
1.322011363e+06|3.346255494e+10|3.374734712e+10|2.641528999e+10|0.000000|0.000000|2.000000
1.330565613e+06|3.331884035e+10|3.360445723e+10|2.632835854e+10|0.000000|0.000000|2.000000
1.338345063e+06|3.318731408e+10|3.347384308e+10|2.624930089e+10|0.000000|0.000000|2.000000
1.346810070e+06|3.304330150e+10|3.333100865e+10|2.616327635e+10|0.000000|0.000000|2.000000
1.354243961e+06|3.291606198e+10|3.320497188e+10|2.608773041e+10|0.000000|0.000000|2.000000
1.362945137e+06|3.276621914e+10|3.305674718e+10|2.599930584e+10|0.000000|0.000000|2.000000
1.371952016e+06|3.261007674e+10|3.290253143e+10|2.590777460e+10|0.000000|0.000000|2.000000
1.379455679e+06|3.247919115e+10|3.277345645e+10|2.583151960e+10|0.000000|0.000000|2.000000
1.386954104e+06|3.234766905e+10|3.264393910e+10|2.575531784e+10|0.000000|0.000000|2.000000
1.394164780e+06|3.222050874e+10|3.251889867e+10|2.568204028e+10|0.000000|0.000000|2.000000
1.401757708e+06|3.208588223e+10|3.238671639e+10|2.560487814e+10|0.000000|0.000000|2.000000
1.409962881e+06|3.193956532e+10|3.224329545e+10|2.552149413e+10|0.000000|0.000000|2.000000
1.417363850e+06|3.180684648e+10|3.211342496e+10|2.544628275e+10|0.000000|0.000000|2.000000
1.424894438e+06|3.167108146e+10|3.198079727e+10|2.536975414e+10|0.000000|0.000000|2.000000
1.432257895e+06|3.153762680e+10|3.185065226e+10|2.529492396e+10|0.000000|0.000000|2.000000
1.439358784e+06|3.140827397e+10|3.172472583e+10|2.522276210e+10|0.000000|0.000000|2.000000
1.447895410e+06|3.125191498e+10|3.157280243e+10|2.513600975e+10|0.000000|0.000000|2.000000
1.455676358e+06|3.110858839e+10|3.143383078e+10|2.505693688e+10|0.000000|0.000000|2.000000
1.463716749e+06|3.095967426e+10|3.128974110e+10|2.497522745e+10|0.000000|0.000000|2.000000
1.470612584e+06|3.083130495e+10|3.116578101e+10|2.490514942e+10|0.000000|0.000000|2.000000
1.477251248e+06|3.070715438e+10|3.104611961e+10|2.483768486e+10|0.000000|0.000000|2.000000
1.484031961e+06|3.057977266e+10|3.092357787e+10|2.476877675e+10|0.000000|0.000000|2.000000
1.491417494e+06|3.044036954e+10|3.078974800e+10|2.469372224e+10|0.000000|0.000000|2.000000
1.499033756e+06|3.029589304e+10|3.065135817e+10|2.461632296e+10|0.000000|0.000000|2.000000
1.507513132e+06|3.013418789e+10|3.049684784e+10|2.453015241e+10|0.000000|0.000000|2.000000
1.515262688e+06|2.998561426e+10|3.035524765e+10|2.445139856e+10|0.000000|0.000000|2.000000
1.521557774e+06|2.986437413e+10|3.023996016e+10|2.438742556e+10|0.000000|0.000000|2.000000
1.528485386e+06|2.973038204e+10|3.011282534e+10|2.431702461e+10|0.000000|0.000000|2.000000
1.536829957e+06|2.956819284e+10|2.995933412e+10|2.423222399e+10|0.000000|0.000000|2.000000
1.543860263e+06|2.943087964e+10|2.982973103e+10|2.416077943e+10|0.000000|0.000000|2.000000
1.550097269e+06|2.930855038e+10|2.971454215e+10|2.409739666e+10|0.000000|0.000000|2.000000
1.557259883e+06|2.916747630e+10|2.958202505e+10|2.402460753e+10|0.000000|0.000000|2.000000
1.563591862e+06|2.904223806e+10|2.946467676e+10|2.396025961e+10|0.000000|0.000000|2.000000
1.571383981e+06|2.888744696e+10|2.932002454e+10|2.388107322e+10|0.000000|0.000000|2.000000
1.578784708e+06|2.873974528e+10|2.918240231e+10|2.380586430e+10|0.000000|0.000000|2.000000
1.585771545e+06|2.859969290e+10|2.905227811e+10|2.373486147e+10|0.000000|0.000000|2.000000
1.592258084e+06|2.846913957e+10|2.893130911e+10|2.366894287e+10|0.000000|0.000000|2.000000
1.600372234e+06|2.830511222e+10|2.877978057e+10|2.358648387e+10|0.000000|0.000000|2.000000
1.606961308e+06|2.817133121e+10|2.865657562e+10|2.351952327e+10|0.000000|0.000000|2.000000
1.613446635e+06|2.803914803e+10|2.853518383e+10|2.345361697e+10|0.000000|0.000000|2.000000
1.620522158e+06|2.789436199e+10|2.840261269e+10|2.338171289e+10|0.000000|0.000000|2.000000
1.627328425e+06|2.775452288e+10|2.827496772e+10|2.331254509e+10|0.000000|0.000000|2.000000
1.634047666e+06|2.761593227e+10|2.814885172e+10|2.324426168e+10|0.000000|0.000000|2.000000
1.641309284e+06|2.746555418e+10|2.801245317e+10|2.317046643e+10|0.000000|0.000000|2.000000
1.648019466e+06|2.732604312e+10|2.788632966e+10|2.310227508e+10|0.000000|0.000000|2.000000
1.653849400e+06|2.720440403e+10|2.777669546e+10|2.304302913e+10|0.000000|0.000000|2.000000
1.660879129e+06|2.705720290e+10|2.764444072e+10|2.297159042e+10|0.000000|0.000000|2.000000
1.667551580e+06|2.691695027e+10|2.751886031e+10|2.290378251e+10|0.000000|0.000000|2.000000
1.675577500e+06|2.674756354e+10|2.736776170e+10|2.282222015e+10|0.000000|0.000000|2.000000
1.683189238e+06|2.658623034e+10|2.722443227e+10|2.274486685e+10|0.000000|0.000000|2.000000
1.689826724e+06|2.644500270e+10|2.709943914e+10|2.267741426e+10|0.000000|0.000000|2.000000
1.695042013e+06|2.633368141e+10|2.700123001e+10|2.262441457e+10|0.000000|0.000000|2.000000
1.700907581e+06|2.620810881e+10|2.689078520e+10|2.256480650e+10|0.000000|0.000000|2.000000
1.707998016e+06|2.605579141e+10|2.675730173e+10|2.249275087e+10|0.000000|0.000000|2.000000
1.715051339e+06|2.590370652e+10|2.662455729e+10|2.242107240e+10|0.000000|0.000000|2.000000
1.721297020e+06|2.576856801e+10|2.650705776e+10|2.235760147e+10|0.000000|0.000000|2.000000
1.728233696e+06|2.561796538e+10|2.637662082e+10|2.228710841e+10|0.000000|0.000000|2.000000
1.734430042e+06|2.548298160e+10|2.626017121e+10|2.222413885e+10|0.000000|0.000000|2.000000
1.742061317e+06|2.531615220e+10|2.611685564e+10|2.214658701e+10|0.000000|0.000000|2.000000
1.748092486e+06|2.518384731e+10|2.600368051e+10|2.208529605e+10|0.000000|0.000000|2.000000
1.754466701e+06|2.504358171e+10|2.588416602e+10|2.202051891e+10|0.000000|0.000000|2.000000
1.760934841e+06|2.490079409e+10|2.576300455e+10|2.195478728e+10|0.000000|0.000000|2.000000
1.767374034e+06|2.475819222e+10|2.564251096e+10|2.188934982e+10|0.000000|0.000000|2.000000
1.774654518e+06|2.459641723e+10|2.550644030e+10|2.181536285e+10|0.000000|0.000000|2.000000
1.780544551e+06|2.446511977e+10|2.539649660e+10|2.175550615e+10|0.000000|0.000000|2.000000
1.786000490e+06|2.434316637e+10|2.529477575e+10|2.170006088e+10|0.000000|0.000000|2.000000
1.792176851e+06|2.420472564e+10|2.517977192e+10|2.163729442e+10|0.000000|0.000000|2.000000
1.799385430e+06|2.404263489e+10|2.504576141e+10|2.156403818e+10|0.000000|0.000000|2.000000
1.806018176e+06|2.389300649e+10|2.492267260e+10|2.149663376e+10|0.000000|0.000000|2.000000
1.812438661e+06|2.374772564e+10|2.480373361e+10|2.143138641e+10|0.000000|0.000000|2.000000
1.819019949e+06|2.359835858e+10|2.468204383e+10|2.136450493e+10|0.000000|0.000000|2.000000
1.824983085e+06|2.346263175e+10|2.457199415e+10|2.130390533e+10|0.000000|0.000000|2.000000
1.831493285e+06|2.331403312e+10|2.445208877e+10|2.123774628e+10|0.000000|0.000000|2.000000
1.837888380e+06|2.316763727e+10|2.433455989e+10|2.117275696e+10|0.000000|0.000000|2.000000
1.843781121e+06|2.303237091e+10|2.422649904e+10|2.111287275e+10|0.000000|0.000000|2.000000
1.851100298e+06|2.286386945e+10|2.409261023e+10|2.103849256e+10|0.000000|0.000000|2.000000
1.857751736e+06|2.271027113e+10|2.397126817e+10|2.097089819e+10|0.000000|0.000000|2.000000
1.863735369e+06|2.257171457e+10|2.386239107e+10|2.091009030e+10|0.000000|0.000000|2.000000
1.868921876e+06|2.245132705e+10|2.376824299e+10|2.085738310e+10|0.000000|0.000000|2.000000
1.874898740e+06|2.231226286e+10|2.366001604e+10|2.079664399e+10|0.000000|0.000000|2.000000
1.881254271e+06|2.216400148e+10|2.354525859e+10|2.073205673e+10|0.000000|0.000000|2.000000
1.887789479e+06|2.201113562e+10|2.342762071e+10|2.066564353e+10|0.000000|0.000000|2.000000
1.894512218e+06|2.185344917e+10|2.330700672e+10|2.059732457e+10|0.000000|0.000000|2.000000
1.901344655e+06|2.169274192e+10|2.318485552e+10|2.052789083e+10|0.000000|0.000000|2.000000
1.907882951e+06|2.153853352e+10|2.306838460e+10|2.046144624e+10|0.000000|0.000000|2.000000
1.914089008e+06|2.139178414e+10|2.295822676e+10|2.039837800e+10|0.000000|0.000000|2.000000
1.920452645e+06|2.124097086e+10|2.284563624e+10|2.033370836e+10|1.000000|1.000000|2.000000
1.926856561e+06|2.108864154e+10|2.273297574e+10|2.026862940e+10|1.000000|1.000000|2.000000
1.931668555e+06|2.097417910e+10|2.264832103e+10|2.021972814e+10|1.000000|1.000000|2.000000
1.937442972e+06|2.083682361e+10|2.254673495e+10|2.016104638e+10|1.000000|1.000000|2.000000
1.944307030e+06|2.067354891e+10|2.242597941e+10|2.009129127e+10|1.000000|1.000000|2.000000
1.950886113e+06|2.051705290e+10|2.231023730e+10|2.002443220e+10|1.000000|1.000000|2.000000
1.956578133e+06|2.038165738e+10|2.221010079e+10|1.996658779e+10|1.000000|1.000000|2.000000
1.962540986e+06|2.023981956e+10|2.210519965e+10|1.990599107e+10|1.000000|1.000000|2.000000
1.969210217e+06|2.008117921e+10|2.198787161e+10|1.983821588e+10|1.000000|1.000000|2.000000
1.975050843e+06|1.994224881e+10|2.188512076e+10|1.977886128e+10|1.000000|1.000000|2.000000
1.981781426e+06|1.978214907e+10|2.176671338e+10|1.971046260e+10|1.000000|1.000000|2.000000
1.988447271e+06|1.962358928e+10|2.164944491e+10|1.964272183e+10|1.000000|1.000000|2.000000
1.993757830e+06|1.949726753e+10|2.155601923e+10|1.958875396e+10|1.000000|1.000000|2.000000
2.000409336e+06|1.933904879e+10|2.143900301e+10|1.952115890e+10|1.000000|1.000000|2.000000
2.006061759e+06|1.920459514e+10|2.133956309e+10|1.946371688e+10|1.000000|1.000000|2.000000
2.012032879e+06|1.906256070e+10|2.123451653e+10|1.940303615e+10|1.000000|1.000000|2.000000
2.017781078e+06|1.892582885e+10|2.113339169e+10|1.934462083e+10|1.000000|1.000000|2.000000
2.023022709e+06|1.880114667e+10|2.104117861e+10|1.929135344e+10|1.000000|1.000000|2.000000
2.029574546e+06|1.864529876e+10|2.092591582e+10|1.922477125e+10|1.000000|1.000000|2.000000
2.036356189e+06|1.848398448e+10|2.080661018e+10|1.915585368e+10|1.000000|1.000000|2.000000
2.042216366e+06|1.834458900e+10|2.070351536e+10|1.909630039e+10|1.000000|1.000000|2.000000
2.048754598e+06|1.818906473e+10|2.058849192e+10|1.902985647e+10|1.000000|1.000000|2.000000
2.055754150e+06|1.802256706e+10|2.046535273e+10|1.895872443e+10|1.000000|1.000000|2.000000
2.061832775e+06|1.787797539e+10|2.035841488e+10|1.889695119e+10|1.000000|1.000000|2.000000
2.068698613e+06|1.771465836e+10|2.023762804e+10|1.882717801e+10|1.000000|1.000000|2.000000
2.074523301e+06|1.757610707e+10|2.013515757e+10|1.876798537e+10|1.000000|1.000000|2.000000
2.079815639e+06|1.745021873e+10|2.004205243e+10|1.871420267e+10|1.000000|1.000000|2.000000
2.084809853e+06|1.733142186e+10|1.995419203e+10|1.866344963e+10|1.000000|1.000000|2.000000
2.090598153e+06|1.719373613e+10|1.985236172e+10|1.860462678e+10|1.000000|1.000000|2.000000
2.096141757e+06|1.706187094e+10|1.975483619e+10|1.854829063e+10|1.000000|1.000000|2.000000
2.101144118e+06|1.694288028e+10|1.966683247e+10|1.849745479e+10|1.000000|1.000000|2.000000
2.106108856e+06|1.682478453e+10|1.957949061e+10|1.844700128e+10|1.000000|1.000000|2.000000
2.111888572e+06|1.668730299e+10|1.947781131e+10|1.838826567e+10|1.000000|1.000000|2.000000
2.117607668e+06|1.655126340e+10|1.937719846e+10|1.833014610e+10|1.000000|1.000000|2.000000
2.124195034e+06|1.639457037e+10|1.926131063e+10|1.826320286e+10|1.000000|1.000000|2.000000
2.131496326e+06|1.622089524e+10|1.913286309e+10|1.818900443e+10|1.000000|1.000000|2.000000
2.140648202e+06|1.600320046e+10|1.897185927e+10|1.809599968e+10|1.000000|1.000000|2.000000
2.148740883e+06|1.576938341e+10|1.882948926e+10|1.801375886e+10|2.000000|1.000000|2.000000
2.155078442e+06|1.572261507e+10|1.871799615e+10|1.794935424e+10|2.000000|1.000000|2.000000
2.161183686e+06|1.567756111e+10|1.861059002e+10|1.788731050e+10|2.000000|1.000000|2.000000
2.167295567e+06|1.563245816e+10|1.850306711e+10|1.782519930e+10|2.000000|1.000000|2.000000
2.172616050e+06|1.559319539e+10|1.840946684e+10|1.777113058e+10|2.000000|1.000000|2.000000
2.177240204e+06|1.555907121e+10|1.832811669e+10|1.772413822e+10|2.000000|1.000000|2.000000
2.182284497e+06|1.552184658e+10|1.823937526e+10|1.767287624e+10|2.000000|1.000000|2.000000
2.186882500e+06|1.548791539e+10|1.815848518e+10|1.762614964e+10|2.000000|1.000000|2.000000
2.190991547e+06|1.545759246e+10|1.808619702e+10|1.758439198e+10|2.000000|1.000000|2.000000
2.194891770e+06|1.542881057e+10|1.801758259e+10|1.754475648e+10|2.000000|1.000000|2.000000
2.199155456e+06|1.539734648e+10|1.794257395e+10|1.750142732e+10|2.000000|1.000000|2.000000
2.203858746e+06|1.536263831e+10|1.785983161e+10|1.745363075e+10|2.000000|1.000000|2.000000
2.208794246e+06|1.532621654e+10|1.777300412e+10|1.740347438e+10|2.000000|1.000000|2.000000
2.214692967e+06|1.528268662e+10|1.766923122e+10|1.734352939e+10|2.000000|1.000000|2.000000
2.219609476e+06|1.524640499e+10|1.758273785e+10|1.729356601e+10|2.000000|1.000000|2.000000
2.225588801e+06|1.520228026e+10|1.747754693e+10|1.723280190e+10|2.000000|1.000000|2.000000
2.233573566e+06|1.514335627e+10|1.733707543e+10|1.715165776e+10|2.000000|1.000000|2.000000
2.244210526e+06|1.506486028e+10|1.714994535e+10|1.704356103e+10|2.000000|1.000000|2.000000
2.263847715e+06|1.491994664e+10|1.680447931e+10|1.684400066e+10|2.000000|1.000000|2.000000
2.280655542e+06|1.479591241e+10|1.650878863e+10|1.667319331e+10|2.000000|1.000000|2.000000
2.289340152e+06|1.473182389e+10|1.635600515e+10|1.658493709e+10|2.000000|1.000000|2.000000
2.297197255e+06|1.467384200e+10|1.621777955e+10|1.650509030e+10|2.000000|1.000000|2.000000
2.304568362e+06|1.461944653e+10|1.608810379e+10|1.643018239e+10|2.000000|1.000000|2.000000
2.310993603e+06|1.457203113e+10|1.597506812e+10|1.636488671e+10|2.000000|1.000000|2.000000
2.318457117e+06|1.451695375e+10|1.584376671e+10|1.628903972e+10|2.000000|1.000000|2.000000
2.326924845e+06|1.445446572e+10|1.569479873e+10|1.620298754e+10|2.000000|1.000000|2.000000
2.334976432e+06|1.439504862e+10|1.555315167e+10|1.612116433e+10|2.000000|1.000000|2.000000
2.344174038e+06|1.432717441e+10|1.539134333e+10|1.602769486e+10|2.000000|1.000000|2.000000
2.357767593e+06|1.422686008e+10|1.515219955e+10|1.588955212e+10|2.000000|1.000000|2.000000
2.376323276e+06|1.408992747e+10|1.482575983e+10|1.570098242e+10|2.000000|1.000000|2.000000
2.390018518e+06|1.398886273e+10|1.457183219e+10|1.556180630e+10|2.000000|2.000000|2.000000
2.399252340e+06|1.392072126e+10|1.449563801e+10|1.546796878e+10|2.000000|2.000000|2.000000
2.407749547e+06|1.385801568e+10|1.442552211e+10|1.538161702e+10|2.000000|2.000000|2.000000
2.415036845e+06|1.380423870e+10|1.436538995e+10|1.530756081e+10|2.000000|2.000000|2.000000
2.422778337e+06|1.374710996e+10|1.430150994e+10|1.522888890e+10|2.000000|2.000000|2.000000
2.431375413e+06|1.368366740e+10|1.423056996e+10|1.514152224e+10|2.000000|2.000000|2.000000
2.439663652e+06|1.362250391e+10|1.416217839e+10|1.505729409e+10|2.000000|2.000000|2.000000
2.448201207e+06|1.355950058e+10|1.409172955e+10|1.497053229e+10|2.000000|2.000000|2.000000
2.458018288e+06|1.348705493e+10|1.401072253e+10|1.487076749e+10|2.000000|2.000000|2.000000
2.466856812e+06|1.342183059e+10|1.393779021e+10|1.478094714e+10|2.000000|2.000000|2.000000
2.477016174e+06|1.334685906e+10|1.385395881e+10|1.467770395e+10|2.000000|2.000000|2.000000
2.486145096e+06|1.327949172e+10|1.377863023e+10|1.458493247e+10|2.000000|2.000000|2.000000
2.495825749e+06|1.320805283e+10|1.369874895e+10|1.448655408e+10|2.000000|2.000000|2.000000
2.504418754e+06|1.314464031e+10|1.362784256e+10|1.439922879e+10|2.000000|2.000000|2.000000
2.513303114e+06|1.307907773e+10|1.355453202e+10|1.430894264e+10|2.000000|2.000000|2.000000
2.523057657e+06|1.300709357e+10|1.347404104e+10|1.420981337e+10|2.000000|2.000000|2.000000
2.532492438e+06|1.293746913e+10|1.339618862e+10|1.411393364e+10|2.000000|2.000000|2.000000
2.543006600e+06|1.285987932e+10|1.330942953e+10|1.400708483e+10|2.000000|2.000000|2.000000
2.553362987e+06|1.278345383e+10|1.322397235e+10|1.390183939e+10|2.000000|2.000000|2.000000
2.562274845e+06|1.271768832e+10|1.315043490e+10|1.381127380e+10|2.000000|2.000000|2.000000
2.570786859e+06|1.265238298e+10|1.308019682e+10|1.372477156e+10|3.000000|2.000000|2.000000
2.579810438e+06|1.258241626e+10|1.300573749e+10|1.363307062e+10|3.000000|2.000000|2.000000
2.589813324e+06|1.250340211e+10|1.292319727e+10|1.353141759e+10|3.000000|2.000000|2.000000
2.598905405e+06|1.243033188e+10|1.284692936e+10|1.343991791e+10|3.000000|3.000000|3.000000
2.608281587e+06|1.235380535e+10|1.276781353e+10|1.334592346e+10|3.000000|3.000000|3.000000
2.616788150e+06|1.228340607e+10|1.269546679e+10|1.326109797e+10|3.000000|3.000000|3.000000
2.625196462e+06|1.221296588e+10|1.262345711e+10|1.317766519e+10|3.000000|3.000000|3.000000
2.634028042e+06|1.213811979e+10|1.254732267e+10|1.309046542e+10|3.000000|3.000000|3.000000
2.642960811e+06|1.206157570e+10|1.246982978e+10|1.300270828e+10|3.000000|3.000000|3.000000
2.653766133e+06|1.196793577e+10|1.237548841e+10|1.289713481e+10|3.000000|3.000000|3.000000
2.663438055e+06|1.188321638e+10|1.229052787e+10|1.280316099e+10|3.000000|3.000000|3.000000
2.672073686e+06|1.180691066e+10|1.221429436e+10|1.271966567e+10|3.000000|3.000000|3.000000
2.681000949e+06|1.172742043e+10|1.213514492e+10|1.263374796e+10|3.000000|3.000000|3.000000
2.689167991e+06|1.165419942e+10|1.206245716e+10|1.255549308e+10|3.000000|3.000000|3.000000
2.697039798e+06|1.158320815e+10|1.199216700e+10|1.248037385e+10|3.000000|3.000000|3.000000
2.706622551e+06|1.149628017e+10|1.190632308e+10|1.238932521e+10|3.000000|3.000000|3.000000
2.715553516e+06|1.141480920e+10|1.182607328e+10|1.230485411e+10|3.000000|3.000000|3.000000
2.723899711e+06|1.133831427e+10|1.175088877e+10|1.222624196e+10|3.000000|3.000000|3.000000
2.733221839e+06|1.125250776e+10|1.166672317e+10|1.213880405e+10|3.000000|3.000000|3.000000
2.742445030e+06|1.116727382e+10|1.158328061e+10|1.205266620e+10|3.000000|3.000000|3.000000
2.752114034e+06|1.107760528e+10|1.149565185e+10|1.196275285e+10|3.000000|3.000000|3.000000
2.761445492e+06|1.099080486e+10|1.141096072e+10|1.187634621e+10|3.000000|3.000000|3.000000
2.768817195e+06|1.092207879e+10|1.134398851e+10|1.180833618e+10|3.000000|3.000000|3.000000
2.777574994e+06|1.084028100e+10|1.126436394e+10|1.172781880e+10|3.000000|3.000000|3.000000
2.785823315e+06|1.076311987e+10|1.118932864e+10|1.165225836e+10|3.000000|3.000000|3.000000
2.793598465e+06|1.069029981e+10|1.111857402e+10|1.158126990e+10|3.000000|3.000000|3.000000
2.802715495e+06|1.060483409e+10|1.103559590e+10|1.149831714e+10|3.000000|3.000000|3.000000
2.811142940e+06|1.052578347e+10|1.095889813e+10|1.142190869e+10|3.000000|3.000000|3.000000
2.819363709e+06|1.044864899e+10|1.088409954e+10|1.134761867e+10|3.000000|3.000000|3.000000
2.829028193e+06|1.035796831e+10|1.079620567e+10|1.126058415e+10|3.000000|3.000000|3.000000
2.838505433e+06|1.026907416e+10|1.071007586e+10|1.117554581e+10|3.000000|3.000000|3.000000
2.847671859e+06|1.018315070e+10|1.062684544e+10|1.109358150e+10|3.000000|3.000000|3.000000
2.857524559e+06|1.009088371e+10|1.053748349e+10|1.100578601e+10|3.000000|3.000000|3.000000
2.864458159e+06|1.002602397e+10|1.047466873e+10|1.094418765e+10|3.000000|3.000000|3.000000
2.871346727e+06|9.961654472e+09|1.041232732e+10|1.088313825e+10|3.000000|3.000000|3.000000
2.879751164e+06|9.883226393e+09|1.033636375e+10|1.080885192e+10|3.000000|3.000000|3.000000
2.888164914e+06|9.804843183e+09|1.026043138e+10|1.073469634e+10|3.000000|3.000000|3.000000
2.896488866e+06|9.727440874e+09|1.018543208e+10|1.066153773e+10|3.000000|3.000000|3.000000
2.904919213e+06|9.649209523e+09|1.010960723e+10|1.058764818e+10|3.000000|3.000000|3.000000
2.913872285e+06|9.566318826e+09|1.002923668e+10|1.050939743e+10|3.000000|3.000000|3.000000
2.922844105e+06|9.483467017e+09|9.948868007e+09|1.043120576e+10|3.000000|3.000000|3.000000
2.930662174e+06|9.411454049e+09|9.878980230e+09|1.036324758e+10|3.000000|3.000000|3.000000
2.940030341e+06|9.325401747e+09|9.795422348e+09|1.028202946e+10|3.000000|3.000000|3.000000
2.947890966e+06|9.253407444e+09|9.725473647e+09|1.021405781e+10|3.000000|3.000000|3.000000
2.956474448e+06|9.175021204e+09|9.649268176e+09|1.014001607e+10|3.000000|3.000000|3.000000
2.964651010e+06|9.100581003e+09|9.576850951e+09|1.006965646e+10|3.000000|3.000000|3.000000
2.972071680e+06|9.033222870e+09|9.511280536e+09|1.000594398e+10|3.000000|3.000000|3.000000
2.980039584e+06|8.961115457e+09|9.441039411e+09|9.937681530e+09|3.000000|3.000000|3.000000
2.987820024e+06|8.890927591e+09|9.372618770e+09|9.871170999e+09|3.000000|3.000000|3.000000
2.996155137e+06|8.815985840e+09|9.299507788e+09|9.800076041e+09|3.000000|3.000000|3.000000
3.004754783e+06|8.738941814e+09|9.224282980e+09|9.726892115e+09|3.000000|3.000000|3.000000
3.013684189e+06|8.659245541e+09|9.146398892e+09|9.651078568e+09|3.000000|3.000000|3.000000
3.022179868e+06|8.583710333e+09|9.072513648e+09|9.579111624e+09|3.000000|3.000000|3.000000
3.030000050e+06|8.514433966e+09|9.004691002e+09|9.513005878e+09|3.000000|3.000000|3.000000
3.038343027e+06|8.440796301e+09|8.932534561e+09|9.442625404e+09|3.000000|3.000000|3.000000
3.046250946e+06|8.371257820e+09|8.864332977e+09|9.376050689e+09|3.000000|3.000000|3.000000
3.054176970e+06|8.301814742e+09|8.796163848e+09|9.309454009e+09|3.000000|3.000000|3.000000
3.062248695e+06|8.231358135e+09|8.726936364e+09|9.241765376e+09|3.000000|3.000000|3.000000
3.069710005e+06|8.166466328e+09|8.663119332e+09|9.179312659e+09|3.000000|3.000000|3.000000
3.078539092e+06|8.089972657e+09|8.587821262e+09|9.105554548e+09|3.000000|3.000000|3.000000
3.086678807e+06|8.019733522e+09|8.518611375e+09|9.037691045e+09|3.000000|3.000000|3.000000
3.094139679e+06|7.955589283e+09|8.455349315e+09|8.975600027e+09|3.000000|3.000000|3.000000
3.102729547e+06|7.882018276e+09|8.382721950e+09|8.904245086e+09|3.000000|3.000000|3.000000
3.110894725e+06|7.812360732e+09|8.313890572e+09|8.836547185e+09|3.000000|3.000000|3.000000
3.118792657e+06|7.745237324e+09|8.247501373e+09|8.771183393e+09|3.000000|3.000000|3.000000
3.127058151e+06|7.675255606e+09|8.178220603e+09|8.702900834e+09|3.000000|3.000000|3.000000
3.135271845e+06|7.605978922e+09|8.109573244e+09|8.635169645e+09|3.000000|3.000000|3.000000
3.143052934e+06|7.540593303e+09|8.044723102e+09|8.571118099e+09|3.000000|3.000000|3.000000
3.150959142e+06|7.474394892e+09|7.979009501e+09|8.506147453e+09|3.000000|3.000000|3.000000
3.158520756e+06|7.411303828e+09|7.916327426e+09|8.444112133e+09|3.000000|3.000000|3.000000
3.166273247e+06|7.346842394e+09|7.852231115e+09|8.380615105e+09|3.000000|3.000000|3.000000
3.174275795e+06|7.280534087e+09|7.786243670e+09|8.315179772e+09|3.000000|3.000000|3.000000
3.183058903e+06|7.208025033e+09|7.714023227e+09|8.243489333e+09|3.000000|3.000000|3.000000
3.191478942e+06|7.138770370e+09|7.644984923e+09|8.174886565e+09|3.000000|3.000000|3.000000
3.200694320e+06|7.063256128e+09|7.569642421e+09|8.099942069e+09|3.000000|3.000000|3.000000
3.207708565e+06|7.005971988e+09|7.512445229e+09|8.042994682e+09|3.000000|3.000000|3.000000
3.214483212e+06|6.950799667e+09|7.457322399e+09|7.988071158e+09|3.000000|3.000000|3.000000
3.221509971e+06|6.893731743e+09|7.400271402e+09|7.931184956e+09|3.000000|3.000000|3.000000
3.229986816e+06|6.825095427e+09|7.331610964e+09|7.862669032e+09|3.000000|3.000000|3.000000
3.238544706e+06|6.756027916e+09|7.262472266e+09|7.793619207e+09|3.000000|3.000000|3.000000
3.246143513e+06|6.694884780e+09|7.201228762e+09|7.732409497e+09|3.000000|3.000000|3.000000
3.253977193e+06|6.632027491e+09|7.138233656e+09|7.669407719e+09|3.000000|3.000000|3.000000
3.261410326e+06|6.572544156e+09|7.078589366e+09|7.609720853e+09|3.000000|3.000000|3.000000
3.270431026e+06|6.500558594e+09|7.006371908e+09|7.537408241e+09|3.000000|3.000000|3.000000
3.278543286e+06|6.436005004e+09|6.941578345e+09|7.472492229e+09|3.000000|3.000000|3.000000
3.286721801e+06|6.371092410e+09|6.876396512e+09|7.407155511e+09|3.000000|3.000000|3.000000
3.294719955e+06|6.307768294e+09|6.812785249e+09|7.343365996e+09|3.000000|3.000000|3.000000
3.301960546e+06|6.250570595e+09|6.755309485e+09|7.285709181e+09|3.000000|3.000000|3.000000
3.309479149e+06|6.191300746e+09|6.695734868e+09|7.225929910e+09|3.000000|3.000000|3.000000
3.316747110e+06|6.134121915e+09|6.638247979e+09|7.168232064e+09|3.000000|3.000000|3.000000
3.323030445e+06|6.084776887e+09|6.588627551e+09|7.118421164e+09|3.000000|3.000000|3.000000
3.331923837e+06|6.015066604e+09|6.518515761e+09|7.048030894e+09|3.000000|3.000000|3.000000
3.339706346e+06|5.954184918e+09|6.457274111e+09|6.986540926e+09|3.000000|3.000000|3.000000
3.347718533e+06|5.891617950e+09|6.394330937e+09|6.923341744e+09|3.000000|3.000000|3.000000
3.355084567e+06|5.834191064e+09|6.336555493e+09|6.865334125e+09|3.000000|3.000000|3.000000
3.363004840e+06|5.772538152e+09|6.274527425e+09|6.803063608e+09|3.000000|3.000000|3.000000
3.371375416e+06|5.707480265e+09|6.209075492e+09|6.737367897e+09|3.000000|3.000000|3.000000
3.379669487e+06|5.643111675e+09|6.144321929e+09|6.672389992e+09|3.000000|3.000000|3.000000
3.387249972e+06|5.584357628e+09|6.085223353e+09|6.613105287e+09|3.000000|3.000000|3.000000
3.394758457e+06|5.526228429e+09|6.026762092e+09|6.554481030e+09|3.000000|3.000000|3.000000
3.401567825e+06|5.473564952e+09|5.973807222e+09|6.501399578e+09|3.000000|3.000000|3.000000
3.409255816e+06|5.414162426e+09|5.914088944e+09|6.441565917e+09|3.000000|3.000000|3.000000
3.417668071e+06|5.349226172e+09|5.848825888e+09|6.376214146e+09|3.000000|3.000000|3.000000
3.425131927e+06|5.291660296e+09|5.790988726e+09|6.318334746e+09|3.000000|3.000000|3.000000
3.432650160e+06|5.233717283e+09|5.732792347e+09|6.260133873e+09|3.000000|3.000000|3.000000
3.439550073e+06|5.180573161e+09|5.679435013e+09|6.206808773e+09|3.000000|3.000000|3.000000
3.447571556e+06|5.118826262e+09|5.617465589e+09|6.144923902e+09|3.000000|3.000000|3.000000
3.454851000e+06|5.062820519e+09|5.561283388e+09|6.088865254e+09|3.000000|3.000000|3.000000
3.462557150e+06|5.003557840e+09|5.501862316e+09|6.029626687e+09|3.000000|3.000000|3.000000
3.469940138e+06|4.946801664e+09|5.444983606e+09|5.972975604e+09|3.000000|3.000000|3.000000
3.477859853e+06|4.885938522e+09|5.384022780e+09|5.912319514e+09|3.000000|3.000000|3.000000
3.486249151e+06|4.821483672e+09|5.319504774e+09|5.848196228e+09|3.000000|3.000000|3.000000
3.493220450e+06|4.767933354e+09|5.265935174e+09|5.795013544e+09|3.000000|3.000000|3.000000
3.501944708e+06|4.700926417e+09|5.198948637e+09|5.728589890e+09|3.000000|3.000000|3.000000
3.508100522e+06|4.653650094e+09|5.151717706e+09|5.681810699e+09|3.000000|3.000000|3.000000
3.515313138e+06|4.598259105e+09|5.096413759e+09|5.627095462e+09|3.000000|3.000000|3.000000
3.522455811e+06|4.543404803e+09|5.041682810e+09|5.573012555e+09|3.000000|3.000000|3.000000
3.530227048e+06|4.483720446e+09|4.982175991e+09|5.514286462e+09|3.000000|3.000000|3.000000
3.537130957e+06|4.430693077e+09|4.929345300e+09|5.462217233e+09|3.000000|3.000000|3.000000
3.544782342e+06|4.371918112e+09|4.870832259e+09|5.404624517e+09|3.000000|3.000000|3.000000
3.552138762e+06|4.315401143e+09|4.814611707e+09|5.349366203e+09|3.000000|3.000000|3.000000
3.560092727e+06|4.254283410e+09|4.753864726e+09|5.289746709e+09|3.000000|3.000000|3.000000
3.569169100e+06|4.184527020e+09|4.684596504e+09|5.221877689e+09|3.000000|3.000000|3.000000
3.576795934e+06|4.125898552e+09|4.626432847e+09|5.164984098e+09|3.000000|3.000000|3.000000
3.583385225e+06|4.075236330e+09|4.576212927e+09|5.115931719e+09|3.000000|3.000000|3.000000
3.591006370e+06|4.016629619e+09|4.518165384e+09|5.059316574e+09|3.000000|3.000000|3.000000
3.598332634e+06|3.960279659e+09|4.462401510e+09|5.005013252e+09|3.000000|3.000000|3.000000
3.605984240e+06|3.901416539e+09|4.404201665e+09|4.948426794e+09|3.000000|3.000000|3.000000
3.612724754e+06|3.849553988e+09|4.352966912e+09|4.898688042e+09|3.000000|3.000000|3.000000
3.620425506e+06|3.790294816e+09|4.294474950e+09|4.841990968e+09|3.000000|3.000000|3.000000
3.627240482e+06|3.737845743e+09|4.242749294e+09|4.791929963e+09|3.000000|3.000000|3.000000
3.634245188e+06|3.683932027e+09|4.189622537e+09|4.740588549e+09|3.000000|3.000000|3.000000
3.641120161e+06|3.631014222e+09|4.137519713e+09|4.690310899e+09|3.000000|3.000000|3.000000
3.648290313e+06|3.575823801e+09|4.083223915e+09|4.637994981e+09|3.000000|3.000000|3.000000
3.656606151e+06|3.511817430e+09|4.020311651e+09|4.577475517e+09|3.000000|3.000000|3.000000
3.664353109e+06|3.452196133e+09|3.961763525e+09|4.521248470e+09|3.000000|3.000000|3.000000
3.671888760e+06|3.394211144e+09|3.904871494e+09|4.466697797e+09|3.000000|3.000000|3.000000
3.680027809e+06|3.331599291e+09|3.843493368e+09|4.407939115e+09|3.000000|3.000000|3.000000
3.687793138e+06|3.271883375e+09|3.785004844e+09|4.352035239e+09|3.000000|3.000000|3.000000
3.695167804e+06|3.215195923e+09|3.729527251e+09|4.299087258e+09|3.000000|3.000000|3.000000
3.703122114e+06|3.154085543e+09|3.669768556e+09|4.242136113e+09|3.000000|3.000000|3.000000
3.710397118e+06|3.098229729e+09|3.615189914e+09|4.190194382e+09|3.000000|3.000000|3.000000
3.717190467e+06|3.046108108e+09|3.564294779e+09|4.141818663e+09|3.000000|3.000000|3.000000
3.724120330e+06|2.992980568e+09|3.512450597e+09|4.092598693e+09|3.000000|3.000000|3.000000
3.730194253e+06|2.946454053e+09|3.467074441e+09|4.049565381e+09|3.000000|3.000000|3.000000
3.736721098e+06|2.896503688e+09|3.418385398e+09|4.003435954e+09|3.000000|3.000000|3.000000
3.743903981e+06|2.841593519e+09|3.364891695e+09|3.952806326e+09|3.000000|3.000000|3.000000
3.751474148e+06|2.783799946e+09|3.308620784e+09|3.899603270e+09|3.000000|3.000000|3.000000
3.759274948e+06|2.724338370e+09|3.250757433e+09|3.844949170e+09|3.000000|3.000000|3.000000
3.767765442e+06|2.659739268e+09|3.187927788e+09|3.785661197e+09|3.000000|3.000000|3.000000
3.774435332e+06|2.609088953e+09|3.138686592e+09|3.739232866e+09|3.000000|3.000000|3.000000
3.782478895e+06|2.548132304e+09|3.079448090e+09|3.683416146e+09|3.000000|3.000000|3.000000
3.790215462e+06|2.489643614e+09|3.022627658e+09|3.629910820e+09|3.000000|3.000000|3.000000
3.797292330e+06|2.436275037e+09|2.970795111e+09|3.581125135e+09|3.000000|3.000000|3.000000
3.804526274e+06|2.381864299e+09|2.917960936e+09|3.531413562e+09|3.000000|3.000000|3.000000
3.811985296e+06|2.325923675e+09|2.863648943e+09|3.480323163e+09|3.000000|3.000000|3.000000
3.818618492e+06|2.276326332e+09|2.815499152e+09|3.435033935e+09|3.000000|3.000000|3.000000
3.824999512e+06|2.228757162e+09|2.769318851e+09|3.391596297e+09|3.000000|3.000000|3.000000
3.832292631e+06|2.174571545e+09|2.716712540e+09|3.342107128e+09|3.000000|3.000000|3.000000
3.839464379e+06|2.121491153e+09|2.665172639e+09|3.293606914e+09|3.000000|3.000000|3.000000
3.846957767e+06|2.066260891e+09|2.611533888e+09|3.243108558e+09|3.000000|3.000000|3.000000
3.854486550e+06|2.011023517e+09|2.557871741e+09|3.192555736e+09|3.000000|3.000000|3.000000
3.861921981e+06|1.956737607e+09|2.505112710e+09|3.142812713e+09|3.000000|3.000000|3.000000
3.870944669e+06|1.891243973e+09|2.441425403e+09|3.082697870e+09|3.000000|3.000000|3.000000
3.879259818e+06|1.831282008e+09|2.383074563e+09|3.027539552e+09|3.000000|3.000000|3.000000
3.887181559e+06|1.774534785e+09|2.327806473e+09|2.975209694e+09|3.000000|3.000000|3.000000
3.893829864e+06|1.727211786e+09|2.281677165e+09|2.931458446e+09|3.000000|3.000000|3.000000
3.899945655e+06|1.683935771e+09|2.239456536e+09|2.891346980e+09|3.000000|3.000000|3.000000
3.906577597e+06|1.637298988e+09|2.193913475e+09|2.847998161e+09|3.000000|3.000000|3.000000
3.913769227e+06|1.587086373e+09|2.144821624e+09|2.801166469e+09|3.000000|3.000000|3.000000
3.920018114e+06|1.543775169e+09|2.102424217e+09|2.760623429e+09|3.000000|3.000000|3.000000
3.926324430e+06|1.500381005e+09|2.059890944e+09|2.719849957e+09|3.000000|3.000000|3.000000
3.932637756e+06|1.457269758e+09|2.017575211e+09|2.679175387e+09|3.000000|3.000000|3.000000
3.939059009e+06|1.413776380e+09|1.974817915e+09|2.637954709e+09|3.000000|3.000000|3.000000
3.946713355e+06|1.362420099e+09|1.924235657e+09|2.589016619e+09|3.000000|3.000000|3.000000
3.954465598e+06|1.310975853e+09|1.873451908e+09|2.539674490e+09|3.000000|3.000000|3.000000
3.962168020e+06|1.260457960e+09|1.823457692e+09|2.490872726e+09|3.000000|3.000000|3.000000
3.971165814e+06|1.202235712e+09|1.765666640e+09|2.434148263e+09|3.000000|3.000000|3.000000
3.979866476e+06|1.146790850e+09|1.710439189e+09|2.379591735e+09|3.000000|3.000000|3.000000
3.989325986e+06|1.087517317e+09|1.651161492e+09|2.320609334e+09|3.000000|3.000000|3.000000
3.999469868e+06|1.025188067e+09|1.588526927e+09|2.257748795e+09|3.000000|3.000000|3.000000
4.008389248e+06|9.714962258e+08|1.534289382e+09|2.202812790e+09|3.000000|3.000000|3.000000
4.015840028e+06|9.274845434e+08|1.489609182e+09|2.157165959e+09|3.000000|3.000000|3.000000
4.022115005e+06|8.910366186e+08|1.452439501e+09|2.118896278e+09|3.000000|3.000000|3.000000
4.028109735e+06|8.567638669e+08|1.417335131e+09|2.082485166e+09|3.000000|3.000000|3.000000
4.034242619e+06|8.222734166e+08|1.381843902e+09|2.045387046e+09|3.000000|3.000000|3.000000
4.039822034e+06|7.914143616e+08|1.349937156e+09|2.011771416e+09|3.000000|3.000000|3.000000
4.045425001e+06|7.609377902e+08|1.318271689e+09|1.978143689e+09|3.000000|3.000000|3.000000
4.049972062e+06|7.365928423e+08|1.292857592e+09|1.950949438e+09|3.000000|3.000000|3.000000
4.055172571e+06|7.091870761e+08|1.264110594e+09|1.919953364e+09|3.000000|3.000000|3.000000
4.061725092e+06|6.753401857e+08|1.228387489e+09|1.881061325e+09|3.000000|3.000000|3.000000
4.068552544e+06|6.409099551e+08|1.191772573e+09|1.840731234e+09|3.000000|3.000000|3.000000
4.075090025e+06|6.087693244e+08|1.157311128e+09|1.802300655e+09|3.000000|3.000000|3.000000
4.081872483e+06|5.763084547e+08|1.122195978e+09|1.762624304e+09|3.000000|3.000000|3.000000
4.089257925e+06|5.420207040e+08|1.084720547e+09|1.719647274e+09|3.000000|3.000000|3.000000
4.096275179e+06|5.105004303e+08|1.049872183e+09|1.679033301e+09|3.000000|3.000000|3.000000
4.103190858e+06|4.804797414e+08|1.016274396e+09|1.639218962e+09|3.000000|3.000000|3.000000
4.111392108e+06|4.462679744e+08|9.774220685e+08|1.592277878e+09|3.000000|3.000000|3.000000
4.120744208e+06|4.091658766e+08|9.344763597e+08|1.539116017e+09|3.000000|3.000000|3.000000
4.129899379e+06|3.748983532e+08|8.938907410e+08|1.487454905e+09|3.000000|3.000000|3.000000
4.138474606e+06|3.447199845e+08|8.572322248e+08|1.439411397e+09|3.000000|3.000000|3.000000
4.147889862e+06|3.138095951e+08|8.185505710e+08|1.387049245e+09|3.000000|3.000000|3.000000
4.158499432e+06|2.818859950e+08|7.770061229e+08|1.328535526e+09|3.000000|3.000000|3.000000
4.169817127e+06|2.513832440e+08|7.351779386e+08|1.266694695e+09|3.000000|3.000000|3.000000
4.180528985e+06|2.260483193e+08|6.980590823e+08|1.208719398e+09|3.000000|3.000000|3.000000
4.190250682e+06|2.061639848e+08|6.665378378e+08|1.156574714e+09|3.000000|3.000000|3.000000
4.199669531e+06|1.898368343e+08|6.380408955e+08|1.106486007e+09|3.000000|3.000000|3.000000
4.210010897e+06|1.753741783e+08|6.091552889e+08|1.051984579e+09|3.000000|3.000000|3.000000
4.220449541e+06|1.646011984e+08|5.826455630e+08|9.974981819e+08|3.000000|3.000000|3.000000
4.233306489e+06|1.568503439e+08|5.538038797e+08|9.311240630e+08|3.000000|3.000000|3.000000
4.249107932e+06|1.560935062e+08|5.243949819e+08|8.506713613e+08|3.000000|3.000000|3.000000
4.265913100e+06|1.665198669e+08|5.008290032e+08|7.664815239e+08|3.000000|3.000000|3.000000
4.285423799e+06|1.941027054e+08|4.840625427e+08|6.705352218e+08|3.000000|3.000000|3.000000
4.303205395e+06|2.346923047e+08|4.793253877e+08|5.847947710e+08|3.000000|3.000000|3.000000
4.315153664e+06|2.707319712e+08|4.821083494e+08|5.281035918e+08|3.000000|3.000000|3.000000
