#RRR|P25fit|P50fit|P75fit|P25model|P50model|P75model
1.626915664e+05|4.426774420e+10|4.438308540e+10|4.447383500e+10|0.000000|0.000000|0.000000
2.471118417e+05|4.398331631e+10|4.407166040e+10|4.414983496e+10|0.000000|0.000000|0.000000
2.933791760e+05|4.376589143e+10|4.384561991e+10|4.392139818e+10|0.000000|0.000000|0.000000
3.326473850e+05|4.354808094e+10|4.362332217e+10|4.369900253e+10|0.000000|0.000000|0.000000
3.643844972e+05|4.335011977e+10|4.342336991e+10|4.350003424e+10|0.000000|0.000000|0.000000
3.965030366e+05|4.313013726e+10|4.320266589e+10|4.328111927e+10|0.000000|0.000000|0.000000
4.232133794e+05|4.293234983e+10|4.300514578e+10|4.308558579e+10|0.000000|0.000000|0.000000
4.509153289e+05|4.271315882e+10|4.278695693e+10|4.286984304e+10|0.000000|0.000000|0.000000
4.765702981e+05|4.249754260e+10|4.257284217e+10|4.265827149e+10|0.000000|0.000000|0.000000
4.999300925e+05|4.229077361e+10|4.236785550e+10|4.245577901e+10|0.000000|0.000000|0.000000
5.232457162e+05|4.207457055e+10|4.215377153e+10|4.224430943e+10|0.000000|0.000000|0.000000
5.455994702e+05|4.185815755e+10|4.193966319e+10|4.203278778e+10|0.000000|0.000000|0.000000
5.657140401e+05|4.165585172e+10|4.173962491e+10|4.183511690e+10|0.000000|0.000000|0.000000
5.871411043e+05|4.143252326e+10|4.151888077e+10|4.161691079e+10|0.000000|0.000000|0.000000
6.070308509e+05|4.121805442e+10|4.130693902e+10|4.140731932e+10|0.000000|0.000000|0.000000
6.253620356e+05|4.101433087e+10|4.110563231e+10|4.120815838e+10|0.000000|0.000000|0.000000
6.443843827e+05|4.079682432e+10|4.089070310e+10|4.099542158e+10|0.000000|0.000000|0.000000
6.618873094e+05|4.059123881e+10|4.068753560e+10|4.079422996e+10|0.000000|0.000000|0.000000
6.801604990e+05|4.037106773e+10|4.046992140e+10|4.057862661e+10|0.000000|0.000000|0.000000
6.970182454e+05|4.016296576e+10|4.026419537e+10|4.037470126e+10|0.000000|0.000000|0.000000
7.129784928e+05|3.996156046e+10|4.006504489e+10|4.017720195e+10|0.000000|0.000000|0.000000
7.313983941e+05|3.972384904e+10|3.982993135e+10|3.994392360e+10|0.000000|0.000000|0.000000
7.465067724e+05|3.952468374e+10|3.963288555e+10|3.974832311e+10|0.000000|0.000000|0.000000
7.616790022e+05|3.932089769e+10|3.943121133e+10|3.954804338e+10|0.000000|0.000000|0.000000
7.768481884e+05|3.911338551e+10|3.922578851e+10|3.934395599e+10|0.000000|0.000000|0.000000
7.933044139e+05|3.888402872e+10|3.899866776e+10|3.911821610e+10|0.000000|0.000000|0.000000
8.084412924e+05|3.866918504e+10|3.878584811e+10|3.890660359e+10|0.000000|0.000000|0.000000
8.220943482e+05|3.847223160e+10|3.859069013e+10|3.871248261e+10|0.000000|0.000000|0.000000
8.358509982e+05|3.827075571e+10|3.839099185e+10|3.851377991e+10|0.000000|0.000000|0.000000
8.498921997e+05|3.806199082e+10|3.818400656e+10|3.830776059e+10|0.000000|0.000000|0.000000
8.653474323e+05|3.782857156e+10|3.795250329e+10|3.807726347e+10|0.000000|0.000000|0.000000
8.792846776e+05|3.761482944e+10|3.774044892e+10|3.786606692e+10|0.000000|0.000000|0.000000
8.916170866e+05|3.742313975e+10|3.755022006e+10|3.767655971e+10|0.000000|0.000000|0.000000
9.036544517e+05|3.723372671e+10|3.736220289e+10|3.748921477e+10|0.000000|0.000000|0.000000
9.178357476e+05|3.700766091e+10|3.713774324e+10|3.726550885e+10|0.000000|0.000000|0.000000
9.319928755e+05|3.677884388e+10|3.691048822e+10|3.703896826e+10|0.000000|0.000000|0.000000
9.454247714e+05|3.655886170e+10|3.669195011e+10|3.682107636e+10|0.000000|0.000000|0.000000
9.562189800e+05|3.638004782e+10|3.651427038e+10|3.664389612e+10|0.000000|0.000000|0.000000
9.681710618e+05|3.617994796e+10|3.631539956e+10|3.644556043e+10|0.000000|0.000000|0.000000
9.803931367e+05|3.597304659e+10|3.610972675e+10|3.624041838e+10|0.000000|0.000000|0.000000
9.927649132e+05|3.576126825e+10|3.589916406e+10|3.603037949e+10|0.000000|0.000000|0.000000
1.007032673e+06|3.551411674e+10|3.565338140e+10|3.578518908e+10|0.000000|0.000000|0.000000
1.018574895e+06|3.531189733e+10|3.545224502e+10|3.558452666e+10|0.000000|0.000000|0.000000
1.028889990e+06|3.512945548e+10|3.527075398e+10|3.540345840e+10|0.000000|0.000000|0.000000
1.039361258e+06|3.494259307e+10|3.508484154e+10|3.521797723e+10|0.000000|0.000000|0.000000
1.050848156e+06|3.473568882e+10|3.487896340e+10|3.501257805e+10|0.000000|0.000000|0.000000
1.063969669e+06|3.449689229e+10|3.464132096e+10|3.477549527e+10|0.000000|0.000000|0.000000
1.075900400e+06|3.427750467e+10|3.442296861e+10|3.455766848e+10|0.000000|0.000000|0.000000
1.087135106e+06|3.406895069e+10|3.421537965e+10|3.435059355e+10|0.000000|0.000000|0.000000
1.097831889e+06|3.386861445e+10|3.401595554e+10|3.415168016e+10|0.000000|0.000000|0.000000
1.107962039e+06|3.367730348e+10|3.382550434e+10|3.396173534e+10|0.000000|0.000000|0.000000
1.118306996e+06|3.348034525e+10|3.362942214e+10|3.376619670e+10|0.000000|0.000000|0.000000
1.130593995e+06|3.324432791e+10|3.339444565e+10|3.353190567e+10|0.000000|0.000000|0.000000
1.141442103e+06|3.303407173e+10|3.318511171e+10|3.332321783e+10|0.000000|0.000000|0.000000
1.152615277e+06|3.281567711e+10|3.296767321e+10|3.310649006e+10|0.000000|0.000000|0.000000
1.163266182e+06|3.260575713e+10|3.275867351e+10|3.289821537e+10|0.000000|0.000000|0.000000
1.172233375e+06|3.242771133e+10|3.258141136e+10|3.272160308e+10|0.000000|0.000000|0.000000
1.182782553e+06|3.221672336e+10|3.237135824e+10|3.251236479e+10|0.000000|0.000000|0.000000
1.193995960e+06|3.199063759e+10|3.214628478e+10|3.228822226e+10|0.000000|0.000000|0.000000
1.205828843e+06|3.175003868e+10|3.190677904e+10|3.204977769e+10|0.000000|0.000000|0.000000
1.215530840e+06|3.155121909e+10|3.170887806e+10|3.185281213e+10|0.000000|0.000000|0.000000
1.224473314e+06|3.136673005e+10|3.152525598e+10|3.167010818e+10|0.000000|0.000000|0.000000
1.233261764e+06|3.118426631e+10|3.134366536e+10|3.148947537e+10|0.000000|0.000000|0.000000
1.243159191e+06|3.097741183e+10|3.113782183e+10|3.128478038e+10|0.000000|0.000000|0.000000
1.253412737e+06|3.076158936e+10|3.092308080e+10|3.107131200e+10|0.000000|0.000000|0.000000
1.264013870e+06|3.053682014e+10|3.069946987e+10|3.084911099e+10|0.000000|0.000000|0.000000
1.274499175e+06|3.031287751e+10|3.047671702e+10|3.062785252e+10|0.000000|0.000000|0.000000
1.284156111e+06|3.010519475e+10|3.027017235e+10|3.042277711e+10|0.000000|0.000000|0.000000
1.292495187e+06|2.992474970e+10|3.009074527e+10|3.024469420e+10|0.000000|0.000000|0.000000
1.301633729e+06|2.972583078e+10|2.989298204e+10|3.004848810e+10|0.000000|0.000000|0.000000
1.310449158e+06|2.953278175e+10|2.970109019e+10|2.985818542e+10|0.000000|0.000000|0.000000
1.318823742e+06|2.934832912e+10|2.951777786e+10|2.967646546e+10|0.000000|0.000000|0.000000
1.329225781e+06|2.911778691e+10|2.928871113e+10|2.944949382e+10|0.000000|0.000000|0.000000
1.339714400e+06|2.888371743e+10|2.905620007e+10|2.921923285e+10|0.000000|0.000000|0.000000
1.349853018e+06|2.865592424e+10|2.882998518e+10|2.899533057e+10|0.000000|0.000000|0.000000
1.357625231e+06|2.848027802e+10|2.865559953e+10|2.882281324e+10|0.000000|0.000000|0.000000
1.365894208e+06|2.829243255e+10|2.846914595e+10|2.863844186e+10|0.000000|0.000000|0.000000
1.374054718e+06|2.810606804e+10|2.828420876e+10|2.845565834e+10|0.000000|0.000000|0.000000
1.382656388e+06|2.790857159e+10|2.808827722e+10|2.826210686e+10|0.000000|0.000000|0.000000
1.392302718e+06|2.768579918e+10|2.786733707e+10|2.804397495e+10|0.000000|0.000000|0.000000
1.402833335e+06|2.744104759e+10|2.762468379e+10|2.780456177e+10|0.000000|0.000000|0.000000
1.413633014e+06|2.718835405e+10|2.737425414e+10|2.755765188e+10|0.000000|0.000000|0.000000
1.421582048e+06|2.700126819e+10|2.718891057e+10|2.737503116e+10|0.000000|0.000000|0.000000
1.429260163e+06|2.681967901e+10|2.700906807e+10|2.719792867e+10|0.000000|0.000000|0.000000
1.437399011e+06|2.662624961e+10|2.681756114e+10|2.700944759e+10|0.000000|0.000000|0.000000
1.445074512e+06|2.644294218e+10|2.663613609e+10|2.683099389e+10|0.000000|0.000000|0.000000
1.453293101e+06|2.624570666e+10|2.644099349e+10|2.663916327e+10|0.000000|0.000000|0.000000
1.461527755e+06|2.604709175e+10|2.624455867e+10|2.644618599e+10|0.000000|0.000000|0.000000
1.471538778e+06|2.580429162e+10|2.600452524e+10|2.621054922e+10|0.000000|0.000000|0.000000
1.482833195e+06|2.552859871e+10|2.573211339e+10|2.594336089e+10|0.000000|0.000000|0.000000
1.492583931e+06|2.528907959e+10|2.549556892e+10|2.571155828e+10|0.000000|0.000000|0.000000
1.499733471e+06|2.511256906e+10|2.532132632e+10|2.554093358e+10|0.000000|0.000000|0.000000
1.506245434e+06|2.495114540e+10|2.516203426e+10|2.538504322e+10|0.000000|0.000000|0.000000
1.513005443e+06|2.478291330e+10|2.499608319e+10|2.522273310e+10|0.000000|0.000000|0.000000
1.520662229e+06|2.459155168e+10|2.480739140e+10|2.503830320e+10|0.000000|0.000000|0.000000
1.529404518e+06|2.437225920e+10|2.459123291e+10|2.482714769e+10|1.000000|1.000000|1.000000
1.539436616e+06|2.411817823e+10|2.434102690e+10|2.458312267e+10|1.000000|1.000000|1.000000
1.549642064e+06|2.385970684e+10|2.408649743e+10|2.433488100e+10|1.000000|1.000000|1.000000
1.558782859e+06|2.362819970e+10|2.385852098e+10|2.411253640e+10|1.000000|1.000000|1.000000
1.565998894e+06|2.344544060e+10|2.367854912e+10|2.393701049e+10|1.000000|1.000000|1.000000
1.571783590e+06|2.329893273e+10|2.353427563e+10|2.379630108e+10|1.000000|1.000000|1.000000
1.578065230e+06|2.313983885e+10|2.337760808e+10|2.364350378e+10|1.000000|1.000000|1.000000
1.584119037e+06|2.298651528e+10|2.322662283e+10|2.349624841e+10|1.000000|1.000000|1.000000
1.591525917e+06|2.279892266e+10|2.304189117e+10|2.331608029e+10|1.000000|1.000000|1.000000
1.602472622e+06|2.252167761e+10|2.276887435e+10|2.304980797e+10|1.000000|1.000000|1.000000
1.618550198e+06|2.211448397e+10|2.236789079e+10|2.265873015e+10|1.000000|1.000000|1.000000
1.631619386e+06|2.178348322e+10|2.204193810e+10|2.234082967e+10|1.000000|1.000000|1.000000
1.637197941e+06|2.164219623e+10|2.190280586e+10|2.220513450e+10|1.000000|1.000000|1.000000
1.640925668e+06|2.154778484e+10|2.180983433e+10|2.211445970e+10|1.000000|1.000000|1.000000
1.644145254e+06|2.146624300e+10|2.172953607e+10|2.203614510e+10|1.000000|1.000000|1.000000
1.647470403e+06|2.138202761e+10|2.164660505e+10|2.195526277e+10|1.000000|1.000000|1.000000
1.651103524e+06|2.129001225e+10|2.155599301e+10|2.186688918e+10|1.000000|1.000000|1.000000
1.654400497e+06|2.120651048e+10|2.147376471e+10|2.178669221e+10|1.000000|1.000000|1.000000
1.659411156e+06|2.092596237e+10|2.120138105e+10|2.152958394e+10|2.000000|2.000000|2.000000
1.685363684e+06|2.049331231e+10|2.076221695e+10|2.107789363e+10|2.000000|2.000000|2.000000
1.717531384e+06|1.995705020e+10|2.021788079e+10|2.051803146e+10|2.000000|2.000000|2.000000
1.720062389e+06|1.991485627e+10|2.017505158e+10|2.047398064e+10|2.000000|2.000000|2.000000
1.721862521e+06|1.988484658e+10|2.014459005e+10|2.044265026e+10|2.000000|2.000000|2.000000
1.723657740e+06|1.985491880e+10|2.011421168e+10|2.041140542e+10|2.000000|2.000000|2.000000
1.725139838e+06|1.983021101e+10|2.008913189e+10|2.038561027e+10|2.000000|2.000000|2.000000
1.726667760e+06|1.980473928e+10|2.006327665e+10|2.035901757e+10|2.000000|2.000000|2.000000
1.728120096e+06|1.978052765e+10|2.003870049e+10|2.033374043e+10|2.000000|2.000000|2.000000
1.729810382e+06|1.975234918e+10|2.001009776e+10|2.030432186e+10|2.000000|2.000000|2.000000
1.731693810e+06|1.972095088e+10|1.997822671e+10|2.027154177e+10|2.000000|2.000000|2.000000
1.733929059e+06|1.968368744e+10|1.994040224e+10|2.023263843e+10|2.000000|2.000000|2.000000
1.736389782e+06|1.964266515e+10|1.989876231e+10|2.018981081e+10|2.000000|2.000000|2.000000
1.739898978e+06|1.958416396e+10|1.983938032e+10|2.012873508e+10|2.000000|2.000000|2.000000
1.770840506e+06|1.906834315e+10|1.931579323e+10|1.959021380e+10|2.000000|2.000000|2.000000
1.834244892e+06|1.801133973e+10|1.824287539e+10|1.848669330e+10|2.000000|2.000000|2.000000
1.837783514e+06|1.795234798e+10|1.818299545e+10|1.842510542e+10|2.000000|2.000000|2.000000
1.840325399e+06|1.790997266e+10|1.813998213e+10|1.838086523e+10|2.000000|2.000000|2.000000
1.843121777e+06|1.786335474e+10|1.809266232e+10|1.833219572e+10|2.000000|2.000000|2.000000
1.846174874e+06|1.781245708e+10|1.804099833e+10|1.827905814e+10|2.000000|2.000000|2.000000
1.850353144e+06|1.774280187e+10|1.797029439e+10|1.820633751e+10|2.000000|2.000000|2.000000
1.861560226e+06|1.755597056e+10|1.778065012e+10|1.801128405e+10|2.000000|2.000000|2.000000
1.934032520e+06|1.634779763e+10|1.655428674e+10|1.674994131e+10|2.000000|2.000000|2.000000
1.938965224e+06|1.626556539e+10|1.647081640e+10|1.666409015e+10|2.000000|2.000000|2.000000
1.942338428e+06|1.620933129e+10|1.641373563e+10|1.660538128e+10|2.000000|2.000000|2.000000
1.946037887e+06|1.614765825e+10|1.635113403e+10|1.654099411e+10|2.000000|2.000000|2.000000
1.949879848e+06|1.608360960e+10|1.628612105e+10|1.647412677e+10|2.000000|2.000000|2.000000
1.954328407e+06|1.600944846e+10|1.621084333e+10|1.639670191e+10|2.000000|2.000000|2.000000
1.962335604e+06|1.587596187e+10|1.607534695e+10|1.625734079e+10|2.000000|2.000000|2.000000
2.013350410e+06|1.502550295e+10|1.521208339e+10|1.536945450e+10|2.000000|2.000000|2.000000
2.025692508e+06|1.481975000e+10|1.500323258e+10|1.515464668e+10|2.000000|2.000000|2.000000
2.031021042e+06|1.473647389e+10|1.491848087e+10|1.506799932e+10|3.000000|3.000000|3.000000
2.037276067e+06|1.463874312e+10|1.481902716e+10|1.496631557e+10|3.000000|3.000000|3.000000
2.042793358e+06|1.455381984e+10|1.473256311e+10|1.487803186e+10|3.000000|3.000000|3.000000
2.049807385e+06|1.444751865e+10|1.462428062e+10|1.476762331e+10|3.000000|3.000000|3.000000
2.074078046e+06|1.409284353e+10|1.426264639e+10|1.440005633e+10|3.000000|3.000000|3.000000
2.107412160e+06|1.363413840e+10|1.379447402e+10|1.392656084e+10|3.000000|3.000000|3.000000
2.113916407e+06|1.354786964e+10|1.370641008e+10|1.383774646e+10|3.000000|3.000000|3.000000
2.119355564e+06|1.347644114e+10|1.363349928e+10|1.376426573e+10|3.000000|3.000000|3.000000
2.124853557e+06|1.340486774e+10|1.356044689e+10|1.369068579e+10|3.000000|3.000000|3.000000
2.130972607e+06|1.332591492e+10|1.347987278e+10|1.360957666e+10|3.000000|3.000000|3.000000
2.139511708e+06|1.321690534e+10|1.336864803e+10|1.349768660e+10|3.000000|3.000000|3.000000
2.166333197e+06|1.288228112e+10|1.302747295e+10|1.315488931e+10|3.000000|3.000000|3.000000
2.194451973e+06|1.254170199e+10|1.268077851e+10|1.280693660e+10|3.000000|3.000000|3.000000
2.200733226e+06|1.246675694e+10|1.260458072e+10|1.273048317e+10|3.000000|3.000000|3.000000
2.206405904e+06|1.239937444e+10|1.253610336e+10|1.266177667e+10|3.000000|3.000000|3.000000
2.212470520e+06|1.232762873e+10|1.246322566e+10|1.258865324e+10|3.000000|3.000000|3.000000
2.218348805e+06|1.225835360e+10|1.239289144e+10|1.251807782e+10|3.000000|3.000000|3.000000
2.227848899e+06|1.214689639e+10|1.227980191e+10|1.240458686e+10|3.000000|3.000000|3.000000
2.246647166e+06|1.192788600e+10|1.205784798e+10|1.218176996e+10|3.000000|3.000000|3.000000
2.276398584e+06|1.158425981e+10|1.171031446e+10|1.183259195e+10|3.000000|3.000000|3.000000
2.286343839e+06|1.146993138e+10|1.159487391e+10|1.171650822e+10|3.000000|3.000000|3.000000
2.292484664e+06|1.139942525e+10|1.152372674e+10|1.164493856e+10|3.000000|3.000000|3.000000
2.298939114e+06|1.132537339e+10|1.144903731e+10|1.156978382e+10|3.000000|3.000000|3.000000
2.305471629e+06|1.125046977e+10|1.137352489e+10|1.149377818e+10|3.000000|3.000000|3.000000
2.314079092e+06|1.115181957e+10|1.127412623e+10|1.139369548e+10|3.000000|3.000000|3.000000
2.327865213e+06|1.099386143e+10|1.111508856e+10|1.123348287e+10|3.000000|3.000000|3.000000
2.351244046e+06|1.072588238e+10|1.084557646e+10|1.096176913e+10|3.000000|3.000000|3.000000
2.369915253e+06|1.051156151e+10|1.063025576e+10|1.074452598e+10|3.000000|3.000000|3.000000
2.377537288e+06|1.042395879e+10|1.054229170e+10|1.065574272e+10|3.000000|3.000000|3.000000
2.384377824e+06|1.034527478e+10|1.046330299e+10|1.057600474e+10|3.000000|3.000000|3.000000
2.390415488e+06|1.027577313e+10|1.039354608e+10|1.050557705e+10|3.000000|3.000000|3.000000
2.398313266e+06|1.018478115e+10|1.030223711e+10|1.041337962e+10|3.000000|3.000000|3.000000
2.408467608e+06|1.006765674e+10|1.018472859e+10|1.029471531e+10|3.000000|3.000000|3.000000
2.424940260e+06|9.877327135e+09|9.993816104e+09|1.010191342e+10|3.000000|3.000000|3.000000
2.447788868e+06|9.612671113e+09|9.728389157e+09|9.833891660e+09|3.000000|3.000000|3.000000
2.460569740e+06|9.464320728e+09|9.579604104e+09|9.683699489e+09|3.000000|3.000000|3.000000
2.468005332e+06|9.377922412e+09|9.492946130e+09|9.596246317e+09|3.000000|3.000000|3.000000
2.474584348e+06|9.301425852e+09|9.416213699e+09|9.518828071e+09|3.000000|3.000000|3.000000
2.481684023e+06|9.218826089e+09|9.333351439e+09|9.435247278e+09|3.000000|3.000000|3.000000
2.489675825e+06|9.125792314e+09|9.240010517e+09|9.341127918e+09|3.000000|3.000000|3.000000
2.500930708e+06|8.994689556e+09|9.108450768e+09|9.208534301e+09|3.000000|3.000000|3.000000
2.517521402e+06|8.801303979e+09|8.914330942e+09|9.013045966e+09|3.000000|3.000000|3.000000
2.537315349e+06|8.570488200e+09|8.682531951e+09|8.779901621e+09|3.000000|3.000000|3.000000
2.548627841e+06|8.438584792e+09|8.550010813e+09|8.646772940e+09|3.000000|3.000000|3.000000
2.556390924e+06|8.348091612e+09|8.459070041e+09|8.555489879e+09|3.000000|3.000000|3.000000
2.564275855e+06|8.256209672e+09|8.366714165e+09|8.462852151e+09|3.000000|3.000000|3.000000
2.571399521e+06|8.173234379e+09|8.283294545e+09|8.379237412e+09|3.000000|3.000000|3.000000
2.579937932e+06|8.073835753e+09|8.183344292e+09|8.279130756e+09|3.000000|3.000000|3.000000
2.590815845e+06|7.947308220e+09|8.056086665e+09|8.151801137e+09|3.000000|3.000000|3.000000
2.605737683e+06|7.773978995e+09|7.881714932e+09|7.977572811e+09|3.000000|3.000000|3.000000
2.621759305e+06|7.588240507e+09|7.694822641e+09|7.791159372e+09|3.000000|3.000000|3.000000
2.635892321e+06|7.424763008e+09|7.530319657e+09|7.627366764e+09|3.000000|3.000000|3.000000
2.644064359e+06|7.330409815e+09|7.435379997e+09|7.532962912e+09|3.000000|3.000000|3.000000
2.650981954e+06|7.250645714e+09|7.355128147e+09|7.453236543e+09|3.000000|3.000000|3.000000
2.658755483e+06|7.161132058e+09|7.265080674e+09|7.363858139e+09|3.000000|3.000000|3.000000
2.668332497e+06|7.051031153e+09|7.154350976e+09|7.254066329e+09|3.000000|3.000000|3.000000
2.678492778e+06|6.934448242e+09|7.037147964e+09|7.137993582e+09|3.000000|3.000000|3.000000
2.689564764e+06|6.807670852e+09|6.909767495e+09|7.011999672e+09|3.000000|3.000000|3.000000
2.704706055e+06|6.634750883e+09|6.736184557e+09|6.840563813e+09|3.000000|3.000000|3.000000
2.720150037e+06|6.458901238e+09|6.559910910e+09|6.666759158e+09|3.000000|3.000000|3.000000
2.729450069e+06|6.353253540e+09|6.454161686e+09|6.562620936e+09|3.000000|3.000000|3.000000
2.736998511e+06|6.267631110e+09|6.368557017e+09|6.478386164e+09|3.000000|3.000000|3.000000
2.745629246e+06|6.169862500e+09|6.270932849e+09|6.382390372e+09|3.000000|3.000000|3.000000
2.753489751e+06|6.080929997e+09|6.182260290e+09|6.295252271e+09|3.000000|3.000000|3.000000
2.762897362e+06|5.974616759e+09|6.076437863e+09|6.191321446e+09|3.000000|3.000000|3.000000
2.772985213e+06|5.860741014e+09|5.963331480e+09|6.080297038e+09|3.000000|3.000000|3.000000
2.785508504e+06|5.719504786e+09|5.823446125e+09|5.943048848e+09|3.000000|3.000000|3.000000
2.799120564e+06|5.566075075e+09|5.672051756e+09|5.794547796e+09|3.000000|3.000000|3.000000
2.813066352e+06|5.408863734e+09|5.517628000e+09|5.643064863e+09|3.000000|3.000000|3.000000
2.821963817e+06|5.308489443e+09|5.419449902e+09|5.546722633e+09|3.000000|3.000000|3.000000
2.830860046e+06|5.208024682e+09|5.321539712e+09|5.450595814e+09|3.000000|3.000000|3.000000
2.840064682e+06|5.103919976e+09|5.220487169e+09|5.351313375e+09|3.000000|3.000000|3.000000
2.849376451e+06|4.998386948e+09|5.118499797e+09|5.251016436e+09|3.000000|3.000000|3.000000
2.857962074e+06|4.900838884e+09|5.024660979e+09|5.158625695e+09|3.000000|3.000000|3.000000
2.866542736e+06|4.803060556e+09|4.931042860e+09|5.066327811e+09|3.000000|3.000000|3.000000
2.877945365e+06|4.672587972e+09|4.806854140e+09|4.943659690e+09|3.000000|3.000000|3.000000
2.891165992e+06|4.520376422e+09|4.663102637e+09|4.801270960e+09|3.000000|3.000000|3.000000
2.904063637e+06|4.370698612e+09|4.523010362e+09|4.662011008e+09|3.000000|3.000000|3.000000
2.912068853e+06|4.277103768e+09|4.436082269e+09|4.575312545e+09|3.000000|3.000000|3.000000
