#RRR|U50|U25|U75|Umean|T50|T25|T75|Tmean|P50|P25|P75|Pmean|rho50|rho25|rho75|Pmean|S
1.624435428e+05|2.141952905e+06|2.143779266e+06|2.146330033e+06|2.144216418e+06|3.284458573e+03|3.286493629e+03|3.289335074e+03|3.286977112e+03|4.495562805e+10|4.504897432e+10|4.517939852e+10|4.507140096e+10|8.110543457e+03|8.113209229e+03|8.116934814e+03|8.113841309e+03|1.875245226e+03
2.472203404e+05|2.135609185e+06|2.138483272e+06|2.142289189e+06|2.139438973e+06|3.277386280e+03|3.280591165e+03|3.284833319e+03|3.281633262e+03|4.463171153e+10|4.477837156e+10|4.497281363e+10|4.482700362e+10|8.101269165e+03|8.105472412e+03|8.111032104e+03|8.106837891e+03|1.875245226e+03
2.938811853e+05|2.131706110e+06|2.134243059e+06|2.138285029e+06|2.135263431e+06|3.272985796e+03|3.275857192e+03|3.280370142e+03|3.276955638e+03|4.443128997e+10|4.456187435e+10|4.476825212e+10|4.461325511e+10|8.095507446e+03|8.099262451e+03|8.105181519e+03|8.100708984e+03|1.875245226e+03
3.284608426e+05|2.128326035e+06|2.131042698e+06|2.134188247e+06|2.130988745e+06|3.269158729e+03|3.272234778e+03|3.275795163e+03|3.272155789e+03|4.425742644e+10|4.439715287e+10|4.455905246e+10|4.439414703e+10|8.090500854e+03|8.094528320e+03|8.099182739e+03|8.094423340e+03|1.875245226e+03
3.599728608e+05|2.125615431e+06|2.127605123e+06|2.130801665e+06|2.128175870e+06|3.266088512e+03|3.268342275e+03|3.271961889e+03|3.268961610e+03|4.411810196e+10|4.422036280e+10|4.438475348e+10|4.424950173e+10|8.086484497e+03|8.089435547e+03|8.094172241e+03|8.090241699e+03|1.875245226e+03
3.865808879e+05|2.121257629e+06|2.124009431e+06|2.127178417e+06|2.123727644e+06|3.261150408e+03|3.264268961e+03|3.267858984e+03|3.263939369e+03|4.389430346e+10|4.403559692e+10|4.419842801e+10|4.402113590e+10|8.080016846e+03|8.084100586e+03|8.088798096e+03|8.083666016e+03|1.875245226e+03
4.133500308e+05|2.117474543e+06|2.121037119e+06|2.125689523e+06|2.121569264e+06|3.256861390e+03|3.260900464e+03|3.266172448e+03|3.261484387e+03|4.370021397e+10|4.388298531e+10|4.412190908e+10|4.391020292e+10|8.074390869e+03|8.079687744e+03|8.086594116e+03|8.080450195e+03|1.875245226e+03
4.383930659e+05|2.115337796e+06|2.117939469e+06|2.121168134e+06|2.118231481e+06|3.254437996e+03|3.257388596e+03|3.261048965e+03|3.257694085e+03|4.359067424e+10|4.372405722e+10|4.388971008e+10|4.373876457e+10|8.071215454e+03|8.075083252e+03|8.079879395e+03|8.075484863e+03|1.875245226e+03
4.609656937e+05|2.110604739e+06|2.113163026e+06|2.116315958e+06|2.113334767e+06|3.249012691e+03|3.251959188e+03|3.255547458e+03|3.252124011e+03|4.334653364e+10|4.347887697e+10|4.364081400e+10|4.348704932e+10|8.064117676e+03|8.067968994e+03|8.072669678e+03|8.068189941e+03|1.875245226e+03
4.829280037e+05|2.106876960e+06|2.109102887e+06|2.112285225e+06|2.109781361e+06|3.244717627e+03|3.247282521e+03|3.250948285e+03|3.248046459e+03|4.315391764e+10|4.326890978e+10|4.343345776e+10|4.330376756e+10|8.058496460e+03|8.061854248e+03|8.066646362e+03|8.062853516e+03|1.875245226e+03
5.056458941e+05|2.101364354e+06|2.105063281e+06|2.108581255e+06|2.105572152e+06|3.238362618e+03|3.242627255e+03|3.246681516e+03|3.243186284e+03|4.286938829e+10|4.306025906e+10|4.324195774e+10|4.308634916e+10|8.050178101e+03|8.055765381e+03|8.061067749e+03|8.056493652e+03|1.875245226e+03
5.242029055e+05|2.099272279e+06|2.101699891e+06|2.105222424e+06|2.102123110e+06|3.235949747e+03|3.238749549e+03|3.242810696e+03|3.239225903e+03|4.276152729e+10|4.288669300e+10|4.306847593e+10|4.290854649e+10|8.047018677e+03|8.050684570e+03|8.056003784e+03|8.051307617e+03|1.875245226e+03
5.444560766e+05|2.095839550e+06|2.098329177e+06|2.103029859e+06|2.100037359e+06|3.231989335e+03|3.234861833e+03|3.240283074e+03|3.236806705e+03|4.258467390e+10|4.271292302e+10|4.295529892e+10|4.280085241e+10|8.041831909e+03|8.045591797e+03|8.052696655e+03|8.048139160e+03|1.875245226e+03
5.638577902e+05|2.092615129e+06|2.095374419e+06|2.097435971e+06|2.096201249e+06|3.228253544e+03|3.231452579e+03|3.233831363e+03|3.232389472e+03|4.241825615e+10|4.256072273e+10|4.266690134e+10|4.260308932e+10|8.036937012e+03|8.041126465e+03|8.044246582e+03|8.042354492e+03|1.875245226e+03
5.812301700e+05|2.086937204e+06|2.090662381e+06|2.094682620e+06|2.091580183e+06|3.221602745e+03|3.225966698e+03|3.230654193e+03|3.226977329e+03|4.212341471e+10|4.231680383e+10|4.252510511e+10|4.236346948e+10|8.028241699e+03|8.033948242e+03|8.040080688e+03|8.035272949e+03|1.875245226e+03
5.989298509e+05|2.085546343e+06|2.088264007e+06|2.090847607e+06|2.088735970e+06|3.219972904e+03|3.223157276e+03|3.226183624e+03|3.223692792e+03|4.205125932e+10|4.219227221e+10|4.232642596e+10|4.221656363e+10|8.026110962e+03|8.030272461e+03|8.034228882e+03|8.030974609e+03|1.875245226e+03
6.173120973e+05|2.081120229e+06|2.084336013e+06|2.086727385e+06|2.084371484e+06|3.214784550e+03|3.218554404e+03|3.221356892e+03|3.218577029e+03|4.182183748e+10|4.198849141e+10|4.211252767e+10|4.199022212e+10|8.019317261e+03|8.024254150e+03|8.027920532e+03|8.024281250e+03|1.875245226e+03
6.331539715e+05|2.076290941e+06|2.079051293e+06|2.082553007e+06|2.079517907e+06|3.209120552e+03|3.212358400e+03|3.216464365e+03|3.212882976e+03|4.157183345e+10|4.171469996e+10|4.189606271e+10|4.173868563e+10|8.011899292e+03|8.016142090e+03|8.021515991e+03|8.016827637e+03|1.875245226e+03
6.500496753e+05|2.073188513e+06|2.076044925e+06|2.078887061e+06|2.077055919e+06|3.205475677e+03|3.208831929e+03|3.212165788e+03|3.209993534e+03|4.141130706e+10|4.155910470e+10|4.170619747e+10|4.161118366e+10|8.007123901e+03|8.011522461e+03|8.015891113e+03|8.013042969e+03|1.875245226e+03
6.656688564e+05|2.069744328e+06|2.072584266e+06|2.075504539e+06|2.072617702e+06|3.201368044e+03|3.204755147e+03|3.208197925e+03|3.204758091e+03|4.123141306e+10|4.137973637e+10|4.153115737e+10|4.138071126e+10|8.001759033e+03|8.006180908e+03|8.010689087e+03|8.006192383e+03|1.875245226e+03
6.812387794e+05|2.065647437e+06|2.068913537e+06|2.072693350e+06|2.069412168e+06|3.196479941e+03|3.200376986e+03|3.204885223e+03|3.200935035e+03|4.101765761e+10|4.118804606e+10|4.138543581e+10|4.121357925e+10|7.995366089e+03|8.000461670e+03|8.006354736e+03|8.001193848e+03|1.875245226e+03
6.977635462e+05|2.062992651e+06|2.065767139e+06|2.069261019e+06|2.066677490e+06|3.193311264e+03|3.196622791e+03|3.200791502e+03|3.197685930e+03|4.087927884e+10|4.102389960e+10|4.120618451e+10|4.107116106e+10|7.991224731e+03|7.995555176e+03|8.001004395e+03|7.996943359e+03|1.875245226e+03
7.122368902e+05|2.058281058e+06|2.061130847e+06|2.065007537e+06|2.062099003e+06|3.187685339e+03|3.191088510e+03|3.195716259e+03|3.192214544e+03|4.063395469e+10|4.078229734e+10|4.098429360e+10|4.083251144e+10|7.983858154e+03|7.988315186e+03|7.994368042e+03|7.989784180e+03|1.875245226e+03
7.262396728e+05|2.054747421e+06|2.057872170e+06|2.061378259e+06|2.058911904e+06|3.183464035e+03|3.187196966e+03|3.191383915e+03|3.188419060e+03|4.045018820e+10|4.061268033e+10|4.079518201e+10|4.066669291e+10|7.978331055e+03|7.983219727e+03|7.988697876e+03|7.984816406e+03|1.875245226e+03
7.407061704e+05|2.052374077e+06|2.054181341e+06|2.056654552e+06|2.055323887e+06|3.180602172e+03|3.182787638e+03|3.185742508e+03|3.184114071e+03|4.032606227e+10|4.042076761e+10|4.054934472e+10|4.047951542e+10|7.974588379e+03|7.977443848e+03|7.981311646e+03|7.979183594e+03|1.875245226e+03
7.549901372e+05|2.047660453e+06|2.050753333e+06|2.054627162e+06|2.050952591e+06|3.174878449e+03|3.178634434e+03|3.183320340e+03|3.178835801e+03|4.007863915e+10|4.024094056e+10|4.044393825e+10|4.025074176e+10|7.967108398e+03|7.972017334e+03|7.978141968e+03|7.972281738e+03|1.875245226e+03
7.690645058e+05|2.043793448e+06|2.046910387e+06|2.050949876e+06|2.047993305e+06|3.170180640e+03|3.173967387e+03|3.178873071e+03|3.175245752e+03|3.987595459e+10|4.003930991e+10|4.025126123e+10|4.009570780e+10|7.960963501e+03|7.965916992e+03|7.972328857e+03|7.967587402e+03|1.875245226e+03
7.831774922e+05|2.039517787e+06|2.042778607e+06|2.047268044e+06|2.043455296e+06|3.164984135e+03|3.168947446e+03|3.174401821e+03|3.169751228e+03|3.965214949e+10|3.982279800e+10|4.005806265e+10|3.985822325e+10|7.954165039e+03|7.959351074e+03|7.966484375e+03|7.960399902e+03|1.875245226e+03
7.962141455e+05|2.037190461e+06|2.039551155e+06|2.042086404e+06|2.040017727e+06|3.162154583e+03|3.165024698e+03|3.168106235e+03|3.165563836e+03|3.953046040e+10|3.965389478e+10|3.978655767e+10|3.967808622e+10|7.950463257e+03|7.954218750e+03|7.958250122e+03|7.954922363e+03|1.875245226e+03
8.092862452e+05|2.032363169e+06|2.035358109e+06|2.039141236e+06|2.036405511e+06|3.156245086e+03|3.159926325e+03|3.164526372e+03|3.161161634e+03|3.927712478e+10|3.943471494e+10|3.963245481e+10|3.948881807e+10|7.942733887e+03|7.947540283e+03|7.953568604e+03|7.949163574e+03|1.875245226e+03
8.226986199e+05|2.029248996e+06|2.031802149e+06|2.034881301e+06|2.032345939e+06|3.152397102e+03|3.155551958e+03|3.159346412e+03|3.156186140e+03|3.911281808e+10|3.924751271e+10|3.940981115e+10|3.927558249e+10|7.937702881e+03|7.941825684e+03|7.946783936e+03|7.942656250e+03|1.875245226e+03
8.346926337e+05|2.025811954e+06|2.029006389e+06|2.033628975e+06|2.028937124e+06|3.148148766e+03|3.152097279e+03|3.157808815e+03|3.151975440e+03|3.893166912e+10|3.910002456e+10|3.934395712e+10|3.909598238e+10|7.932152344e+03|7.937314209e+03|7.944772949e+03|7.937152344e+03|1.875245226e+03
8.476202291e+05|2.022378372e+06|2.026397053e+06|2.029694418e+06|2.026836490e+06|3.143903241e+03|3.148872082e+03|3.152947556e+03|3.149394797e+03|3.875090554e+10|3.896249181e+10|3.913630864e+10|3.898553644e+10|7.926598755e+03|7.933097656e+03|7.938424805e+03|7.933778809e+03|1.875245226e+03
8.602522579e+05|2.019414788e+06|2.022171630e+06|2.025401290e+06|2.022966035e+06|3.140237667e+03|3.143647564e+03|3.147641072e+03|3.144608101e+03|3.859506519e+10|3.874002798e+10|3.891003825e+10|3.878173530e+10|7.921804077e+03|7.926265137e+03|7.931490112e+03|7.927518066e+03|1.875245226e+03
8.720734347e+05|2.015707975e+06|2.018922637e+06|2.022599164e+06|2.019412777e+06|3.135651264e+03|3.139628833e+03|3.144176286e+03|3.140196901e+03|3.840034848e+10|3.856919864e+10|3.876252354e+10|3.859447835e+10|7.915795532e+03|7.921007324e+03|7.926958252e+03|7.921749512e+03|1.875245226e+03
8.844821635e+05|2.012275978e+06|2.015639287e+06|2.019938554e+06|2.017078096e+06|3.131335329e+03|3.135566261e+03|3.140885579e+03|3.137280759e+03|3.821819441e+10|3.839674366e+10|3.862259705e+10|3.847117934e+10|7.910160034e+03|7.915687744e+03|7.922653198e+03|7.917935059e+03|1.875245226e+03
8.963080659e+05|2.008283364e+06|2.011219223e+06|2.014868659e+06|2.011830312e+06|3.126303981e+03|3.130003827e+03|3.134601514e+03|3.130725437e+03|3.800627413e+10|3.816207340e+10|3.835596003e+10|3.819376878e+10|7.903591553e+03|7.908424316e+03|7.914422485e+03|7.909367676e+03|1.875245226e+03
9.078741731e+05|2.005202135e+06|2.007921834e+06|2.014611543e+06|2.010071917e+06|3.122419826e+03|3.125848300e+03|3.134277640e+03|3.128507978e+03|3.784293190e+10|3.798709968e+10|3.834229328e+10|3.810052473e+10|7.898510742e+03|7.902992432e+03|7.914004395e+03|7.906470215e+03|1.875245226e+03
9.201554431e+05|2.000825677e+06|2.004693817e+06|2.007539777e+06|2.004879394e+06|3.116900971e+03|3.121778938e+03|3.125366730e+03|3.121992087e+03|3.761123081e+10|3.781600191e+10|3.796683902e+10|3.782574497e+10|7.891292480e+03|7.897675537e+03|7.902364990e+03|7.897951172e+03|1.875245226e+03
9.322444652e+05|1.997539645e+06|2.000855324e+06|2.003805423e+06|2.000726613e+06|3.112755667e+03|3.116938362e+03|3.120658776e+03|3.116741920e+03|3.743749675e+10|3.761279944e+10|3.776894738e+10|3.760556649e+10|7.885868286e+03|7.891343262e+03|7.896212280e+03|7.891086426e+03|1.875245226e+03
9.425799682e+05|1.993582203e+06|1.996227249e+06|1.999324936e+06|1.996858024e+06|3.107695707e+03|3.111089522e+03|3.115007959e+03|3.111841207e+03|3.722641753e+10|3.736783892e+10|3.753186051e+10|3.740029945e+10|7.879263794e+03|7.883688477e+03|7.888818115e+03|7.884680176e+03|1.875245226e+03
9.536319133e+05|1.990501679e+06|1.994889141e+06|1.998901264e+06|1.995142254e+06|3.103742133e+03|3.109372716e+03|3.114473490e+03|3.109641911e+03|3.706188588e+10|3.729627796e+10|3.750946220e+10|3.730877150e+10|7.874095825e+03|7.881449707e+03|7.888117798e+03|7.881805664e+03|1.875245226e+03
9.635086640e+05|1.985716107e+06|1.989612811e+06|1.995499709e+06|1.990551818e+06|3.097598139e+03|3.102601151e+03|3.110156106e+03|3.103774476e+03|3.680670253e+10|3.701445522e+10|3.732892624e+10|3.706431993e+10|7.866068604e+03|7.872608398e+03|7.882474487e+03|7.874138672e+03|1.875245226e+03
9.756843187e+05|1.983064909e+06|1.986908347e+06|1.992020615e+06|1.987912155e+06|3.094193251e+03|3.099129051e+03|3.105691685e+03|3.100392373e+03|3.666554364e+10|3.687023854e+10|3.714298925e+10|3.692366984e+10|7.861614624e+03|7.868070312e+03|7.876642334e+03|7.869718262e+03|1.875245226e+03
9.867685659e+05|1.979117570e+06|1.982712446e+06|1.987201208e+06|1.983202313e+06|3.089122258e+03|3.093740524e+03|3.099505078e+03|3.094343371e+03|3.645564014e+10|3.664678906e+10|3.688584930e+10|3.667261302e+10|7.854978882e+03|7.861024170e+03|7.868561279e+03|7.861812012e+03|1.875245226e+03
9.984030958e+05|1.975344382e+06|1.979774542e+06|1.984929883e+06|1.981274810e+06|3.084207034e+03|3.089966369e+03|3.096588485e+03|3.091846137e+03|3.625314586e+10|3.649055344e+10|3.676482489e+10|3.656959612e+10|7.848563354e+03|7.856085938e+03|7.864749390e+03|7.858548340e+03|1.875245226e+03
1.008526888e+06|1.971360041e+06|1.976272577e+06|1.981140407e+06|1.976538788e+06|3.078998243e+03|3.085420235e+03|3.091721141e+03|3.085705709e+03|3.603909705e+10|3.630305842e+10|3.656316711e+10|3.631624023e+10|7.841763428e+03|7.850145996e+03|7.858380737e+03|7.850523926e+03|1.875245226e+03
1.018710971e+06|1.967456971e+06|1.971261521e+06|1.975455176e+06|1.972007673e+06|3.073894030e+03|3.078869425e+03|3.084351852e+03|3.079812408e+03|3.582974243e+10|3.603380862e+10|3.625910294e+10|3.607357466e+10|7.835090942e+03|7.841594971e+03|7.848754761e+03|7.842823242e+03|1.875245226e+03
1.028519307e+06|1.966667201e+06|1.970666134e+06|1.976823561e+06|1.971590041e+06|3.072861021e+03|3.078090912e+03|3.086140354e+03|3.079272006e+03|3.578741852e+10|3.600185337e+10|3.633269555e+10|3.605129325e+10|7.833740723e+03|7.840577148e+03|7.851084473e+03|7.842117676e+03|1.875245226e+03
1.038426321e+06|1.960544669e+06|1.965219624e+06|1.969222167e+06|1.965777570e+06|3.064850481e+03|3.070967421e+03|3.076202661e+03|3.071655877e+03|3.545977978e+10|3.570987990e+10|3.592438389e+10|3.573935478e+10|7.823262695e+03|7.831262451e+03|7.838109009e+03|7.832164551e+03|1.875245226e+03
1.050026516e+06|1.957084293e+06|1.960859329e+06|1.967238460e+06|1.962137747e+06|3.060237121e+03|3.065262272e+03|3.073608229e+03|3.066871032e+03|3.527230679e+10|3.547659994e+10|3.581803061e+10|3.554373494e+10|7.817244019e+03|7.823797607e+03|7.834717896e+03|7.825910645e+03|1.875245226e+03
1.059982663e+06|1.953255212e+06|1.957425759e+06|1.961443043e+06|1.958145768e+06|3.055126506e+03|3.060692798e+03|3.066026141e+03|3.061599980e+03|3.506503806e+10|3.529080683e+10|3.550780693e+10|3.532884006e+10|7.810571045e+03|7.817835693e+03|7.824799438e+03|7.819024902e+03|1.875245226e+03
1.070982676e+06|1.950063806e+06|1.954251076e+06|1.958733288e+06|1.954410909e+06|3.050865865e+03|3.056455808e+03|3.062437558e+03|3.056643187e+03|3.489254450e+10|3.511891227e+10|3.536166836e+10|3.512738574e+10|7.805007080e+03|7.812310059e+03|7.820115356e+03|7.812549316e+03|1.875245226e+03
1.081135460e+06|1.944964150e+06|1.949637261e+06|1.956453979e+06|1.950355946e+06|3.044055519e+03|3.050296334e+03|3.059395951e+03|3.051210322e+03|3.461739932e+10|3.486950790e+10|3.523816430e+10|3.490793940e+10|7.796104858e+03|7.804261719e+03|7.816144531e+03|7.805452637e+03|1.875245226e+03
1.090028052e+06|1.943426652e+06|1.947833993e+06|1.954014874e+06|1.949211210e+06|3.042001751e+03|3.047888378e+03|3.056140530e+03|3.049677043e+03|3.453456460e+10|3.477216364e+10|3.510613156e+10|3.484604297e+10|7.793412231e+03|7.801113037e+03|7.811895142e+03|7.803448730e+03|1.875245226e+03
1.099326851e+06|1.940376724e+06|1.944579132e+06|1.949468802e+06|1.945024416e+06|3.037870108e+03|3.043541239e+03|3.050071400e+03|3.044060703e+03|3.436854005e+10|3.459665088e+10|3.486041108e+10|3.461940820e+10|7.788021606e+03|7.795429199e+03|7.803967407e+03|7.796111328e+03|1.875245226e+03
1.109412430e+06|1.937630170e+06|1.941299049e+06|1.946098387e+06|1.942149795e+06|3.034134391e+03|3.039124448e+03|3.045570462e+03|3.040205496e+03|3.421875271e+10|3.441888199e+10|3.467854349e+10|3.446374121e+10|7.783145508e+03|7.789660400e+03|7.798081787e+03|7.791075684e+03|1.875245226e+03
1.119021413e+06|1.932928438e+06|1.937175573e+06|1.941546185e+06|1.938209454e+06|3.027737731e+03|3.033516006e+03|3.039460536e+03|3.034883770e+03|3.396278060e+10|3.419397835e+10|3.443237418e+10|3.424984714e+10|7.774796631e+03|7.782337402e+03|7.790094604e+03|7.784125000e+03|1.875245226e+03
1.128893325e+06|1.928601150e+06|1.932068458e+06|1.938708034e+06|1.933636067e+06|3.021848692e+03|3.026567516e+03|3.035600528e+03|3.028657900e+03|3.372770008e+10|3.391602197e+10|3.427751351e+10|3.400095312e+10|7.767094849e+03|7.773266357e+03|7.785062134e+03|7.775993164e+03|1.875245226e+03
1.138697098e+06|1.924850066e+06|1.929262897e+06|1.934840529e+06|1.930124205e+06|3.016726751e+03|3.022749380e+03|3.030339358e+03|3.023862834e+03|3.352379545e+10|3.376361759e+10|3.406680537e+10|3.380965807e+10|7.760398315e+03|7.768274414e+03|7.778190552e+03|7.769728516e+03|1.875245226e+03
1.148405483e+06|1.921981455e+06|1.926012545e+06|1.932267555e+06|1.926890547e+06|3.012747162e+03|3.018325011e+03|3.026838436e+03|3.019454123e+03|3.336606860e+10|3.358730455e+10|3.392684716e+10|3.363355585e+10|7.755208862e+03|7.762484619e+03|7.773616333e+03|7.763970215e+03|1.875245226e+03
1.157081433e+06|1.919862906e+06|1.923152508e+06|1.928297407e+06|1.924493461e+06|3.009807687e+03|3.014371833e+03|3.021435261e+03|3.016152628e+03|3.324972111e+10|3.343043152e+10|3.371121762e+10|3.350255548e+10|7.751375000e+03|7.757328613e+03|7.766555908e+03|7.759657715e+03|1.875245226e+03
1.164634953e+06|1.917035352e+06|1.922003940e+06|1.928176757e+06|1.922491726e+06|3.005883890e+03|3.012778356e+03|3.021271038e+03|3.013383545e+03|3.309462023e+10|3.336730464e+10|3.370467126e+10|3.339290684e+10|7.746249146e+03|7.755248535e+03|7.766339722e+03|7.756041992e+03|1.875245226e+03
1.174524984e+06|1.913560924e+06|1.918193196e+06|1.923804779e+06|1.919147741e+06|3.001061515e+03|3.007490711e+03|3.015276714e+03|3.008776634e+03|3.290432724e+10|3.315810628e+10|3.346629748e+10|3.321011465e+10|7.739950317e+03|7.748346191e+03|7.758506470e+03|7.750024414e+03|1.875245226e+03
1.184567006e+06|1.909490856e+06|1.913252775e+06|1.918272722e+06|1.913834290e+06|2.995411135e+03|3.000633768e+03|3.007601070e+03|3.001412162e+03|3.268182437e+10|3.288746564e+10|3.316246809e+10|3.291901703e+10|7.732562012e+03|7.739389404e+03|7.748489990e+03|7.740404785e+03|1.875245226e+03
1.193794632e+06|1.906375270e+06|1.910750823e+06|1.915473987e+06|1.911236882e+06|2.991023936e+03|2.997160458e+03|3.003716897e+03|2.997792211e+03|3.250981028e+10|3.275065846e+10|3.300906530e+10|3.277645041e+10|7.726833252e+03|7.734847900e+03|7.743419800e+03|7.735676270e+03|1.875245226e+03
1.203588372e+06|1.902857121e+06|1.906843827e+06|1.910835072e+06|1.907176998e+06|2.986036633e+03|2.991688086e+03|2.997277432e+03|2.992083602e+03|3.231486214e+10|3.253580436e+10|3.275526018e+10|3.255277216e+10|7.720325684e+03|7.727702393e+03|7.735003296e+03|7.728221680e+03|1.875245226e+03
1.213066424e+06|1.899567918e+06|1.903035214e+06|1.906941489e+06|1.903525167e+06|2.981373077e+03|2.986289118e+03|2.991826521e+03|2.986946649e+03|3.213292034e+10|3.232472226e+10|3.254121926e+10|3.235140943e+10|7.714238159e+03|7.720657227e+03|7.727879028e+03|7.721514160e+03|1.875245226e+03
1.221533653e+06|1.895529074e+06|1.898017253e+06|1.903120790e+06|1.899041296e+06|2.975645585e+03|2.979174213e+03|2.986410438e+03|2.980590067e+03|3.190993644e+10|3.204725346e+10|3.232946080e+10|3.210357831e+10|7.706757812e+03|7.711366455e+03|7.720817505e+03|7.713212891e+03|1.875245226e+03
1.229942416e+06|1.892533533e+06|1.897550894e+06|1.902438324e+06|1.897449275e+06|2.971396840e+03|2.978512879e+03|2.985442890e+03|2.978339201e+03|3.174485857e+10|3.202150203e+10|3.229167934e+10|3.201575575e+10|7.701199341e+03|7.710505127e+03|7.719555786e+03|7.710272949e+03|1.875245226e+03
1.237325569e+06|1.889656903e+06|1.893772764e+06|1.899871849e+06|1.895216376e+06|2.967266761e+03|2.973154591e+03|2.981804034e+03|2.975152645e+03|3.158490644e+10|3.181311817e+10|3.214971924e+10|3.189208050e+10|7.695811279e+03|7.703498779e+03|7.714800903e+03|7.706109863e+03|1.875245226e+03
1.245394589e+06|1.886943475e+06|1.891605112e+06|1.895617281e+06|1.891040846e+06|2.963357000e+03|2.970073639e+03|2.975770684e+03|2.969194994e+03|3.143379841e+10|3.169353668e+10|3.191480142e+10|3.166072678e+10|7.690708252e+03|7.699468262e+03|7.706918945e+03|7.698330078e+03|1.875245226e+03
1.256260245e+06|1.881647869e+06|1.885294120e+06|1.890656630e+06|1.886441606e+06|2.955725257e+03|2.960980228e+03|2.968707145e+03|2.962585691e+03|3.113954304e+10|3.134205770e+10|3.164063557e+10|3.140524941e+10|7.680733765e+03|7.687603271e+03|7.697686646e+03|7.689698730e+03|1.875245226e+03
1.264896973e+06|1.879291089e+06|1.883479842e+06|1.887894970e+06|1.883865873e+06|2.952303368e+03|2.958365598e+03|2.964728056e+03|2.958881119e+03|3.100806432e+10|3.124124003e+10|3.148676045e+10|3.126208423e+10|7.676269775e+03|7.684187256e+03|7.692497070e+03|7.684860840e+03|1.875245226e+03
1.273860982e+06|1.875179655e+06|1.881041493e+06|1.885977848e+06|1.880720350e+06|2.946276320e+03|2.954851268e+03|2.961965522e+03|2.954297743e+03|3.077728163e+10|3.110590417e+10|3.138007802e+10|3.108627316e+10|7.668401001e+03|7.679594238e+03|7.688890991e+03|7.678876465e+03|1.875245226e+03
1.283147399e+06|1.871702654e+06|1.876580677e+06|1.881524439e+06|1.877195017e+06|2.941178610e+03|2.948330211e+03|2.955547356e+03|2.949167941e+03|3.058253668e+10|3.085586249e+10|3.113269483e+10|3.088938225e+10|7.661746704e+03|7.671083252e+03|7.680501709e+03|7.672177734e+03|1.875245226e+03
1.291244482e+06|1.868557609e+06|1.873989736e+06|1.878005710e+06|1.874373665e+06|2.936559970e+03|2.944531821e+03|2.950419197e+03|2.945044428e+03|3.040647862e+10|3.071059269e+10|3.093585496e+10|3.073147601e+10|7.655710205e+03|7.666125244e+03|7.673809570e+03|7.666792480e+03|1.875245226e+03
1.298092709e+06|1.866553171e+06|1.869387918e+06|1.874096649e+06|1.870463742e+06|2.933582722e+03|2.937784573e+03|2.944688567e+03|2.939309772e+03|3.029328247e+10|3.045310790e+10|3.071658182e+10|3.051235757e+10|7.651826660e+03|7.657311523e+03|7.666330078e+03|7.659305664e+03|1.875245226e+03
1.305820060e+06|1.864731478e+06|1.869008912e+06|1.872318749e+06|1.869116346e+06|2.930876757e+03|2.937228819e+03|2.942081926e+03|2.937312826e+03|3.019052599e+10|3.043193229e+10|3.061701529e+10|3.043652031e+10|7.648297974e+03|7.656583984e+03|7.662925049e+03|7.656698730e+03|1.875245226e+03
1.314300996e+06|1.859912900e+06|1.865382403e+06|1.870265254e+06|1.865326440e+06|2.923718485e+03|2.931843667e+03|2.939071021e+03|2.931716226e+03|2.991926587e+10|3.022722908e+10|3.050214355e+10|3.022349473e+10|7.638951050e+03|7.649556641e+03|7.658990601e+03|7.649392090e+03|1.875245226e+03
1.323215814e+06|1.857437982e+06|1.861115912e+06|1.866021350e+06|1.861814881e+06|2.920034755e+03|2.925505724e+03|2.932792764e+03|2.926494603e+03|2.978003157e+10|2.998691478e+10|3.026327258e+10|3.002558239e+10|7.634136108e+03|7.641284912e+03|7.650796631e+03|7.642573242e+03|1.875245226e+03
1.331755304e+06|1.852983266e+06|1.857489716e+06|1.860964777e+06|1.857158713e+06|2.913302250e+03|2.920112937e+03|2.925281197e+03|2.919539836e+03|2.952663204e+10|2.978297854e+10|2.997841250e+10|2.976261874e+10|7.625352417e+03|7.634236084e+03|7.640988525e+03|7.633493652e+03|1.875245226e+03
1.340558211e+06|1.848219321e+06|1.852878229e+06|1.860315371e+06|1.854032349e+06|2.906101708e+03|2.913143496e+03|2.924316419e+03|2.914810786e+03|2.925643365e+10|2.952066704e+10|2.994189182e+10|2.958508776e+10|7.615950195e+03|7.625144043e+03|7.639731323e+03|7.627319824e+03|1.875245226e+03
1.350636940e+06|1.844621450e+06|1.850233482e+06|1.855124401e+06|1.850310975e+06|2.900619554e+03|2.909146131e+03|2.916538270e+03|2.909206045e+03|2.905140957e+10|2.937057108e+10|2.964833801e+10|2.937415439e+10|7.608788696e+03|7.619925781e+03|7.629577271e+03|7.620002930e+03|1.875245226e+03
1.357879632e+06|1.842498959e+06|1.847206634e+06|1.851769025e+06|1.847067996e+06|2.897365690e+03|2.904570972e+03|2.911467034e+03|2.904300700e+03|2.893000781e+10|2.919910312e+10|2.945768535e+10|2.919001894e+10|7.604547485e+03|7.613948242e+03|7.622954956e+03|7.613598633e+03|1.875245226e+03
1.364466998e+06|1.840520116e+06|1.845248422e+06|1.848906096e+06|1.845163076e+06|2.894331958e+03|2.901580710e+03|2.907139790e+03|2.901381266e+03|2.881697739e+10|2.908730390e+10|2.929533486e+10|2.908125405e+10|7.600586670e+03|7.610044189e+03|7.617303589e+03|7.609785645e+03|1.875245226e+03
1.371280814e+06|1.837896094e+06|1.843457902e+06|1.847533722e+06|1.843052839e+06|2.890308988e+03|2.898835799e+03|2.905065388e+03|2.898163074e+03|2.866732539e+10|2.898483589e+10|2.921761625e+10|2.896098168e+10|7.595328247e+03|7.606464600e+03|7.614594849e+03|7.605584961e+03|1.875245226e+03
1.379112079e+06|1.835299686e+06|1.840481207e+06|1.845617806e+06|1.840193245e+06|2.886315701e+03|2.894272306e+03|2.902146977e+03|2.893772000e+03|2.851909221e+10|2.881475737e+10|2.910845798e+10|2.879750116e+10|7.590114014e+03|7.600505859e+03|7.610782227e+03|7.599852539e+03|1.875245226e+03
1.388634653e+06|1.832364519e+06|1.837400837e+06|1.841766945e+06|1.837228845e+06|2.881738955e+03|2.889549677e+03|2.896243460e+03|2.889205045e+03|2.834975188e+10|2.863911002e+10|2.888817796e+10|2.862782276e+10|7.584144043e+03|7.594340576e+03|7.603080078e+03|7.593889160e+03|1.875245226e+03
1.396429106e+06|1.826462201e+06|1.832522718e+06|1.836806343e+06|1.832193737e+06|2.872535399e+03|2.881985633e+03|2.888638215e+03|2.881425338e+03|2.801025696e+10|2.835887032e+10|2.860525361e+10|2.833926175e+10|7.572125000e+03|7.584464600e+03|7.593146729e+03|7.583732422e+03|1.875245226e+03
1.405207299e+06|1.820248469e+06|1.826547247e+06|1.832446284e+06|1.826263043e+06|2.862727814e+03|2.872668015e+03|2.881866451e+03|2.872145414e+03|2.765032571e+10|2.801513879e+10|2.835446469e+10|2.799734878e+10|7.559323364e+03|7.572297363e+03|7.584309570e+03|7.571618164e+03|1.875245226e+03
1.415035143e+06|1.818638224e+06|1.822121901e+06|1.827022156e+06|1.822869439e+06|2.860177508e+03|2.865694976e+03|2.873408555e+03|2.866825880e+03|2.755701837e+10|2.775902319e+10|2.804240443e+10|2.780155643e+10|7.555998047e+03|7.563197998e+03|7.573266479e+03|7.564673340e+03|1.875245226e+03
1.423345578e+06|1.814958740e+06|1.819810905e+06|1.824595725e+06|1.819382919e+06|2.854349889e+03|2.862034799e+03|2.869613079e+03|2.861309071e+03|2.734422529e+10|2.762495899e+10|2.790278565e+10|2.759954483e+10|7.548379761e+03|7.558420166e+03|7.568309326e+03|7.557471191e+03|1.875245226e+03
1.429918326e+06|1.810925405e+06|1.818295095e+06|1.822185603e+06|1.816655279e+06|2.847865864e+03|2.859634063e+03|2.865795868e+03|2.856944249e+03|2.710837442e+10|2.753714962e+10|2.776272179e+10|2.744065509e+10|7.539920044e+03|7.555284668e+03|7.563329712e+03|7.551771973e+03|1.875245226e+03
1.435709081e+06|1.810272807e+06|1.815173376e+06|1.819818769e+06|1.815458525e+06|2.846814975e+03|2.854689935e+03|2.862047255e+03|2.855052242e+03|2.707022102e+10|2.735662482e+10|2.762541638e+10|2.737139848e+10|7.538549805e+03|7.548824707e+03|7.558436279e+03|7.549301270e+03|1.875245226e+03
1.442230438e+06|1.807989319e+06|1.813539815e+06|1.818359570e+06|1.813628853e+06|2.843137908e+03|2.852075982e+03|2.859736178e+03|2.852114734e+03|2.693686376e+10|2.726141377e+10|2.754088528e+10|2.726466638e+10|7.533751099e+03|7.545413086e+03|7.555418457e+03|7.545467285e+03|1.875245226e+03
1.449729336e+06|1.805904118e+06|1.810744050e+06|1.815775023e+06|1.810471486e+06|2.839780241e+03|2.847573824e+03|2.855642809e+03|2.847060626e+03|2.681528763e+10|2.709776922e+10|2.739138388e+10|2.708073546e+10|7.529361450e+03|7.539539062e+03|7.550072021e+03|7.538868164e+03|1.875245226e+03
1.457946940e+06|1.801168844e+06|1.807173877e+06|1.811704022e+06|1.806561233e+06|2.832081411e+03|2.841824841e+03|2.849119696e+03|2.840757410e+03|2.653741797e+10|2.688929437e+10|2.715391939e+10|2.685222820e+10|7.519310791e+03|7.532034668e+03|7.541557617e+03|7.530637695e+03|1.875245226e+03
1.465873744e+06|1.798874149e+06|1.803875409e+06|1.810346353e+06|1.804219206e+06|2.828330334e+03|2.836506008e+03|2.846933407e+03|2.836955945e+03|2.640245924e+10|2.669692973e+10|2.707451996e+10|2.671490147e+10|7.514416138e+03|7.525085205e+03|7.538706055e+03|7.525675781e+03|1.875245226e+03
1.475026886e+06|1.795544308e+06|1.800277641e+06|1.805383754e+06|1.800152809e+06|2.822872141e+03|2.830624562e+03|2.838942343e+03|2.830342815e+03|2.620649853e+10|2.648497212e+10|2.678497259e+10|2.647623285e+10|7.507286865e+03|7.517409180e+03|7.528270142e+03|7.517040527e+03|1.875245226e+03
1.484933702e+06|1.790307752e+06|1.796587817e+06|1.802637224e+06|1.795718885e+06|2.814182257e+03|2.824590443e+03|2.834481834e+03|2.823055076e+03|2.589536823e+10|2.626814066e+10|2.662391294e+10|2.621451503e+10|7.495942627e+03|7.509528809e+03|7.522441895e+03|7.507525391e+03|1.875245226e+03
1.493356533e+06|1.787832022e+06|1.791951066e+06|1.795326192e+06|1.791311545e+06|2.810060946e+03|2.816918041e+03|2.822512984e+03|2.815797806e+03|2.574824376e+10|2.599319875e+10|2.619362104e+10|2.595410840e+10|7.490562012e+03|7.499512939e+03|7.506815552e+03|7.498049805e+03|1.875245226e+03
1.499605743e+06|1.787262080e+06|1.791753490e+06|1.795278740e+06|1.790313413e+06|2.809112221e+03|2.816589109e+03|2.822434848e+03|2.814121092e+03|2.571441993e+10|2.598142895e+10|2.619081951e+10|2.589444750e+10|7.489326294e+03|7.499086914e+03|7.506713135e+03|7.495861328e+03|1.875245226e+03
1.505392647e+06|1.782740488e+06|1.787440280e+06|1.792166776e+06|1.787251869e+06|2.801546682e+03|2.809408852e+03|2.817277166e+03|2.809017923e+03|2.544510779e+10|2.572499471e+10|2.600605101e+10|2.571231104e+10|7.479440186e+03|7.489711670e+03|7.499983398e+03|7.489199219e+03|1.875245226e+03
1.510883249e+06|1.781830744e+06|1.786732529e+06|1.790546295e+06|1.786139391e+06|2.800003525e+03|2.808230745e+03|2.814579372e+03|2.807173190e+03|2.539025394e+10|2.568300523e+10|2.590956031e+10|2.564633765e+10|7.477432495e+03|7.488173340e+03|7.496464355e+03|7.486790039e+03|1.875245226e+03
1.517005902e+06|1.777100171e+06|1.784206015e+06|1.789598869e+06|1.782911715e+06|2.791980289e+03|2.804025397e+03|2.813002154e+03|2.801695790e+03|2.510576184e+10|2.553329208e+10|2.585320826e+10|2.545223452e+10|7.466956543e+03|7.482675537e+03|7.494407837e+03|7.479636719e+03|1.875245226e+03
1.525129985e+06|1.769547147e+06|1.776791662e+06|1.781860568e+06|1.776125340e+06|2.779046783e+03|2.791457102e+03|2.800054116e+03|2.790205162e+03|2.464900955e+10|2.508725064e+10|2.539205317e+10|2.504467170e+10|7.450066406e+03|7.466270264e+03|7.477497681e+03|7.464633789e+03|1.875245226e+03
1.533396327e+06|1.764397806e+06|1.769940294e+06|1.775560607e+06|1.770172636e+06|2.770174193e+03|2.779724117e+03|2.789369491e+03|2.780028232e+03|2.433717872e+10|2.467287175e+10|2.501344197e+10|2.468509799e+10|7.438464844e+03|7.450950439e+03|7.463543823e+03|7.451341309e+03|1.875245226e+03
1.542382300e+06|1.761666447e+06|1.765990473e+06|1.770060309e+06|1.765434248e+06|2.765370514e+03|2.772919784e+03|2.779930888e+03|2.771815109e+03|2.416868789e+10|2.443353461e+10|2.468015799e+10|2.439643199e+10|7.432197754e+03|7.442059570e+03|7.451218628e+03|7.440615234e+03|1.875245226e+03
1.551639955e+06|1.756547291e+06|1.762895649e+06|1.767583381e+06|1.761275725e+06|2.756369795e+03|2.767532217e+03|2.775663701e+03|2.764548567e+03|2.385418875e+10|2.424445498e+10|2.452994333e+10|2.414182523e+10|7.420441284e+03|7.435022217e+03|7.445644897e+03|7.431120605e+03|1.875245226e+03
1.559810898e+06|1.753853551e+06|1.759079558e+06|1.763917811e+06|1.758066681e+06|2.751602252e+03|2.760821739e+03|2.769329953e+03|2.758919460e+03|2.368802941e+10|2.400954745e+10|2.430753432e+10|2.394487933e+10|7.414206909e+03|7.426259033e+03|7.437365967e+03|7.423767090e+03|1.875245226e+03
1.565827541e+06|1.752975963e+06|1.757731326e+06|1.763290380e+06|1.757371950e+06|2.750034445e+03|2.758451332e+03|2.768226438e+03|2.757711175e+03|2.363338180e+10|2.392677855e+10|2.426880633e+10|2.390246803e+10|7.412163818e+03|7.423162842e+03|7.435925537e+03|7.422190430e+03|1.875245226e+03
1.570683375e+06|1.752804027e+06|1.758079488e+06|1.761972886e+06|1.756343887e+06|2.749727306e+03|2.759063444e+03|2.765909405e+03|2.755869465e+03|2.362268678e+10|2.394814495e+10|2.418756642e+10|2.383855060e+10|7.411760620e+03|7.423958740e+03|7.432901978e+03|7.419781738e+03|1.875245226e+03
1.575135306e+06|1.750799914e+06|1.756302557e+06|1.762022294e+06|1.755263244e+06|2.746147436e+03|2.755939569e+03|2.765996293e+03|2.753948480e+03|2.349812020e+10|2.383919394e+10|2.419061104e+10|2.377168821e+10|7.407081909e+03|7.419877930e+03|7.433015991e+03|7.417271973e+03|1.875245226e+03
1.579949795e+06|1.746704997e+06|1.753338903e+06|1.758504728e+06|1.752622878e+06|2.738834624e+03|2.750682819e+03|2.759811076e+03|2.749264841e+03|2.324447003e+10|2.365597386e+10|2.397424716e+10|2.360850192e+10|7.397523071e+03|7.413008789e+03|7.424937012e+03|7.411151855e+03|1.875245226e+03
1.586108108e+06|1.742358853e+06|1.749847518e+06|1.755102550e+06|1.748140255e+06|2.730944693e+03|2.744446412e+03|2.753830157e+03|2.741202312e+03|2.297152529e+10|2.343902344e+10|2.376573497e+10|2.332902371e+10|7.387214478e+03|7.404863037e+03|7.417119019e+03|7.400615234e+03|1.875245226e+03
1.594743764e+06|1.739231838e+06|1.745892145e+06|1.750698522e+06|1.743963756e+06|2.725239558e+03|2.737383295e+03|2.745966338e+03|2.733676603e+03|2.277481772e+10|2.319425903e+10|2.349182565e+10|2.306832873e+10|7.379754883e+03|7.395623047e+03|7.406850830e+03|7.390779297e+03|1.875245226e+03
1.608582489e+06|1.729605979e+06|1.735826404e+06|1.741643957e+06|1.735619988e+06|2.707464213e+03|2.719006042e+03|2.729640243e+03|2.718436639e+03|2.216470056e+10|2.256049898e+10|2.292649093e+10|2.254302251e+10|7.356506470e+03|7.371602051e+03|7.385511841e+03|7.370853516e+03|1.875245226e+03
1.626462351e+06|1.731238505e+06|1.737958863e+06|1.744296786e+06|1.738273961e+06|2.710492572e+03|2.722917536e+03|2.734481236e+03|2.723278249e+03|2.226827325e+10|2.269494763e+10|2.309379944e+10|2.270997392e+10|7.360474121e+03|7.376717285e+03|7.391835938e+03|7.377184570e+03|1.875245226e+03
1.632937989e+06|1.734434343e+06|1.741830055e+06|1.748554002e+06|1.741370034e+06|2.716422441e+03|2.729979808e+03|2.742136331e+03|2.728878598e+03|2.247165369e+10|2.293821263e+10|2.335885766e+10|2.290371612e+10|7.368224854e+03|7.385952881e+03|7.401840088e+03|7.384502441e+03|1.875245226e+03
1.636871533e+06|1.738193174e+06|1.746183438e+06|1.752772179e+06|1.744825444e+06|2.723344915e+03|2.737903384e+03|2.749670404e+03|2.735150100e+03|2.270963760e+10|2.321224832e+10|2.362070125e+10|2.312038431e+10|7.377278320e+03|7.396304443e+03|7.411689575e+03|7.392702637e+03|1.875245226e+03
1.639485215e+06|1.739734036e+06|1.749661473e+06|1.758325191e+06|1.748983817e+06|2.726155683e+03|2.744114139e+03|2.759495416e+03|2.742574818e+03|2.280635732e+10|2.342748495e+10|2.396322191e+10|2.337844321e+10|7.380955444e+03|7.404426025e+03|7.424523804e+03|7.402404785e+03|1.875245226e+03
1.641669511e+06|1.744432123e+06|1.752640372e+06|1.759809577e+06|1.750116820e+06|2.734728237e+03|2.749434946e+03|2.762105320e+03|2.744527007e+03|2.310234898e+10|2.361250071e+10|2.405441294e+10|2.344719687e+10|7.392156738e+03|7.411380859e+03|7.427934570e+03|7.404952637e+03|1.875245226e+03
1.643768441e+06|1.737656779e+06|1.749903468e+06|1.758862231e+06|1.747538143e+06|2.722366544e+03|2.744546334e+03|2.760439628e+03|2.739808630e+03|2.267601055e+10|2.344249170e+10|2.399619765e+10|2.328464889e+10|7.375993774e+03|7.404995361e+03|7.425757446e+03|7.398785156e+03|1.875245226e+03
1.646316250e+06|1.741409893e+06|1.750475331e+06|1.759190566e+06|1.748719499e+06|2.729213168e+03|2.745567700e+03|2.761016923e+03|2.741936544e+03|2.291175266e+10|2.347797259e+10|2.401636998e+10|2.335837639e+10|7.384948608e+03|7.406329590e+03|7.426514404e+03|7.401566895e+03|1.875245226e+03
1.649068134e+06|1.742206690e+06|1.754685867e+06|1.766449835e+06|1.751557642e+06|2.730667037e+03|2.753088013e+03|2.773711050e+03|2.746958327e+03|2.296193649e+10|2.373984979e+10|2.446132142e+10|2.353351556e+10|7.386850342e+03|7.416148193e+03|7.443094971e+03|7.408127441e+03|1.875245226e+03
1.652663497e+06|1.742980216e+06|1.752285910e+06|1.762558918e+06|1.751417620e+06|2.732078553e+03|2.748801752e+03|2.766940015e+03|2.746921925e+03|2.301070128e+10|2.359045351e+10|2.422368892e+10|2.352955253e+10|7.388695435e+03|7.410552002e+03|7.434249023e+03|7.408084961e+03|1.875245226e+03
1.658559210e+06|1.738774708e+06|1.748798351e+06|1.762419153e+06|1.750110918e+06|2.724405672e+03|2.742572753e+03|2.766694218e+03|2.744481137e+03|2.274611947e+10|2.337402084e+10|2.421507245e+10|2.344609914e+10|7.378666748e+03|7.402412354e+03|7.433927368e+03|7.404893066e+03|1.875245226e+03
1.701184477e+06|1.605230129e+06|1.610114748e+06|1.734486755e+06|1.645823950e+06|2.430141646e+03|2.443580463e+03|2.716519797e+03|2.518415194e+03|1.321197778e+10|1.362207024e+10|2.247503155e+10|1.608457995e+10|6.991206299e+03|7.009070557e+03|7.368353271e+03|7.107397949e+03|1.875245226e+03
1.717814920e+06|1.600641402e+06|1.604288548e+06|1.608257179e+06|1.604371044e+06|2.417239657e+03|2.427523311e+03|2.438567901e+03|2.427548444e+03|1.282105283e+10|1.313256103e+10|1.346935193e+10|1.313521333e+10|6.974031372e+03|6.987718506e+03|7.002402466e+03|6.987736816e+03|1.875245226e+03
1.719921764e+06|1.601716246e+06|1.604997269e+06|1.609052676e+06|1.605457406e+06|2.420310792e+03|2.429493985e+03|2.440722389e+03|2.430602288e+03|1.291423857e+10|1.319230744e+10|1.353498259e+10|1.322777865e+10|6.978115356e+03|6.990342529e+03|7.005267578e+03|6.991801758e+03|1.875245226e+03
1.721299190e+06|1.600745008e+06|1.603029473e+06|1.606297104e+06|1.603000579e+06|2.417535611e+03|2.424024115e+03|2.433110210e+03|2.423702175e+03|1.283001667e+10|1.302684556e+10|1.330233555e+10|1.301851786e+10|6.974423218e+03|6.983059570e+03|6.995154053e+03|6.982618164e+03|1.875245226e+03
1.722569310e+06|1.597388896e+06|1.600785664e+06|1.607457707e+06|1.602043910e+06|2.407957479e+03|2.417651747e+03|2.436341154e+03|2.420929763e+03|1.254172885e+10|1.283353447e+10|1.340106978e+10|1.293521309e+10|6.961655029e+03|6.974575684e+03|6.999446167e+03|6.978920410e+03|1.875245226e+03
1.723892819e+06|1.597285509e+06|1.602872944e+06|1.605781099e+06|1.602093461e+06|2.407662708e+03|2.423589251e+03|2.431674359e+03|2.421090174e+03|1.253291493e+10|1.301374035e+10|1.325858737e+10|1.293979227e+10|6.961260742e+03|6.982480957e+03|6.993240967e+03|6.979135742e+03|1.875245226e+03
1.725007107e+06|1.596840426e+06|1.600525123e+06|1.604744189e+06|1.600358192e+06|2.406393166e+03|2.416907515e+03|2.428790200e+03|2.416165745e+03|1.249492257e+10|1.281099548e+10|1.317095591e+10|1.279083519e+10|6.959565796e+03|6.973586426e+03|6.989405029e+03|6.972578125e+03|1.875245226e+03
1.725998754e+06|1.593816362e+06|1.600468300e+06|1.604035575e+06|1.599345806e+06|2.397430376e+03|2.416745216e+03|2.426820074e+03|2.413240222e+03|1.222489069e+10|1.280608357e+10|1.311127786e+10|1.270266086e+10|6.947617798e+03|6.973370117e+03|6.986784668e+03|6.968678223e+03|1.875245226e+03
1.727105941e+06|1.597180820e+06|1.599665128e+06|1.604973401e+06|1.599869422e+06|2.407364240e+03|2.414451738e+03|2.429427608e+03|2.414714329e+03|1.252398910e+10|1.273678810e+10|1.319029310e+10|1.274729077e+10|6.960862549e+03|6.970316895e+03|6.990256226e+03|6.970641113e+03|1.875245226e+03
1.728498225e+06|1.595291955e+06|1.598798608e+06|1.601365475e+06|1.598239527e+06|2.401804534e+03|2.411978520e+03|2.419308364e+03|2.410066554e+03|1.235627961e+10|1.266230118e+10|1.288378584e+10|1.260702552e+10|6.953453491e+03|6.967017090e+03|6.976783325e+03|6.964448730e+03|1.875245226e+03
1.730014836e+06|1.590079892e+06|1.596936132e+06|1.601689126e+06|1.595425709e+06|2.386260589e+03|2.406666692e+03|2.420233278e+03|2.401584974e+03|1.189137524e+10|1.250311242e+10|1.291188184e+10|1.235404912e+10|6.932699707e+03|6.959935791e+03|6.978017212e+03|6.953117676e+03|1.875245226e+03
1.731589392e+06|1.592363058e+06|1.595750291e+06|1.599981895e+06|1.595253303e+06|2.393126121e+03|2.403163998e+03|2.415356161e+03|2.401320200e+03|1.209639088e+10|1.239727939e+10|1.276409083e+10|1.234432146e+10|6.941872070e+03|6.955262695e+03|6.971520996e+03|6.952781738e+03|1.875245226e+03
1.733240997e+06|1.589018809e+06|1.594583143e+06|1.597850952e+06|1.593733623e+06|2.383027192e+03|2.399702965e+03|2.409275093e+03|2.396591330e+03|1.179480903e+10|1.229306950e+10|1.258116543e+10|1.220428593e+10|6.928381226e+03|6.950650635e+03|6.963414551e+03|6.946454590e+03|1.875245226e+03
1.735358122e+06|1.579950336e+06|1.585015501e+06|1.593718344e+06|1.586199074e+06|2.354611837e+03|2.370728279e+03|2.397139954e+03|2.373692607e+03|1.095486905e+10|1.143041040e+10|1.221619532e+10|1.152239566e+10|6.890347534e+03|6.911933350e+03|6.947230347e+03|6.915851074e+03|1.875245226e+03
1.743859990e+06|1.574738443e+06|1.581768120e+06|1.590476199e+06|1.581995382e+06|2.337443142e+03|2.360451204e+03|2.387468633e+03|2.356137967e+03|1.045253148e+10|1.112673372e+10|1.192753602e+10|1.102974170e+10|6.867310791e+03|6.898171387e+03|6.934316895e+03|6.861837402e+03|1.875245226e+03
2.439156744e+06|1.513745863e+06|1.513745866e+06|1.513745874e+06|1.513745866e+06|1.942576580e+03|1.942576586e+03|1.942576609e+03|1.942576591e+03|1.204509540e+01|1.204509674e+01|1.204510158e+01|1.204509775e+01|3.939165894e+03|4.442777344e+03|5.010104980e+03|4.482827637e+03|1.875245226e+03
1.831318195e+06|3.819298565e+06|3.835048472e+06|3.846520906e+06|3.840445906e+06|2.832558064e+03|2.837695628e+03|2.841430465e+03|2.839247390e+03|2.467048399e+10|2.506084920e+10|2.534732121e+10|2.519047613e+10|3.781117737e+03|3.790220459e+03|3.796842957e+03|3.793024658e+03|2.964673975e+03
1.835909401e+06|3.814874988e+06|3.827681599e+06|3.838333104e+06|3.828515474e+06|2.831112974e+03|2.835294053e+03|2.838765575e+03|2.835522916e+03|2.456148547e+10|2.487780815e+10|2.514269110e+10|2.489871217e+10|3.778558960e+03|3.785964600e+03|3.792115601e+03|3.786382812e+03|2.964673975e+03
1.838508330e+06|3.805005851e+06|3.820690563e+06|3.833984465e+06|3.819110534e+06|2.827885556e+03|2.833012606e+03|2.837348925e+03|2.832462039e+03|2.431929147e+10|2.470484015e+10|2.503436819e+10|2.466656331e+10|3.772843811e+03|3.781923584e+03|3.789605347e+03|3.780958496e+03|2.964673975e+03
1.840697956e+06|3.802688427e+06|3.815032206e+06|3.825483055e+06|3.814821370e+06|2.827127028e+03|2.831164353e+03|2.834576831e+03|2.831069903e+03|2.426261859e+10|2.456535412e+10|2.482333247e+10|2.456082913e+10|3.771501953e+03|3.778649658e+03|3.784695190e+03|3.778490234e+03|2.964673975e+03
1.842890419e+06|3.799584665e+06|3.811185858e+06|3.824520006e+06|3.811462728e+06|2.826110721e+03|2.829907094e+03|2.834262591e+03|2.829957222e+03|2.418683145e+10|2.447079380e+10|2.479949509e+10|2.447737893e+10|3.769701721e+03|3.776423218e+03|3.784137573e+03|3.776523193e+03|2.964673975e+03
1.845580266e+06|3.796825883e+06|3.809749097e+06|3.821192618e+06|3.808697997e+06|2.825206976e+03|2.829437285e+03|2.833176524e+03|2.829052130e+03|2.411958496e+10|2.443552254e+10|2.471723808e+10|2.440912933e+10|3.768102356e+03|3.775593018e+03|3.782213684e+03|3.774921143e+03|2.964673975e+03
1.848218674e+06|3.791509569e+06|3.803392951e+06|3.812984053e+06|3.801040358e+06|2.823427443e+03|2.827357661e+03|2.830494963e+03|2.826520151e+03|2.398686395e+10|2.427983867e+10|2.451497462e+10|2.421930787e+10|3.764962769e+03|3.771910156e+03|3.777464844e+03|3.770445557e+03|2.964673975e+03
1.851829391e+06|3.774798923e+06|3.785950095e+06|3.798144555e+06|3.785996125e+06|2.817723558e+03|2.821531325e+03|2.825639008e+03|2.821479343e+03|2.356314528e+10|2.384541368e+10|2.415171315e+10|2.384428084e+10|3.754925659e+03|3.761625366e+03|3.768867981e+03|3.761551514e+03|2.964673975e+03
1.911963154e+06|3.487633864e+06|3.494268947e+06|3.703501249e+06|3.567855295e+06|2.703844958e+03|2.707039489e+03|2.792685138e+03|2.736127680e+03|1.595098217e+10|1.614598036e+10|2.175976216e+10|1.809126644e+10|3.559108643e+03|3.564454346e+03|3.711063171e+03|3.614499268e+03|2.964673975e+03
1.936800721e+06|3.483778363e+06|3.489988850e+06|3.496230486e+06|3.496214669e+06|2.701987623e+03|2.704979053e+03|2.707983451e+03|2.707559717e+03|1.583841178e+10|1.602001023e+10|1.620393565e+10|1.618760882e+10|3.555999878e+03|3.561006592e+03|3.566034912e+03|3.565416260e+03|2.964673975e+03
1.940850313e+06|3.481948870e+06|3.487669665e+06|3.492467719e+06|3.488440876e+06|2.701106026e+03|2.703862200e+03|2.706172495e+03|2.704146100e+03|1.578518312e+10|1.595203047e+10|1.609288661e+10|1.597232872e+10|3.554524597e+03|3.559136841e+03|3.563002258e+03|3.559631836e+03|2.964673975e+03
1.944535897e+06|3.480271657e+06|3.486528540e+06|3.492050232e+06|3.489336766e+06|2.700297650e+03|2.703312564e+03|2.705971520e+03|2.704442141e+03|1.573650789e+10|1.591865326e+10|1.608059680e+10|1.599404426e+10|3.553172363e+03|3.558217407e+03|3.562666382e+03|3.560156494e+03|2.964673975e+03
1.947837765e+06|3.476707630e+06|3.484049696e+06|3.489890863e+06|3.485339788e+06|2.698579386e+03|2.702118362e+03|2.704931872e+03|2.702617171e+03|1.563340371e+10|1.584631471e+10|1.601713323e+10|1.588118472e+10|3.550298950e+03|3.556218994e+03|3.560927124e+03|3.557081299e+03|2.964673975e+03
1.951145356e+06|3.477841345e+06|3.485164758e+06|3.490829692e+06|3.487968845e+06|2.699126036e+03|2.702655589e+03|2.705383910e+03|2.703737532e+03|1.566615330e+10|1.587882873e+10|1.604470436e+10|1.595328912e+10|3.551213135e+03|3.557117920e+03|3.561681824e+03|3.558988037e+03|2.964673975e+03
1.955405926e+06|3.474245191e+06|3.482703671e+06|3.489720195e+06|3.482017868e+06|2.697391823e+03|2.701469773e+03|2.704849692e+03|2.701107177e+03|1.556242984e+10|1.580712502e+10|1.601212472e+10|1.578790684e+10|3.548311462e+03|3.555133057e+03|3.560788879e+03|3.554535645e+03|2.964673975e+03
1.961314396e+06|3.469973915e+06|3.479861943e+06|3.486928520e+06|3.478117821e+06|2.695331150e+03|2.700100153e+03|2.703505227e+03|2.699222622e+03|1.543985263e+10|1.572463350e+10|1.593034678e+10|1.567527689e+10|3.544867798e+03|3.552842651e+03|3.558538391e+03|3.551385010e+03|2.964673975e+03
2.008035229e+06|3.487573851e+06|3.495760835e+06|3.504785906e+06|3.496746728e+06|2.703816053e+03|2.707757458e+03|2.711880267e+03|2.707985969e+03|1.594922562e+10|1.619004602e+10|1.644042417e+10|1.620795984e+10|3.559060242e+03|3.565656738e+03|3.572602051e+03|3.566092285e+03|2.964673975e+03
2.022345050e+06|3.484938543e+06|3.491702364e+06|3.498437503e+06|3.493323738e+06|2.702546609e+03|2.705804053e+03|2.709005425e+03|2.706469442e+03|1.587222659e+10|1.607036119e+10|1.626605558e+10|1.611281817e+10|3.556934998e+03|3.562387329e+03|3.567752991e+03|3.563524902e+03|2.964673975e+03
2.028855108e+06|3.479095172e+06|3.485347812e+06|3.491962738e+06|3.486297996e+06|2.699730520e+03|2.702743781e+03|2.705929400e+03|2.703168815e+03|1.570242684e+10|1.588416832e+10|1.607802242e+10|1.591141795e+10|3.552223206e+03|3.557264404e+03|3.562596313e+03|3.557984131e+03|2.964673975e+03
2.034882364e+06|3.473722925e+06|3.479563598e+06|3.486588534e+06|3.482688291e+06|2.697139907e+03|2.699956339e+03|2.703341463e+03|2.701308682e+03|1.554740471e+10|1.571598825e+10|1.592040682e+10|1.580358678e+10|3.547891602e+03|3.552601685e+03|3.558265625e+03|3.554899658e+03|2.964673975e+03
2.040636825e+06|3.470697833e+06|3.475202903e+06|3.481125923e+06|3.478897753e+06|2.695680470e+03|2.697853735e+03|2.700709404e+03|2.699509309e+03|1.546057889e+10|1.559000968e+10|1.576128721e+10|1.569450016e+10|3.545451782e+03|3.549084717e+03|3.553863159e+03|3.551883545e+03|2.964673975e+03
2.046745052e+06|3.461251697e+06|3.468082595e+06|3.474215824e+06|3.467144815e+06|2.691120140e+03|2.694418380e+03|2.697377658e+03|2.693932901e+03|1.519161584e+10|1.538579202e+10|1.556158468e+10|1.535873114e+10|3.537826843e+03|3.543341309e+03|3.548288635e+03|3.542537598e+03|2.964673975e+03
2.055813024e+06|3.450981765e+06|3.457378353e+06|3.467226287e+06|3.459390363e+06|2.686005334e+03|2.689248839e+03|2.694005055e+03|2.690073403e+03|1.489076245e+10|1.508225211e+10|1.536135763e+10|1.513278332e+10|3.529312439e+03|3.534699829e+03|3.542648926e+03|3.536111328e+03|2.964673975e+03
2.079253455e+06|3.439414102e+06|3.446319557e+06|3.455932040e+06|3.449907652e+06|2.680035823e+03|2.683600211e+03|2.688549890e+03|2.685133413e+03|1.454104507e+10|1.474911597e+10|1.504155151e+10|1.484741575e+10|3.519417053e+03|3.525325195e+03|3.533532227e+03|3.527935303e+03|2.964673975e+03
2.104318873e+06|3.431899943e+06|3.437529578e+06|3.443785081e+06|3.437691950e+06|2.676154514e+03|2.679062679e+03|2.682292274e+03|2.679115432e+03|1.431694805e+10|1.448460995e+10|1.467250764e+10|1.449013924e+10|3.512987915e+03|3.517805176e+03|3.523157104e+03|3.517900879e+03|2.964673975e+03
2.111658714e+06|3.434456031e+06|3.438090302e+06|3.442227020e+06|3.438177315e+06|2.677475141e+03|2.679352251e+03|2.681488060e+03|2.679390127e+03|1.439290493e+10|1.450138352e+10|1.462555193e+10|1.450484570e+10|3.515174255e+03|3.518284302e+03|3.521824646e+03|3.518350586e+03|2.964673975e+03
2.117456785e+06|3.426687943e+06|3.432444091e+06|3.439825997e+06|3.433100897e+06|2.673460655e+03|2.676435681e+03|2.680248506e+03|2.676757881e+03|1.416293418e+10|1.433309466e+10|1.455339242e+10|1.435362963e+10|3.508526428e+03|3.513454590e+03|3.519770081e+03|3.513992432e+03|2.964673975e+03
2.123510695e+06|3.424907158e+06|3.430219118e+06|3.436736677e+06|3.429755978e+06|2.672539920e+03|2.675285917e+03|2.678653179e+03|2.675015932e+03|1.411058376e+10|1.426715386e+10|1.446091318e+10|1.425375969e+10|3.507000732e+03|3.511548950e+03|3.517126038e+03|3.511110107e+03|2.964673975e+03
2.130064715e+06|3.422828548e+06|3.427119855e+06|3.432319790e+06|3.426431370e+06|2.671465009e+03|2.673683945e+03|2.676371455e+03|2.673280086e+03|1.404963712e+10|1.417565289e+10|1.432940506e+10|1.415403575e+10|3.505221924e+03|3.508896362e+03|3.513346191e+03|3.508238037e+03|2.964673975e+03
2.137915885e+06|3.414273243e+06|3.422207853e+06|3.429605886e+06|3.420576711e+06|2.666945243e+03|2.671143985e+03|2.674968984e+03|2.670186984e+03|1.379437237e+10|1.403147450e+10|1.424901636e+10|1.397829981e+10|3.497758057e+03|3.504690674e+03|3.511025757e+03|3.503130615e+03|2.964673975e+03
2.149941894e+06|3.413359950e+06|3.421719968e+06|3.429135522e+06|3.420470494e+06|2.666437841e+03|2.670891636e+03|2.674725875e+03|2.670101216e+03|1.376553215e+10|1.401721012e+10|1.423511539e+10|1.397384677e+10|3.496926636e+03|3.504272339e+03|3.510621643e+03|3.502994629e+03|2.964673975e+03
2.175289074e+06|3.407291306e+06|3.414849311e+06|3.422764130e+06|3.416647033e+06|2.663065251e+03|2.667265273e+03|2.671431693e+03|2.667971776e+03|1.357362991e+10|1.381255821e+10|1.404775119e+10|1.385612922e+10|3.491390747e+03|3.498285767e+03|3.505167114e+03|3.499503174e+03|2.964673975e+03
2.191722358e+06|3.404884196e+06|3.409914703e+06|3.416728313e+06|3.410996915e+06|2.661727043e+03|2.664523391e+03|2.668300393e+03|2.665036168e+03|1.349741606e+10|1.365663927e+10|1.387127405e+10|1.368661997e+10|3.489194885e+03|3.493783813e+03|3.499985352e+03|3.494643066e+03|2.964673975e+03
2.199322450e+06|3.402352144e+06|3.406597913e+06|3.410552144e+06|3.406343263e+06|2.660319078e+03|2.662679794e+03|2.664877646e+03|2.662487822e+03|1.341739860e+10|1.355168254e+10|1.367679783e+10|1.354298581e+10|3.486883179e+03|3.490756714e+03|3.494366089e+03|3.490464355e+03|2.964673975e+03
2.205387858e+06|3.398790573e+06|3.403431996e+06|3.408411069e+06|3.404889293e+06|2.658338133e+03|2.660919575e+03|2.663687679e+03|2.661662379e+03|1.330650534e+10|1.345140545e+10|1.360906898e+10|1.349630604e+10|3.483634338e+03|3.487868408e+03|3.492411499e+03|3.489103516e+03|2.964673975e+03
2.212151879e+06|3.392597021e+06|3.397229071e+06|3.401942160e+06|3.396847114e+06|2.654891850e+03|2.657469437e+03|2.660091076e+03|2.657240564e+03|1.311522754e+10|1.325809402e+10|1.340460002e+10|1.324773226e+10|3.477981812e+03|3.482208984e+03|3.486509338e+03|3.481845947e+03|2.964673975e+03
2.218543088e+06|3.390203918e+06|3.395791958e+06|3.400001323e+06|3.394712916e+06|2.653559768e+03|2.656669838e+03|2.659011620e+03|2.656050503e+03|1.304184866e+10|1.321365033e+10|1.334412916e+10|1.318152646e+10|3.475798218e+03|3.480898315e+03|3.484738098e+03|3.479894775e+03|2.964673975e+03
2.227183175e+06|3.383473264e+06|3.389777243e+06|3.395095451e+06|3.388885528e+06|2.649811800e+03|2.653322238e+03|2.656282272e+03|2.652760153e+03|1.283704837e+10|1.302879674e+10|1.319214901e+10|1.300130892e+10|3.469653870e+03|3.475407104e+03|3.480261292e+03|3.474531250e+03|2.964673975e+03
2.239961450e+06|3.377238603e+06|3.384918757e+06|3.393777386e+06|3.383880527e+06|2.646144392e+03|2.650616905e+03|2.655548782e+03|2.649699727e+03|1.264316365e+10|1.288083571e+10|1.315152794e+10|1.284374275e+10|3.463774536e+03|3.470972656e+03|3.479060059e+03|3.469755371e+03|2.964673975e+03
2.259879930e+06|3.376430664e+06|3.381917889e+06|3.385794510e+06|3.379864703e+06|2.645641318e+03|2.648945383e+03|2.651104630e+03|2.647451418e+03|1.261718866e+10|1.279005032e+10|1.290741640e+10|1.272011183e+10|3.462986511e+03|3.468233032e+03|3.471772644e+03|3.466076904e+03|2.964673975e+03
2.275857276e+06|3.371810926e+06|3.375715944e+06|3.382743949e+06|3.377603681e+06|2.642764304e+03|2.645196268e+03|2.649405552e+03|2.646044336e+03|1.246847667e+10|1.259420225e+10|1.281499529e+10|1.264845903e+10|3.458476318e+03|3.462289062e+03|3.468985901e+03|3.463859375e+03|2.964673975e+03
2.285302480e+06|3.366265478e+06|3.371702806e+06|3.377108298e+06|3.371494370e+06|2.639309718e+03|2.642696960e+03|2.646063259e+03|2.642518730e+03|1.228958566e+10|1.246499227e+10|1.263897544e+10|1.245665008e+10|3.453062195e+03|3.458371826e+03|3.463647766e+03|3.458121826e+03|2.964673975e+03
2.291714824e+06|3.363599815e+06|3.368642906e+06|3.373586217e+06|3.369653457e+06|2.637648705e+03|2.640790901e+03|2.643869990e+03|2.641265332e+03|1.220346812e+10|1.236632567e+10|1.252566119e+10|1.239546905e+10|3.450459595e+03|3.455382935e+03|3.460209534e+03|3.456229980e+03|2.964673975e+03
2.298073092e+06|3.361545953e+06|3.366515117e+06|3.371355637e+06|3.366734040e+06|2.636368729e+03|2.639465259e+03|2.642480721e+03|2.639553337e+03|1.213706699e+10|1.229764688e+10|1.245380413e+10|1.230346830e+10|3.448454773e+03|3.453306519e+03|3.458030701e+03|3.453478516e+03|2.964673975e+03
2.305436295e+06|3.354958989e+06|3.362880231e+06|3.366159209e+06|3.361974655e+06|2.632262620e+03|2.637200276e+03|2.639243507e+03|2.636469324e+03|1.192387533e+10|1.218020859e+10|1.228615421e+10|1.214831614e+10|3.442024963e+03|3.449758667e+03|3.452960022e+03|3.448760010e+03|2.964673975e+03
2.315080214e+06|3.353465699e+06|3.358537348e+06|3.363345335e+06|3.357121529e+06|2.631331519e+03|2.634493463e+03|2.637490120e+03|2.633278972e+03|1.187550310e+10|1.203973198e+10|1.219524286e+10|1.199286553e+10|3.440566101e+03|3.445518311e+03|3.450212158e+03|3.444055420e+03|2.964673975e+03
2.328584027e+06|3.348342984e+06|3.354744658e+06|3.360253455e+06|3.353239099e+06|2.628136741e+03|2.632128985e+03|2.635563156e+03|2.630457564e+03|1.170948106e+10|1.191693333e+10|1.209526105e+10|1.186529934e+10|3.435565735e+03|3.441815186e+03|3.447194336e+03|3.440124023e+03|2.964673975e+03
2.343721358e+06|3.345585663e+06|3.351347498e+06|3.356099779e+06|3.351446121e+06|2.626273182e+03|2.630010626e+03|2.632973872e+03|2.629452336e+03|1.161936716e+10|1.180686792e+10|1.196082011e+10|1.180736976e+10|3.432837219e+03|3.438499390e+03|3.443139709e+03|3.438405029e+03|2.964673975e+03
2.357929915e+06|3.340061769e+06|3.344229724e+06|3.349027585e+06|3.343788079e+06|2.621144933e+03|2.625014217e+03|2.628563749e+03|2.623845832e+03|1.143642615e+10|1.157341869e+10|1.173167415e+10|1.155814433e+10|3.427034180e+03|3.431413696e+03|3.436234314e+03|3.430756836e+03|2.964673975e+03
2.367639633e+06|3.337412417e+06|3.342257159e+06|3.346814090e+06|3.343375119e+06|2.618685888e+03|2.623182894e+03|2.627183051e+03|2.623422199e+03|1.134950749e+10|1.150835643e+10|1.165991261e+10|1.154402645e+10|3.424250305e+03|3.429340942e+03|3.434072998e+03|3.430305664e+03|2.964673975e+03
2.375830989e+06|3.334161910e+06|3.338558034e+06|3.342385565e+06|3.339118468e+06|2.615669357e+03|2.619749169e+03|2.623302100e+03|2.619737964e+03|1.124271009e+10|1.138710716e+10|1.151256082e+10|1.140391189e+10|3.420835327e+03|3.425454224e+03|3.429475586e+03|3.425888428e+03|2.964673975e+03
2.383958170e+06|3.330059225e+06|3.334873887e+06|3.338705733e+06|3.334971293e+06|2.611862758e+03|2.616330040e+03|2.619886258e+03|2.616058240e+03|1.110769814e+10|1.126611582e+10|1.139195315e+10|1.126732241e+10|3.416525146e+03|3.421583984e+03|3.425609497e+03|3.421562256e+03|2.964673975e+03
2.391928577e+06|3.329867009e+06|3.332920796e+06|3.336414792e+06|3.332576993e+06|2.611684446e+03|2.614517722e+03|2.617760016e+03|2.614181050e+03|1.110136462e+10|1.120189109e+10|1.131674740e+10|1.119025595e+10|3.416322937e+03|3.419533325e+03|3.423203918e+03|3.419163818e+03|2.964673975e+03
2.401164522e+06|3.324072548e+06|3.329179305e+06|3.332850177e+06|3.328718724e+06|2.606309670e+03|2.611046453e+03|2.614452197e+03|2.610505109e+03|1.091033490e+10|1.107871342e+10|1.119956787e+10|1.106250982e+10|3.410236694e+03|3.415601318e+03|3.419458069e+03|3.415073975e+03|2.964673975e+03
2.411320695e+06|3.322347802e+06|3.326479713e+06|3.330550846e+06|3.325914408e+06|2.604710179e+03|2.608542274e+03|2.612318854e+03|2.607945254e+03|1.085341284e+10|1.098973588e+10|1.112388800e+10|1.096947437e+10|3.408424683e+03|3.412765991e+03|3.417041809e+03|3.412120117e+03|2.964673975e+03
2.423399136e+06|3.317575187e+06|3.321507805e+06|3.325816776e+06|3.320609390e+06|2.600284955e+03|2.603931240e+03|2.607927382e+03|2.602960542e+03|1.069579416e+10|1.082568203e+10|1.096787410e+10|1.079348059e+10|3.403410889e+03|3.407541748e+03|3.412068298e+03|3.406497559e+03|2.964673975e+03
2.435714550e+06|3.314011735e+06|3.318114404e+06|3.322301388e+06|3.317608050e+06|2.596944377e+03|2.600784864e+03|2.604667137e+03|2.600079162e+03|1.057719013e+10|1.071360880e+10|1.085188070e+10|1.069234902e+10|3.399642395e+03|3.403977905e+03|3.408375122e+03|3.403272461e+03|2.964673975e+03
2.447948283e+06|3.310142440e+06|3.313247780e+06|3.316956496e+06|3.313984232e+06|2.592902298e+03|2.596146181e+03|2.599711382e+03|2.596538935e+03|1.043954280e+10|1.054992258e+10|1.067535235e+10|1.056962081e+10|3.395244446e+03|3.398772827e+03|3.402762268e+03|3.399347900e+03|2.964673975e+03
2.458184969e+06|3.306398661e+06|3.310096834e+06|3.312854104e+06|3.308845511e+06|2.588992839e+03|2.592854663e+03|2.595734885e+03|2.591535892e+03|1.030743314e+10|1.043792626e+10|1.053588905e+10|1.039274804e+10|3.390991577e+03|3.395192505e+03|3.398325806e+03|3.393679443e+03|2.964673975e+03
2.467320311e+06|3.303443374e+06|3.306212895e+06|3.310053368e+06|3.306340122e+06|2.585907807e+03|2.588798888e+03|2.592809266e+03|2.588905813e+03|1.020389113e+10|1.030090400e+10|1.043638645e+10|1.030609784e+10|3.387636597e+03|3.390780884e+03|3.395143494e+03|3.390906494e+03|2.964673975e+03
2.475064748e+06|3.299624070e+06|3.303875048e+06|3.306804378e+06|3.303370546e+06|2.581922191e+03|2.586358375e+03|2.589416438e+03|2.585806105e+03|1.007105393e+10|1.021897422e+10|1.032169795e+10|1.020226781e+10|3.383297058e+03|3.388125610e+03|3.391453552e+03|3.387533203e+03|2.964673975e+03
2.483514855e+06|3.297481145e+06|3.302306501e+06|3.304934914e+06|3.300338740e+06|2.579686637e+03|2.584721267e+03|2.587464714e+03|2.582760317e+03|9.997011018e+09|1.016423495e+10|1.025606634e+10|1.009591363e+10|3.380862976e+03|3.386345459e+03|3.389330139e+03|3.384045654e+03|2.964673975e+03
2.491613333e+06|3.295212563e+06|3.298897518e+06|3.302151536e+06|3.298785890e+06|2.577320495e+03|2.581164173e+03|2.584559543e+03|2.581059509e+03|9.918984309e+09|1.004590694e+10|1.015883708e+10|1.004227027e+10|3.378288269e+03|3.382473999e+03|3.386168396e+03|3.382296631e+03|2.964673975e+03
2.502548861e+06|3.291008148e+06|3.295240936e+06|3.298844969e+06|3.294175338e+06|2.572936732e+03|2.577350085e+03|2.581109351e+03|2.576520917e+03|9.775419075e+09|9.919957716e+09|1.004408997e+10|9.881662294e+09|3.373515564e+03|3.378321045e+03|3.382413574e+03|3.377040039e+03|2.964673975e+03
2.513754915e+06|3.286343576e+06|3.291296494e+06|3.294242327e+06|3.290482259e+06|2.568075367e+03|2.573237318e+03|2.576308706e+03|2.572766090e+03|9.617764093e+09|9.785222543e+09|9.885736146e+09|9.752529727e+09|3.368220581e+03|3.373841919e+03|3.377186340e+03|3.372764648e+03|2.964673975e+03
2.525845607e+06|3.284605005e+06|3.288014953e+06|3.291500550e+06|3.288892086e+06|2.566422995e+03|2.569816994e+03|2.573450042e+03|2.570792468e+03|9.557497161e+09|9.674024296e+09|9.792164485e+09|9.695256704e+09|3.366221863e+03|3.370116089e+03|3.374073608e+03|3.370767822e+03|2.964673975e+03
2.538033686e+06|3.279417475e+06|3.284050024e+06|3.286596145e+06|3.282817042e+06|2.563239872e+03|2.566082505e+03|2.568338536e+03|2.565350456e+03|9.358878930e+09|9.536165265e+09|9.626257439e+09|9.482932756e+09|3.359987671e+03|3.365554443e+03|3.368506226e+03|3.363890869e+03|2.964673975e+03
2.547745727e+06|3.277071667e+06|3.280337858e+06|3.284122817e+06|3.279535345e+06|2.561800104e+03|2.563804708e+03|2.566127164e+03|2.562757845e+03|9.269645643e+09|9.393989667e+09|9.538962581e+09|9.363033742e+09|3.357169373e+03|3.361092773e+03|3.365641418e+03|3.360026611e+03|2.964673975e+03
2.556554345e+06|3.273857326e+06|3.277304239e+06|3.280923570e+06|3.277483205e+06|2.559826904e+03|2.561942858e+03|2.564164139e+03|2.561548955e+03|9.147974922e+09|9.278476165e+09|9.416362466e+09|9.284329508e+09|3.353310791e+03|3.357449585e+03|3.361797913e+03|3.357534912e+03|2.964673975e+03
2.564930298e+06|3.270981320e+06|3.274879365e+06|3.277603476e+06|3.275000612e+06|2.557921556e+03|2.560454352e+03|2.562126528e+03|2.559135870e+03|9.039910853e+09|9.186585641e+09|9.289843184e+09|9.188495380e+09|3.349846863e+03|3.354537476e+03|3.357810059e+03|3.354353760e+03|2.964673975e+03
2.572012628e+06|3.267730421e+06|3.271747007e+06|3.275946355e+06|3.272689982e+06|2.552138476e+03|2.558531208e+03|2.561109351e+03|2.556709708e+03|8.924044209e+09|9.068476767e+09|9.226970194e+09|9.104935517e+09|3.345707092e+03|3.350774414e+03|3.355818359e+03|3.351585938e+03|2.964673975e+03
2.581680857e+06|3.267961537e+06|3.270027271e+06|3.273713532e+06|3.272192861e+06|2.552549372e+03|2.556223622e+03|2.559738623e+03|2.556398848e+03|8.932237265e+09|9.005766979e+09|9.142548102e+09|9.084985206e+09|3.346000244e+03|3.348631958e+03|3.353138672e+03|3.350941162e+03|2.964673975e+03
2.590536223e+06|3.261558361e+06|3.266864979e+06|3.269505860e+06|3.264777134e+06|2.541179085e+03|2.550600163e+03|2.555295928e+03|2.546932147e+03|8.707754133e+09|8.893425981e+09|8.987156312e+09|8.816682682e+09|3.337846863e+03|3.344604492e+03|3.347967651e+03|3.341788086e+03|2.964673975e+03
2.601528178e+06|3.261017048e+06|3.264031041e+06|3.266290857e+06|3.264409559e+06|2.540219163e+03|2.545566515e+03|2.549579956e+03|2.545090857e+03|8.689012459e+09|8.793829574e+09|8.873166806e+09|8.802987810e+09|3.337158875e+03|3.340995117e+03|3.343874329e+03|3.341106201e+03|2.964673975e+03
2.613300117e+06|3.256485354e+06|3.259867212e+06|3.264208718e+06|3.259664304e+06|2.532858167e+03|2.538180816e+03|2.545881946e+03|2.538373417e+03|8.524204296e+09|8.649323928e+09|8.800044952e+09|8.633231414e+09|3.331260193e+03|3.335694580e+03|3.341221069e+03|3.335208740e+03|2.964673975e+03
2.624836791e+06|3.252816023e+06|3.256577754e+06|3.259467991e+06|3.256449933e+06|2.527968357e+03|2.532981352e+03|2.537473322e+03|2.533149149e+03|8.377754069e+09|8.527914172e+09|8.635583102e+09|8.512300084e+09|3.326278259e+03|3.331385010e+03|3.335186646e+03|3.330875732e+03|2.964673975e+03
2.634644473e+06|3.250625635e+06|3.253995040e+06|3.255914049e+06|3.253237899e+06|2.525051291e+03|2.529539105e+03|2.532096578e+03|2.528577178e+03|8.291143130e+09|8.424625164e+09|8.501290125e+09|8.391398113e+09|3.323304749e+03|3.327877441e+03|3.330484070e+03|3.326689453e+03|2.964673975e+03
2.643088167e+06|3.248334046e+06|3.251176157e+06|3.254796877e+06|3.251499694e+06|2.522000945e+03|2.525784319e+03|2.530607585e+03|2.526400611e+03|8.201175168e+09|8.312853763e+09|8.456602137e+09|8.325277609e+09|3.320193359e+03|3.324051270e+03|3.328966553e+03|3.324457764e+03|2.964673975e+03
2.652164018e+06|3.244202544e+06|3.247648111e+06|3.251080990e+06|3.247288834e+06|2.516505367e+03|2.521088192e+03|2.525657595e+03|2.520544856e+03|8.040645094e+09|8.174374377e+09|8.309097328e+09|8.160253107e+09|3.314588745e+03|3.319262573e+03|3.323922119e+03|3.318698975e+03|2.964673975e+03
2.661449557e+06|3.242289281e+06|3.246499377e+06|3.249125737e+06|3.245913868e+06|2.513962113e+03|2.519559916e+03|2.523054596e+03|2.518673923e+03|7.967035127e+09|8.129623889e+09|8.232182413e+09|8.105239709e+09|3.311994141e+03|3.317704712e+03|3.321269043e+03|3.316744629e+03|2.964673975e+03
2.669650010e+06|3.239581174e+06|3.243133653e+06|3.247081856e+06|3.242847730e+06|2.510364104e+03|2.515084380e+03|2.520334799e+03|2.514564057e+03|7.863621285e+09|7.999462753e+09|8.152294427e+09|7.986577082e+09|3.308321045e+03|3.313139526e+03|3.318494568e+03|3.312596191e+03|2.964673975e+03
2.679327767e+06|3.236131380e+06|3.239840071e+06|3.243490107e+06|3.240247777e+06|2.505783804e+03|2.510707982e+03|2.515558216e+03|2.511108015e+03|7.733218716e+09|7.873467592e+09|8.013181097e+09|7.885711100e+09|3.303644348e+03|3.308672729e+03|3.313621765e+03|3.309019775e+03|2.964673975e+03
2.688461122e+06|3.233802973e+06|3.236882311e+06|3.240129828e+06|3.235930356e+06|2.502694343e+03|2.506780521e+03|2.511092874e+03|2.505181263e+03|7.646045137e+09|7.761477323e+09|7.884497612e+09|7.717712108e+09|3.300489441e+03|3.304663818e+03|3.309065063e+03|3.303073975e+03|2.964673975e+03
2.699026066e+06|3.231878656e+06|3.234097999e+06|3.236760246e+06|3.234217295e+06|2.499852751e+03|2.503085714e+03|2.506618493e+03|2.502930843e+03|7.564977387e+09|7.657053846e+09|7.756879874e+09|7.651678148e+09|3.297647400e+03|3.300889771e+03|3.304497131e+03|3.300708008e+03|2.964673975e+03
2.710869371e+06|3.226767911e+06|3.230595112e+06|3.233468703e+06|3.229261097e+06|2.492135914e+03|2.497913591e+03|2.502242856e+03|2.495738256e+03|7.346848283e+09|7.509774763e+09|7.633319386e+09|7.451068636e+09|3.289957336e+03|3.295715210e+03|3.300031128e+03|3.293573486e+03|2.964673975e+03
2.721464910e+06|3.225319527e+06|3.227464086e+06|3.229718634e+06|3.228050399e+06|2.489950966e+03|2.493186323e+03|2.496589822e+03|2.493842904e+03|7.285789054e+09|7.376271916e+09|7.472232079e+09|7.396146135e+09|3.287778015e+03|3.291004272e+03|3.294395386e+03|3.291609619e+03|2.964673975e+03
2.729802835e+06|3.222487328e+06|3.225176191e+06|3.227688375e+06|3.223998060e+06|2.485681356e+03|2.489734799e+03|2.493524810e+03|2.487816736e+03|7.167481036e+09|7.279769775e+09|7.385779534e+09|7.229869662e+09|3.283520081e+03|3.287562012e+03|3.291341003e+03|3.285668701e+03|2.964673975e+03
2.739012576e+06|3.219114967e+06|3.222272254e+06|3.224908298e+06|3.221462533e+06|2.480602103e+03|2.485357273e+03|2.489330806e+03|2.483969449e+03|7.028365618e+09|7.158552004e+09|7.268527410e+09|7.123880084e+09|3.278452209e+03|3.283196167e+03|3.287161377e+03|3.281835693e+03|2.964673975e+03
2.747479998e+06|3.217592607e+06|3.220506373e+06|3.223399342e+06|3.220531920e+06|2.478310881e+03|2.482697143e+03|2.487055851e+03|2.482583347e+03|6.966191873e+09|7.085532418e+09|7.205431360e+09|7.084785147e+09|3.276165771e+03|3.280543945e+03|3.284891296e+03|3.280412842e+03|2.964673975e+03
2.755345201e+06|3.213959422e+06|3.218440814e+06|3.220591210e+06|3.217107308e+06|2.472846931e+03|2.479587342e+03|2.482824912e+03|2.477299313e+03|6.819367002e+09|7.000784113e+09|7.089029047e+09|6.942517599e+09|3.270708740e+03|3.277439209e+03|3.280669495e+03|3.275197266e+03|2.964673975e+03
2.763250381e+06|3.212436901e+06|3.215776803e+06|3.218973987e+06|3.214342935e+06|2.470558961e+03|2.475579359e+03|2.480389878e+03|2.473088888e+03|6.758492190e+09|6.892537636e+09|7.022591478e+09|6.826834258e+09|3.268424683e+03|3.273438232e+03|3.278241089e+03|3.271000000e+03|2.964673975e+03
2.771920251e+06|3.209249985e+06|3.212556304e+06|3.216318365e+06|3.211673543e+06|2.465322209e+03|2.470738352e+03|2.476393872e+03|2.468782376e+03|6.617165065e+09|6.763250164e+09|6.914444789e+09|6.713118066e+09|3.263261597e+03|3.268601929e+03|3.274250732e+03|3.266745117e+03|2.964673975e+03
2.782354764e+06|3.206429306e+06|3.210654555e+06|3.214226403e+06|3.209586100e+06|2.460460938e+03|2.467744856e+03|2.473248238e+03|2.465527805e+03|6.486161984e+09|6.683085198e+09|6.830079814e+09|6.624836536e+09|3.258502625e+03|3.265632935e+03|3.271109192e+03|3.263511963e+03|2.964673975e+03
2.792472409e+06|3.204957535e+06|3.208163886e+06|3.211272210e+06|3.207446167e+06|2.457926550e+03|2.463449739e+03|2.468800925e+03|2.462047417e+03|6.418550218e+09|6.566496391e+09|6.711894583e+09|6.531638291e+09|3.256018799e+03|3.261427612e+03|3.266668945e+03|3.260076172e+03|2.964673975e+03
2.803833684e+06|3.201327727e+06|3.204844775e+06|3.208513588e+06|3.204158779e+06|2.451682220e+03|2.457732438e+03|2.464052543e+03|2.456415278e+03|6.253960043e+09|6.413391357e+09|6.582777870e+09|6.382633596e+09|3.249898193e+03|3.255828247e+03|3.262019592e+03|3.254556641e+03|2.964673975e+03
2.813696141e+06|3.197674022e+06|3.200744843e+06|3.204389172e+06|3.200056812e+06|2.445405683e+03|2.450680319e+03|2.456948218e+03|2.449305079e+03|6.091373511e+09|6.227817944e+09|6.392576021e+09|6.196393661e+09|3.243743652e+03|3.248916870e+03|3.255060120e+03|3.247599609e+03|2.964673975e+03
2.822571388e+06|3.194292364e+06|3.198330753e+06|3.202554989e+06|3.197895516e+06|2.439604417e+03|2.446533186e+03|2.453792483e+03|2.445634994e+03|5.943626890e+09|6.120367646e+09|6.309266110e+09|6.100265714e+09|3.238049255e+03|3.244849121e+03|3.251966003e+03|3.243993408e+03|2.964673975e+03
2.830749273e+06|3.189931083e+06|3.195099816e+06|3.197797089e+06|3.193775759e+06|2.431653649e+03|2.440988910e+03|2.445616940e+03|2.438123014e+03|5.742205707e+09|5.978665256e+09|6.096797005e+09|5.909117062e+09|3.230333374e+03|3.239408936e+03|3.243949646e+03|3.236701172e+03|2.964673975e+03
2.839389295e+06|3.188407561e+06|3.193451176e+06|3.197520187e+06|3.192753885e+06|2.428578189e+03|2.438162535e+03|2.445141602e+03|2.436375887e+03|5.663888738e+09|5.907280686e+09|6.084592288e+09|5.863599154e+09|3.227402893e+03|3.236634155e+03|3.243484192e+03|3.234989990e+03|2.964673975e+03
2.847990973e+06|3.185081399e+06|3.190290463e+06|3.194078150e+06|3.188837968e+06|2.421872279e+03|2.432379457e+03|2.439237191e+03|2.428943440e+03|5.495730930e+09|5.760795898e+09|5.934357234e+09|5.678258477e+09|3.221006348e+03|3.231026489e+03|3.237687988e+03|3.227822266e+03|2.964673975e+03
2.857030147e+06|3.184944344e+06|3.188811575e+06|3.191741967e+06|3.187776885e+06|2.421596188e+03|2.429393515e+03|2.435234243e+03|2.427097594e+03|5.488877830e+09|5.684577508e+09|5.833929220e+09|5.630284480e+09|3.220742737e+03|3.228179443e+03|3.233758850e+03|3.226018799e+03|2.964673975e+03
2.865181914e+06|3.181575090e+06|3.185317948e+06|3.188261969e+06|3.183901439e+06|2.414815628e+03|2.422348789e+03|2.428284417e+03|2.419263506e+03|5.322589070e+09|5.507557302e+09|5.656447399e+09|5.436708247e+09|3.214272156e+03|3.221461426e+03|3.227123657e+03|3.218531982e+03|2.964673975e+03
2.873970923e+06|3.181159224e+06|3.184132952e+06|3.186991517e+06|3.183199867e+06|2.413979530e+03|2.419962195e+03|2.425721868e+03|2.417917485e+03|5.302334876e+09|5.448475052e+09|5.591826368e+09|5.402561466e+09|3.213472351e+03|3.219184692e+03|3.224678345e+03|3.217241211e+03|2.964673975e+03
2.884075307e+06|3.175039668e+06|3.180144127e+06|3.184206856e+06|3.179248703e+06|2.401696997e+03|2.411939420e+03|2.420111009e+03|2.409846582e+03|5.011043592e+09|5.253137604e+09|5.452150263e+09|5.206071884e+09|3.201735413e+03|3.211524292e+03|3.219326233e+03|3.209543457e+03|2.964673975e+03
2.894014338e+06|3.174978310e+06|3.178394806e+06|3.181877247e+06|3.177620693e+06|2.401573981e+03|2.408426218e+03|2.415423232e+03|2.406378285e+03|5.008166641e+09|5.169177823e+09|5.337343804e+09|5.122560877e+09|3.201617798e+03|3.208169189e+03|3.214851074e+03|3.206243164e+03|2.964673975e+03
2.903285795e+06|3.171904892e+06|3.175389787e+06|3.179287695e+06|3.175385559e+06|2.394603452e+03|2.402398617e+03|2.410219040e+03|2.401801261e+03|4.838824576e+09|5.027354470e+09|5.211906415e+09|5.012294602e+09|3.195019409e+03|3.202405029e+03|3.209880859e+03|3.201879150e+03|2.964673975e+03
2.912447879e+06|3.168268842e+06|3.172389292e+06|3.176991577e+06|3.172065217e+06|2.386009625e+03|2.395749954e+03|2.405610384e+03|2.394397984e+03|4.632330041e+09|4.866885550e+09|5.102573854e+09|4.836422061e+09|3.186904480e+03|3.196100098e+03|3.205476440e+03|3.194857422e+03|2.964673975e+03
2.920362204e+06|3.166332523e+06|3.171359184e+06|3.175892151e+06|3.171139979e+06|2.381441702e+03|2.393312323e+03|2.403405619e+03|2.392337345e+03|4.525253763e+09|4.807376138e+09|5.050851379e+09|4.787334141e+09|3.182588501e+03|3.193800659e+03|3.203369263e+03|3.192903809e+03|2.964673975e+03
2.928318387e+06|3.164821075e+06|3.168862406e+06|3.173528245e+06|3.168715353e+06|2.377880218e+03|2.387411075e+03|2.398447057e+03|2.386748401e+03|4.443046688e+09|4.665551273e+09|4.933336559e+09|4.655637653e+09|3.179220520e+03|3.188228638e+03|3.198645020e+03|3.187610107e+03|2.964673975e+03
2.936626275e+06|3.162621580e+06|3.168634780e+06|3.171820642e+06|3.167306592e+06|2.372703979e+03|2.386873564e+03|2.394404089e+03|2.383478253e+03|4.325557924e+09|4.652788329e+09|4.833958849e+09|4.579322763e+09|3.174323608e+03|3.187721436e+03|3.194830505e+03|3.184510986e+03|2.964673975e+03
2.945650012e+06|3.159908434e+06|3.164338857e+06|3.169283965e+06|3.164262893e+06|2.366329539e+03|2.376744717e+03|2.388406754e+03|2.376182857e+03|4.184075873e+09|4.417071842e+09|4.689261384e+09|4.408860801e+09|3.168288696e+03|3.178147217e+03|3.189168579e+03|3.177613037e+03|2.964673975e+03
2.955701369e+06|3.156285932e+06|3.160587082e+06|3.166161597e+06|3.160904166e+06|2.356463381e+03|2.367922829e+03|2.381038755e+03|2.367802146e+03|3.951791919e+09|4.219089027e+09|4.515895280e+09|4.214936766e+09|3.158975769e+03|3.169797607e+03|3.182207703e+03|3.169692139e+03|2.964673975e+03
2.966805347e+06|3.153633297e+06|3.159737507e+06|3.164160556e+06|3.158580639e+06|2.349004759e+03|2.365928297e+03|2.376324963e+03|2.361541627e+03|3.779771586e+09|4.175273152e+09|4.407500774e+09|4.072876799e+09|3.151932617e+03|3.167909546e+03|3.177749695e+03|3.163775879e+03|2.964673975e+03
2.978588126e+06|3.150471845e+06|3.156235200e+06|3.159843184e+06|3.155841987e+06|2.340137987e+03|2.356320617e+03|2.366176341e+03|2.354672526e+03|3.582752909e+09|3.948460833e+09|4.180706825e+09|3.915842702e+09|3.143551086e+03|3.158841919e+03|3.168143799e+03|3.157282227e+03|2.964673975e+03
2.989363870e+06|3.146007588e+06|3.151653901e+06|3.157057891e+06|3.151726527e+06|2.327240510e+03|2.343450332e+03|2.358637248e+03|2.342985759e+03|3.303690206e+09|3.655398469e+09|4.003043891e+09|3.652809659e+09|3.131351135e+03|3.146683594e+03|3.161026672e+03|3.146236816e+03|2.964673975e+03
2.998231170e+06|3.144628195e+06|3.148501793e+06|3.153556820e+06|3.149055310e+06|2.322438460e+03|2.334625168e+03|2.348789923e+03|2.335046126e+03|3.191661249e+09|3.464312859e+09|3.774883453e+09|3.474562779e+09|3.126818909e+03|3.138335938e+03|3.151729309e+03|3.138734375e+03|2.964673975e+03
3.005358717e+06|3.142228928e+06|3.147223970e+06|3.152108503e+06|3.147343129e+06|2.314104576e+03|2.331054529e+03|2.344725128e+03|2.329804970e+03|3.004395249e+09|3.389226631e+09|3.683655503e+09|3.358024142e+09|3.118947998e+03|3.134955200e+03|3.147888367e+03|3.133781250e+03|2.964673975e+03
3.011990825e+06|3.141432604e+06|3.146054602e+06|3.150231072e+06|3.145792929e+06|2.311343754e+03|2.327404334e+03|2.339463712e+03|2.324795545e+03|2.944321365e+09|3.307573416e+09|3.568099753e+09|3.232791402e+09|3.116338196e+03|3.131505615e+03|3.142914368e+03|3.129043945e+03|2.964673975e+03
3.018074182e+06|3.140086502e+06|3.143736171e+06|3.147889673e+06|3.144543104e+06|2.306682787e+03|2.319337252e+03|2.332914209e+03|2.320739180e+03|2.845073995e+09|3.120929366e+09|3.428174038e+09|3.160333734e+09|3.111929382e+03|3.123891479e+03|3.136714905e+03|3.125208984e+03|2.964673975e+03
3.024226052e+06|3.139203245e+06|3.143577766e+06|3.145675569e+06|3.142926380e+06|2.303628473e+03|2.318786871e+03|2.326083917e+03|2.315628152e+03|2.781494741e+09|3.108502555e+09|3.276418304e+09|3.046474852e+09|3.109038757e+03|3.123369995e+03|3.130260620e+03|3.120378662e+03|2.964673975e+03
3.031073171e+06|3.136259678e+06|3.140966385e+06|3.144836827e+06|3.141294121e+06|2.293274904e+03|2.309728663e+03|2.323164288e+03|2.309679849e+03|2.570880252e+09|2.909647017e+09|3.208408461e+09|2.896935117e+09|3.099235413e+03|3.114809937e+03|3.127504578e+03|3.114753662e+03|2.964673975e+03
3.037375637e+06|3.137022340e+06|3.141666196e+06|3.144808446e+06|3.140936413e+06|2.296100470e+03|2.312153346e+03|2.323065510e+03|2.308478758e+03|2.629603670e+09|2.961840413e+09|3.206113303e+09|2.860284981e+09|3.101911987e+03|3.117101196e+03|3.127409912e+03|3.113617188e+03|2.964673975e+03
3.045582289e+06|3.135171295e+06|3.138235277e+06|3.142576236e+06|3.138842764e+06|2.288318237e+03|2.300284859e+03|2.315309491e+03|2.301209262e+03|2.455860371e+09|2.713187999e+09|3.030917736e+09|2.707473934e+09|3.094553772e+03|3.105873901e+03|3.120085266e+03|3.106742920e+03|2.964673975e+03
3.057081843e+06|3.131754479e+06|3.135849301e+06|3.138935844e+06|3.134682775e+06|2.272815625e+03|2.291404911e+03|2.302704393e+03|2.286561174e+03|2.122852870e+09|2.526974015e+09|2.762472396e+09|2.275925791e+09|3.079888672e+03|3.097469727e+03|3.108165527e+03|3.092881592e+03|2.964673975e+03
3.071398782e+06|3.130190341e+06|3.133065783e+06|3.136457630e+06|3.132618441e+06|2.265748395e+03|2.278754719e+03|2.294107638e+03|2.278849150e+03|1.983899879e+09|2.245728703e+09|2.589720631e+09|2.011871760e+09|3.073193665e+03|3.085510132e+03|3.100024902e+03|3.085584717e+03|2.964673975e+03
3.093340116e+06|3.120375614e+06|3.129472107e+06|3.133439096e+06|3.126696271e+06|2.242600614e+03|2.262509392e+03|2.280447887e+03|2.257995557e+03|2.178654885e+05|1.922774539e+09|2.281807387e+09|1.453221649e+09|3.051261780e+03|3.070121582e+03|3.087112488e+03|3.066183105e+03|2.964673975e+03
3.109677661e+06|3.113911289e+06|3.125411834e+06|3.130288847e+06|3.123050800e+06|2.229964951e+03|2.252475863e+03|2.266192920e+03|2.247220145e+03|1.494327971e+02|5.035253895e+07|1.992408665e+09|9.221849024e+08|3.039270264e+03|3.060618896e+03|3.073614197e+03|3.055705566e+03|2.964673975e+03
3.116919758e+06|3.112350351e+06|3.120890859e+06|3.129569407e+06|3.121522189e+06|2.226920583e+03|2.243609527e+03|2.262948292e+03|2.241723346e+03|2.528710063e+01|3.369566586e+05|1.931102228e+09|7.219269031e+08|3.036378418e+03|3.052217651e+03|3.070538452e+03|3.050744141e+03|2.964673975e+03
3.122043683e+06|3.110705611e+06|3.110705611e+06|3.121346657e+06|3.115820884e+06|2.204507656e+03|2.221784310e+03|2.244502406e+03|2.221582826e+03|4.065562593e+00|4.065562593e+00|5.524885495e+05|1.996248591e+08|3.015109497e+03|3.031503174e+03|3.053065308e+03|3.031917725e+03|2.964673975e+03
3.125514923e+06|3.110705611e+06|3.114256325e+06|3.126873688e+06|3.118305651e+06|2.205614253e+03|2.230638722e+03|2.255347529e+03|2.229642860e+03|4.065562593e+00|3.494564541e+02|2.554399509e+08|4.540522083e+08|3.016160950e+03|3.039911133e+03|3.063338013e+03|3.039456299e+03|2.964673975e+03
3.129092040e+06|3.110705611e+06|3.115666658e+06|3.123646666e+06|3.117666379e+06|2.207435997e+03|2.233391650e+03|2.249011455e+03|2.224539303e+03|4.065562593e+00|1.082838822e+03|7.097547255e+06|3.148997630e+08|3.017890869e+03|3.042524780e+03|3.057337708e+03|3.034861328e+03|2.964673975e+03
3.132989150e+06|3.110705611e+06|3.113710302e+06|3.123596868e+06|3.117334181e+06|2.209362936e+03|2.229572773e+03|2.248913824e+03|2.226301041e+03|4.065562593e+00|1.145864913e+02|7.202282546e+06|3.378339330e+08|3.019721252e+03|3.038897461e+03|3.057245605e+03|3.036411865e+03|2.964673975e+03
3.135971495e+06|3.110705611e+06|3.110705611e+06|3.118077572e+06|3.114765627e+06|2.191595932e+03|2.213813675e+03|2.238103385e+03|2.212435342e+03|4.065562593e+00|4.065562593e+00|1.465270009e+04|1.554140896e+08|3.002833069e+03|3.023944824e+03|3.046995483e+03|3.022870361e+03|2.964673975e+03
3.140139663e+06|3.110705611e+06|3.110705611e+06|3.121201640e+06|3.116018047e+06|2.192262950e+03|2.220886026e+03|2.244218301e+03|2.217667748e+03|4.065562593e+00|4.065562593e+00|4.707397098e+05|3.208571512e+08|3.003468323e+03|3.030652588e+03|3.052796143e+03|3.029432861e+03|2.964673975e+03
3.145177621e+06|3.110705611e+06|3.110705611e+06|3.112593152e+06|3.113703918e+06|2.159450744e+03|2.200938889e+03|2.227394264e+03|2.197369310e+03|4.065562593e+00|4.065562593e+00|5.121795274e+01|1.215346710e+08|2.981447021e+03|3.011719116e+03|3.036829651e+03|3.007947266e+03|2.964673975e+03
3.152364804e+06|3.110705611e+06|3.110705611e+06|3.110705611e+06|3.112744929e+06|2.159742955e+03|2.188727848e+03|2.220032612e+03|2.191328962e+03|4.065562593e+00|4.065562593e+00|4.065562593e+00|8.888036609e+07|2.981634766e+03|3.000104004e+03|3.029843018e+03|3.003138672e+03|2.964673975e+03
3.160628454e+06|3.110705611e+06|3.110705611e+06|3.110705611e+06|3.111193115e+06|2.136362529e+03|2.155350044e+03|2.194111557e+03|2.165865742e+03|4.065562593e+00|4.065562593e+00|4.065562593e+00|3.722247444e+07|2.953777893e+03|2.978828613e+03|3.005227173e+03|2.972082520e+03|2.964673975e+03
3.175583108e+06|3.110705611e+06|3.110705611e+06|3.110705611e+06|3.111292612e+06|2.136362529e+03|2.152119509e+03|2.181889047e+03|2.163662419e+03|4.065562593e+00|4.065562593e+00|4.065562593e+00|4.026642349e+07|2.944155090e+03|2.976763184e+03|2.995731995e+03|2.962933838e+03|2.964673975e+03
3.215388378e+06|3.110705611e+06|3.110705611e+06|3.110705611e+06|3.110951450e+06|2.136362529e+03|2.136362529e+03|2.136362529e+03|2.143231164e+03|4.065562593e+00|4.065562593e+00|4.065562593e+00|6.906925770e+04|2.866870483e+03|2.900171631e+03|2.945849854e+03|2.903085693e+03|2.964673975e+03
3.236576039e+06|3.110705611e+06|3.110705611e+06|3.110705611e+06|3.110705611e+06|2.136362529e+03|2.136362529e+03|2.136362529e+03|2.137237057e+03|4.065562593e+00|4.065562593e+00|4.065562593e+00|4.065562593e+00|2.858110107e+03|2.886067383e+03|2.923208740e+03|2.884620117e+03|2.964673975e+03
3.242396965e+06|3.110705611e+06|3.110705611e+06|3.110705611e+06|3.110712943e+06|2.136362529e+03|2.136362529e+03|2.136362529e+03|2.142423530e+03|4.065562593e+00|4.065562593e+00|4.065562593e+00|4.106550913e+00|2.842044373e+03|2.909730957e+03|2.940866760e+03|2.890408691e+03|2.964673975e+03
3.246040950e+06|3.110705611e+06|3.110705611e+06|3.110705611e+06|3.110705611e+06|2.136362529e+03|2.136362529e+03|2.136362529e+03|2.143659203e+03|4.065562593e+00|4.065562593e+00|4.065562593e+00|4.065562593e+00|2.805335571e+03|2.855569824e+03|2.895626953e+03|2.859165527e+03|2.964673975e+03
3.248840364e+06|3.110705611e+06|3.110705611e+06|3.110705611e+06|3.110705611e+06|2.136362529e+03|2.136362529e+03|2.136363144e+03|2.146287532e+03|4.065562593e+00|4.065562593e+00|4.065562593e+00|4.065562593e+00|2.828526794e+03|2.876540161e+03|2.965335205e+03|2.883123047e+03|2.964673975e+03
3.251570001e+06|3.110705611e+06|3.110705611e+06|3.110705611e+06|3.110705611e+06|2.136362529e+03|2.136362529e+03|2.136362529e+03|2.140645258e+03|4.065562593e+00|4.065562593e+00|4.065562593e+00|4.065562593e+00|2.800734863e+03|2.854205933e+03|2.898098450e+03|2.855876465e+03|2.964673975e+03
3.254494599e+06|3.110705611e+06|3.110705611e+06|3.110705611e+06|3.110705611e+06|2.136362529e+03|2.136362529e+03|2.136362529e+03|2.138194666e+03|4.065562593e+00|4.065562593e+00|4.065562593e+00|4.065562593e+00|2.763790833e+03|2.811863403e+03|2.860179871e+03|2.811285645e+03|2.964673975e+03
3.257921912e+06|3.110705611e+06|3.110705611e+06|3.110705611e+06|3.110705611e+06|2.136362529e+03|2.136362529e+03|2.136362529e+03|2.136362529e+03|4.065562593e+00|4.065562593e+00|4.065562593e+00|4.065562593e+00|2.702446655e+03|2.745184570e+03|2.832141724e+03|2.768168701e+03|2.964673975e+03
3.261079728e+06|3.110705611e+06|3.110705611e+06|3.110705611e+06|3.110705611e+06|2.136362529e+03|2.136362529e+03|2.136362529e+03|2.136362529e+03|4.065562593e+00|4.065562593e+00|4.065562593e+00|4.065562593e+00|2.661334595e+03|2.702528198e+03|2.766879333e+03|2.711920654e+03|2.964673975e+03
3.264867546e+06|3.110705611e+06|3.110705611e+06|3.110705611e+06|3.110705611e+06|2.136362529e+03|2.136362529e+03|2.136362529e+03|2.136362529e+03|4.065562593e+00|4.065562593e+00|4.065562593e+00|4.065562593e+00|2.641084473e+03|2.683358765e+03|2.744175293e+03|2.689388428e+03|2.964673975e+03
3.268929866e+06|3.110705611e+06|3.110705611e+06|3.110705611e+06|3.110705612e+06|2.136362529e+03|2.136362529e+03|2.136362529e+03|2.136362529e+03|4.065562593e+00|4.065562593e+00|4.065562593e+00|4.065562593e+00|2.583298340e+03|2.618167236e+03|2.661039185e+03|2.623948730e+03|2.964673975e+03
3.273960750e+06|3.110705611e+06|3.110705613e+06|3.110705620e+06|3.110705615e+06|2.136362529e+03|2.136362529e+03|2.136362529e+03|2.136362529e+03|4.065562593e+00|4.065562593e+00|4.065562593e+00|4.065562593e+00|2.500972778e+03|2.553004395e+03|2.602498230e+03|2.554990234e+03|2.964673975e+03
3.276825964e+06|3.110705611e+06|3.110705611e+06|3.110705620e+06|3.110705614e+06|2.136362529e+03|2.136362529e+03|2.136362529e+03|2.136362529e+03|4.065562593e+00|4.065562593e+00|4.065562593e+00|4.065562593e+00|2.481459351e+03|2.574146484e+03|2.597301147e+03|2.558943604e+03|2.964673975e+03
