#PHASE|Nmant|Nmant/Nmanttot|Mmant|Mmant/Mmanttot|RRRminmant|RRRminmantEq|RRRmaxmant|RRRmaxmantEq|Ncore|Ncore/Ncoretot|Mcore|Mcore/Mcoretot|RRRmincore|RRRmaxcore|
0.000000000e+00|0.000000000e+00|0.000000000e+00|0.000000000e+00|0.000000000e+00|inf|inf|-inf|inf|0.000000000e+00|0.000000000e+00|0.000000000e+00|0.000000000e+00|inf|-inf
1.000000000e+00|3.000000000e+00|2.147320502e-05|1.300776599e+19|2.107135217e-05|8.773038187e+07|inf|9.875354500e+07|inf|3.000000000e+00|0.000000000e+00|0.000000000e+00|0.000000000e+00|inf|-inf
2.000000000e+00|1.790000000e+02|1.281234566e-03|7.734004100e+20|1.252835608e-03|1.797378852e+07|2.564264131e+07|1.968711256e+08|inf|1.790000000e+02|0.000000000e+00|0.000000000e+00|0.000000000e+00|inf|-inf
3.000000000e+00|3.503200000e+04|2.507497727e-01|1.558492266e+23|2.524610254e-01|2.013130374e+06|2.220388913e+06|9.879064987e+07|inf|3.503200000e+04|0.000000000e+00|0.000000000e+00|0.000000000e+00|inf|-inf
4.000000000e+00|1.017740000e+05|7.284713225e-01|4.486944609e+23|7.268426424e-01|2.065775360e+06|2.250998325e+06|9.873904856e+07|inf|1.017740000e+05|9.678628992e-01|2.601438616e+23|9.685463148e-01|1.725594659e+04|3.980363913e+06
5.000000000e+00|1.215000000e+03|8.696648033e-03|5.347864040e+21|8.663034579e-03|3.773101842e+06|4.200841775e+06|1.962636971e+08|inf|1.215000000e+03|3.124897207e-04|8.178748717e+19|3.045044723e-04|2.444638015e+06|1.441416068e+08
6.000000000e+00|1.168000000e+03|8.360234487e-03|5.153942247e+21|8.348899593e-03|4.582056355e+06|5.153375246e+06|1.500506393e+08|inf|1.168000000e+03|1.973619289e-04|5.177642284e+19|1.927697361e-04|4.645547130e+06|1.474620558e+08
7.000000000e+00|3.310000000e+02|2.369210287e-03|1.457523283e+21|2.361050038e-03|3.722698012e+06|9.011731274e+06|7.063810638e+07|inf|3.310000000e+02|5.920857867e-04|1.540543152e+20|5.735624066e-04|5.288678108e+06|1.945392617e+07
8.000000000e+00|7.000000000e+00|5.010414504e-05|3.052098181e+19|4.944110748e-05|3.636423945e+06|inf|3.896944302e+06|inf|7.000000000e+00|3.103516332e-02|8.160592250e+21|3.038284856e-02|1.284649847e+06|3.886127432e+06
