#RRR|P25fit|P50fit|P75fit|P25model|P50model|P75model
1.620827638e+05|4.459408235e+10|4.482865935e+10|4.510677414e+10|0.000000|0.000000|0.000000
2.472869014e+05|4.425332896e+10|4.450752004e+10|4.479967346e+10|0.000000|0.000000|0.000000
2.941304838e+05|4.401323230e+10|4.427398730e+10|4.456891769e+10|0.000000|0.000000|0.000000
3.294193618e+05|4.380751289e+10|4.407153471e+10|4.436664684e+10|0.000000|0.000000|0.000000
3.595653108e+05|4.361482263e+10|4.388062194e+10|4.417476242e+10|0.000000|0.000000|0.000000
3.880800473e+05|4.341816254e+10|4.368487139e+10|4.397725424e+10|0.000000|0.000000|0.000000
4.149730330e+05|4.321985058e+10|4.348679795e+10|4.377686686e+10|0.000000|0.000000|0.000000
4.384561940e+05|4.303648669e+10|4.330319876e+10|4.359078982e+10|0.000000|0.000000|0.000000
4.631647786e+05|4.283328948e+10|4.309935191e+10|4.338393411e+10|0.000000|0.000000|0.000000
4.845663630e+05|4.264878242e+10|4.291398193e+10|4.319566822e+10|0.000000|0.000000|0.000000
5.051492488e+05|4.246388792e+10|4.272802129e+10|4.300670363e+10|0.000000|0.000000|0.000000
5.270307614e+05|4.225932694e+10|4.252209952e+10|4.279738755e+10|0.000000|0.000000|0.000000
5.464789517e+05|4.207059837e+10|4.233198633e+10|4.260411160e+10|0.000000|0.000000|0.000000
5.643343066e+05|4.189160171e+10|4.215158981e+10|4.242071165e+10|0.000000|0.000000|0.000000
5.830183830e+05|4.169843548e+10|4.195684237e+10|4.222273890e+10|0.000000|0.000000|0.000000
6.019305630e+05|4.149681371e+10|4.175351433e+10|4.201607988e+10|0.000000|0.000000|0.000000
6.177231177e+05|4.132375666e+10|4.157896203e+10|4.183870890e+10|0.000000|0.000000|0.000000
6.354194497e+05|4.112477043e+10|4.137823549e+10|4.163479798e+10|0.000000|0.000000|0.000000
6.524294207e+05|4.092846223e+10|4.118020049e+10|4.143368939e+10|0.000000|0.000000|0.000000
6.697484992e+05|4.072352031e+10|4.097345658e+10|4.122381627e+10|0.000000|0.000000|0.000000
6.833917351e+05|4.055848257e+10|4.080697486e+10|4.105487785e+10|0.000000|0.000000|0.000000
6.991005880e+05|4.036454308e+10|4.061135296e+10|4.085644473e+10|0.000000|0.000000|0.000000
7.149431430e+05|4.016471737e+10|4.040981598e+10|4.065209989e+10|0.000000|0.000000|0.000000
7.301491122e+05|3.996892906e+10|4.021237798e+10|4.045200044e+10|0.000000|0.000000|0.000000
7.446144476e+05|3.977905585e+10|4.002093449e+10|4.025806223e+10|0.000000|0.000000|0.000000
7.573756634e+05|3.960862609e+10|3.984912273e+10|4.008408444e+10|0.000000|0.000000|0.000000
7.710727040e+05|3.942265392e+10|3.966167459e+10|3.989435228e+10|0.000000|0.000000|0.000000
7.866224790e+05|3.920771496e+10|3.944507414e+10|3.967521569e+10|0.000000|0.000000|0.000000
8.004453137e+05|3.901325295e+10|3.924915207e+10|3.947709471e+10|0.000000|0.000000|0.000000
8.126942377e+05|3.883827028e+10|3.907289201e+10|3.929893331e+10|0.000000|0.000000|0.000000
8.247120216e+05|3.866416386e+10|3.889754983e+10|3.912177152e+10|0.000000|0.000000|0.000000
8.375285340e+05|3.847584501e+10|3.870793475e+10|3.893026869e+10|0.000000|0.000000|0.000000
8.505782074e+05|3.828130673e+10|3.851210232e+10|3.873257298e+10|0.000000|0.000000|0.000000
8.646161258e+05|3.806889814e+10|3.829833347e+10|3.851686914e+10|0.000000|0.000000|0.000000
8.767630975e+05|3.788248427e+10|3.811077163e+10|3.832769339e+10|0.000000|0.000000|0.000000
8.868990713e+05|3.772507881e+10|3.795243035e+10|3.816804980e+10|0.000000|0.000000|0.000000
8.986262158e+05|3.754086501e+10|3.776716043e+10|3.798132498e+10|0.000000|0.000000|0.000000
9.112194714e+05|3.734054633e+10|3.756574113e+10|3.777840687e+10|0.000000|0.000000|0.000000
9.239841929e+05|3.713486637e+10|3.735898284e+10|3.757019825e+10|0.000000|0.000000|0.000000
9.369656484e+05|3.692298349e+10|3.714604368e+10|3.735585687e+10|0.000000|0.000000|0.000000
9.478132107e+05|3.674384024e+10|3.696605029e+10|3.717474913e+10|0.000000|0.000000|0.000000
9.577672476e+05|3.657778433e+10|3.679924124e+10|3.700696416e+10|0.000000|0.000000|0.000000
9.677461307e+05|3.640971531e+10|3.663044382e+10|3.683723376e+10|0.000000|0.000000|0.000000
9.804173803e+05|3.619400062e+10|3.641384369e+10|3.661951514e+10|0.000000|0.000000|0.000000
9.924698920e+05|3.598643974e+10|3.620548272e+10|3.641015973e+10|0.000000|0.000000|0.000000
1.004245789e+06|3.578140992e+10|3.599971181e+10|3.620348314e+10|0.000000|0.000000|0.000000
1.014219240e+06|3.560604243e+10|3.582374874e+10|3.602680430e+10|0.000000|0.000000|0.000000
1.024499167e+06|3.542364060e+10|3.564076437e+10|3.584313158e+10|0.000000|0.000000|0.000000
1.033889686e+06|3.525556476e+10|3.547218456e+10|3.567396694e+10|0.000000|0.000000|0.000000
1.043911996e+06|3.507465298e+10|3.529076501e+10|3.549196956e+10|0.000000|0.000000|0.000000
1.056257444e+06|3.484964557e+10|3.506517537e+10|3.526573389e+10|0.000000|0.000000|0.000000
1.067684265e+06|3.463926344e+10|3.485429731e+10|3.505432243e+10|0.000000|0.000000|0.000000
1.077456544e+06|3.445773480e+10|3.467237765e+10|3.487199565e+10|0.000000|0.000000|0.000000
1.087029196e+06|3.427848163e+10|3.449277124e+10|3.469203406e+10|0.000000|0.000000|0.000000
1.095957053e+06|3.411002898e+10|3.432401584e+10|3.452298609e+10|0.000000|0.000000|0.000000
1.104622000e+06|3.394536540e+10|3.415908319e+10|3.435780495e+10|0.000000|0.000000|0.000000
1.114527954e+06|3.375570948e+10|3.396914958e+10|3.416762973e+10|0.000000|0.000000|0.000000
1.125659077e+06|3.354081015e+10|3.375397641e+10|3.395223854e+10|0.000000|0.000000|0.000000
1.137232063e+06|3.331538366e+10|3.352830805e+10|3.372640278e+10|0.000000|0.000000|0.000000
1.146683829e+06|3.312977222e+10|3.334253144e+10|3.354053362e+10|0.000000|0.000000|0.000000
1.154156828e+06|3.298206601e+10|3.319471520e+10|3.339267192e+10|0.000000|0.000000|0.000000
1.162189906e+06|3.282235399e+10|3.303490508e+10|3.323283985e+10|0.000000|0.000000|0.000000
1.171081540e+06|3.264444579e+10|3.285691259e+10|3.305485510e+10|0.000000|0.000000|0.000000
1.181030996e+06|3.244397408e+10|3.265637667e+10|3.285436705e+10|0.000000|0.000000|0.000000
1.190951219e+06|3.224262736e+10|3.245499736e+10|3.265307586e+10|0.000000|0.000000|0.000000
1.202704012e+06|3.200220253e+10|3.221457419e+10|3.241280796e+10|0.000000|0.000000|0.000000
1.212731710e+06|3.179546049e+10|3.200786772e+10|3.220627643e+10|0.000000|0.000000|0.000000
1.219872296e+06|3.164734418e+10|3.185979568e+10|3.205835214e+10|0.000000|0.000000|0.000000
1.226592057e+06|3.150727709e+10|3.171978453e+10|3.191849723e+10|0.000000|0.000000|0.000000
1.234042273e+06|3.135121629e+10|3.156380174e+10|3.176270668e+10|0.000000|0.000000|0.000000
1.243002355e+06|3.116246219e+10|3.137516349e+10|3.157432544e+10|0.000000|0.000000|0.000000
1.252230984e+06|3.096683903e+10|3.117968443e+10|3.137913961e+10|0.000000|0.000000|0.000000
1.263890378e+06|3.071794013e+10|3.093100290e+10|3.113086828e+10|0.000000|0.000000|0.000000
1.275367102e+06|3.047104323e+10|3.068435762e+10|3.088466805e+10|0.000000|0.000000|0.000000
1.283668716e+06|3.029128475e+10|3.050480391e+10|3.070546052e+10|0.000000|0.000000|0.000000
1.290939799e+06|3.013303964e+10|3.034675350e+10|3.054772922e+10|0.000000|0.000000|0.000000
1.297182973e+06|2.999657076e+10|3.021046302e+10|3.041172413e+10|0.000000|0.000000|0.000000
1.303911391e+06|2.984888196e+10|3.006297789e+10|3.026455783e+10|0.000000|0.000000|0.000000
1.311026078e+06|2.969202518e+10|2.990634907e+10|3.010827833e+10|0.000000|0.000000|0.000000
1.320904828e+06|2.947305942e+10|2.968772079e+10|2.989015466e+10|0.000000|0.000000|0.000000
1.331614381e+06|2.923414965e+10|2.944920358e+10|2.965220838e+10|0.000000|0.000000|0.000000
1.344381833e+06|2.894726639e+10|2.916282315e+10|2.936653794e+10|0.000000|0.000000|0.000000
1.353235206e+06|2.874702089e+10|2.896294762e+10|2.916717151e+10|0.000000|0.000000|0.000000
1.359774097e+06|2.859843867e+10|2.881464939e+10|2.901925716e+10|0.000000|0.000000|0.000000
1.364957833e+06|2.848023706e+10|2.869667920e+10|2.890159561e+10|0.000000|0.000000|0.000000
1.370821720e+06|2.834608833e+10|2.856279876e+10|2.876806852e+10|0.000000|0.000000|0.000000
1.377043689e+06|2.820324099e+10|2.842024340e+10|2.862589251e+10|0.000000|0.000000|0.000000
1.385223831e+06|2.801464614e+10|2.823204345e+10|2.843819739e+10|0.000000|0.000000|0.000000
1.395269577e+06|2.778181669e+10|2.799971530e+10|2.820649697e+10|0.000000|0.000000|0.000000
1.408868533e+06|2.746450150e+10|2.768310542e+10|2.789074662e+10|0.000000|0.000000|0.000000
1.419336818e+06|2.721857715e+10|2.743774323e+10|2.764605039e+10|0.000000|0.000000|0.000000
1.426786329e+06|2.704269752e+10|2.726227295e+10|2.747105461e+10|0.000000|0.000000|0.000000
1.431902318e+06|2.692149280e+10|2.714135353e+10|2.735046072e+10|0.000000|0.000000|0.000000
1.436818030e+06|2.680471312e+10|2.702485098e+10|2.723427034e+10|0.000000|0.000000|0.000000
1.441643753e+06|2.668976738e+10|2.691018003e+10|2.711990495e+10|0.000000|0.000000|0.000000
1.446972284e+06|2.656249653e+10|2.678321551e+10|2.699327648e+10|0.000000|0.000000|0.000000
1.455091381e+06|2.636787313e+10|2.658906437e+10|2.679963373e+10|0.000000|0.000000|0.000000
1.464619097e+06|2.613841061e+10|2.636016357e+10|2.657132219e+10|0.000000|0.000000|0.000000
1.478367008e+06|2.580528295e+10|2.602785831e+10|2.623984871e+10|0.000000|0.000000|0.000000
1.490920022e+06|2.549903495e+10|2.572237056e+10|2.593509583e+10|0.000000|0.000000|0.000000
1.497618464e+06|2.533481358e+10|2.555855742e+10|2.577166318e+10|0.000000|0.000000|0.000000
1.502142430e+06|2.522358784e+10|2.544760807e+10|2.566096563e+10|0.000000|0.000000|0.000000
1.506466127e+06|2.511704979e+10|2.534133453e+10|2.555492856e+10|0.000000|0.000000|0.000000
1.510617159e+06|2.501454982e+10|2.523908872e+10|2.545290568e+10|0.000000|0.000000|0.000000
1.515078569e+06|2.490415020e+10|2.512896234e+10|2.534301418e+10|0.000000|0.000000|0.000000
1.520600767e+06|2.476746893e+10|2.499261996e+10|2.520696317e+10|1.000000|1.000000|1.000000
1.529000162e+06|2.455761279e+10|2.478327534e+10|2.499801348e+10|1.000000|1.000000|1.000000
1.543563689e+06|2.419374781e+10|2.442029727e+10|2.463572017e+10|1.000000|1.000000|1.000000
1.557313156e+06|2.385022186e+10|2.407760866e+10|2.429367804e+10|1.000000|1.000000|1.000000
1.565427953e+06|2.364747633e+10|2.387535731e+10|2.409180824e+10|1.000000|1.000000|1.000000
1.570659045e+06|2.351677919e+10|2.374497874e+10|2.396167563e+10|1.000000|1.000000|1.000000
1.574191633e+06|2.342851863e+10|2.365693332e+10|2.387379631e+10|1.000000|1.000000|1.000000
1.578221393e+06|2.332783639e+10|2.355649649e+10|2.377354895e+10|1.000000|1.000000|1.000000
1.581833135e+06|2.323759821e+10|2.346647826e+10|2.368370054e+10|1.000000|1.000000|1.000000
1.585484403e+06|2.314637247e+10|2.337547487e+10|2.359286884e+10|1.000000|1.000000|1.000000
1.590466228e+06|2.302190319e+10|2.325130899e+10|2.346893720e+10|1.000000|1.000000|1.000000
1.602972839e+06|2.270942961e+10|2.293959705e+10|2.315781330e+10|1.000000|1.000000|1.000000
1.629958324e+06|2.203520606e+10|2.226701691e+10|2.248650198e+10|1.000000|1.000000|1.000000
1.636405409e+06|2.187412775e+10|2.210633123e+10|2.232611944e+10|1.000000|1.000000|1.000000
1.639674216e+06|2.179245767e+10|2.202486021e+10|2.224480212e+10|1.000000|1.000000|1.000000
1.642264302e+06|2.172774521e+10|2.196030549e+10|2.218036918e+10|1.000000|1.000000|1.000000
1.644368597e+06|2.167517010e+10|2.190785853e+10|2.212802116e+10|1.000000|1.000000|1.000000
1.646206195e+06|2.162925831e+10|2.186205864e+10|2.208230768e+10|1.000000|1.000000|1.000000
1.648328823e+06|2.157622514e+10|2.180915474e+10|2.202950358e+10|1.000000|1.000000|1.000000
1.650628559e+06|2.151876698e+10|2.175183664e+10|2.197229361e+10|1.000000|1.000000|1.000000
1.653529945e+06|2.144627681e+10|2.167952316e+10|2.190011655e+10|1.000000|1.000000|1.000000
1.666332998e+06|2.112639670e+10|2.136042275e+10|2.158161812e+10|1.000000|1.000000|1.000000
1.713720849e+06|1.994242672e+10|2.017933867e+10|2.040276216e+10|1.000000|1.000000|1.000000
1.717513207e+06|1.984767590e+10|2.008481880e+10|2.030842061e+10|1.000000|1.000000|1.000000
1.719553561e+06|1.979669831e+10|2.003396547e+10|2.025766321e+10|1.000000|1.000000|1.000000
1.721089808e+06|1.975831566e+10|1.999567638e+10|2.021944635e+10|1.000000|1.000000|1.000000
1.722181306e+06|1.973104495e+10|1.996847214e+10|2.019229344e+10|1.000000|1.000000|1.000000
1.723156109e+06|1.970668981e+10|1.994417636e+10|2.016804349e+10|1.000000|1.000000|1.000000
1.724076158e+06|1.968370269e+10|1.992124527e+10|2.014515566e+10|1.000000|1.000000|1.000000
1.725095227e+06|1.965824158e+10|1.989584623e+10|2.011980453e+10|1.000000|1.000000|1.000000
1.726213935e+06|1.963029105e+10|1.986796382e+10|2.009197472e+10|1.000000|1.000000|1.000000
1.727395688e+06|1.960076533e+10|1.983851007e+10|2.006257654e+10|1.000000|1.000000|1.000000
1.728417738e+06|1.957522973e+10|1.981303672e+10|2.003715124e+10|1.000000|1.000000|1.000000
1.729684261e+06|1.954358608e+10|1.978147019e+10|2.000564427e+10|1.000000|1.000000|1.000000
1.731610892e+06|1.949544983e+10|1.973345127e+10|1.995771593e+10|1.000000|1.000000|1.000000
1.734787583e+06|1.902731577e+10|1.959063392e+10|1.979214731e+10|2.000000|2.000000|2.000000
1.823833865e+06|1.775037810e+10|1.820260965e+10|1.838491142e+10|2.000000|2.000000|2.000000
1.833130098e+06|1.761706865e+10|1.805770301e+10|1.823799914e+10|2.000000|2.000000|2.000000
1.835781099e+06|1.757905288e+10|1.801638007e+10|1.819610425e+10|2.000000|2.000000|2.000000
1.837676449e+06|1.755187326e+10|1.798683598e+10|1.816615124e+10|2.000000|2.000000|2.000000
1.839548391e+06|1.752502931e+10|1.795765675e+10|1.813656814e+10|2.000000|2.000000|2.000000
1.841442220e+06|1.749787151e+10|1.792813637e+10|1.810663917e+10|2.000000|2.000000|2.000000
1.843739778e+06|1.746492417e+10|1.789232279e+10|1.807032989e+10|2.000000|2.000000|2.000000
1.847768644e+06|1.740714960e+10|1.782952215e+10|1.800666003e+10|2.000000|2.000000|2.000000
1.916725053e+06|1.641830386e+10|1.675465223e+10|1.691691286e+10|2.000000|2.000000|2.000000
1.933201683e+06|1.618202638e+10|1.649781990e+10|1.665652573e+10|2.000000|2.000000|2.000000
1.937117507e+06|1.612587285e+10|1.643678132e+10|1.659464231e+10|2.000000|2.000000|2.000000
1.940309397e+06|1.608010065e+10|1.638702719e+10|1.654419953e+10|2.000000|2.000000|2.000000
1.943611014e+06|1.603275495e+10|1.633556267e+10|1.649202269e+10|2.000000|2.000000|2.000000
1.946592315e+06|1.599000262e+10|1.628909112e+10|1.644490794e+10|2.000000|2.000000|2.000000
1.950802291e+06|1.592963090e+10|1.622346739e+10|1.637837591e+10|2.000000|2.000000|2.000000
1.959118780e+06|1.581037115e+10|1.609383269e+10|1.624694694e+10|2.000000|2.000000|2.000000
2.006755209e+06|1.512725727e+10|1.535129164e+10|1.549412839e+10|2.000000|2.000000|2.000000
2.018513504e+06|1.495864147e+10|1.516800719e+10|1.530830711e+10|2.000000|2.000000|2.000000
2.024587234e+06|1.487154323e+10|1.507333187e+10|1.521232139e+10|2.000000|2.000000|2.000000
2.031132151e+06|1.477768809e+10|1.497131185e+10|1.510888931e+10|2.000000|2.000000|2.000000
2.037264421e+06|1.468975037e+10|1.487572403e+10|1.501197847e+10|2.000000|2.000000|2.000000
2.043363636e+06|1.460228666e+10|1.478065145e+10|1.491558999e+10|2.000000|2.000000|2.000000
2.052415513e+06|1.447630448e+10|1.464539613e+10|1.477253938e+10|3.000000|3.000000|2.000000
2.077894161e+06|1.412889698e+10|1.427561264e+10|1.439751483e+10|3.000000|3.000000|3.000000
2.100528567e+06|1.383074631e+10|1.396293676e+10|1.408019681e+10|3.000000|3.000000|3.000000
2.107345098e+06|1.374264587e+10|1.387130758e+10|1.398753999e+10|3.000000|3.000000|3.000000
2.114361641e+06|1.365270502e+10|1.377810112e+10|1.389343080e+10|3.000000|3.000000|3.000000
2.120526706e+06|1.357427048e+10|1.369708586e+10|1.381174180e+10|3.000000|3.000000|3.000000
2.127261657e+06|1.348918545e+10|1.360947116e+10|1.372350810e+10|3.000000|3.000000|3.000000
2.134824608e+06|1.339434591e+10|1.351212794e+10|1.362560233e+10|3.000000|3.000000|3.000000
2.147915282e+06|1.323182276e+10|1.334603864e+10|1.345882906e+10|3.000000|3.000000|3.000000
2.172745752e+06|1.292852777e+10|1.303824644e+10|1.315052594e+10|3.000000|3.000000|3.000000
2.188339135e+06|1.274087471e+10|1.284899303e+10|1.296131953e+10|3.000000|3.000000|3.000000
2.195614048e+06|1.265395722e+10|1.276158866e+10|1.287400061e+10|3.000000|3.000000|3.000000
2.203097336e+06|1.256492406e+10|1.267220254e+10|1.278473181e+10|3.000000|3.000000|3.000000
2.210071508e+06|1.248226208e+10|1.258933149e+10|1.270198918e+10|3.000000|3.000000|3.000000
2.216933933e+06|1.240119589e+10|1.250815916e+10|1.262095444e+10|3.000000|3.000000|3.000000
2.225861551e+06|1.229609940e+10|1.240305235e+10|1.251603328e+10|3.000000|3.000000|3.000000
2.237763944e+06|1.215655247e+10|1.226367602e+10|1.237689631e+10|3.000000|3.000000|3.000000
2.257347097e+06|1.192811697e+10|1.203584542e+10|1.214937515e+10|3.000000|3.000000|3.000000
2.273986441e+06|1.173489089e+10|1.184331056e+10|1.195695657e+10|3.000000|3.000000|3.000000
2.282419827e+06|1.163718417e+10|1.174597607e+10|1.185961194e+10|3.000000|3.000000|3.000000
2.290299621e+06|1.154599727e+10|1.165513426e+10|1.176871206e+10|3.000000|3.000000|3.000000
2.298318267e+06|1.145328727e+10|1.156276218e+10|1.167622857e+10|3.000000|3.000000|3.000000
2.305806746e+06|1.136676563e+10|1.147653554e+10|1.158984708e+10|3.000000|3.000000|3.000000
2.314119449e+06|1.127076840e+10|1.138083355e+10|1.149391264e+10|3.000000|3.000000|3.000000
2.323943587e+06|1.115735565e+10|1.126771418e+10|1.138043268e+10|3.000000|3.000000|3.000000
2.337355829e+06|1.100253888e+10|1.111317845e+10|1.122524828e+10|3.000000|3.000000|3.000000
2.355774141e+06|1.078986274e+10|1.090061729e+10|1.101149262e+10|3.000000|3.000000|3.000000
2.366550387e+06|1.066533827e+10|1.077599450e+10|1.088600584e+10|3.000000|3.000000|3.000000
2.374681620e+06|1.057131499e+10|1.068180951e+10|1.079108858e+10|3.000000|3.000000|3.000000
2.383014526e+06|1.047489318e+10|1.058514071e+10|1.069359852e+10|3.000000|3.000000|3.000000
2.392067599e+06|1.037005238e+10|1.047993586e+10|1.058742171e+10|3.000000|3.000000|3.000000
2.399684145e+06|1.028177197e+10|1.039127066e+10|1.049787603e+10|3.000000|3.000000|3.000000
2.409728223e+06|1.016524153e+10|1.027412211e+10|1.037948163e+10|3.000000|3.000000|3.000000
2.420888541e+06|1.003560027e+10|1.014364645e+10|1.024751364e+10|3.000000|3.000000|3.000000
2.434580378e+06|9.876310790e+09|9.983123809e+09|1.008501516e+10|3.000000|3.000000|3.000000
2.448137237e+06|9.718322294e+09|9.823693643e+09|9.923485492e+09|3.000000|3.000000|3.000000
2.458300001e+06|9.599710993e+09|9.703863958e+09|9.801998741e+09|3.000000|3.000000|3.000000
2.467728802e+06|9.489531858e+09|9.592454510e+09|9.688995766e+09|3.000000|3.000000|3.000000
2.475985843e+06|9.392941394e+09|9.494712016e+09|9.589818826e+09|3.000000|3.000000|3.000000
2.484217279e+06|9.296556702e+09|9.397113788e+09|9.490759338e+09|3.000000|3.000000|3.000000
2.492157590e+06|9.203495311e+09|9.302824388e+09|9.395035379e+09|3.000000|3.000000|3.000000
2.501296789e+06|9.096283433e+09|9.194135028e+09|9.284670500e+09|3.000000|3.000000|3.000000
2.513416072e+06|8.953958744e+09|9.049757070e+09|9.138042311e+09|3.000000|3.000000|3.000000
2.525773186e+06|8.808677239e+09|8.902288640e+09|8.988262733e+09|3.000000|3.000000|3.000000
2.537068903e+06|8.675747208e+09|8.767294102e+09|8.851156753e+09|3.000000|3.000000|3.000000
2.547184629e+06|8.556615115e+09|8.646273904e+09|8.728259171e+09|3.000000|3.000000|3.000000
2.556665541e+06|8.444895867e+09|8.532762629e+09|8.613009879e+09|3.000000|3.000000|3.000000
2.565597476e+06|8.339600365e+09|8.425768533e+09|8.504405713e+09|3.000000|3.000000|3.000000
2.574125629e+06|8.239033740e+09|8.323579067e+09|8.400710765e+09|3.000000|3.000000|3.000000
2.581471564e+06|8.152391062e+09|8.235543808e+09|8.311408734e+09|3.000000|3.000000|3.000000
2.590451806e+06|8.046460200e+09|8.127924990e+09|8.202285465e+09|3.000000|3.000000|3.000000
2.600629006e+06|7.926407632e+09|8.005989834e+09|8.078713094e+09|3.000000|3.000000|3.000000
2.614193714e+06|7.766419858e+09|7.843565841e+09|7.914237111e+09|3.000000|3.000000|3.000000
2.624835216e+06|7.640953669e+09|7.716266032e+09|7.785446717e+09|3.000000|3.000000|3.000000
2.634271095e+06|7.529752257e+09|7.603509553e+09|7.671466795e+09|3.000000|3.000000|3.000000
2.643991397e+06|7.415263656e+09|7.487500435e+09|7.554302910e+09|3.000000|3.000000|3.000000
2.652788106e+06|7.311722676e+09|7.382664193e+09|7.448521089e+09|3.000000|3.000000|3.000000
2.661546876e+06|7.208705156e+09|7.278441875e+09|7.343457505e+09|3.000000|3.000000|3.000000
2.669609732e+06|7.113949960e+09|7.182659448e+09|7.246994113e+09|3.000000|3.000000|3.000000
2.677423454e+06|7.022201396e+09|7.089996215e+09|7.153760695e+09|3.000000|3.000000|3.000000
2.687592878e+06|6.902920719e+09|6.969653248e+09|7.032814230e+09|3.000000|3.000000|3.000000
2.697433235e+06|6.787651931e+09|6.853504427e+09|6.916237473e+09|3.000000|3.000000|3.000000
2.710371857e+06|6.636341604e+09|6.701274983e+09|6.763690057e+09|3.000000|3.000000|3.000000
2.720470180e+06|6.518462774e+09|6.582878881e+09|6.645246866e+09|3.000000|3.000000|3.000000
2.730141359e+06|6.405760673e+09|6.469855030e+09|6.532348935e+09|3.000000|3.000000|3.000000
2.739123273e+06|6.301267385e+09|6.365221522e+09|6.427986065e+09|3.000000|3.000000|3.000000
2.748087592e+06|6.197156337e+09|6.261128159e+09|6.324313395e+09|3.000000|3.000000|3.000000
2.755827888e+06|6.107409161e+09|6.171526495e+09|6.235197863e+09|3.000000|3.000000|3.000000
2.762740409e+06|6.027379475e+09|6.091731026e+09|6.155933860e+09|3.000000|3.000000|3.000000
2.771268494e+06|5.928805036e+09|5.993583539e+09|6.058569571e+09|3.000000|3.000000|3.000000
2.781837700e+06|5.806887912e+09|5.872410485e+09|5.938563661e+09|3.000000|3.000000|3.000000
2.793152178e+06|5.676687556e+09|5.743273871e+09|5.810917885e+09|3.000000|3.000000|3.000000
2.804397668e+06|5.547607457e+09|5.615527017e+09|5.684899032e+09|3.000000|3.000000|3.000000
2.814239360e+06|5.434909742e+09|5.504222114e+09|5.575305724e+09|3.000000|3.000000|3.000000
2.824072689e+06|5.322558572e+09|5.393472047e+09|5.466448529e+09|3.000000|3.000000|3.000000
2.832646418e+06|5.224802156e+09|5.297280576e+09|5.372053385e+09|3.000000|3.000000|3.000000
2.841460554e+06|5.124499329e+09|5.198747866e+09|5.275505373e+09|3.000000|3.000000|3.000000
2.848573840e+06|5.043693140e+09|5.119487001e+09|5.197945281e+09|3.000000|3.000000|3.000000
2.856936777e+06|4.948848700e+09|5.026589319e+09|5.107156421e+09|3.000000|3.000000|3.000000
2.865061165e+06|4.856868017e+09|4.936630175e+09|5.019354534e+09|3.000000|3.000000|3.000000
2.873351584e+06|4.763162341e+09|4.845114516e+09|4.930145146e+09|3.000000|3.000000|3.000000
2.883777370e+06|4.645531318e+09|4.730410471e+09|4.818482393e+09|3.000000|3.000000|3.000000
2.897010777e+06|4.496534444e+09|4.585385058e+09|4.677523045e+09|3.000000|3.000000|3.000000
2.906761491e+06|4.386949992e+09|4.478892043e+09|4.574156037e+09|3.000000|3.000000|3.000000
2.915850441e+06|4.284936484e+09|4.379871048e+09|4.478134085e+09|3.000000|3.000000|3.000000
2.924633291e+06|4.186463742e+09|4.284378105e+09|4.385604929e+09|3.000000|3.000000|3.000000
2.932745235e+06|4.095589128e+09|4.196320301e+09|4.300330913e+09|3.000000|3.000000|3.000000
2.940002061e+06|4.014342775e+09|4.117636344e+09|4.224166104e+09|3.000000|3.000000|3.000000
2.947032925e+06|3.935658346e+09|4.041463759e+09|4.150452201e+09|3.000000|3.000000|3.000000
2.954540420e+06|3.851661224e+09|3.960170277e+09|4.071794661e+09|3.000000|3.000000|3.000000
2.963948197e+06|3.746411019e+09|3.858321857e+09|3.973249599e+09|3.000000|3.000000|3.000000
2.975445235e+06|3.617754512e+09|3.733809594e+09|3.852745503e+09|3.000000|3.000000|3.000000
2.987170824e+06|3.486440207e+09|3.606659519e+09|3.729610002e+09|3.000000|3.000000|3.000000
2.997867019e+06|3.366502596e+09|3.490418304e+09|3.616926355e+09|3.000000|3.000000|3.000000
3.005842489e+06|3.276940740e+09|3.403520772e+09|3.532592718e+09|3.000000|3.000000|3.000000
3.014041644e+06|3.184717341e+09|3.313930806e+09|3.445539606e+09|3.000000|3.000000|3.000000
3.021551009e+06|3.100092894e+09|3.231604541e+09|3.365432326e+09|3.000000|3.000000|3.000000
3.028383561e+06|3.022940688e+09|3.156432540e+09|3.292178971e+09|3.000000|3.000000|3.000000
3.034767008e+06|2.950707992e+09|3.085940894e+09|3.223382274e+09|3.000000|3.000000|3.000000
3.042301590e+06|2.865236969e+09|3.002371790e+09|3.141677982e+09|3.000000|3.000000|3.000000
3.051432221e+06|2.761311928e+09|2.900499754e+09|3.041844439e+09|3.000000|3.000000|3.000000
3.065199305e+06|2.603775703e+09|2.745451929e+09|2.889341896e+09|3.000000|3.000000|3.000000
3.081721691e+06|2.413122405e+09|2.556633822e+09|2.702587363e+09|3.000000|3.000000|3.000000
3.096098290e+06|2.245542211e+09|2.389426281e+09|2.536131994e+09|3.000000|3.000000|3.000000
3.104458024e+06|2.147263473e+09|2.290759084e+09|2.437390223e+09|3.000000|3.000000|3.000000
3.109647128e+06|2.085919716e+09|2.228927762e+09|2.375305114e+09|3.000000|3.000000|3.000000
3.113834594e+06|2.036215827e+09|2.178684468e+09|2.324734475e+09|3.000000|3.000000|3.000000
3.117771866e+06|1.989310574e+09|2.131147905e+09|2.276786114e+09|3.000000|3.000000|3.000000
3.121394356e+06|1.946003338e+09|2.087149545e+09|2.232316624e+09|3.000000|3.000000|3.000000
3.125366333e+06|1.898344353e+09|2.038606847e+09|2.183152195e+09|3.000000|3.000000|3.000000
3.129667518e+06|1.846522919e+09|1.985674440e+09|2.129418122e+09|3.000000|3.000000|3.000000
3.135171960e+06|1.779868694e+09|1.917355014e+09|2.059870179e+09|3.000000|3.000000|3.000000
3.144471076e+06|1.666358425e+09|1.800375076e+09|1.940269820e+09|3.000000|3.000000|3.000000
3.192722927e+06|1.055552111e+09|1.155770854e+09|1.269056934e+09|3.000000|3.000000|3.000000
3.217980423e+06|7.178171079e+08|7.873318812e+08|8.760598637e+08|3.000000|3.000000|3.000000
3.222234933e+06|6.594723219e+08|7.227656873e+08|8.065053209e+08|3.000000|3.000000|3.000000
3.224943022e+06|6.221001900e+08|6.812645348e+08|7.616922152e+08|3.000000|3.000000|3.000000
3.226810034e+06|5.962268550e+08|6.524665740e+08|7.305478385e+08|3.000000|3.000000|3.000000
3.228457064e+06|5.733277336e+08|6.269338725e+08|7.029018947e+08|3.000000|3.000000|3.000000
3.230142113e+06|5.498271196e+08|6.006863654e+08|6.744499195e+08|3.000000|3.000000|3.000000
3.231609729e+06|5.292982697e+08|5.777213557e+08|6.495295817e+08|3.000000|3.000000|3.000000
3.233295458e+06|5.056480255e+08|5.512221582e+08|6.207434866e+08|3.000000|3.000000|3.000000
3.235032238e+06|4.812019746e+08|5.237835617e+08|5.909024679e+08|3.000000|3.000000|3.000000
3.237434938e+06|4.472479748e+08|4.855925446e+08|5.493095649e+08|3.000000|3.000000|3.000000
3.240237668e+06|4.074402918e+08|4.406979848e+08|5.003302500e+08|3.000000|3.000000|3.000000
3.242318231e+06|3.777478522e+08|4.071272922e+08|4.636450124e+08|3.000000|3.000000|3.000000
