#PHASE|Nmant|Nmant/Nmanttot|Mmant|Mmant/Mmanttot|RRRminmant|RRRminmantEq|RRRmaxmant|RRRmaxmantEq|Ncore|Ncore/Ncoretot|Mcore|Mcore/Mcoretot|RRRmincore|RRRmaxcore|
0.000000000e+00|0.000000000e+00|0.000000000e+00|0.000000000e+00|0.000000000e+00|inf|inf|-inf|inf|0.000000000e+00|0.000000000e+00|0.000000000e+00|0.000000000e+00|inf|-inf
1.000000000e+00|7.543000000e+03|5.535943635e-02|3.380454069e+22|5.608443886e-02|1.783065535e+06|2.257983204e+06|1.740377662e+08|inf|7.543000000e+03|0.000000000e+00|0.000000000e+00|0.000000000e+00|inf|-inf
2.000000000e+00|1.069000000e+03|7.845583648e-03|4.544660036e+21|7.539954773e-03|4.383067012e+06|4.383067012e+06|3.036525561e+08|inf|1.069000000e+03|0.000000000e+00|0.000000000e+00|0.000000000e+00|inf|-inf
3.000000000e+00|8.077500000e+04|5.928222818e-01|3.604356122e+23|5.979915315e-01|1.785545855e+06|2.245729428e+06|1.740590629e+08|inf|8.077500000e+04|0.000000000e+00|0.000000000e+00|0.000000000e+00|inf|-inf
4.000000000e+00|4.266600000e+04|3.131334630e-01|1.859600955e+23|3.085226835e-01|2.608101758e+06|2.810428853e+06|1.682342237e+08|inf|4.266600000e+04|9.730352237e-01|2.615367656e+23|9.740251569e-01|4.162298232e+04|6.843365403e+07
5.000000000e+00|4.199000000e+03|3.081721772e-02|1.798601194e+22|2.984023348e-02|3.736500821e+06|3.993530859e+06|2.911403019e+08|inf|4.199000000e+03|2.253919681e-02|5.823876424e+21|2.168950179e-02|2.270115824e+06|1.111974955e+08
6.000000000e+00|1.000000000e+00|7.339180214e-06|4.250800739e+18|7.052418677e-06|5.335422544e+07|inf|5.335422544e+07|inf|1.000000000e+00|0.000000000e+00|0.000000000e+00|0.000000000e+00|inf|-inf
7.000000000e+00|0.000000000e+00|0.000000000e+00|0.000000000e+00|0.000000000e+00|inf|inf|-inf|inf|0.000000000e+00|0.000000000e+00|0.000000000e+00|0.000000000e+00|inf|-inf
8.000000000e+00|2.000000000e+00|1.467836043e-05|8.501989880e+18|1.410548175e-05|4.023733226e+06|4.023733226e+06|4.101661574e+06|inf|2.000000000e+00|4.425579521e-03|1.150662582e+21|4.285341297e-03|1.740479841e+06|3.630332662e+06
