#PHASE|Nmant|Nmant/Nmanttot|Mmant|Mmant/Mmanttot|RRRminmant|RRRminmantEq|RRRmaxmant|RRRmaxmantEq|Ncore|Ncore/Ncoretot|Mcore|Mcore/Mcoretot|RRRmincore|RRRmaxcore|
0.000000000e+00|0.000000000e+00|0.000000000e+00|0.000000000e+00|0.000000000e+00|inf|inf|-inf|inf|0.000000000e+00|0.000000000e+00|0.000000000e+00|0.000000000e+00|inf|-inf
1.000000000e+00|0.000000000e+00|0.000000000e+00|0.000000000e+00|0.000000000e+00|inf|inf|-inf|inf|0.000000000e+00|0.000000000e+00|0.000000000e+00|0.000000000e+00|inf|-inf
2.000000000e+00|6.000000000e+00|4.279325864e-05|2.383917048e+19|4.301242742e-05|4.012765074e+07|inf|1.422381358e+08|inf|6.000000000e+00|0.000000000e+00|0.000000000e+00|0.000000000e+00|inf|-inf
3.000000000e+00|5.877000000e+04|4.191599683e-01|2.320321088e+23|4.186498119e-01|2.053630781e+06|2.057242198e+06|3.323177626e+06|inf|5.877000000e+04|0.000000000e+00|0.000000000e+00|0.000000000e+00|inf|-inf
4.000000000e+00|8.032600000e+04|5.729018822e-01|3.178230635e+23|5.734403158e-01|2.098339975e+06|2.133459685e+06|3.855889691e+06|inf|8.032600000e+04|9.909950175e-01|2.366415179e+23|9.910224901e-01|4.221576359e+04|3.647372650e+06
5.000000000e+00|6.230000000e+02|4.443366688e-03|2.454520933e+21|4.428631589e-03|3.837212047e+06|3.870724431e+06|1.892017521e+08|inf|6.230000000e+02|3.476188111e-04|8.287268123e+19|3.470595171e-04|2.212435273e+06|4.185745865e+06
6.000000000e+00|3.980000000e+02|2.838619489e-03|1.566943538e+21|2.827197585e-03|4.634641290e+06|4.900119006e+06|1.503374003e+08|inf|3.980000000e+02|0.000000000e+00|0.000000000e+00|0.000000000e+00|inf|-inf
7.000000000e+00|8.600000000e+01|6.133700404e-04|3.386571476e+20|6.110307401e-04|6.268737200e+06|7.537715909e+06|1.477878058e+08|inf|8.600000000e+01|0.000000000e+00|0.000000000e+00|0.000000000e+00|inf|-inf
8.000000000e+00|0.000000000e+00|0.000000000e+00|0.000000000e+00|0.000000000e+00|inf|inf|-inf|inf|0.000000000e+00|8.657363725e-03|2.060823944e+21|8.630450375e-03|1.239247387e+06|3.065257730e+06
