#RRR|U50|U25|U75|Umean|T50|T25|T75|Tmean|P50|P25|P75|Pmean|rho50|rho25|rho75|Pmean|S
1.771907910e+05|2.180171154e+06|2.183148366e+06|2.186080494e+06|2.183339169e+06|3.360016290e+03|3.363417060e+03|3.366765161e+03|3.363628884e+03|4.500241324e+10|4.515357575e+10|4.530255491e+10|4.516322549e+10|8.088562012e+03|8.092900879e+03|8.097163330e+03|8.093167480e+03|1.891284329e+03
2.693829740e+05|2.173581687e+06|2.176647764e+06|2.180217518e+06|2.177264300e+06|3.352485085e+03|3.355990086e+03|3.360069259e+03|3.356684868e+03|4.466826349e+10|4.482369687e+10|4.500476565e+10|4.485501167e+10|8.078964600e+03|8.083432373e+03|8.088633301e+03|8.084316406e+03|1.891284329e+03
3.204280841e+05|2.168281772e+06|2.171601609e+06|2.174438961e+06|2.171484029e+06|3.346423442e+03|3.350220869e+03|3.353465211e+03|3.350067353e+03|4.439992620e+10|4.456796817e+10|4.471171442e+10|4.456183687e+10|8.071224609e+03|8.076075195e+03|8.080216187e+03|8.075878906e+03|1.891284329e+03
3.605178461e+05|2.162850546e+06|2.167507261e+06|2.171007943e+06|2.166957645e+06|3.340145311e+03|3.345537293e+03|3.349541907e+03|3.344846344e+03|4.412346665e+10|4.436074112e+10|4.453790885e+10|4.433184218e+10|8.063232178e+03|8.070095947e+03|8.075209839e+03|8.069222656e+03|1.891284329e+03
3.968424531e+05|2.159164353e+06|2.162145565e+06|2.165192109e+06|2.162787025e+06|3.335865571e+03|3.339326958e+03|3.342862974e+03|3.340032134e+03|4.393555114e+10|4.408751488e+10|4.424292074e+10|4.411971782e+10|8.057780518e+03|8.062188477e+03|8.066688843e+03|8.063087402e+03|1.891284329e+03
4.289571765e+05|2.151992042e+06|2.155847498e+06|2.161378426e+06|2.155678761e+06|3.327533165e+03|3.332013083e+03|3.338436371e+03|3.331790962e+03|4.357040226e+10|4.376660655e+10|4.404840051e+10|4.375791180e+10|8.047156250e+03|8.052868896e+03|8.061057007e+03|8.052584961e+03|1.891284329e+03
4.598734320e+05|2.147152697e+06|2.151215578e+06|2.156856549e+06|2.151938198e+06|3.321907181e+03|3.326630694e+03|3.333185239e+03|3.327431511e+03|4.332439560e+10|4.353091608e+10|4.381798839e+10|4.356732056e+10|8.039982788e+03|8.046010742e+03|8.054364502e+03|8.047028320e+03|1.891284329e+03
4.883601220e+05|2.143642235e+06|2.148794756e+06|2.152584933e+06|2.148778000e+06|3.317781240e+03|3.323816512e+03|3.328222217e+03|3.323749141e+03|4.314489599e+10|4.340784391e+10|4.360056031e+10|4.340629947e+10|8.034725464e+03|8.042416504e+03|8.048037231e+03|8.042335449e+03|1.891284329e+03
5.159080845e+05|2.137520654e+06|2.141264559e+06|2.146924125e+06|2.142090102e+06|3.310545325e+03|3.314971329e+03|3.321641376e+03|3.315913000e+03|4.283121146e+10|4.302300681e+10|4.331278186e+10|4.306486272e+10|8.025516235e+03|8.031149658e+03|8.039643555e+03|8.032351074e+03|1.891284329e+03
5.416256340e+05|2.133440859e+06|2.137756996e+06|2.143480414e+06|2.138395524e+06|3.305720149e+03|3.310824781e+03|3.317590026e+03|3.311554005e+03|4.262243572e+10|4.284331246e+10|4.313659866e+10|4.287586070e+10|8.019367310e+03|8.025875244e+03|8.034481201e+03|8.026796875e+03|1.891284329e+03
5.656006765e+05|2.127139766e+06|2.133235429e+06|2.137083614e+06|2.132302052e+06|3.298263551e+03|3.305477128e+03|3.310028542e+03|3.304333501e+03|4.230042469e+10|4.261192910e+10|4.280883631e+10|4.256382922e+10|8.009860962e+03|8.019056152e+03|8.024856445e+03|8.017600098e+03|1.891284329e+03
5.900884183e+05|2.122876612e+06|2.125999561e+06|2.130272786e+06|2.125619001e+06|3.293169104e+03|3.296913695e+03|3.301971762e+03|3.296403052e+03|4.208147775e+10|4.224221291e+10|4.246046789e+10|4.222166141e+10|8.003374756e+03|8.008136475e+03|8.014589111e+03|8.007495117e+03|1.891284329e+03
6.122386358e+05|2.117214890e+06|2.123460972e+06|2.128651291e+06|2.122944161e+06|3.286364013e+03|3.293871241e+03|3.300052737e+03|3.293196683e+03|4.179003631e+10|4.211158448e+10|4.237762099e+10|4.208420751e+10|7.994712646e+03|8.004266357e+03|8.012139282e+03|8.003412598e+03|1.891284329e+03
6.344647082e+05|2.111526048e+06|2.117243527e+06|2.120954842e+06|2.116143426e+06|3.279522193e+03|3.286398445e+03|3.290859698e+03|3.285046645e+03|4.149768924e+10|4.179150890e+10|4.198249940e+10|4.173485282e+10|7.985996216e+03|7.994756348e+03|8.000435425e+03|7.993032715e+03|1.891284329e+03
6.552209680e+05|2.106111343e+06|2.112482444e+06|2.117049291e+06|2.111550662e+06|3.273006209e+03|3.280672715e+03|3.286164911e+03|3.279515218e+03|4.121991570e+10|4.154681013e+10|4.178152100e+10|4.149862535e+10|7.977687622e+03|7.987464844e+03|7.994459106e+03|7.985988770e+03|1.891284329e+03
6.760088080e+05|2.102687779e+06|2.108039499e+06|2.111332335e+06|2.106943904e+06|3.268833111e+03|3.275326959e+03|3.279289147e+03|3.273956154e+03|4.104296696e+10|4.131878184e+10|4.148774448e+10|4.126167534e+10|7.972382446e+03|7.980652344e+03|7.985702148e+03|7.978907715e+03|1.891284329e+03
6.962771478e+05|2.097941492e+06|2.101834461e+06|2.106371465e+06|2.101973722e+06|3.263029824e+03|3.267789966e+03|3.273319323e+03|3.267929596e+03|4.079747386e+10|4.099880592e+10|4.123325025e+10|4.100563178e+10|7.964996460e+03|7.971054443e+03|7.978091064e+03|7.971231445e+03|1.891284329e+03
7.142273680e+05|2.092816434e+06|2.096926692e+06|2.101070684e+06|2.096413056e+06|3.256760260e+03|3.261788664e+03|3.266856203e+03|3.261137075e+03|4.053276709e+10|4.074502848e+10|4.095928805e+10|4.071839458e+10|7.957016479e+03|7.963417236e+03|7.969865479e+03|7.962585449e+03|1.891284329e+03
7.340415000e+05|2.087380984e+06|2.092621724e+06|2.096380467e+06|2.090964531e+06|3.250107404e+03|3.256522003e+03|3.261120545e+03|3.254454103e+03|4.025247189e+10|4.052271845e+10|4.071680574e+10|4.043669950e+10|7.948534058e+03|7.956710449e+03|7.962567627e+03|7.954077637e+03|1.891284329e+03
7.525176055e+05|2.082745769e+06|2.086218429e+06|2.090366786e+06|2.085641588e+06|3.244368796e+03|3.248683986e+03|3.253762410e+03|3.247909084e+03|4.001196152e+10|4.019257416e+10|4.040638628e+10|4.016149245e+10|7.941234253e+03|7.946719727e+03|7.953194458e+03|7.945741211e+03|1.891284329e+03
7.707744976e+05|2.077542693e+06|2.081759562e+06|2.086002493e+06|2.080882090e+06|3.237886364e+03|3.243140346e+03|3.248419578e+03|3.242022086e+03|3.974129678e+10|3.996062766e+10|4.018145048e+10|3.991475636e+10|7.932985718e+03|7.939672852e+03|7.946382446e+03|7.938247559e+03|1.891284329e+03
7.878368092e+05|2.072120655e+06|2.076076197e+06|2.080637652e+06|2.076043110e+06|3.231127664e+03|3.236058692e+03|3.241742718e+03|3.236004383e+03|3.945971581e+10|3.966509086e+10|3.990224605e+10|3.966346251e+10|7.924384155e+03|7.930662598e+03|7.937894653e+03|7.930588867e+03|1.891284329e+03
8.058156223e+05|2.066715105e+06|2.072111145e+06|2.075228963e+06|2.071101195e+06|3.224385996e+03|3.231115804e+03|3.235002679e+03|3.229819753e+03|3.917946563e+10|3.945922250e+10|3.962108037e+10|3.940637905e+10|7.915789185e+03|7.924369629e+03|7.929316284e+03|7.922718262e+03|1.891284329e+03
8.216282180e+05|2.063340448e+06|2.067780840e+06|2.072158704e+06|2.067455807e+06|3.220115780e+03|3.225715433e+03|3.231175109e+03|3.225264979e+03|3.900293332e+10|3.923468055e+10|3.946168952e+10|3.921693913e+10|7.910364014e+03|7.917485596e+03|7.924446899e+03|7.916917969e+03|1.891284329e+03
8.398183075e+05|2.057481571e+06|2.061853110e+06|2.066401899e+06|2.061426472e+06|3.212687347e+03|3.218230369e+03|3.223995264e+03|3.217666923e+03|3.869656424e+10|3.892510005e+10|3.916324226e+10|3.890263697e+10|7.900917725e+03|7.907968750e+03|7.915291870e+03|7.907248535e+03|1.891284329e+03
8.551376992e+05|2.051886179e+06|2.056819813e+06|2.060315413e+06|2.056240275e+06|3.205589260e+03|3.211848059e+03|3.216280852e+03|3.211087476e+03|3.840456521e+10|3.866200293e+10|3.884467109e+10|3.863164920e+10|7.891881226e+03|7.899849365e+03|7.905487793e+03|7.898876953e+03|1.891284329e+03
8.708451824e+05|2.047592627e+06|2.051046942e+06|2.056090613e+06|2.051508703e+06|3.200140197e+03|3.204524343e+03|3.210923176e+03|3.205065851e+03|3.818090093e+10|3.836081959e+10|3.862392692e+10|3.838436783e+10|7.884935547e+03|7.890522705e+03|7.898673462e+03|7.891212891e+03|1.891284329e+03
8.869703244e+05|2.043278908e+06|2.048074793e+06|2.052044440e+06|2.048188669e+06|3.194578766e+03|3.200752235e+03|3.205790089e+03|3.200834901e+03|3.795392322e+10|3.820600228e+10|3.841281320e+10|3.821076011e+10|7.877865845e+03|7.885716553e+03|7.892136475e+03|7.885828613e+03|1.891284329e+03
9.031000510e+05|2.037931400e+06|2.042557771e+06|2.046798958e+06|2.041886437e+06|3.187674686e+03|3.193647902e+03|3.199121724e+03|3.192745539e+03|3.767280430e+10|3.791598254e+10|3.813925597e+10|3.788035672e+10|7.869086792e+03|7.876686523e+03|7.883642822e+03|7.875537109e+03|1.891284329e+03
9.187860904e+05|2.033006765e+06|2.036781858e+06|2.041751086e+06|2.037246924e+06|3.181313778e+03|3.186190119e+03|3.192606542e+03|3.186762171e+03|3.741438079e+10|3.761244092e+10|3.787355214e+10|3.763670813e+10|7.860991089e+03|7.867199707e+03|7.875363159e+03|7.867924316e+03|1.891284329e+03
9.338221917e+05|2.026644010e+06|2.031158835e+06|2.034901990e+06|2.030968287e+06|3.173045199e+03|3.178926205e+03|3.183762064e+03|3.178634534e+03|3.707976351e+10|3.731752960e+10|3.751378069e+10|3.730674787e+10|7.850465210e+03|7.857952148e+03|7.864108643e+03|7.857583984e+03|1.891284329e+03
9.480597909e+05|2.021954678e+06|2.026726867e+06|2.032008013e+06|2.026623803e+06|3.166872335e+03|3.173154248e+03|3.180023412e+03|3.172967809e+03|3.683136969e+10|3.708415594e+10|3.736202663e+10|3.707776456e+10|7.842625488e+03|7.850606689e+03|7.859349609e+03|7.850375488e+03|1.891284329e+03
9.625912920e+05|2.017597194e+06|2.022831773e+06|2.026043960e+06|2.022290069e+06|3.161134258e+03|3.168027084e+03|3.172255442e+03|3.167284967e+03|3.660094584e+10|3.687779551e+10|3.704795685e+10|3.684892374e+10|7.835325562e+03|7.844092285e+03|7.849463867e+03|7.843146484e+03|1.891284329e+03
9.786228575e+05|2.012022646e+06|2.016674469e+06|2.020847972e+06|2.017033378e+06|3.153790630e+03|3.159918929e+03|3.165415172e+03|3.160363216e+03|3.630671356e+10|3.655220076e+10|3.677281226e+10|3.657099521e+10|7.825973755e+03|7.833780029e+03|7.840771118e+03|7.834340820e+03|1.891284329e+03
9.928095177e+05|2.008370241e+06|2.012518475e+06|2.015669737e+06|2.011909256e+06|3.148935008e+03|3.154443943e+03|3.158595491e+03|3.153590508e+03|3.611295370e+10|3.633285887e+10|3.649914181e+10|3.629976675e+10|7.819798584e+03|7.826809570e+03|7.832093750e+03|7.825727051e+03|1.891284329e+03
1.007359368e+06|2.002309967e+06|2.006692046e+06|2.010982465e+06|2.007292189e+06|3.140809097e+03|3.146685159e+03|3.152419991e+03|3.147440288e+03|3.579000305e+10|3.602344584e+10|3.625188044e+10|3.605470428e+10|7.809475342e+03|7.816940918e+03|7.824227783e+03|7.817904297e+03|1.891284329e+03
1.020309068e+06|1.997524587e+06|2.002638646e+06|2.007318059e+06|2.003402806e+06|3.134390104e+03|3.141249896e+03|3.147524445e+03|3.142238457e+03|3.553556647e+10|3.580749839e+10|3.605682783e+10|3.584794736e+10|7.801309204e+03|7.810034424e+03|7.818009155e+03|7.811289551e+03|1.891284329e+03
1.033351438e+06|1.994598810e+06|1.998475734e+06|2.001585101e+06|1.998516824e+06|3.130464441e+03|3.135666127e+03|3.139836922e+03|3.135683987e+03|3.538026412e+10|3.558609995e+10|3.575143020e+10|3.558796082e+10|7.796311035e+03|7.802935303e+03|7.808241211e+03|7.802954590e+03|1.891284329e+03
1.047098713e+06|1.989019610e+06|1.994123583e+06|1.998093266e+06|1.994516047e+06|3.122898890e+03|3.129826721e+03|3.135153032e+03|3.130294872e+03|3.508221083e+10|3.535505708e+10|3.556577680e+10|3.537487146e+10|7.786694214e+03|7.795496094e+03|7.802277466e+03|7.796098633e+03|1.891284329e+03
1.061607340e+06|1.984839488e+06|1.989078437e+06|1.992907127e+06|1.989540536e+06|3.117185702e+03|3.122979282e+03|3.128194243e+03|3.123561778e+03|3.485800948e+10|3.508536860e+10|3.529055212e+10|3.510937677e+10|7.779430664e+03|7.786793945e+03|7.793418823e+03|7.787537109e+03|1.891284329e+03
1.074741588e+06|1.978795408e+06|1.982357173e+06|1.987432860e+06|1.983262409e+06|3.108922185e+03|3.113792255e+03|3.120730382e+03|3.115004186e+03|3.453453672e+10|3.472505764e+10|3.499705886e+10|3.477342592e+10|7.768921875e+03|7.775115723e+03|7.783936279e+03|7.776654785e+03|1.891284329e+03
1.087354014e+06|1.973177101e+06|1.978374047e+06|1.984145791e+06|1.979400643e+06|3.101201311e+03|3.108345975e+03|3.116237439e+03|3.109696050e+03|3.423346712e+10|3.451201737e+10|3.482084120e+10|3.456623939e+10|7.759098145e+03|7.768190430e+03|7.778225464e+03|7.769905762e+03|1.891284329e+03
1.100110310e+06|1.969647645e+06|1.973999566e+06|1.979568141e+06|1.973849084e+06|3.096277537e+03|3.102348548e+03|3.109978854e+03|3.102045972e+03|3.404249917e+10|3.427801894e+10|3.457584584e+10|3.426805453e+10|7.752845093e+03|7.760553955e+03|7.770267822e+03|7.760177734e+03|1.891284329e+03
1.113780778e+06|1.964124506e+06|1.969232595e+06|1.973317117e+06|1.968283743e+06|3.088570481e+03|3.095698454e+03|3.101396619e+03|3.094347451e+03|3.374427099e+10|3.402006261e+10|3.424105046e+10|3.396866200e+10|7.743051270e+03|7.752113281e+03|7.759344238e+03|7.750390137e+03|1.891284329e+03
1.126011360e+06|1.958514185e+06|1.964385624e+06|1.968173431e+06|1.963480200e+06|3.080739274e+03|3.088934896e+03|3.094220639e+03|3.087628386e+03|3.344210385e+10|3.375835592e+10|3.396282457e+10|3.370911819e+10|7.733083130e+03|7.743510498e+03|7.750234985e+03|7.741849609e+03|1.891284329e+03
1.139888881e+06|1.954843431e+06|1.959855589e+06|1.965008753e+06|1.960275673e+06|3.075552839e+03|3.082611910e+03|3.089804533e+03|3.083145533e+03|3.324287610e+10|3.351427960e+10|3.379196708e+10|3.353606259e+10|7.726495117e+03|7.735466553e+03|7.744620605e+03|7.736149414e+03|1.891284329e+03
1.152349673e+06|1.948499506e+06|1.953818328e+06|1.958831554e+06|1.954297923e+06|3.066528299e+03|3.074094771e+03|3.081182342e+03|3.074722964e+03|3.289751535e+10|3.318699833e+10|3.345917596e+10|3.321228356e+10|7.715031250e+03|7.724643555e+03|7.733650024e+03|7.725443359e+03|1.891284329e+03
1.164795280e+06|1.944613517e+06|1.949503547e+06|1.955334247e+06|1.950260489e+06|3.060998899e+03|3.067956777e+03|3.076250931e+03|3.068986977e+03|3.268650420e+10|3.295210602e+10|3.326964015e+10|3.299292134e+10|7.707996582e+03|7.716842773e+03|7.727379639e+03|7.718149902e+03|1.891284329e+03
1.176609763e+06|1.941142512e+06|1.946510337e+06|1.952068230e+06|1.947190421e+06|3.056059087e+03|3.063698029e+03|3.071605328e+03|3.064619883e+03|3.249837573e+10|3.278945209e+10|3.309166506e+10|3.282604348e+10|7.701711304e+03|7.711429932e+03|7.721482544e+03|7.712598633e+03|1.891284329e+03
1.187805008e+06|1.937642659e+06|1.941960270e+06|1.946503221e+06|1.942521249e+06|3.051015172e+03|3.057222968e+03|3.063687904e+03|3.057956939e+03|3.230703802e+10|3.254266922e+10|3.278906543e+10|3.257208162e+10|7.695301270e+03|7.703191162e+03|7.711416260e+03|7.704125488e+03|1.891284329e+03
1.200657178e+06|1.931732165e+06|1.937282511e+06|1.941666370e+06|1.937373174e+06|3.042456666e+03|3.050493731e+03|3.056804676e+03|3.050565446e+03|3.198345613e+10|3.228729289e+10|3.252674844e+10|3.229134797e+10|7.684423340e+03|7.694636475e+03|7.702657959e+03|7.694729980e+03|1.891284329e+03
1.211693784e+06|1.925913739e+06|1.931877397e+06|1.937205704e+06|1.931976898e+06|3.033979436e+03|3.042666989e+03|3.050382524e+03|3.042763775e+03|3.166427841e+10|3.199139542e+10|3.228308250e+10|3.199617402e+10|7.673646973e+03|7.684689209e+03|7.694494629e+03|7.684812012e+03|1.891284329e+03
1.224524655e+06|1.922149529e+06|1.928306194e+06|1.932459416e+06|1.927093656e+06|3.028449737e+03|3.037493622e+03|3.043509852e+03|3.035622406e+03|3.145689114e+10|3.179630799e+10|3.202321775e+10|3.172784549e+10|7.666617798e+03|7.678106689e+03|7.685763306e+03|7.675734863e+03|1.891284329e+03
1.237060686e+06|1.915751876e+06|1.921352945e+06|1.925760748e+06|1.920706061e+06|3.019028698e+03|3.027279446e+03|3.033754704e+03|3.026282041e+03|3.110472821e+10|3.141305863e+10|3.165584084e+10|3.137688398e+10|7.654642700e+03|7.665133057e+03|7.673362427e+03|7.663863281e+03|1.891284329e+03
1.247897626e+06|1.912321929e+06|1.917306679e+06|1.923349907e+06|1.917997320e+06|3.013912105e+03|3.021334418e+03|3.030213195e+03|3.022243875e+03|3.091436591e+10|3.119070895e+10|3.152297891e+10|3.122683532e+10|7.648144775e+03|7.657571289e+03|7.668858765e+03|7.658729980e+03|1.891284329e+03
1.257904059e+06|1.907818969e+06|1.913847397e+06|1.920199770e+06|1.914399914e+06|3.007194115e+03|3.016187770e+03|3.025585215e+03|3.016933264e+03|3.066500802e+10|3.099898357e+10|3.134963910e+10|3.102840897e+10|7.639601562e+03|7.651032715e+03|7.662977173e+03|7.651979980e+03|1.891284329e+03
1.269350094e+06|1.904983584e+06|1.910993752e+06|1.913585522e+06|1.909950431e+06|3.002958752e+03|3.011930681e+03|3.015797118e+03|3.010335454e+03|3.050816705e+10|3.084074902e+10|3.098445199e+10|3.078251514e+10|7.634214600e+03|7.645623779e+03|7.650533936e+03|7.643595215e+03|1.891284329e+03
1.281297628e+06|1.898935199e+06|1.905602167e+06|1.911365853e+06|1.905878785e+06|2.993806043e+03|3.003886543e+03|3.012485803e+03|3.004197970e+03|3.017064807e+10|3.054248612e+10|3.086136771e+10|3.055599472e+10|7.622592285e+03|7.635393066e+03|7.646327393e+03|7.635794922e+03|1.891284329e+03
1.291612749e+06|1.894229626e+06|1.900262070e+06|1.904994957e+06|1.899429495e+06|2.986681138e+03|2.995814028e+03|3.002975962e+03|2.994504460e+03|2.990879648e+10|3.024458755e+10|3.050880287e+10|3.019757247e+10|7.613529419e+03|7.625139893e+03|7.634234985e+03|7.623475098e+03|1.891284329e+03
1.304036697e+06|1.887947069e+06|1.893413400e+06|1.899787538e+06|1.894220193e+06|2.977028335e+03|2.985437444e+03|2.995095914e+03|2.986568409e+03|2.955590263e+10|2.986319806e+10|3.021813746e+10|2.990642955e+10|7.601265625e+03|7.611947510e+03|7.624225830e+03|7.613388672e+03|1.891284329e+03
1.316270924e+06|1.885482231e+06|1.891521740e+06|1.894904488e+06|1.889977597e+06|2.973236367e+03|2.982527483e+03|2.987705928e+03|2.980090631e+03|2.941768108e+10|2.975673866e+10|2.994639468e+10|2.966911179e+10|7.596443970e+03|7.608251221e+03|7.614832764e+03|7.605155762e+03|1.891284329e+03
1.326791327e+06|1.881757293e+06|1.888278004e+06|1.892504510e+06|1.888290733e+06|2.967484167e+03|2.977537444e+03|2.984039296e+03|2.977480031e+03|2.920848999e+10|2.957447731e+10|2.981203250e+10|2.957415424e+10|7.589133057e+03|7.601913086e+03|7.610174927e+03|7.601838867e+03|1.891284329e+03
1.336522541e+06|1.876701881e+06|1.884018379e+06|1.888487533e+06|1.883687425e+06|2.959596544e+03|2.970984284e+03|2.977859781e+03|2.970350172e+03|2.892270082e+10|2.933569392e+10|2.958623960e+10|2.931503596e+10|7.579111084e+03|7.593580566e+03|7.602322632e+03|7.592778320e+03|1.891284329e+03
1.345097973e+06|1.873154586e+06|1.879562298e+06|1.884542904e+06|1.878929296e+06|2.954061800e+03|2.964059490e+03|2.971791251e+03|2.962979177e+03|2.872273715e+10|2.908428786e+10|2.936506268e+10|2.904716315e+10|7.572073486e+03|7.584782471e+03|7.594606812e+03|7.583409180e+03|1.891284329e+03
1.357200151e+06|1.867351576e+06|1.875620674e+06|1.880234038e+06|1.874378141e+06|2.944885625e+03|2.957909579e+03|2.965107557e+03|2.955875450e+03|2.839271336e+10|2.886170205e+10|2.912227887e+10|2.879010695e+10|7.560419678e+03|7.576968018e+03|7.586113037e+03|7.574381348e+03|1.891284329e+03
1.368287032e+06|1.863090795e+06|1.869651113e+06|1.876260942e+06|1.869612302e+06|2.938119982e+03|2.948537076e+03|2.958908566e+03|2.948360593e+03|2.815033494e+10|2.852382080e+10|2.889781890e+10|2.851968251e+10|7.551816650e+03|7.565057373e+03|7.578236816e+03|7.564831055e+03|1.891284329e+03
1.379755328e+06|1.857576031e+06|1.865012026e+06|1.870173642e+06|1.864115911e+06|2.929287506e+03|2.941170669e+03|2.949366808e+03|2.939664488e+03|2.783512063e+10|2.825953697e+10|2.855364151e+10|2.820738788e+10|7.540593506e+03|7.555697754e+03|7.566105835e+03|7.553779297e+03|1.891284329e+03
1.391600128e+06|1.852165887e+06|1.858569544e+06|1.866051065e+06|1.859437809e+06|2.920576455e+03|2.930887253e+03|2.942820547e+03|2.932162433e+03|2.752552424e+10|2.789210715e+10|2.831865637e+10|2.793995197e+10|7.529521118e+03|7.542625977e+03|7.557794556e+03|7.544245605e+03|1.891284329e+03
1.401535678e+06|1.849605754e+06|1.855774993e+06|1.861326516e+06|1.854748703e+06|2.916434754e+03|2.926387537e+03|2.935318536e+03|2.924647731e+03|2.737882114e+10|2.773192012e+10|2.805018373e+10|2.767196824e+10|7.524254639e+03|7.536911377e+03|7.548252441e+03|7.534694336e+03|1.891284329e+03
1.410081826e+06|1.845101428e+06|1.852579611e+06|1.858734009e+06|1.851651142e+06|2.909058899e+03|2.921242587e+03|2.931152074e+03|2.919594308e+03|2.711853895e+10|2.754915692e+10|2.790154456e+10|2.749338789e+10|7.514882446e+03|7.530367676e+03|7.542963989e+03|7.528271973e+03|1.891284329e+03
1.418630950e+06|1.842963983e+06|1.851643614e+06|1.856617312e+06|1.849856385e+06|2.905558818e+03|2.919735555e+03|2.927743803e+03|2.916656302e+03|2.699533111e+10|2.749570216e+10|2.778016887e+10|2.738971395e+10|7.510429443e+03|7.528447998e+03|7.538634521e+03|7.524538086e+03|1.891284329e+03
1.428203794e+06|1.837318618e+06|1.845898578e+06|1.851783087e+06|1.845610524e+06|2.896212607e+03|2.910364184e+03|2.919960121e+03|2.909740836e+03|2.666710689e+10|2.716453562e+10|2.750367714e+10|2.714516856e+10|7.498560913e+03|7.516541748e+03|7.528735107e+03|7.515748047e+03|1.891284329e+03
1.438328768e+06|1.835484991e+06|1.843554557e+06|1.850166637e+06|1.842273305e+06|2.893160909e+03|2.906526052e+03|2.917353157e+03|2.904240176e+03|2.656016530e+10|2.702935910e+10|2.741128577e+10|2.695170706e+10|7.494681152e+03|7.511662109e+03|7.525417603e+03|7.508757324e+03|1.891284329e+03
1.451359479e+06|1.825881949e+06|1.836867772e+06|1.843355053e+06|1.835490219e+06|2.877061176e+03|2.895462242e+03|2.906199389e+03|2.893031604e+03|2.599836594e+10|2.664079005e+10|2.701786483e+10|2.655792768e+10|7.474214722e+03|7.497605469e+03|7.511244507e+03|7.494513184e+03|1.891284329e+03
1.462950765e+06|1.826400415e+06|1.834047475e+06|1.838949021e+06|1.832058265e+06|2.877940636e+03|2.890768581e+03|2.898926206e+03|2.887328798e+03|2.602895963e+10|2.647644025e+10|2.676231331e+10|2.635812336e+10|7.475335083e+03|7.491639893e+03|7.502003296e+03|7.487265137e+03|1.891284329e+03
1.473127898e+06|1.820846758e+06|1.829412647e+06|1.833878646e+06|1.827248921e+06|2.868521059e+03|2.883050610e+03|2.890487622e+03|2.879224390e+03|2.570192001e+10|2.620697779e+10|2.646661508e+10|2.607585068e+10|7.463361206e+03|7.481822510e+03|7.491281982e+03|7.476962891e+03|1.891284329e+03
1.482262632e+06|1.819184030e+06|1.826694054e+06|1.830875809e+06|1.824248062e+06|2.865693544e+03|2.878438740e+03|2.885490637e+03|2.874138805e+03|2.560400819e+10|2.604629495e+10|2.629206538e+10|2.589911254e+10|7.459759644e+03|7.475964844e+03|7.484924927e+03|7.470497559e+03|1.891284329e+03
1.489781252e+06|1.815327689e+06|1.821560973e+06|1.826927343e+06|1.819397351e+06|2.859051136e+03|2.869732319e+03|2.878834473e+03|2.865855760e+03|2.537412974e+10|2.574389021e+10|2.606007025e+10|2.561207208e+10|7.451324463e+03|7.464900879e+03|7.476469360e+03|7.459969238e+03|1.891284329e+03
1.498265756e+06|1.810479560e+06|1.818639246e+06|1.823185907e+06|1.816055745e+06|2.850698039e+03|2.864755094e+03|2.872488230e+03|2.860106207e+03|2.508613987e+10|2.557148485e+10|2.583947504e+10|2.541343063e+10|7.440699707e+03|7.458571045e+03|7.468407227e+03|7.452659180e+03|1.891284329e+03
1.509618455e+06|1.792794753e+06|1.806243137e+06|1.813372168e+06|1.803994637e+06|2.819487518e+03|2.843296816e+03|2.855683324e+03|2.839110036e+03|2.401819586e+10|2.483168233e+10|2.525786714e+10|2.469143366e+10|7.401010376e+03|7.431294678e+03|7.447040649e+03|7.425961426e+03|1.891284329e+03
1.519904731e+06|1.792919866e+06|1.800425530e+06|1.808068096e+06|1.800649192e+06|2.819710748e+03|2.833086045e+03|2.846500680e+03|2.833277028e+03|2.402578677e+10|2.448201479e+10|2.494175846e+10|2.449094955e+10|7.401295654e+03|7.418302734e+03|7.435365845e+03|7.418544922e+03|1.891284329e+03
1.530210081e+06|1.789790957e+06|1.798003700e+06|1.806541758e+06|1.797893858e+06|2.814115258e+03|2.828782975e+03|2.843821048e+03|2.828347882e+03|2.383580931e+10|2.433494276e+10|2.484968656e+10|2.432317064e+10|7.394170410e+03|7.412833008e+03|7.431959106e+03|7.412272949e+03|1.891284329e+03
1.542133828e+06|1.787196534e+06|1.796516182e+06|1.805628616e+06|1.795648249e+06|2.809395509e+03|2.826128120e+03|2.842218060e+03|2.824346133e+03|2.367573697e+10|2.424432349e+10|2.479465258e+10|2.418681665e+10|7.388168945e+03|7.409456787e+03|7.429922119e+03|7.407182617e+03|1.891284329e+03
1.549499704e+06|1.784606348e+06|1.792627733e+06|1.802285748e+06|1.791585590e+06|2.804684461e+03|2.819189530e+03|2.836350585e+03|2.817025686e+03|2.351628231e+10|2.400806890e+10|2.459360295e+10|2.393828837e+10|7.382173096e+03|7.400628662e+03|7.422460815e+03|7.397868652e+03|1.891284329e+03
1.557177375e+06|1.782772615e+06|1.793571052e+06|1.799250019e+06|1.790001806e+06|2.801349935e+03|2.820872608e+03|2.831007590e+03|2.814142958e+03|2.340366465e+10|2.406529301e+10|2.441098156e+10|2.384080983e+10|7.377929565e+03|7.402772705e+03|7.415656372e+03|7.394199219e+03|1.891284329e+03
1.564254411e+06|1.781330816e+06|1.790040805e+06|1.795836591e+06|1.785309404e+06|2.798728492e+03|2.814565682e+03|2.824915289e+03|2.805539336e+03|2.331527749e+10|2.385109748e+10|2.420295731e+10|2.355064850e+10|7.374587524e+03|7.394740479e+03|7.407917236e+03|7.383246094e+03|1.891284329e+03
1.571507826e+06|1.775869770e+06|1.783903942e+06|1.791030487e+06|1.781369217e+06|2.788634663e+03|2.803407116e+03|2.816339978e+03|2.798442047e+03|2.297531197e+10|2.347311755e+10|2.391130219e+10|2.330973604e+10|7.361747925e+03|7.380552246e+03|7.396999512e+03|7.374216797e+03|1.891284329e+03
1.581415320e+06|1.767318600e+06|1.777484037e+06|1.787302999e+06|1.775764067e+06|2.772653125e+03|2.791623598e+03|2.809589130e+03|2.788080957e+03|2.244018501e+10|2.307580899e+10|2.368228713e+10|2.296135696e+10|7.341393677e+03|7.365549561e+03|7.388418457e+03|7.361026367e+03|1.891284329e+03
1.599392574e+06|1.752563072e+06|1.764025394e+06|1.774685538e+06|1.763511318e+06|2.744408836e+03|2.766439899e+03|2.786442286e+03|2.765047480e+03|2.150264137e+10|2.223306883e+10|2.290171038e+10|2.219154062e+10|7.305400391e+03|7.333478516e+03|7.358957153e+03|7.331688965e+03|1.891284329e+03
1.616901396e+06|1.760229850e+06|1.769055726e+06|1.779300421e+06|1.768880910e+06|2.759195102e+03|2.775931476e+03|2.794987341e+03|2.775172851e+03|2.199206570e+10|2.254970638e+10|2.318911215e+10|2.252953993e+10|7.324246216e+03|7.345569336e+03|7.369830933e+03|7.344586426e+03|1.891284329e+03
1.624747218e+06|1.764870301e+06|1.777683789e+06|1.786529499e+06|1.775842941e+06|2.768033744e+03|2.791993491e+03|2.808182169e+03|2.788138531e+03|2.228612998e+10|2.308825895e+10|2.363463593e+10|2.296432922e+10|7.335510620e+03|7.366023926e+03|7.386625732e+03|7.361097656e+03|1.891284329e+03
1.629462211e+06|1.769501260e+06|1.781494749e+06|1.791209803e+06|1.779232450e+06|2.776772426e+03|2.799026534e+03|2.816659871e+03|2.794340836e+03|2.257784098e+10|2.332531954e+10|2.392215960e+10|2.317371402e+10|7.346639160e+03|7.374968262e+03|7.397406616e+03|7.368990723e+03|1.891284329e+03
1.632973197e+06|1.768260597e+06|1.779052709e+06|1.793656546e+06|1.779486486e+06|2.774430826e+03|2.794528554e+03|2.821025151e+03|2.794637547e+03|2.249955351e+10|2.317363991e+10|2.407048155e+10|2.318574885e+10|7.343661011e+03|7.369248535e+03|7.402967651e+03|7.369363770e+03|1.891284329e+03
1.636162682e+06|1.772185701e+06|1.779170599e+06|1.787915346e+06|1.778850738e+06|2.781815185e+03|2.794746900e+03|2.810703032e+03|2.793662694e+03|2.274668053e+10|2.318100383e+10|2.372003540e+10|2.315052139e+10|7.353058228e+03|7.369527344e+03|7.389835083e+03|7.368129883e+03|1.891284329e+03
1.640004552e+06|1.768566620e+06|1.779879384e+06|1.792903518e+06|1.777372373e+06|2.775008357e+03|2.796059631e+03|2.819681573e+03|2.790516340e+03|2.251884548e+10|2.322527131e+10|2.402479169e+10|2.304976921e+10|7.344396606e+03|7.371197021e+03|7.401254517e+03|7.364107422e+03|1.891284329e+03
1.644485609e+06|1.773210695e+06|1.786655956e+06|1.794594195e+06|1.780952504e+06|2.783712286e+03|2.808412211e+03|2.822698243e+03|2.797026334e+03|2.281019841e+10|2.364242919e+10|2.412742362e+10|2.326998852e+10|7.355476440e+03|7.386919678e+03|7.405096558e+03|7.372392578e+03|1.891284329e+03
1.650969300e+06|1.752313615e+06|1.781263952e+06|1.797773084e+06|1.774020677e+06|2.743919560e+03|2.798601118e+03|2.828371360e+03|2.783603513e+03|2.148648515e+10|2.331097818e+10|2.432088357e+10|2.282605809e+10|7.304777832e+03|7.374429443e+03|7.412310303e+03|7.355280762e+03|1.891284329e+03
1.686685840e+06|1.640558946e+06|1.719141957e+06|1.751740057e+06|1.697967880e+06|2.488033420e+03|2.676682995e+03|2.742794560e+03|2.618618192e+03|1.346460612e+10|1.929693327e+10|2.144932461e+10|1.756667442e+10|6.976191895e+03|7.218930908e+03|7.303340576e+03|7.143841797e+03|1.891284329e+03
1.716166396e+06|1.632087810e+06|1.636053497e+06|1.641697076e+06|1.636303863e+06|2.463891191e+03|2.475389769e+03|2.491232048e+03|2.475689837e+03|1.275068801e+10|1.309045201e+10|1.356006918e+10|1.310139425e+10|6.944864136e+03|6.959792969e+03|6.980335571e+03|6.960158203e+03|1.891284329e+03
1.718755371e+06|1.627287398e+06|1.633411571e+06|1.637245113e+06|1.632683947e+06|2.449735687e+03|2.467730207e+03|2.478731083e+03|2.465120124e+03|1.233572269e+10|1.286359964e+10|1.318892100e+10|1.279075196e+10|6.926457275e+03|6.949853516e+03|6.964130493e+03|6.946422363e+03|1.891284329e+03
1.720855293e+06|1.625082787e+06|1.633683403e+06|1.636099064e+06|1.631155995e+06|2.443169202e+03|2.468518899e+03|2.475517495e+03|2.460719440e+03|1.214476589e+10|1.288686627e+10|1.309420905e+10|1.266102815e+10|6.917908813e+03|6.950876953e+03|6.959955078e+03|6.940708008e+03|1.891284329e+03
1.722932471e+06|1.623519324e+06|1.631152481e+06|1.634660785e+06|1.629168337e+06|2.438390224e+03|2.461180440e+03|2.471355891e+03|2.454787368e+03|1.200521820e+10|1.267130939e+10|1.297079787e+10|1.248754567e+10|6.911689819e+03|6.941339600e+03|6.954555420e+03|6.932990723e+03|1.891284329e+03
1.724760112e+06|1.623507062e+06|1.628893063e+06|1.634515019e+06|1.628359754e+06|2.438352247e+03|2.454523704e+03|2.470932504e+03|2.452460160e+03|1.200410782e+10|1.247597321e+10|1.295821721e+10|1.241901390e+10|6.911638428e+03|6.932687500e+03|6.954008789e+03|6.929967285e+03|1.891284329e+03
1.726235873e+06|1.620653033e+06|1.623911746e+06|1.633235652e+06|1.625130028e+06|2.429520865e+03|2.439605824e+03|2.467219861e+03|2.442521373e+03|1.174748610e+10|1.204079785e+10|1.284855690e+10|1.213047057e+10|6.900129150e+03|6.913269531e+03|6.949188232e+03|6.917015137e+03|1.891284329e+03
1.727826092e+06|1.619419299e+06|1.628068966e+06|1.632740542e+06|1.625428281e+06|2.425708360e+03|2.452065768e+03|2.465783803e+03|2.443303251e+03|1.163770554e+10|1.240387337e+10|1.280628154e+10|1.215386171e+10|6.895155396e+03|6.929491211e+03|6.947322876e+03|6.918026367e+03|1.891284329e+03
1.729639660e+06|1.614120689e+06|1.624255210e+06|1.631478382e+06|1.622726038e+06|2.408876503e+03|2.440670075e+03|2.462124748e+03|2.434836094e+03|1.115295811e+10|1.207200840e+10|1.269891974e+10|1.190909581e+10|6.873179810e+03|6.914654297e+03|6.942570068e+03|6.906979492e+03|1.891284329e+03
1.731307968e+06|1.617333972e+06|1.625343891e+06|1.628616464e+06|1.623213106e+06|2.419092843e+03|2.443946430e+03|2.453698573e+03|2.436807353e+03|1.144595204e+10|1.216731374e+10|1.245173882e+10|1.196314121e+10|6.886528564e+03|6.918924561e+03|6.931613770e+03|6.909583984e+03|1.891284329e+03
1.733912958e+06|1.614671921e+06|1.620866478e+06|1.627449213e+06|1.619292780e+06|2.410627521e+03|2.430180921e+03|2.450218003e+03|2.424050519e+03|1.120286208e+10|1.176658364e+10|1.234980928e+10|1.159707540e+10|6.875472778e+03|6.900990723e+03|6.927088867e+03|6.892909180e+03|1.891284329e+03
1.738965704e+06|1.594666768e+06|1.603424257e+06|1.620517174e+06|1.606945424e+06|2.340925912e+03|2.372760304e+03|2.429100878e+03|2.382333909e+03|9.231248734e+09|1.012386696e+10|1.173536260e+10|1.040949094e+10|6.784046875e+03|6.825895264e+03|6.899582764e+03|6.838273926e+03|1.891284329e+03
1.748310504e+06|1.592376210e+06|1.595964650e+06|1.601355754e+06|1.597889301e+06|2.332081501e+03|2.345754874e+03|2.365420713e+03|2.351541941e+03|8.984538502e+09|9.365050746e+09|9.916393394e+09|9.534018195e+09|6.772392090e+03|6.790406006e+03|6.816265869e+03|6.797931641e+03|1.891284329e+03
1.841123422e+06|3.956172768e+06|3.969552299e+06|3.977151079e+06|3.967637213e+06|2.929862282e+03|2.934412981e+03|2.936943464e+03|2.933710850e+03|2.436984650e+10|2.469800706e+10|2.488102754e+10|2.464857202e+10|3.762697205e+03|3.770439575e+03|3.774757385e+03|3.769257568e+03|3.023246845e+03
1.846335842e+06|3.941907678e+06|3.949974160e+06|3.961889505e+06|3.951765674e+06|2.924908247e+03|2.927710772e+03|2.931844962e+03|2.928293721e+03|2.401465154e+10|2.421513436e+10|2.451303150e+10|2.425883105e+10|3.754297302e+03|3.759048584e+03|3.766062622e+03|3.760047852e+03|3.023246845e+03
1.849964041e+06|3.936356171e+06|3.947308801e+06|3.958040289e+06|3.948678346e+06|2.922977725e+03|2.926785096e+03|2.930510150e+03|2.927223503e+03|2.387728329e+10|2.414878086e+10|2.441656641e+10|2.418231893e+10|3.751024353e+03|3.757478760e+03|3.763796814e+03|3.758232422e+03|3.023246845e+03
1.853234754e+06|3.929938784e+06|3.942387794e+06|3.959220749e+06|3.944079729e+06|2.920744285e+03|2.925075105e+03|2.930919577e+03|2.925603258e+03|2.371904957e+10|2.402656763e+10|2.444612678e+10|2.406844821e+10|3.747237915e+03|3.754578857e+03|3.764490540e+03|3.755490967e+03|3.023246845e+03
1.856497278e+06|3.916507626e+06|3.936083203e+06|3.947007759e+06|3.933382751e+06|2.916063564e+03|2.922882763e+03|2.926680511e+03|2.921909553e+03|2.338975108e+10|2.387054113e+10|2.414129699e+10|2.380521928e+10|3.739307861e+03|3.750861450e+03|3.757300049e+03|3.749223145e+03|3.023246845e+03
1.861040671e+06|3.900534534e+06|3.918588965e+06|3.936732295e+06|3.916948756e+06|2.910397082e+03|2.916789463e+03|2.923108567e+03|2.916111992e+03|2.299520824e+10|2.344061402e+10|2.388657535e+10|2.339762565e+10|3.729732117e+03|3.740537354e+03|3.751245667e+03|3.739417236e+03|3.023246845e+03
1.877571085e+06|3.870897064e+06|3.886896107e+06|3.901106676e+06|3.870588503e+06|2.899566965e+03|2.905418576e+03|2.910605740e+03|2.896760405e+03|2.224731822e+10|2.264870689e+10|2.300973366e+10|2.222013669e+10|3.711510925e+03|3.721353638e+03|3.730085327e+03|3.709788330e+03|3.023246845e+03
1.951578469e+06|3.616051236e+06|3.627241261e+06|3.635137514e+06|3.624920534e+06|2.767160417e+03|2.774579085e+03|2.779812238e+03|2.772863528e+03|1.556951266e+10|1.587195962e+10|1.608973830e+10|1.580954498e+10|3.533432922e+03|3.542187744e+03|3.548360474e+03|3.540294678e+03|3.023246845e+03
1.958619273e+06|3.617584610e+06|3.621899639e+06|3.630159275e+06|3.622778113e+06|2.768177181e+03|2.771038123e+03|2.776513143e+03|2.771480114e+03|1.561075887e+10|1.572716711e+10|1.595172210e+10|1.575101620e+10|3.534634155e+03|3.538010010e+03|3.544468628e+03|3.538635010e+03|3.023246845e+03
1.963301712e+06|3.613147196e+06|3.619842786e+06|3.625987699e+06|3.619577276e+06|2.764966872e+03|2.769674449e+03|2.773748161e+03|2.769199915e+03|1.548854873e+10|1.567161654e+10|1.583791132e+10|1.566280994e+10|3.531048523e+03|3.536400635e+03|3.541206238e+03|3.536063965e+03|3.023246845e+03
1.967970804e+06|3.605831023e+06|3.614275101e+06|3.621631144e+06|3.614365926e+06|2.759409367e+03|2.765823643e+03|2.770860119e+03|2.765482270e+03|1.528399598e+10|1.552005328e+10|1.571990898e+10|1.551910005e+10|3.525021362e+03|3.531976685e+03|3.537799255e+03|3.531874268e+03|3.023246845e+03
1.972968500e+06|3.601459439e+06|3.610920031e+06|3.618296602e+06|3.609039954e+06|2.756088588e+03|2.763275084e+03|2.768649276e+03|2.761633512e+03|1.516162605e+10|1.542631469e+10|1.562993216e+10|1.537138438e+10|3.521421204e+03|3.529215088e+03|3.535190735e+03|3.527573486e+03|3.023246845e+03
1.980085416e+06|3.594285962e+06|3.604231471e+06|3.609947425e+06|3.601002203e+06|2.750639348e+03|2.758194306e+03|2.762536275e+03|2.755569684e+03|1.496063489e+10|1.523923255e+10|1.539912681e+10|1.514711140e+10|3.515512268e+03|3.523705200e+03|3.528413086e+03|3.520970947e+03|3.023246845e+03
2.006703053e+06|3.576855875e+06|3.601242406e+06|3.621998842e+06|3.598654529e+06|2.737398471e+03|2.755923723e+03|2.771103891e+03|2.752931324e+03|1.447164166e+10|1.515554782e+10|1.572984890e+10|1.507576590e+10|3.501140930e+03|3.521241943e+03|3.538087646e+03|3.518695557e+03|3.023246845e+03
2.045786229e+06|3.616252563e+06|3.625049793e+06|3.630704035e+06|3.623921471e+06|2.767293917e+03|2.773126437e+03|2.776874186e+03|2.772219588e+03|1.557492461e+10|1.581247303e+10|1.596683353e+10|1.578210905e+10|3.533590271e+03|3.540473267e+03|3.544895996e+03|3.539521973e+03|3.023246845e+03
2.054990097e+06|3.609572542e+06|3.616557264e+06|3.622240401e+06|3.615894588e+06|2.762251507e+03|2.767495965e+03|2.771264035e+03|2.766702354e+03|1.538864610e+10|1.558311730e+10|1.573638089e+10|1.556186170e+10|3.528103943e+03|3.533828613e+03|3.538276001e+03|3.533159424e+03|3.023246845e+03
2.063586613e+06|3.601426831e+06|3.607727330e+06|3.614024541e+06|3.606604031e+06|2.756063818e+03|2.760849846e+03|2.765633315e+03|2.759850872e+03|1.516071286e+10|1.533704579e+10|1.551305535e+10|1.530423816e+10|3.521395508e+03|3.526583374e+03|3.531769653e+03|3.525600342e+03|3.023246845e+03
2.071359344e+06|3.591369105e+06|3.599485983e+06|3.605524931e+06|3.598149674e+06|2.748423572e+03|2.754589486e+03|2.759176852e+03|2.753514962e+03|1.487885381e+10|1.510635388e+10|1.527543107e+10|1.506818957e+10|3.513107727e+03|3.519796387e+03|3.524769287e+03|3.518669922e+03|3.023246845e+03
2.081717612e+06|3.572771133e+06|3.584615324e+06|3.593189687e+06|3.580847383e+06|2.733952508e+03|2.743293044e+03|2.749806569e+03|2.739672153e+03|1.435395347e+10|1.468940326e+10|1.492990166e+10|1.457904928e+10|3.497653564e+03|3.507539917e+03|3.514606384e+03|3.504136963e+03|3.023246845e+03
2.099289639e+06|3.551758927e+06|3.565624606e+06|3.576104957e+06|3.562633273e+06|2.715332051e+03|2.727617495e+03|2.736828021e+03|2.724560628e+03|1.375355424e+10|1.414830393e+10|1.445056487e+10|1.406129138e+10|3.479393921e+03|3.491446411e+03|3.500521851e+03|3.488639160e+03|3.023246845e+03
2.134512039e+06|3.560638535e+06|3.568285092e+06|3.576621072e+06|3.567371067e+06|2.723198795e+03|2.729975632e+03|2.737220098e+03|2.728928342e+03|1.400631126e+10|1.422407764e+10|1.446505122e+10|1.419843406e+10|3.487112793e+03|3.493757324e+03|3.500947021e+03|3.492870361e+03|3.023246845e+03
2.146020143e+06|3.559606391e+06|3.564363991e+06|3.570258774e+06|3.564690734e+06|2.722284224e+03|2.726500230e+03|2.731725201e+03|2.726697257e+03|1.397692234e+10|1.411240161e+10|1.428083275e+10|1.412216722e+10|3.486215210e+03|3.490350708e+03|3.495471863e+03|3.490600098e+03|3.023246845e+03
2.153586661e+06|3.551536575e+06|3.559169350e+06|3.567160641e+06|3.558071487e+06|2.715135102e+03|2.721896983e+03|2.728978931e+03|2.720871711e+03|1.374722774e+10|1.396447892e+10|1.419205150e+10|1.393295810e+10|3.479200745e+03|3.485835449e+03|3.492779297e+03|3.484841797e+03|3.023246845e+03
2.161589776e+06|3.546968604e+06|3.554549510e+06|3.559450511e+06|3.550655054e+06|2.711089438e+03|2.717803987e+03|2.722146106e+03|2.714144584e+03|1.361729612e+10|1.383296635e+10|1.397248412e+10|1.371778144e+10|3.475231384e+03|3.481821167e+03|3.486080139e+03|3.478239990e+03|3.023246845e+03
2.172198170e+06|3.533349099e+06|3.545828948e+06|3.553789353e+06|3.542223674e+06|2.698795292e+03|2.710080220e+03|2.717130599e+03|2.706448549e+03|1.322316387e+10|1.358489218e+10|1.381133215e+10|1.347316608e+10|3.463177917e+03|3.474240112e+03|3.481160217e+03|3.470708740e+03|3.023246845e+03
2.187377781e+06|3.514128310e+06|3.533280376e+06|3.541409134e+06|3.527176822e+06|2.680590015e+03|2.698730150e+03|2.706166757e+03|2.692505019e+03|1.264990090e+10|1.322108151e+10|1.345927864e+10|1.303209776e+10|3.445384644e+03|3.463113892e+03|3.470397644e+03|3.457053223e+03|3.023246845e+03
2.215505387e+06|3.520718855e+06|3.532026305e+06|3.543386038e+06|3.529079844e+06|2.686829659e+03|2.697541612e+03|2.707917084e+03|2.694409300e+03|1.284468859e+10|1.318320107e+10|1.351545201e+10|1.309012115e+10|3.451486877e+03|3.461952759e+03|3.472117249e+03|3.458909912e+03|3.023246845e+03
2.234412909e+06|3.528609766e+06|3.535839826e+06|3.540207539e+06|3.533888471e+06|2.694304129e+03|2.701156163e+03|2.705102955e+03|2.699174825e+03|1.308034393e+10|1.329859715e+10|1.342514511e+10|1.323690530e+10|3.458790894e+03|3.465480835e+03|3.469352600e+03|3.463555908e+03|3.023246845e+03
2.244060081e+06|3.519638966e+06|3.527502531e+06|3.535051623e+06|3.525417968e+06|2.685807072e+03|2.693255086e+03|2.700409007e+03|2.691149699e+03|1.281264339e+10|1.304711699e+10|1.327469547e+10|1.298463907e+10|3.450485168e+03|3.457765381e+03|3.464752930e+03|3.455712158e+03|3.023246845e+03
2.251970000e+06|3.515815396e+06|3.523034388e+06|3.529974915e+06|3.521470403e+06|2.682187007e+03|2.689022576e+03|2.695597642e+03|2.687469445e+03|1.269958662e+10|1.291356700e+10|1.312138280e+10|1.286758835e+10|3.446947571e+03|3.453629028e+03|3.460053894e+03|3.452112305e+03|3.023246845e+03
2.260690027e+06|3.505089009e+06|3.514906534e+06|3.521885304e+06|3.512597695e+06|2.672036581e+03|2.681326660e+03|2.687934293e+03|2.678932055e+03|1.238622473e+10|1.267280661e+10|1.287935454e+10|1.260228692e+10|3.437014893e+03|3.446106201e+03|3.452566528e+03|3.443773193e+03|3.023246845e+03
2.273278738e+06|3.497421914e+06|3.508690955e+06|3.517235093e+06|3.504601537e+06|2.664516493e+03|2.675444286e+03|2.683531031e+03|2.671021554e+03|1.215388451e+10|1.249109476e+10|1.274149175e+10|1.235954606e+10|3.429677917e+03|3.440350464e+03|3.448260925e+03|3.436058350e+03|3.023246845e+03
2.290682892e+06|3.485213007e+06|3.495327311e+06|3.506109541e+06|3.491060632e+06|2.652090759e+03|2.662383641e+03|2.673001995e+03|2.657506505e+03|1.177263405e+10|1.208792148e+10|1.241591948e+10|1.194648642e+10|3.417584106e+03|3.427602783e+03|3.437960388e+03|3.422883545e+03|3.023246845e+03
2.315065294e+06|3.479973156e+06|3.498196360e+06|3.505151844e+06|3.491861380e+06|2.646762266e+03|2.665305190e+03|2.672096022e+03|2.658511136e+03|1.161133763e+10|1.217833088e+10|1.238805272e+10|1.197502136e+10|3.412396362e+03|3.430444092e+03|3.437074646e+03|3.423851318e+03|3.023246845e+03
2.331131716e+06|3.488273657e+06|3.495084754e+06|3.502039816e+06|3.493004005e+06|2.655204346e+03|2.662136683e+03|2.669152482e+03|2.659856130e+03|1.186746029e+10|1.208029759e+10|1.229758947e+10|1.201330709e+10|3.420616821e+03|3.427363892e+03|3.434191711e+03|3.425151367e+03|3.023246845e+03
2.339920163e+06|3.485824972e+06|3.491087476e+06|3.499200645e+06|3.490620170e+06|2.652713196e+03|2.658067699e+03|2.666328062e+03|2.657403670e+03|1.179153460e+10|1.195509665e+10|1.221008896e+10|1.193855351e+10|3.418192322e+03|3.423403198e+03|3.431438232e+03|3.422765625e+03|3.023246845e+03
2.347925376e+06|3.477743666e+06|3.484606582e+06|3.490909493e+06|3.482778352e+06|2.644495887e+03|2.651473882e+03|2.657886564e+03|2.649360625e+03|1.154314417e+10|1.175386509e+10|1.194954268e+10|1.169465217e+10|3.410187744e+03|3.416984619e+03|3.423226013e+03|3.414938477e+03|3.023246845e+03
2.358164018e+06|3.469301989e+06|3.480654156e+06|3.487838937e+06|3.477781937e+06|2.635919030e+03|2.647454617e+03|2.654762043e+03|2.644335878e+03|1.128730017e+10|1.163221166e+10|1.185395759e+10|1.154182714e+10|3.401826538e+03|3.413069580e+03|3.420186584e+03|3.410041016e+03|3.023246845e+03
2.371426973e+06|3.458407513e+06|3.473115235e+06|3.480042947e+06|3.468450518e+06|2.624087574e+03|2.639792462e+03|2.646833207e+03|2.634445251e+03|1.093302062e+10|1.140240853e+10|1.161347059e+10|1.124638275e+10|3.390357422e+03|3.405602661e+03|3.412464417e+03|3.400433350e+03|3.023246845e+03
2.388369011e+06|3.447768920e+06|3.459417565e+06|3.471547298e+06|3.455818281e+06|2.612396218e+03|2.625198430e+03|2.638199599e+03|2.620756320e+03|1.058841496e+10|1.096611925e+10|1.135498403e+10|1.084218653e+10|3.379023621e+03|3.391433594e+03|3.404050903e+03|3.387149658e+03|3.023246845e+03
2.408069982e+06|3.450368405e+06|3.463405934e+06|3.472078333e+06|3.458921908e+06|2.615251569e+03|2.629586222e+03|2.638739049e+03|2.624251922e+03|1.067200487e+10|1.109743548e+10|1.137103158e+10|1.094459137e+10|3.381794495e+03|3.395680786e+03|3.404575989e+03|3.390532715e+03|3.023246845e+03
2.424078352e+06|3.453639889e+06|3.461392938e+06|3.468468411e+06|3.459124931e+06|2.618846181e+03|2.627371341e+03|2.635072472e+03|2.624727096e+03|1.077770292e+10|1.103102819e+10|1.126223030e+10|1.095565796e+10|3.385276794e+03|3.393537720e+03|3.401001465e+03|3.390979492e+03|3.023246845e+03
2.434036561e+06|3.450985112e+06|3.459045675e+06|3.463989540e+06|3.456497589e+06|2.615928951e+03|2.624789402e+03|2.630228465e+03|2.621897433e+03|1.069182362e+10|1.095392256e+10|1.111673637e+10|1.087132250e+10|3.382450623e+03|3.391037720e+03|3.396304688e+03|3.388234375e+03|3.023246845e+03
2.442985070e+06|3.444062948e+06|3.452237608e+06|3.458538020e+06|3.450610217e+06|2.608327286e+03|2.617305128e+03|2.624231096e+03|2.615456633e+03|1.047005501e+10|1.073227739e+10|1.093729315e+10|1.068105799e+10|3.375078613e+03|3.383784912e+03|3.390494873e+03|3.381988525e+03|3.023246845e+03
2.452791193e+06|3.436339011e+06|3.444593417e+06|3.452920089e+06|3.444372410e+06|2.599850508e+03|2.608909585e+03|2.618055099e+03|2.608462730e+03|1.022611163e+10|1.048694168e+10|1.075436374e+10|1.047762046e+10|3.366849854e+03|3.375642456e+03|3.384510071e+03|3.375212158e+03|3.023246845e+03
2.466048619e+06|3.428705247e+06|3.437842455e+06|3.447366487e+06|3.435624140e+06|2.590871537e+03|2.601502023e+03|2.611954254e+03|2.598381836e+03|9.967417442e+09|1.027337188e+10|1.057551046e+10|1.018731630e+10|3.358145203e+03|3.368453003e+03|3.378596497e+03|3.365458740e+03|3.023246845e+03
2.483551267e+06|3.414514686e+06|3.430523347e+06|3.441055478e+06|3.425846102e+06|2.573914876e+03|2.593013089e+03|2.605026732e+03|2.586709554e+03|9.483383071e+09|1.002889052e+10|1.037465595e+10|9.855400974e+09|3.341792664e+03|3.360222290e+03|3.371874451e+03|3.354189453e+03|3.023246845e+03
2.499940215e+06|3.414984077e+06|3.425145453e+06|3.434366059e+06|3.423289456e+06|2.574483911e+03|2.586680261e+03|2.597541542e+03|2.583981740e+03|9.499483734e+09|9.847564234e+09|1.015939604e+10|9.774817894e+09|3.342337341e+03|3.354079956e+03|3.364613098e+03|3.351532471e+03|3.023246845e+03
2.514266169e+06|3.415437770e+06|3.427396779e+06|3.432484868e+06|3.423591576e+06|2.575033965e+03|2.589330672e+03|2.595324294e+03|2.584527034e+03|9.515069310e+09|9.923283954e+09|1.009541048e+10|9.788780296e+09|3.342865601e+03|3.356650757e+03|3.362463684e+03|3.352049072e+03|3.023246845e+03
2.526546792e+06|3.418757280e+06|3.424541895e+06|3.429566146e+06|3.422983860e+06|2.579059823e+03|2.585969876e+03|2.591885517e+03|2.583950767e+03|9.629759924e+09|9.827310772e+09|9.996503829e+09|9.771123762e+09|3.346726074e+03|3.353390137e+03|3.359128723e+03|3.351474121e+03|3.023246845e+03
2.536446904e+06|3.414685987e+06|3.421952427e+06|3.426163765e+06|3.419189819e+06|2.574122536e+03|2.582922884e+03|2.587878967e+03|2.579333831e+03|9.489255620e+09|9.740641418e+09|9.881780515e+09|9.640460205e+09|3.341991150e+03|3.350433472e+03|3.355242310e+03|3.347019775e+03|3.023246845e+03
2.546621653e+06|3.407035268e+06|3.414811385e+06|3.420294346e+06|3.412529379e+06|2.564833968e+03|2.574274553e+03|2.580924754e+03|2.571199957e+03|9.229228936e+09|9.493556511e+09|9.683265208e+09|9.410171433e+09|3.333075928e+03|3.342136230e+03|3.348512939e+03|3.339192871e+03|3.023246845e+03
2.559730823e+06|3.397199194e+06|3.406444060e+06|3.413983022e+06|3.405418091e+06|2.551965714e+03|2.564059730e+03|2.573270409e+03|2.562323614e+03|8.867199764e+09|9.207182639e+09|9.465176883e+09|9.160374858e+09|3.320721924e+03|3.332334351e+03|3.341173523e+03|3.330664795e+03|3.023246845e+03
2.574259405e+06|3.391282353e+06|3.401639791e+06|3.408692807e+06|3.398554312e+06|2.544238138e+03|2.557771796e+03|2.566861084e+03|2.553169707e+03|8.654274277e+09|9.029384388e+09|9.285651741e+09|8.909419749e+09|3.313294067e+03|3.326297974e+03|3.335022949e+03|3.321875244e+03|3.023246845e+03
2.588706663e+06|3.382550658e+06|3.396104728e+06|3.404766469e+06|3.393088763e+06|2.532852429e+03|2.550535527e+03|2.561863314e+03|2.546085751e+03|8.346640052e+09|8.827529278e+09|9.144822591e+09|8.713667432e+09|3.302340576e+03|3.319346924e+03|3.330225220e+03|3.315070557e+03|3.023246845e+03
2.603191901e+06|3.384981180e+06|3.398984064e+06|3.405221501e+06|3.395464812e+06|2.536019512e+03|2.554298748e+03|2.562458996e+03|2.549473342e+03|8.431476807e+09|8.932138399e+09|9.161708799e+09|8.803922300e+09|3.305387451e+03|3.322962280e+03|3.330798584e+03|3.318322754e+03|3.023246845e+03
2.616135882e+06|3.381285198e+06|3.392769369e+06|3.398153300e+06|3.388705183e+06|2.531204125e+03|2.546179248e+03|2.553212711e+03|2.540532143e+03|8.302703023e+09|8.707429960e+09|8.901864557e+09|8.557594315e+09|3.300751709e+03|3.315159302e+03|3.321918945e+03|3.309735840e+03|3.023246845e+03
2.627591849e+06|3.380642507e+06|3.389534177e+06|3.396382084e+06|3.387078941e+06|2.530361245e+03|2.541956828e+03|2.550897918e+03|2.538363055e+03|8.280228023e+09|8.592041192e+09|8.837567046e+09|8.498352836e+09|3.299942444e+03|3.311100830e+03|3.319694397e+03|3.307651855e+03|3.023246845e+03
2.638100885e+06|3.373428899e+06|3.382087347e+06|3.389631705e+06|3.380923771e+06|2.519968522e+03|2.532248890e+03|2.542084086e+03|2.530059663e+03|7.996011682e+09|8.330532138e+09|8.595508555e+09|8.273078554e+09|3.289986084e+03|3.301757812e+03|3.311223206e+03|3.299675537e+03|3.023246845e+03
2.649213122e+06|3.372977823e+06|3.377576491e+06|3.385724541e+06|3.377134953e+06|2.519319064e+03|2.525941392e+03|2.536988518e+03|2.524914768e+03|7.978382575e+09|8.158519820e+09|8.457558186e+09|8.133235850e+09|3.289364502e+03|3.295709839e+03|3.306320190e+03|3.294734375e+03|3.023246845e+03
2.662108080e+06|3.366760297e+06|3.373759732e+06|3.382234241e+06|3.373642829e+06|2.510378806e+03|2.520444560e+03|2.532440236e+03|2.519936840e+03|7.739427099e+09|8.008839621e+09|8.335636042e+09|7.999930993e+09|3.280791870e+03|3.290442871e+03|3.301942444e+03|3.289959473e+03|3.023246845e+03
2.677613784e+06|3.354392054e+06|3.365714565e+06|3.373226854e+06|3.363651684e+06|2.492279815e+03|2.508876634e+03|2.519677468e+03|2.505457172e+03|7.266066726e+09|7.699751278e+09|7.988063362e+09|7.614949865e+09|3.263426331e+03|3.279348511e+03|3.289707886e+03|3.276073730e+03|3.023246845e+03
2.691321891e+06|3.353847013e+06|3.363303194e+06|3.372852178e+06|3.362281655e+06|2.491406867e+03|2.505414406e+03|2.519138246e+03|2.503243309e+03|7.242839922e+09|7.608827924e+09|7.973501588e+09|7.558204852e+09|3.262592834e+03|3.276026245e+03|3.289190186e+03|3.273953125e+03|3.023246845e+03
2.704302057e+06|3.353711878e+06|3.361231204e+06|3.369452430e+06|3.359830700e+06|2.491190401e+03|2.502441295e+03|2.514247982e+03|2.499738351e+03|7.237070443e+09|7.531326626e+09|7.842247486e+09|7.464740860e+09|3.262386841e+03|3.273171997e+03|3.284501831e+03|3.270591553e+03|3.023246845e+03
2.715758428e+06|3.349530239e+06|3.360288576e+06|3.367286977e+06|3.357991163e+06|2.484498454e+03|2.501089273e+03|2.511135539e+03|2.497061525e+03|7.060695726e+09|7.496258649e+09|7.759467149e+09|7.393334053e+09|3.255985474e+03|3.271873047e+03|3.281515930e+03|3.268025391e+03|3.023246845e+03
2.725295763e+06|3.349779849e+06|3.355028162e+06|3.362108356e+06|3.355496725e+06|2.484897665e+03|2.493298878e+03|2.503699718e+03|2.493454117e+03|7.071142471e+09|7.293262423e+09|7.564065133e+09|7.297884401e+09|3.256366760e+03|3.264401367e+03|3.274380432e+03|3.264564941e+03|3.023246845e+03
2.736011128e+06|3.344722612e+06|3.352675373e+06|3.357654134e+06|3.350041032e+06|2.476816706e+03|2.489530766e+03|2.497312531e+03|2.484961073e+03|6.861910966e+09|7.193050925e+09|7.398883512e+09|7.078475800e+09|3.248630920e+03|3.260797974e+03|3.268247253e+03|3.256426758e+03|3.023246845e+03
2.747826586e+06|3.338306086e+06|3.345672516e+06|3.351186433e+06|3.343865490e+06|2.466583966e+03|2.478333434e+03|2.487147734e+03|2.475024680e+03|6.603112588e+09|6.900838471e+09|7.130164546e+09|6.822242964e+09|3.238825684e+03|3.250083740e+03|3.258520020e+03|3.246913818e+03|3.023246845e+03
2.762660393e+06|3.335777596e+06|3.342586093e+06|3.347966639e+06|3.342095664e+06|2.462557927e+03|2.473406938e+03|2.481998680e+03|2.472257718e+03|6.503176113e+09|6.774898846e+09|6.995574518e+09|6.750289229e+09|3.234962952e+03|3.245363770e+03|3.253590942e+03|3.244264648e+03|3.023246845e+03
2.776306002e+06|3.326363063e+06|3.333644295e+06|3.340222309e+06|3.334036667e+06|2.445837087e+03|2.458938247e+03|2.469637470e+03|2.458851576e+03|6.077185508e+09|6.411275442e+09|6.679617677e+09|6.410039842e+09|3.218981934e+03|3.231499390e+03|3.241753052e+03|3.231431641e+03|3.023246845e+03
2.789915473e+06|3.323174965e+06|3.329759048e+06|3.335860447e+06|3.329447857e+06|2.440113730e+03|2.451942350e+03|2.462689787e+03|2.450811337e+03|5.935181485e+09|6.231300665e+09|6.506430863e+09|6.208505482e+09|3.213508545e+03|3.224818726e+03|3.235089722e+03|3.223739746e+03|3.023246845e+03
2.802305543e+06|3.321037587e+06|3.328776149e+06|3.337127781e+06|3.329312812e+06|2.436281092e+03|2.450174382e+03|2.464707364e+03|2.450353075e+03|5.841420321e+09|6.186390559e+09|6.556404071e+09|6.198715902e+09|3.209840088e+03|3.223128906e+03|3.237025696e+03|3.223302490e+03|3.023246845e+03
2.812855623e+06|3.319593961e+06|3.326226796e+06|3.331488992e+06|3.325627119e+06|2.433694469e+03|2.445592294e+03|2.455055883e+03|2.444129363e+03|5.778741008e+09|6.071063069e+09|6.310950668e+09|6.040830250e+09|3.207364136e+03|3.218748413e+03|3.227793701e+03|3.217347412e+03|3.023246845e+03
2.823768351e+06|3.315771861e+06|3.321944131e+06|3.329454964e+06|3.322651423e+06|2.426854053e+03|2.437906223e+03|2.451395380e+03|2.438639515e+03|5.615305066e+09|5.881046705e+09|6.217404622e+09|5.905406878e+09|3.200811523e+03|3.211395874e+03|3.224295471e+03|3.212096924e+03|3.023246845e+03
2.833412628e+06|3.312529271e+06|3.318442475e+06|3.327168734e+06|3.320724013e+06|2.420311305e+03|2.431632504e+03|2.447284734e+03|2.434871550e+03|5.451784787e+09|5.729136207e+09|6.113491820e+09|5.814175346e+09|3.194565369e+03|3.205389282e+03|3.220366638e+03|3.208494629e+03|3.023246845e+03
2.844950232e+06|3.307647594e+06|3.313157071e+06|3.319038003e+06|3.315113230e+06|2.410290334e+03|2.421601978e+03|2.432698778e+03|2.424497034e+03|5.205847022e+09|5.484066068e+09|5.754747092e+09|5.557811247e+09|3.184996338e+03|3.195798340e+03|3.206410278e+03|3.198573975e+03|3.023246845e+03
2.857244576e+06|3.306093136e+06|3.311363681e+06|3.317530180e+06|3.312455247e+06|2.407105028e+03|2.417916214e+03|2.429999493e+03|2.419275017e+03|5.129411003e+09|5.392258075e+09|5.690038267e+09|5.431189306e+09|3.181950928e+03|3.192279663e+03|3.203825623e+03|3.193581299e+03|3.023246845e+03
2.871215296e+06|3.304151755e+06|3.308481518e+06|3.313355492e+06|3.309213116e+06|2.403130631e+03|2.412000300e+03|2.422010001e+03|2.413008463e+03|5.035186646e+09|5.247229084e+09|5.494301210e+09|5.277282629e+09|3.178151428e+03|3.186629761e+03|3.196187866e+03|3.187591309e+03|3.023246845e+03
2.885110120e+06|3.297809715e+06|3.302782788e+06|3.308867727e+06|3.303516468e+06|2.390009419e+03|2.400330639e+03|2.412792478e+03|2.401079234e+03|4.730681677e+09|4.969578645e+09|5.266478516e+09|4.993148598e+09|3.165597229e+03|3.175473389e+03|3.187385986e+03|3.176188477e+03|3.023246845e+03
2.897651863e+06|3.294543881e+06|3.300030312e+06|3.306879766e+06|3.302032792e+06|2.382191101e+03|2.394707279e+03|2.408716595e+03|2.397829013e+03|4.540405609e+09|4.839723216e+09|5.167975949e+09|4.916115386e+09|3.158137878e+03|3.170092041e+03|3.183492371e+03|3.173082764e+03|3.023246845e+03
2.910041083e+06|3.290748153e+06|3.295751359e+06|3.301642286e+06|3.296391988e+06|2.373126687e+03|2.385079679e+03|2.397999540e+03|2.385540347e+03|4.327130058e+09|4.610014774e+09|4.915440183e+09|4.625264679e+09|3.149480103e+03|3.160895020e+03|3.173242371e+03|3.161336914e+03|3.023246845e+03
2.923422677e+06|3.289912390e+06|3.293643508e+06|3.300398131e+06|3.295124337e+06|2.371134079e+03|2.380038776e+03|2.395458249e+03|2.382455487e+03|4.281287163e+09|4.489056804e+09|4.856918416e+09|4.553106666e+09|3.147575989e+03|3.156083374e+03|3.170811401e+03|3.158390625e+03|3.023246845e+03
2.935812359e+06|3.284874635e+06|3.290251350e+06|3.295586047e+06|3.292441826e+06|2.359147866e+03|2.371942095e+03|2.384684070e+03|2.375724055e+03|4.013280180e+09|4.299836897e+09|4.600434349e+09|4.399542931e+09|3.136110840e+03|3.148348267e+03|3.160516357e+03|3.151956055e+03|3.023246845e+03
2.945926710e+06|3.281528275e+06|3.285691356e+06|3.290137369e+06|3.286583760e+06|2.350158425e+03|2.361088195e+03|2.371670351e+03|2.362410978e+03|3.804385282e+09|4.055771683e+09|4.293587429e+09|4.086752815e+09|3.127522522e+03|3.137966797e+03|3.148087830e+03|3.139234131e+03|3.023246845e+03
2.955210119e+06|3.278860559e+06|3.283463008e+06|3.288093354e+06|3.284271591e+06|2.342529733e+03|2.355702810e+03|2.366801207e+03|2.356083854e+03|3.627516194e+09|3.937167422e+09|4.182879629e+09|3.944809154e+09|3.120236633e+03|3.132814575e+03|3.143432251e+03|3.133184570e+03|3.023246845e+03
2.966776906e+06|3.276157939e+06|3.280855070e+06|3.284277453e+06|3.280856069e+06|2.334819893e+03|2.348231514e+03|2.357729900e+03|2.347101237e+03|3.455316462e+09|3.759071087e+09|3.982471843e+09|3.728370947e+09|3.112867004e+03|3.125682861e+03|3.134753601e+03|3.124599365e+03|3.023246845e+03
2.977095579e+06|3.273779235e+06|3.278117302e+06|3.281442343e+06|3.278798614e+06|2.328049958e+03|2.340407414e+03|2.349912399e+03|2.341200753e+03|3.309528706e+09|3.579416728e+09|3.798576116e+09|3.585171669e+09|3.106387451e+03|3.118208130e+03|3.127289185e+03|3.118957520e+03|3.023246845e+03
2.986872608e+06|3.269803079e+06|3.275216269e+06|3.281164923e+06|3.275867242e+06|2.315576103e+03|2.332138071e+03|2.349118256e+03|2.332810611e+03|3.033608212e+09|3.396966212e+09|3.779870504e+09|3.364172453e+09|3.094457520e+03|3.110300049e+03|3.126529053e+03|3.110932861e+03|3.023246845e+03
2.997681892e+06|3.269446412e+06|3.271577406e+06|3.275808256e+06|3.273541480e+06|2.314305549e+03|2.321796565e+03|2.333823767e+03|2.326099890e+03|3.004212413e+09|3.179240046e+09|3.433558632e+09|3.230781082e+09|3.093243042e+03|3.100400635e+03|3.111914246e+03|3.104517822e+03|3.023246845e+03
3.008540743e+06|3.266292323e+06|3.269273946e+06|3.272839610e+06|3.269164902e+06|2.303094736e+03|2.313691407e+03|2.325379795e+03|2.313853701e+03|2.755053130e+09|2.990101726e+09|3.253387908e+09|2.771893876e+09|3.082520935e+03|3.092655273e+03|3.103833374e+03|3.092804688e+03|3.023246845e+03
3.022091720e+06|3.262525218e+06|3.266990704e+06|3.272636648e+06|3.268030040e+06|2.289761982e+03|2.305573231e+03|2.324803350e+03|2.309902783e+03|2.481004969e+09|2.808604760e+09|3.241373841e+09|2.523975819e+09|3.069751465e+03|3.084893555e+03|3.103280334e+03|3.089185059e+03|3.023246845e+03
3.038573184e+06|3.255456492e+06|3.263711797e+06|3.269182516e+06|3.263089391e+06|2.276671522e+03|2.293954875e+03|2.313365882e+03|2.296733266e+03|8.240924124e+06|2.564645509e+09|2.982643250e+09|1.993584904e+09|3.057215149e+03|3.073769287e+03|3.092345337e+03|3.076487793e+03|3.023246845e+03
3.063722152e+06|3.244461829e+06|3.256652641e+06|3.263331361e+06|3.255471263e+06|2.259099260e+03|2.278587901e+03|2.292609886e+03|2.277464121e+03|3.296699331e+02|2.484693827e+07|2.537562654e+09|1.141196490e+09|3.040367004e+03|3.059049194e+03|3.072479187e+03|3.058457520e+03|3.023246845e+03
3.078574757e+06|3.239864868e+06|3.248586098e+06|3.253861843e+06|3.249847814e+06|2.251628215e+03|2.265681892e+03|2.274118122e+03|2.262268028e+03|4.446738079e+00|1.470915065e+04|1.933554836e+06|4.389724661e+08|3.033191833e+03|3.046682861e+03|3.054770203e+03|3.044244385e+03|3.023246845e+03
3.087226697e+06|3.239864868e+06|3.239864868e+06|3.248148094e+06|3.245272070e+06|2.237997938e+03|2.250498116e+03|2.264982436e+03|2.249990699e+03|4.446738079e+00|4.446738079e+00|1.244537778e+04|2.547337902e+08|3.020110413e+03|3.032107788e+03|3.046012207e+03|3.032776611e+03|3.023246845e+03
3.093463754e+06|3.239864868e+06|3.239864868e+06|3.248943607e+06|3.244406723e+06|2.230520798e+03|2.249446355e+03|2.266252992e+03|2.244221053e+03|4.446738079e+00|4.446738079e+00|1.989785972e+04|1.181991821e+08|3.012922424e+03|3.031098999e+03|3.047229614e+03|3.027556885e+03|3.023246845e+03
3.098405879e+06|3.239864868e+06|3.239864868e+06|3.249753170e+06|3.245085284e+06|2.227199406e+03|2.247131527e+03|2.267546608e+03|2.243754698e+03|4.446738079e+00|4.446738079e+00|4.469696415e+04|1.482653832e+08|3.009728333e+03|3.028878906e+03|3.048470459e+03|3.026634277e+03|3.023246845e+03
3.102946224e+06|3.239864868e+06|3.239864868e+06|3.239895436e+06|3.242294961e+06|2.208935570e+03|2.235463733e+03|2.251062679e+03|2.226566523e+03|4.446738079e+00|4.446738079e+00|4.580117214e+00|1.465503117e+08|2.996356750e+03|3.017673462e+03|3.032649658e+03|3.013915527e+03|3.023246845e+03
3.107713523e+06|3.239864868e+06|3.239864868e+06|3.240725965e+06|3.243576151e+06|2.194467767e+03|2.234499662e+03|2.253146002e+03|2.224696861e+03|4.446738079e+00|4.446738079e+00|1.364227951e+01|2.148972203e+08|2.989872925e+03|3.016748779e+03|3.034650757e+03|3.013436279e+03|3.023246845e+03
3.113656344e+06|3.239864868e+06|3.239864868e+06|3.241432143e+06|3.243433162e+06|2.169456913e+03|2.229664713e+03|2.254270526e+03|2.218065216e+03|4.446738079e+00|4.446738079e+00|2.038821764e+01|1.682396070e+08|2.978593628e+03|3.012098755e+03|3.035729553e+03|3.004518066e+03|3.023246845e+03
3.122291978e+06|3.239864868e+06|3.239864868e+06|3.239864868e+06|3.243002852e+06|2.149746090e+03|2.217349119e+03|2.242734778e+03|2.208162189e+03|4.446738079e+00|4.446738079e+00|4.446738079e+00|2.763833673e+08|2.969643616e+03|3.000246582e+03|3.024658691e+03|2.999589355e+03|3.023246845e+03
3.136923614e+06|3.239864868e+06|3.239864868e+06|3.239864868e+06|3.240512525e+06|2.143216077e+03|2.151382699e+03|2.195318448e+03|2.171913325e+03|4.446738079e+00|4.446738079e+00|4.446738079e+00|4.873792696e+07|2.936474670e+03|2.970389160e+03|2.990254761e+03|2.960775635e+03|3.023246845e+03
3.181558526e+06|3.239864868e+06|3.239864868e+06|3.239864868e+06|3.241989050e+06|2.143216077e+03|2.143216077e+03|2.143216077e+03|2.163766914e+03|4.446738079e+00|4.446738079e+00|4.446738079e+00|1.083295154e+08|2.889686157e+03|2.914214600e+03|2.946405884e+03|2.928744629e+03|3.023246845e+03
3.209258473e+06|3.239864868e+06|3.239864868e+06|3.239864868e+06|3.239864868e+06|2.143216077e+03|2.143216077e+03|2.143216077e+03|2.145141966e+03|4.446738079e+00|4.446738079e+00|4.446738079e+00|4.446738079e+00|2.804693237e+03|2.864354736e+03|2.901814392e+03|2.858032471e+03|3.023246845e+03
3.217679699e+06|3.239864868e+06|3.239864868e+06|3.239864868e+06|3.239864868e+06|2.143216077e+03|2.143216077e+03|2.143216077e+03|2.144833891e+03|4.446738079e+00|4.446738079e+00|4.446738079e+00|4.446738079e+00|2.803280640e+03|2.824523438e+03|2.881730896e+03|2.838048828e+03|3.023246845e+03
3.222481662e+06|3.239864868e+06|3.239864868e+06|3.239864868e+06|3.239864868e+06|2.143216077e+03|2.143216077e+03|2.143216077e+03|2.145775898e+03|4.446738079e+00|4.446738079e+00|4.446738079e+00|4.446738079e+00|2.773923462e+03|2.833638062e+03|2.892760010e+03|2.836495361e+03|3.023246845e+03
3.226511342e+06|3.239864868e+06|3.239864868e+06|3.239864868e+06|3.239864868e+06|2.143216077e+03|2.143216077e+03|2.143216077e+03|2.143407503e+03|4.446738079e+00|4.446738079e+00|4.446738079e+00|4.446738079e+00|2.759244141e+03|2.848353271e+03|2.899321655e+03|2.827916992e+03|3.023246845e+03
3.229657934e+06|3.239864868e+06|3.239864868e+06|3.239864868e+06|3.239864868e+06|2.143216077e+03|2.143216077e+03|2.143216077e+03|2.144463479e+03|4.446738079e+00|4.446738079e+00|4.446738079e+00|4.446738079e+00|2.776013977e+03|2.851133545e+03|2.904809631e+03|2.835270020e+03|3.023246845e+03
3.232701894e+06|3.239864868e+06|3.239864868e+06|3.239864868e+06|3.239864868e+06|2.143216077e+03|2.143216077e+03|2.143216077e+03|2.145264306e+03|4.446738079e+00|4.446738079e+00|4.446738079e+00|4.446738079e+00|2.710570435e+03|2.819414062e+03|2.890593872e+03|2.798004639e+03|3.023246845e+03
3.236106875e+06|3.239864868e+06|3.239864868e+06|3.239864868e+06|3.239864868e+06|2.143216077e+03|2.143216077e+03|2.143216077e+03|2.143216077e+03|4.446738079e+00|4.446738079e+00|4.446738079e+00|4.446738079e+00|2.671032654e+03|2.778359497e+03|2.825869446e+03|2.757772217e+03|3.023246845e+03
3.241393991e+06|3.239864868e+06|3.239864868e+06|3.239864868e+06|3.239864869e+06|2.143216077e+03|2.143216077e+03|2.143216077e+03|2.143216077e+03|4.446738079e+00|4.446738079e+00|4.446738079e+00|4.446738079e+00|2.563984863e+03|2.665209595e+03|2.768167542e+03|2.670741211e+03|3.023246845e+03
3.246908443e+06|3.239864868e+06|3.239864870e+06|3.239864878e+06|3.239864872e+06|2.143216077e+03|2.143216077e+03|2.143216077e+03|2.143216077e+03|4.446738079e+00|4.446738079e+00|4.446738079e+00|4.446738078e+00|2.477820984e+03|2.554264404e+03|2.650054321e+03|2.565888672e+03|3.023246845e+03
3.253138536e+06|3.239864874e+06|3.239864878e+06|3.239864878e+06|3.239864875e+06|2.143216077e+03|2.143216077e+03|2.143216077e+03|2.143216077e+03|4.446738079e+00|4.446738079e+00|4.446738079e+00|4.446738077e+00|2.397479004e+03|2.436388428e+03|2.530204590e+03|2.459168945e+03|3.023246845e+03
