#PHASE|Nmant|Nmant/Nmanttot|Mmant|Mmant/Mmanttot|RRRminmant|RRRminmantEq|RRRmaxmant|RRRmaxmantEq|Ncore|Ncore/Ncoretot|Mcore|Mcore/Mcoretot|RRRmincore|RRRmaxcore|
0.000000000e+00|0.000000000e+00|0.000000000e+00|0.000000000e+00|0.000000000e+00|inf|inf|-inf|inf|0.000000000e+00|0.000000000e+00|0.000000000e+00|0.000000000e+00|inf|-inf
1.000000000e+00|5.770000000e+02|4.149198565e-03|2.472009942e+21|4.022179032e-03|1.842974146e+06|2.253405987e+06|1.148138862e+08|inf|5.770000000e+02|0.000000000e+00|0.000000000e+00|0.000000000e+00|inf|-inf
2.000000000e+00|5.890000000e+02|4.235490389e-03|2.506210368e+21|4.077826153e-03|4.125562456e+06|4.125562456e+06|1.147344533e+08|inf|5.890000000e+02|0.000000000e+00|0.000000000e+00|0.000000000e+00|inf|-inf
3.000000000e+00|8.667800000e+04|6.233002308e-01|3.866578908e+23|6.291266206e-01|1.833025997e+06|2.202397144e+06|1.150124062e+08|inf|8.667800000e+04|0.000000000e+00|0.000000000e+00|0.000000000e+00|inf|-inf
4.000000000e+00|4.038100000e+04|2.903791807e-01|1.759310376e+23|2.862553740e-01|2.484235999e+06|2.484235999e+06|1.151852867e+08|inf|4.038100000e+04|9.949840476e-01|2.673104646e+23|9.951654159e-01|5.248616295e+04|4.341303637e+06
5.000000000e+00|1.083000000e+04|7.787837167e-02|4.699252992e+22|7.646100660e-02|3.691625839e+06|3.691625839e+06|1.841926722e+08|inf|1.083000000e+04|3.453606552e-04|8.927314870e+19|3.323534314e-04|2.369727712e+06|1.063040116e+07
6.000000000e+00|7.000000000e+00|5.033689767e-05|3.077694867e+19|5.007682028e-05|5.680003173e+06|inf|4.503076609e+07|inf|7.000000000e+00|0.000000000e+00|0.000000000e+00|0.000000000e+00|inf|-inf
7.000000000e+00|0.000000000e+00|0.000000000e+00|0.000000000e+00|0.000000000e+00|inf|inf|-inf|inf|0.000000000e+00|0.000000000e+00|0.000000000e+00|0.000000000e+00|inf|-inf
8.000000000e+00|1.000000000e+00|7.190985381e-06|4.251000025e+18|6.916753397e-06|3.431935576e+06|inf|3.431935576e+06|inf|1.000000000e+00|4.670591718e-03|1.209340021e+21|4.502230643e-03|1.849956473e+06|3.116873271e+06
