#RRR|P25fit|P50fit|P75fit|P25model|P50model|P75model
1.792527462e+05|4.106194226e+10|4.123124098e+10|4.142525173e+10|0.000000|0.000000|0.000000
2.731912041e+05|4.069426770e+10|4.089861450e+10|4.109922573e+10|0.000000|0.000000|0.000000
3.253202922e+05|4.042920633e+10|4.064686013e+10|4.085254142e+10|0.000000|0.000000|0.000000
3.627870169e+05|4.021200432e+10|4.043685621e+10|4.064636019e+10|0.000000|0.000000|0.000000
3.969335421e+05|3.999469117e+10|4.022455944e+10|4.043751111e+10|0.000000|0.000000|0.000000
4.279941529e+05|3.978103469e+10|4.001431669e+10|4.023028478e+10|0.000000|0.000000|0.000000
4.564584018e+05|3.957190187e+10|3.980745329e+10|4.002603304e+10|0.000000|0.000000|0.000000
4.853312640e+05|3.934676386e+10|3.958387575e+10|3.980492091e+10|0.000000|0.000000|0.000000
5.103173662e+05|3.914138052e+10|3.937931632e+10|3.960232906e+10|0.000000|0.000000|0.000000
5.354181142e+05|3.892520922e+10|3.916355111e+10|3.938837875e+10|0.000000|0.000000|0.000000
5.603032752e+05|3.870116299e+10|3.893955811e+10|3.916602622e+10|0.000000|0.000000|0.000000
5.821135559e+05|3.849683875e+10|3.873504889e+10|3.896283106e+10|0.000000|0.000000|0.000000
6.038465100e+05|3.828584462e+10|3.852370451e+10|3.875269138e+10|0.000000|0.000000|0.000000
6.267817675e+05|3.805517534e+10|3.829253890e+10|3.852269932e+10|0.000000|0.000000|0.000000
6.471245373e+05|3.784370336e+10|3.808056324e+10|3.831169742e+10|0.000000|0.000000|0.000000
6.656297268e+05|3.764571854e+10|3.788210432e+10|3.811408542e+10|0.000000|0.000000|0.000000
6.864123306e+05|3.741698879e+10|3.765286413e+10|3.788577278e+10|0.000000|0.000000|0.000000
7.057417208e+05|3.719819310e+10|3.743365267e+10|3.766742356e+10|0.000000|0.000000|0.000000
7.242364277e+05|3.698337533e+10|3.721852521e+10|3.745314293e+10|0.000000|0.000000|0.000000
7.420882646e+05|3.677094770e+10|3.700591164e+10|3.724138870e+10|0.000000|0.000000|0.000000
7.598336734e+05|3.655484037e+10|3.678975952e+10|3.702615408e+10|0.000000|0.000000|0.000000
7.780264556e+05|3.632816112e+10|3.656321065e+10|3.680063641e+10|0.000000|0.000000|0.000000
7.950231197e+05|3.611169376e+10|3.634705502e+10|3.658555129e+10|0.000000|0.000000|0.000000
8.117209277e+05|3.589461473e+10|3.613048765e+10|3.637016035e+10|0.000000|0.000000|0.000000
8.281461661e+05|3.567680242e+10|3.591340264e+10|3.615437696e+10|0.000000|0.000000|0.000000
8.446732521e+05|3.545335319e+10|3.569093491e+10|3.593338843e+10|0.000000|0.000000|0.000000
8.603832592e+05|3.523695993e+10|3.547573030e+10|3.571977155e+10|0.000000|0.000000|0.000000
8.764244716e+05|3.501198525e+10|3.525225019e+10|3.549812049e+10|0.000000|0.000000|0.000000
8.918274854e+05|3.479213361e+10|3.503412304e+10|3.528197177e+10|0.000000|0.000000|0.000000
9.073147938e+05|3.456729236e+10|3.481132375e+10|3.506140631e+10|0.000000|0.000000|0.000000
9.213849597e+05|3.435972825e+10|3.460590120e+10|3.485824763e+10|0.000000|0.000000|0.000000
9.362242070e+05|3.413741260e+10|3.438615888e+10|3.464115786e+10|0.000000|0.000000|0.000000
9.526995102e+05|3.388648305e+10|3.413848875e+10|3.439678085e+10|0.000000|0.000000|0.000000
9.654753601e+05|3.368892122e+10|3.394376292e+10|3.420488234e+10|0.000000|0.000000|0.000000
9.799632369e+05|3.346173252e+10|3.372013427e+10|3.398477244e+10|0.000000|0.000000|0.000000
9.939044491e+05|3.323994727e+10|3.350213713e+10|3.377049765e+10|0.000000|0.000000|0.000000
1.007655979e+06|3.301812898e+10|3.328442068e+10|3.355679917e+10|0.000000|0.000000|0.000000
1.021446286e+06|3.279263680e+10|3.306342307e+10|3.334019952e+10|0.000000|0.000000|0.000000
1.035109748e+06|3.256620207e+10|3.284183478e+10|3.312335634e+10|0.000000|0.000000|0.000000
1.049526495e+06|3.232402130e+10|3.260521051e+10|3.289218358e+10|0.000000|0.000000|0.000000
1.061697143e+06|3.211695873e+10|3.240320710e+10|3.269515880e+10|0.000000|0.000000|0.000000
1.074436713e+06|3.189764898e+10|3.218956811e+10|3.248712089e+10|0.000000|0.000000|0.000000
1.086996375e+06|3.167885981e+10|3.197675858e+10|3.228024363e+10|0.000000|0.000000|0.000000
1.101023466e+06|3.143147751e+10|3.173652762e+10|3.204714491e+10|0.000000|0.000000|0.000000
1.113460226e+06|3.120946182e+10|3.152128463e+10|3.183869551e+10|0.000000|0.000000|0.000000
1.125705430e+06|3.098839858e+10|3.130730005e+10|3.163185257e+10|0.000000|0.000000|0.000000
1.137520498e+06|3.077277505e+10|3.109890444e+10|3.143079264e+10|0.000000|0.000000|0.000000
1.149462643e+06|3.055250629e+10|3.088635038e+10|3.122611638e+10|0.000000|0.000000|0.000000
1.161425433e+06|3.032950688e+10|3.067150333e+10|3.101964724e+10|0.000000|0.000000|0.000000
1.174125265e+06|3.009018846e+10|3.044131786e+10|3.079891109e+10|0.000000|0.000000|0.000000
1.185997665e+06|2.986405379e+10|3.022417932e+10|3.059114460e+10|0.000000|0.000000|0.000000
1.196113261e+06|2.966954058e+10|3.003768968e+10|3.041306631e+10|0.000000|0.000000|0.000000
1.208665752e+06|2.942580806e+10|2.980438433e+10|3.019076404e+10|0.000000|0.000000|0.000000
1.221094790e+06|2.918189098e+10|2.957131878e+10|2.996923318e+10|0.000000|0.000000|0.000000
1.230705942e+06|2.899150869e+10|2.938969624e+10|2.979698239e+10|0.000000|0.000000|0.000000
1.241848865e+06|2.876885227e+10|2.917760738e+10|2.959626915e+10|0.000000|0.000000|0.000000
1.253863632e+06|2.852644470e+10|2.894710090e+10|2.937866235e+10|0.000000|0.000000|0.000000
1.266043293e+06|2.827823601e+10|2.871150632e+10|2.915683927e+10|0.000000|0.000000|0.000000
1.276379243e+06|2.806564119e+10|2.851006035e+10|2.896764708e+10|0.000000|0.000000|0.000000
1.286226170e+06|2.786142770e+10|2.831685575e+10|2.878661551e+10|0.000000|0.000000|0.000000
1.297435453e+06|2.762696397e+10|2.809539369e+10|2.857962063e+10|0.000000|0.000000|0.000000
1.308211947e+06|2.739954364e+10|2.788095418e+10|2.837971993e+10|0.000000|0.000000|0.000000
1.318555038e+06|2.717941237e+10|2.767373439e+10|2.818705224e+10|0.000000|0.000000|0.000000
1.330061083e+06|2.693238703e+10|2.744160393e+10|2.797181832e+10|0.000000|0.000000|0.000000
1.339919651e+06|2.671893160e+10|2.724136485e+10|2.778666634e+10|0.000000|0.000000|0.000000
1.350581791e+06|2.648620260e+10|2.702341044e+10|2.758567985e+10|0.000000|0.000000|0.000000
1.361020403e+06|2.625646038e+10|2.680862631e+10|2.738818064e+10|0.000000|0.000000|0.000000
1.371729439e+06|2.601881560e+10|2.658684382e+10|2.718484105e+10|0.000000|0.000000|0.000000
1.381197128e+06|2.580706778e+10|2.638956326e+10|2.700447981e+10|0.000000|0.000000|0.000000
1.392793976e+06|2.554558510e+10|2.614637911e+10|2.678282584e+10|0.000000|0.000000|0.000000
1.402527352e+06|2.532431662e+10|2.594096851e+10|2.659618778e+10|0.000000|0.000000|0.000000
1.412682515e+06|2.509170099e+10|2.572539269e+10|2.640089802e+10|0.000000|0.000000|0.000000
1.423094584e+06|2.485133082e+10|2.550302686e+10|2.620009140e+10|0.000000|0.000000|0.000000
1.433606830e+06|2.460672207e+10|2.527715299e+10|2.599678361e+10|0.000000|0.000000|0.000000
1.443495308e+06|2.437485643e+10|2.506343029e+10|2.580503851e+10|0.000000|0.000000|0.000000
1.452972873e+06|2.415100991e+10|2.485745328e+10|2.562082414e+10|0.000000|0.000000|0.000000
1.462308340e+06|2.392896911e+10|2.465348085e+10|2.543897067e+10|0.000000|0.000000|0.000000
1.471942974e+06|2.369819496e+10|2.444184718e+10|2.525089010e+10|0.000000|0.000000|0.000000
1.483200873e+06|2.342645156e+10|2.419311366e+10|2.503063208e+10|0.000000|0.000000|0.000000
1.492807012e+06|2.319279412e+10|2.397964798e+10|2.484229497e+10|0.000000|0.000000|0.000000
1.502213269e+06|2.296240179e+10|2.376953281e+10|2.465754308e+10|0.000000|0.000000|0.000000
1.512096407e+06|2.271862209e+10|2.354760506e+10|2.446308862e+10|0.000000|0.000000|0.000000
1.522175453e+06|2.246820345e+10|2.332005711e+10|2.426444624e+10|0.000000|0.000000|0.000000
1.531620769e+06|2.223186940e+10|2.310570028e+10|2.407800777e+10|0.000000|0.000000|0.000000
1.540574332e+06|2.200635195e+10|2.290150912e+10|2.390103761e+10|0.000000|0.000000|0.000000
1.549825024e+06|2.177182557e+10|2.268952779e+10|2.371796816e+10|0.000000|0.000000|0.000000
1.560173696e+06|2.150762076e+10|2.245116795e+10|2.351291856e+10|0.000000|0.000000|0.000000
1.569123309e+06|2.127756125e+10|2.224399799e+10|2.333539445e+10|0.000000|0.000000|0.000000
1.578876735e+06|2.102517237e+10|2.201713123e+10|2.314173922e+10|0.000000|0.000000|0.000000
1.588549595e+06|2.077314664e+10|2.179101880e+10|2.294951149e+10|0.000000|0.000000|0.000000
1.598490823e+06|2.051256724e+10|2.155762178e+10|2.275180831e+10|1.000000|1.000000|1.000000
1.607836145e+06|2.026501298e+10|2.133655016e+10|2.256577192e+10|1.000000|1.000000|1.000000
1.616279208e+06|2.004135922e+10|2.113682224e+10|2.239769670e+10|1.000000|1.000000|1.000000
1.624762393e+06|1.981664264e+10|2.093614520e+10|2.222882278e+10|1.000000|1.000000|1.000000
1.633338218e+06|1.958947206e+10|2.073327668e+10|2.205810468e+10|1.000000|1.000000|1.000000
1.644846917e+06|1.928461071e+10|2.046102851e+10|2.182900216e+10|1.000000|1.000000|1.000000
1.655173296e+06|1.895626858e+10|2.021674912e+10|2.162343595e+10|2.000000|1.000000|1.000000
1.666466195e+06|1.880978965e+10|1.994960588e+10|2.139862933e+10|2.000000|1.000000|1.000000
1.675607361e+06|1.869122061e+10|1.973336373e+10|2.121665704e+10|2.000000|1.000000|1.000000
1.683900679e+06|1.858364892e+10|1.953717818e+10|2.105156280e+10|2.000000|1.000000|1.000000
1.691557179e+06|1.848433732e+10|1.935605708e+10|2.089914561e+10|2.000000|1.000000|1.000000
1.698185165e+06|1.839836646e+10|1.919926638e+10|2.076720296e+10|2.000000|1.000000|1.000000
1.706298821e+06|1.829312513e+10|1.900733085e+10|2.060568521e+10|2.000000|1.000000|1.000000
1.714746029e+06|1.818355734e+10|1.880750488e+10|2.043752748e+10|2.000000|1.000000|1.000000
1.724314705e+06|1.805944312e+10|1.858114962e+10|2.024704479e+10|2.000000|1.000000|1.000000
1.737325880e+06|1.789067662e+10|1.827335908e+10|1.998803262e+10|2.000000|1.000000|1.000000
1.752145198e+06|1.769845691e+10|1.792279537e+10|1.969302594e+10|2.000000|1.000000|1.000000
1.763413523e+06|1.755229673e+10|1.765623345e+10|1.946870851e+10|2.000000|1.000000|1.000000
1.772200696e+06|1.743831929e+10|1.744836530e+10|1.929378312e+10|2.000000|1.000000|1.000000
1.779504129e+06|1.734358728e+10|1.727235447e+10|1.914839441e+10|2.000000|2.000000|1.000000
1.785171823e+06|1.727007226e+10|1.720469632e+10|1.903556819e+10|2.000000|2.000000|1.000000
1.790791476e+06|1.719718037e+10|1.713761167e+10|1.892369832e+10|2.000000|2.000000|1.000000
1.797563589e+06|1.710934005e+10|1.705676951e+10|1.878888654e+10|2.000000|2.000000|1.000000
1.803767337e+06|1.702887194e+10|1.698271222e+10|1.866538915e+10|2.000000|2.000000|1.000000
1.811878591e+06|1.692366177e+10|1.688588406e+10|1.850391922e+10|2.000000|2.000000|1.000000
1.823193203e+06|1.677690120e+10|1.675081578e+10|1.827868036e+10|2.000000|2.000000|1.000000
1.835543036e+06|1.661671290e+10|1.660338955e+10|1.803283347e+10|2.000000|2.000000|1.000000
1.851032213e+06|1.641580452e+10|1.641848736e+10|1.772449195e+10|2.000000|2.000000|1.000000
1.872543556e+06|1.613678331e+10|1.616169553e+10|1.729626779e+10|2.000000|2.000000|1.000000
1.903475205e+06|1.573557235e+10|1.579244871e+10|1.668051453e+10|2.000000|2.000000|1.000000
1.914247460e+06|1.559584664e+10|1.566385483e+10|1.646607232e+10|2.000000|2.000000|1.000000
1.920855320e+06|1.551013683e+10|1.558497344e+10|1.633453031e+10|2.000000|2.000000|1.000000
1.929327561e+06|1.540024434e+10|1.548383600e+10|1.616587425e+10|2.000000|2.000000|1.000000
1.937898631e+06|1.528906995e+10|1.538151878e+10|1.599525081e+10|2.000000|2.000000|1.000000
1.950779807e+06|1.512198966e+10|1.522774962e+10|1.567059876e+10|2.000000|2.000000|2.000000
1.977947034e+06|1.476960660e+10|1.490344063e+10|1.534640905e+10|2.000000|2.000000|2.000000
2.011989717e+06|1.432804277e+10|1.449705581e+10|1.494017372e+10|2.000000|2.000000|2.000000
2.024051351e+06|1.417159267e+10|1.435306995e+10|1.479624082e+10|2.000000|2.000000|2.000000
2.031705024e+06|1.407231774e+10|1.426170417e+10|1.470490864e+10|2.000000|2.000000|2.000000
2.039121493e+06|1.397611955e+10|1.417317001e+10|1.461640705e+10|2.000000|2.000000|2.000000
2.047930446e+06|1.386185960e+10|1.406801305e+10|1.451128878e+10|2.000000|2.000000|2.000000
2.061922930e+06|1.368036467e+10|1.390097766e+10|1.434431483e+10|2.000000|2.000000|2.000000
2.085645979e+06|1.337265566e+10|1.361778357e+10|1.406122490e+10|2.000000|2.000000|2.000000
2.108504636e+06|1.307615857e+10|1.334490815e+10|1.378844986e+10|2.000000|2.000000|2.000000
2.120364160e+06|1.292233003e+10|1.320333500e+10|1.364692877e+10|2.000000|2.000000|2.000000
2.129749022e+06|1.280060003e+10|1.309130312e+10|1.353493811e+10|2.000000|2.000000|2.000000
2.139292414e+06|1.267925843e+10|1.297737881e+10|1.342105570e+10|3.000000|2.000000|2.000000
2.152049936e+06|1.251925566e+10|1.282646725e+10|1.326937606e+10|3.000000|3.000000|3.000000
2.169898272e+06|1.229993737e+10|1.261711770e+10|1.305796542e+10|3.000000|3.000000|3.000000
2.190491402e+06|1.205280345e+10|1.237816196e+10|1.281531085e+10|3.000000|3.000000|3.000000
2.206852264e+06|1.186047153e+10|1.219013778e+10|1.262351651e+10|3.000000|3.000000|3.000000
2.217155229e+06|1.174099123e+10|1.207250282e+10|1.250319396e+10|3.000000|3.000000|3.000000
2.226761647e+06|1.163063495e+10|1.196332731e+10|1.239132649e+10|3.000000|3.000000|3.000000
2.237580057e+06|1.150747730e+10|1.184093512e+10|1.226571743e+10|3.000000|3.000000|3.000000
2.251470274e+06|1.135094798e+10|1.168461004e+10|1.210502278e+10|3.000000|3.000000|3.000000
2.266695224e+06|1.118123623e+10|1.151425505e+10|1.192963750e+10|3.000000|3.000000|3.000000
2.285326855e+06|1.097586871e+10|1.130708529e+10|1.171607604e+10|3.000000|3.000000|3.000000
2.300959849e+06|1.080525578e+10|1.113427540e+10|1.153778832e+10|3.000000|3.000000|3.000000
2.313427437e+06|1.067014982e+10|1.099706977e+10|1.139618671e+10|3.000000|3.000000|3.000000
2.324112837e+06|1.055495242e+10|1.087988144e+10|1.127523690e+10|3.000000|3.000000|3.000000
2.335848721e+06|1.042898966e+10|1.075157625e+10|1.114282904e+10|3.000000|3.000000|3.000000
2.348224691e+06|1.029671349e+10|1.061670325e+10|1.100368489e+10|3.000000|3.000000|3.000000
2.362549488e+06|1.014421892e+10|1.046110570e+10|1.084324365e+10|3.000000|3.000000|3.000000
2.379234857e+06|9.967277815e+09|1.028050858e+10|1.065717927e+10|3.000000|3.000000|3.000000
2.393360657e+06|9.817940349e+09|1.012811105e+10|1.050032983e+10|3.000000|3.000000|3.000000
2.405855448e+06|9.686122568e+09|9.993658846e+09|1.036209334e+10|3.000000|3.000000|3.000000
2.418010968e+06|9.558078875e+09|9.863149624e+09|1.022805347e+10|3.000000|3.000000|3.000000
2.429558744e+06|9.436573288e+09|9.739414848e+09|1.010111130e+10|3.000000|3.000000|3.000000
2.441564811e+06|9.310348271e+09|9.611010437e+09|9.969531116e+09|3.000000|3.000000|3.000000
2.455424139e+06|9.164724579e+09|9.463070549e+09|9.818134183e+09|3.000000|3.000000|3.000000
2.469746670e+06|9.014283245e+09|9.310484765e+09|9.662217412e+09|3.000000|3.000000|3.000000
2.484163850e+06|8.862855345e+09|9.157175015e+09|9.505806566e+09|3.000000|3.000000|3.000000
2.497727455e+06|8.720367802e+09|9.013184692e+09|9.359130350e+09|3.000000|3.000000|3.000000
2.509162329e+06|8.600206226e+09|8.891964530e+09|9.235819172e+09|3.000000|3.000000|3.000000
2.520460657e+06|8.481435348e+09|8.772338116e+09|9.114280282e+09|3.000000|3.000000|3.000000
2.532264082e+06|8.357299708e+09|8.647511915e+09|8.987615788e+09|3.000000|3.000000|3.000000
2.543583525e+06|8.238196235e+09|8.527940409e+09|8.866430419e+09|3.000000|3.000000|3.000000
2.557109483e+06|8.095798542e+09|8.385229073e+09|8.721974879e+09|3.000000|3.000000|3.000000
2.571805724e+06|7.940986496e+09|8.230370959e+09|8.565437733e+09|3.000000|3.000000|3.000000
2.586179610e+06|7.789482758e+09|8.079106202e+09|8.412734233e+09|3.000000|3.000000|3.000000
2.598532126e+06|7.659225429e+09|7.949266054e+09|8.281806060e+09|3.000000|3.000000|3.000000
2.610208217e+06|7.536061435e+09|7.826664527e+09|8.158291455e+09|3.000000|3.000000|3.000000
2.620371325e+06|7.428835195e+09|7.720051363e+09|8.050966632e+09|3.000000|3.000000|3.000000
2.631003481e+06|7.316649067e+09|7.608619677e+09|7.938865024e+09|3.000000|3.000000|3.000000
2.642717161e+06|7.193052117e+09|7.485974965e+09|7.815560296e+09|3.000000|3.000000|3.000000
2.656604751e+06|7.046542586e+09|7.340737934e+09|7.669630530e+09|3.000000|3.000000|3.000000
2.670723480e+06|6.897655462e+09|7.193276862e+09|7.521544324e+09|3.000000|3.000000|3.000000
2.683233250e+06|6.765817325e+09|7.062788909e+09|7.390550648e+09|3.000000|3.000000|3.000000
2.695182010e+06|6.639991113e+09|6.938306497e+09|7.265611503e+09|3.000000|3.000000|3.000000
2.707419422e+06|6.511254483e+09|6.810979076e+09|7.137827188e+09|3.000000|3.000000|3.000000
2.719607771e+06|6.383193856e+09|6.684332590e+09|7.010720547e+09|3.000000|3.000000|3.000000
2.730988929e+06|6.263785978e+09|6.566234217e+09|6.892173469e+09|3.000000|3.000000|3.000000
2.741099185e+06|6.157873076e+09|6.461459763e+09|6.786973894e+09|3.000000|3.000000|3.000000
2.751907234e+06|6.044840350e+09|6.349602098e+09|6.674623015e+09|3.000000|3.000000|3.000000
2.765720743e+06|5.900699411e+09|6.206873512e+09|6.531187661e+09|3.000000|3.000000|3.000000
2.778680519e+06|5.765839395e+09|6.073218053e+09|6.396771203e+09|3.000000|3.000000|3.000000
2.791624490e+06|5.631547931e+09|5.939983344e+09|6.262661522e+09|3.000000|3.000000|3.000000
2.803225007e+06|5.511573712e+09|5.820808083e+09|6.142588416e+09|3.000000|3.000000|3.000000
2.814682002e+06|5.393468015e+09|5.703332994e+09|6.024106960e+09|3.000000|3.000000|3.000000
2.825888131e+06|5.278347650e+09|5.588658098e+09|5.908319998e+09|3.000000|3.000000|3.000000
2.836910178e+06|5.165531923e+09|5.476097557e+09|5.794530612e+09|3.000000|3.000000|3.000000
2.848132477e+06|5.051116681e+09|5.361738224e+09|5.678770843e+09|3.000000|3.000000|3.000000
2.861610406e+06|4.914345644e+09|5.224738210e+09|5.539873752e+09|3.000000|3.000000|3.000000
2.873434812e+06|4.794967603e+09|5.104871717e+09|5.418135295e+09|3.000000|3.000000|3.000000
2.885360865e+06|4.675179585e+09|4.984298993e+09|5.295464778e+09|3.000000|3.000000|3.000000
2.897449259e+06|4.554427031e+09|4.862433190e+09|5.171245340e+09|3.000000|3.000000|3.000000
2.909883118e+06|4.430959264e+09|4.737467867e+09|5.043607982e+09|3.000000|3.000000|3.000000
2.921379345e+06|4.317497345e+09|4.622287808e+09|4.925720456e+09|3.000000|3.000000|3.000000
2.932413607e+06|4.209249837e+09|4.512077309e+09|4.812688800e+09|3.000000|3.000000|3.000000
2.942376876e+06|4.112080414e+09|4.412862370e+09|4.710733290e+09|3.000000|3.000000|3.000000
2.954070929e+06|3.998746814e+09|4.296787609e+09|4.591201324e+09|3.000000|3.000000|3.000000
2.966678553e+06|3.877454137e+09|4.172117130e+09|4.462505108e+09|3.000000|3.000000|3.000000
2.979366308e+06|3.756359103e+09|4.047169964e+09|4.333186789e+09|3.000000|3.000000|3.000000
2.991365124e+06|3.642760653e+09|3.929503003e+09|4.211085367e+09|3.000000|3.000000|3.000000
3.004325797e+06|3.521089850e+09|3.802966832e+09|4.079426340e+09|3.000000|3.000000|3.000000
3.016230855e+06|3.410298095e+09|3.687272120e+09|3.958718642e+09|3.000000|3.000000|3.000000
3.028470246e+06|3.297383537e+09|3.568883034e+09|3.834867652e+09|3.000000|3.000000|3.000000
3.038552580e+06|3.205135009e+09|3.471795496e+09|3.733046244e+09|3.000000|3.000000|3.000000
3.049184768e+06|3.108616252e+09|3.369854187e+09|3.625884393e+09|3.000000|3.000000|3.000000
3.059601520e+06|3.014819402e+09|3.270430390e+09|3.521120225e+09|3.000000|3.000000|3.000000
3.071825337e+06|2.905728082e+09|3.154346708e+09|3.398488769e+09|3.000000|3.000000|3.000000
3.085854043e+06|2.781840623e+09|3.021930749e+09|3.258191974e+09|3.000000|3.000000|3.000000
3.096469769e+06|2.689030425e+09|2.922321910e+09|3.152366423e+09|3.000000|3.000000|3.000000
3.108687179e+06|2.583219533e+09|2.808335345e+09|3.030964469e+09|3.000000|3.000000|3.000000
3.120997726e+06|2.477686899e+09|2.694204810e+09|2.909091262e+09|3.000000|3.000000|3.000000
3.132765707e+06|2.377820337e+09|2.585804274e+09|2.793048129e+09|3.000000|3.000000|3.000000
3.144368872e+06|2.280317738e+09|2.479610161e+09|2.679101604e+09|3.000000|3.000000|3.000000
3.156692800e+06|2.177798067e+09|2.367587766e+09|2.558626636e+09|3.000000|3.000000|3.000000
3.168611394e+06|2.079655505e+09|2.260022093e+09|2.442691180e+09|3.000000|3.000000|3.000000
3.182514729e+06|1.966396038e+09|2.135529344e+09|2.308220323e+09|3.000000|3.000000|3.000000
3.195903121e+06|1.858549924e+09|2.016676877e+09|2.179573508e+09|3.000000|3.000000|3.000000
3.208300356e+06|1.759722434e+09|1.907547131e+09|2.061243758e+09|3.000000|3.000000|3.000000
3.218162440e+06|1.681792461e+09|1.821382445e+09|1.967692057e+09|3.000000|3.000000|3.000000
3.228107082e+06|1.603806643e+09|1.735090003e+09|1.873908200e+09|3.000000|3.000000|3.000000
3.237765594e+06|1.528617745e+09|1.651860880e+09|1.783379943e+09|3.000000|3.000000|3.000000
3.247514257e+06|1.453257539e+09|1.568444758e+09|1.692591975e+09|3.000000|3.000000|3.000000
3.257860973e+06|1.373830235e+09|1.480570314e+09|1.596910460e+09|3.000000|3.000000|3.000000
3.272976894e+06|1.258756218e+09|1.353434297e+09|1.458451792e+09|3.000000|3.000000|3.000000
3.298235747e+06|1.068743550e+09|1.144369460e+09|1.230900063e+09|3.000000|3.000000|3.000000
3.322713138e+06|8.868428225e+08|9.459366249e+08|1.015428500e+09|3.000000|3.000000|3.000000
3.336724798e+06|7.834663032e+08|8.342454185e+08|8.945438104e+08|3.000000|3.000000|3.000000
3.346907774e+06|7.085863609e+08|7.539589972e+08|8.078971066e+08|3.000000|3.000000|3.000000
3.355938311e+06|6.423074615e+08|6.833905633e+08|7.319477229e+08|3.000000|3.000000|3.000000
3.364285747e+06|5.811123192e+08|6.186939485e+08|6.625183662e+08|3.000000|3.000000|3.000000
3.372103668e+06|5.238304385e+08|5.585707231e+08|5.981927252e+08|3.000000|3.000000|3.000000
3.380505633e+06|4.622704534e+08|4.944665780e+08|5.298421007e+08|3.000000|3.000000|3.000000
3.388023347e+06|4.071614697e+08|4.375611087e+08|4.693931256e+08|3.000000|3.000000|3.000000
3.396557132e+06|3.445370019e+08|3.734862103e+08|4.016120469e+08|3.000000|3.000000|3.000000
3.409898065e+06|2.463981096e+08|2.744394424e+08|2.975066828e+08|3.000000|3.000000|3.000000
3.436443541e+06|4.965945579e+07|8.148867246e+07|9.754574316e+07|3.000000|3.000000|3.000000
3.458844128e+06|-1.187424629e+08|-7.698436406e+07|-6.312883255e+07|3.000000|3.000000|3.000000
