#RRR|P25fit|P50fit|P75fit|P25model|P50model|P75model
1.713606578e+05|4.434176339e+10|4.478150068e+10|4.517113955e+10|0.000000|0.000000|0.000000
2.593413055e+05|4.411573729e+10|4.448561458e+10|4.482469200e+10|0.000000|0.000000|0.000000
3.080714626e+05|4.392904230e+10|4.427443122e+10|4.459689207e+10|0.000000|0.000000|0.000000
3.463109564e+05|4.375373982e+10|4.408537506e+10|4.439903917e+10|0.000000|0.000000|0.000000
3.766911835e+05|4.359714430e+10|4.392065952e+10|4.422945224e+10|0.000000|0.000000|0.000000
4.008659262e+05|4.346191714e+10|4.378046102e+10|4.408646794e+10|0.000000|0.000000|0.000000
4.273216042e+05|4.330343132e+10|4.361781218e+10|4.392167388e+10|0.000000|0.000000|0.000000
4.485999206e+05|4.316818005e+10|4.348003240e+10|4.378272591e+10|0.000000|0.000000|0.000000
4.693196823e+05|4.302995248e+10|4.333993108e+10|4.364186723e+10|0.000000|0.000000|0.000000
4.910673556e+05|4.287807103e+10|4.318660184e+10|4.348805732e+10|0.000000|0.000000|0.000000
5.112679475e+05|4.273086991e+10|4.303844281e+10|4.333966534e+10|0.000000|0.000000|0.000000
5.289581413e+05|4.259719709e+10|4.290417431e+10|4.320530953e+10|0.000000|0.000000|0.000000
5.469085541e+05|4.245707724e+10|4.276362963e+10|4.306474459e+10|0.000000|0.000000|0.000000
5.653362023e+05|4.230860139e+10|4.261485626e+10|4.291598172e+10|0.000000|0.000000|0.000000
5.836819270e+05|4.215618715e+10|4.246223832e+10|4.276336816e+10|0.000000|0.000000|0.000000
5.991316687e+05|4.202431637e+10|4.233023547e+10|4.263133899e+10|0.000000|0.000000|0.000000
6.157783122e+05|4.187867133e+10|4.218445923e+10|4.248548107e+10|0.000000|0.000000|0.000000
6.315690975e+05|4.173713726e+10|4.204278692e+10|4.234366161e+10|0.000000|0.000000|0.000000
6.472934443e+05|4.159296232e+10|4.189843920e+10|4.219908390e+10|0.000000|0.000000|0.000000
6.634386949e+05|4.144159734e+10|4.174684009e+10|4.204714750e+10|0.000000|0.000000|0.000000
6.773342933e+05|4.130864245e+10|4.161362349e+10|4.191354876e+10|0.000000|0.000000|0.000000
6.906528752e+05|4.117889708e+10|4.148356454e+10|4.178303693e+10|0.000000|0.000000|0.000000
7.058026416e+05|4.102857987e+10|4.133280530e+10|4.163165290e+10|0.000000|0.000000|0.000000
7.205904216e+05|4.087906566e+10|4.118276225e+10|4.148088192e+10|0.000000|0.000000|0.000000
7.341682256e+05|4.073937236e+10|4.104249143e+10|4.133983640e+10|0.000000|0.000000|0.000000
7.461523231e+05|4.061416547e+10|4.091669722e+10|4.121327208e+10|0.000000|0.000000|0.000000
7.589492830e+05|4.047849632e+10|4.078031711e+10|4.107597930e+10|0.000000|0.000000|0.000000
7.722882567e+05|4.033492313e+10|4.063590779e+10|4.093051925e+10|0.000000|0.000000|0.000000
7.858719266e+05|4.018645985e+10|4.048649119e+10|4.077992916e+10|0.000000|0.000000|0.000000
7.982213509e+05|4.004951572e+10|4.034859015e+10|4.064087221e+10|0.000000|0.000000|0.000000
8.101142337e+05|3.991586404e+10|4.021393561e+10|4.050502638e+10|0.000000|0.000000|0.000000
8.219312436e+05|3.978134760e+10|4.007834423e+10|4.036817796e+10|0.000000|0.000000|0.000000
8.345678563e+05|3.963560963e+10|3.993137158e+10|4.021978370e+10|0.000000|0.000000|0.000000
8.460001396e+05|3.950207809e+10|3.979664900e+10|4.008370983e+10|0.000000|0.000000|0.000000
8.580366278e+05|3.935976224e+10|3.965300570e+10|3.993858136e+10|0.000000|0.000000|0.000000
8.711621208e+05|3.920255124e+10|3.949426506e+10|3.977815423e+10|0.000000|0.000000|0.000000
8.819905463e+05|3.907126715e+10|3.936165809e+10|3.964410857e+10|0.000000|0.000000|0.000000
8.916198855e+05|3.895331527e+10|3.924248645e+10|3.952362569e+10|0.000000|0.000000|0.000000
9.040995614e+05|3.879875879e+10|3.908629298e+10|3.936569440e+10|0.000000|0.000000|0.000000
9.151168236e+05|3.866072589e+10|3.894676698e+10|3.922460446e+10|0.000000|0.000000|0.000000
9.264813190e+05|3.851677959e+10|3.880123895e+10|3.907744097e+10|0.000000|0.000000|0.000000
9.370301767e+05|3.838174113e+10|3.866469967e+10|3.893936989e+10|0.000000|0.000000|0.000000
9.476774015e+05|3.824405072e+10|3.852546803e+10|3.879858543e+10|0.000000|0.000000|0.000000
9.575698920e+05|3.811486351e+10|3.839483008e+10|3.866650474e+10|0.000000|0.000000|0.000000
9.680771096e+05|3.797631874e+10|3.825473033e+10|3.852487935e+10|0.000000|0.000000|0.000000
9.786845933e+05|3.783505816e+10|3.811189146e+10|3.838051476e+10|0.000000|0.000000|0.000000
9.885520575e+05|3.770239105e+10|3.797775459e+10|3.824497866e+10|0.000000|0.000000|0.000000
9.993951213e+05|3.755519990e+10|3.782895374e+10|3.809467081e+10|0.000000|0.000000|0.000000
1.009156192e+06|3.742143138e+10|3.769374754e+10|3.795814287e+10|0.000000|0.000000|0.000000
1.019460561e+06|3.727891139e+10|3.754972878e+10|3.781277283e+10|0.000000|0.000000|0.000000
1.029495487e+06|3.713882336e+10|3.740820711e+10|3.766998687e+10|0.000000|0.000000|0.000000
1.038343247e+06|3.701424379e+10|3.728239077e+10|3.754310480e+10|0.000000|0.000000|0.000000
1.047870124e+06|3.687898170e+10|3.714583194e+10|3.740545691e+10|0.000000|0.000000|0.000000
1.057376344e+06|3.674284958e+10|3.700844877e+10|3.726705493e+10|0.000000|0.000000|0.000000
1.067551974e+06|3.659583710e+10|3.686015273e+10|3.711775242e+10|0.000000|0.000000|0.000000
1.077153357e+06|3.645588749e+10|3.671905271e+10|3.697579121e+10|0.000000|0.000000|0.000000
1.087840771e+06|3.629869116e+10|3.656065504e+10|3.681654677e+10|0.000000|0.000000|0.000000
1.096313251e+06|3.617300669e+10|3.643408472e+10|3.668939671e+10|0.000000|0.000000|0.000000
1.104377151e+06|3.605250226e+10|3.631279757e+10|3.656763925e+10|0.000000|0.000000|0.000000
1.114106685e+06|3.590595703e+10|3.616539388e+10|3.641978193e+10|0.000000|0.000000|0.000000
1.122998891e+06|3.577091717e+10|3.602965910e+10|3.628374947e+10|0.000000|0.000000|0.000000
1.131608976e+06|3.563914873e+10|3.589730654e+10|3.615122272e+10|0.000000|0.000000|0.000000
1.140584833e+06|3.550071509e+10|3.575836437e+10|3.601222641e+10|0.000000|0.000000|0.000000
1.149597644e+06|3.536060828e+10|3.561785800e+10|3.587180500e+10|0.000000|0.000000|0.000000
1.159648317e+06|3.520305504e+10|3.546000057e+10|3.571421773e+10|0.000000|0.000000|0.000000
1.168935444e+06|3.505623217e+10|3.531303897e+10|3.556768063e+10|0.000000|0.000000|0.000000
1.177106692e+06|3.492605963e+10|3.518286523e+10|3.543802752e+10|0.000000|0.000000|0.000000
1.184888487e+06|3.480122339e+10|3.505813939e+10|3.531393224e+10|0.000000|0.000000|0.000000
1.192823179e+06|3.467305702e+10|3.493020382e+10|3.518678149e+10|0.000000|0.000000|0.000000
1.201052976e+06|3.453918203e+10|3.479670107e+10|3.505425119e+10|0.000000|0.000000|0.000000
1.209990691e+06|3.439269748e+10|3.465078237e+10|3.490958005e+10|0.000000|0.000000|0.000000
1.219330669e+06|3.423839418e+10|3.449726014e+10|3.475758502e+10|0.000000|0.000000|0.000000
1.227450209e+06|3.410322783e+10|3.436293882e+10|3.462478577e+10|0.000000|0.000000|0.000000
1.236346306e+06|3.395403076e+10|3.421485405e+10|3.447858580e+10|0.000000|0.000000|0.000000
1.244632391e+06|3.381401885e+10|3.407606200e+10|3.434176239e+10|0.000000|0.000000|0.000000
1.252217368e+06|3.368496335e+10|3.394828571e+10|3.421597575e+10|0.000000|0.000000|0.000000
1.260018206e+06|3.355134102e+10|3.381614800e+10|3.408607852e+10|0.000000|0.000000|0.000000
1.267551758e+06|3.342143064e+10|3.368784059e+10|3.396012857e+10|0.000000|0.000000|0.000000
1.275657797e+06|3.328069044e+10|3.354901837e+10|3.382406331e+10|0.000000|0.000000|0.000000
1.283917113e+06|3.313626030e+10|3.340675673e+10|3.368485429e+10|0.000000|0.000000|0.000000
1.292240866e+06|3.298964471e+10|3.326255425e+10|3.354398608e+10|0.000000|0.000000|0.000000
1.301010139e+06|3.283402279e+10|3.310973191e+10|3.339496688e+10|0.000000|0.000000|0.000000
1.309638819e+06|3.267972565e+10|3.295845757e+10|3.324773629e+10|0.000000|0.000000|0.000000
1.317287656e+06|3.254197154e+10|3.282361391e+10|3.311673609e+10|0.000000|0.000000|0.000000
1.324231656e+06|3.241610899e+10|3.270058809e+10|3.299741701e+10|0.000000|0.000000|0.000000
1.332146874e+06|3.227170451e+10|3.255965030e+10|3.286096448e+10|0.000000|0.000000|0.000000
1.339304260e+06|3.214025889e+10|3.243156016e+10|3.273717571e+10|0.000000|0.000000|0.000000
1.346046274e+06|3.201568301e+10|3.231034267e+10|3.262022934e+10|0.000000|0.000000|0.000000
1.353376265e+06|3.187940176e+10|3.217793670e+10|3.249271505e+10|0.000000|0.000000|0.000000
1.361766414e+06|3.172232613e+10|3.202559211e+10|3.234629588e+10|0.000000|0.000000|0.000000
1.369867080e+06|3.156956350e+10|3.187770594e+10|3.220447095e+10|0.000000|0.000000|0.000000
1.379342469e+06|3.138948436e+10|3.170372890e+10|3.203802154e+10|0.000000|0.000000|0.000000
1.386176452e+06|3.125866547e+10|3.157758592e+10|3.191760937e+10|0.000000|0.000000|0.000000
1.392435818e+06|3.113814983e+10|3.146156098e+10|3.180706111e+10|0.000000|0.000000|0.000000
1.399647126e+06|3.099847457e+10|3.132731215e+10|3.167939821e+10|0.000000|0.000000|0.000000
1.407374749e+06|3.084780354e+10|3.118276436e+10|3.154224436e+10|0.000000|0.000000|0.000000
1.414027557e+06|3.071725775e+10|3.105775239e+10|3.142388361e+10|0.000000|0.000000|0.000000
1.421366876e+06|3.057234156e+10|3.091922993e+10|3.129301289e+10|0.000000|0.000000|0.000000
1.428857222e+06|3.042346316e+10|3.077719725e+10|3.115913735e+10|0.000000|0.000000|0.000000
1.436040709e+06|3.027974630e+10|3.064035760e+10|3.103045882e+10|0.000000|0.000000|0.000000
1.444232699e+06|3.011472305e+10|3.048355965e+10|3.088338182e+10|0.000000|0.000000|0.000000
1.451826670e+06|2.996066233e+10|3.033749744e+10|3.074673471e+10|0.000000|0.000000|0.000000
1.459622977e+06|2.980140206e+10|3.018683274e+10|3.060615016e+10|0.000000|0.000000|0.000000
1.466412044e+06|2.966180654e+10|3.005504691e+10|3.048349189e+10|0.000000|0.000000|0.000000
1.473292586e+06|2.951945810e+10|2.992092897e+10|3.035896400e+10|0.000000|0.000000|0.000000
1.479611232e+06|2.938795544e+10|2.979727055e+10|3.024441962e+10|0.000000|0.000000|0.000000
1.486461061e+06|2.924454905e+10|2.966268363e+10|3.012005182e+10|0.000000|0.000000|0.000000
1.494015660e+06|2.908535568e+10|2.951360649e+10|2.998266249e+10|0.000000|0.000000|0.000000
1.501024749e+06|2.893668160e+10|2.937469151e+10|2.985499103e+10|0.000000|0.000000|0.000000
1.507966942e+06|2.878849300e+10|2.923653097e+10|2.972835382e+10|0.000000|0.000000|0.000000
1.515531473e+06|2.862595366e+10|2.908533792e+10|2.959016484e+10|0.000000|0.000000|0.000000
1.523485860e+06|2.845382775e+10|2.892562536e+10|2.944464093e+10|0.000000|0.000000|0.000000
1.531241305e+06|2.828480219e+10|2.876918975e+10|2.930255794e+10|0.000000|0.000000|0.000000
1.538246044e+06|2.813110678e+10|2.862728817e+10|2.917406924e+10|0.000000|0.000000|0.000000
1.544169065e+06|2.800037635e+10|2.850684951e+10|2.906531144e+10|0.000000|0.000000|0.000000
1.550198392e+06|2.786656998e+10|2.838382552e+10|2.895450278e+10|0.000000|0.000000|0.000000
1.556717310e+06|2.772106420e+10|2.825033100e+10|2.883459035e+10|0.000000|0.000000|0.000000
1.562626597e+06|2.758841154e+10|2.812888909e+10|2.872580246e+10|0.000000|0.000000|0.000000
1.568975656e+06|2.744508178e+10|2.799795242e+10|2.860883007e+10|0.000000|0.000000|0.000000
1.576423076e+06|2.727588570e+10|2.784376120e+10|2.847151389e+10|0.000000|0.000000|0.000000
1.584254750e+06|2.709670225e+10|2.768091245e+10|2.832699818e+10|0.000000|0.000000|0.000000
1.591375694e+06|2.693265108e+10|2.753221807e+10|2.819550580e+10|0.000000|0.000000|0.000000
1.598059925e+06|2.677767441e+10|2.739210208e+10|2.807200703e+10|0.000000|0.000000|0.000000
1.605171421e+06|2.661173408e+10|2.724245501e+10|2.794054812e+10|0.000000|0.000000|0.000000
1.611468977e+06|2.646386912e+10|2.710944127e+10|2.782408608e+10|0.000000|0.000000|0.000000
1.617961826e+06|2.631050976e+10|2.697181668e+10|2.770397157e+10|0.000000|0.000000|0.000000
1.625267227e+06|2.613684611e+10|2.681637930e+10|2.756878480e+10|0.000000|0.000000|0.000000
1.631882091e+06|2.597857400e+10|2.667509613e+10|2.744634811e+10|0.000000|0.000000|0.000000
1.638103735e+06|2.582881531e+10|2.654174475e+10|2.733117247e+10|0.000000|0.000000|0.000000
1.643577942e+06|2.569632522e+10|2.642403951e+10|2.722982513e+10|0.000000|0.000000|0.000000
1.649997898e+06|2.554007751e+10|2.628555300e+10|2.711096504e+10|0.000000|0.000000|0.000000
1.656913340e+06|2.537071473e+10|2.613583989e+10|2.698293539e+10|0.000000|0.000000|0.000000
1.663910125e+06|2.519823624e+10|2.598379774e+10|2.685341326e+10|0.000000|0.000000|0.000000
1.670603710e+06|2.503216573e+10|2.583780972e+10|2.672952558e+10|0.000000|0.000000|0.000000
1.677064491e+06|2.487087446e+10|2.569640363e+10|2.660997505e+10|0.000000|0.000000|0.000000
1.682978765e+06|2.472236176e+10|2.556653226e+10|2.650056821e+10|0.000000|0.000000|0.000000
1.690021257e+06|2.454443219e+10|2.541135476e+10|2.637033815e+10|0.000000|0.000000|0.000000
1.696015063e+06|2.439206063e+10|2.527882940e+10|2.625954827e+10|0.000000|0.000000|0.000000
1.702450070e+06|2.422750644e+10|2.513608324e+10|2.614065981e+10|0.000000|0.000000|0.000000
1.709493698e+06|2.404623258e+10|2.497928364e+10|2.601060327e+10|0.000000|0.000000|0.000000
1.716206243e+06|2.387234597e+10|2.482931711e+10|2.588674354e+10|0.000000|0.000000|0.000000
1.723339454e+06|2.368633987e+10|2.466937799e+10|2.575522142e+10|0.000000|0.000000|0.000000
1.729617934e+06|2.352157147e+10|2.452811389e+10|2.563955239e+10|0.000000|0.000000|0.000000
1.736145576e+06|2.334921333e+10|2.438075785e+10|2.551939437e+10|0.000000|0.000000|0.000000
1.743388521e+06|2.315670442e+10|2.421667500e+10|2.538620055e+10|0.000000|0.000000|0.000000
1.749216959e+06|2.300081868e+10|2.408419409e+10|2.527912658e+10|0.000000|0.000000|0.000000
1.755246394e+06|2.283863751e+10|2.394672942e+10|2.516846844e+10|0.000000|0.000000|0.000000
1.760796244e+06|2.268852403e+10|2.381982573e+10|2.506671526e+10|0.000000|0.000000|0.000000
1.766440015e+06|2.253504647e+10|2.369040781e+10|2.496334721e+10|0.000000|0.000000|0.000000
1.772676198e+06|2.236448620e+10|2.354697542e+10|2.484926128e+10|0.000000|0.000000|0.000000
1.778277488e+06|2.221041397e+10|2.341776103e+10|2.474691486e+10|0.000000|0.000000|0.000000
1.784129828e+06|2.204854412e+10|2.328236658e+10|2.464011358e+10|0.000000|0.000000|0.000000
1.790150602e+06|2.188105764e+10|2.314266097e+10|2.453038624e+10|0.000000|0.000000|0.000000
1.796123725e+06|2.171393006e+10|2.300364586e+10|2.442168233e+10|0.000000|0.000000|0.000000
1.803277556e+06|2.151248973e+10|2.283660753e+10|2.429170377e+10|0.000000|0.000000|0.000000
1.810380714e+06|2.131108871e+10|2.267016580e+10|2.416288659e+10|0.000000|0.000000|0.000000
1.818451733e+06|2.108075626e+10|2.248041975e+10|2.401678332e+10|1.000000|1.000000|1.000000
1.825990287e+06|2.086313815e+10|2.230216467e+10|2.388079174e+10|1.000000|1.000000|1.000000
1.832321885e+06|2.068036169e+10|2.215244903e+10|2.376657303e+10|1.000000|1.000000|1.000000
1.839705470e+06|2.046721712e+10|2.197785831e+10|2.363337701e+10|1.000000|1.000000|1.000000
1.845527166e+06|2.029916017e+10|2.184019970e+10|2.352835666e+10|1.000000|1.000000|1.000000
1.851952128e+06|2.011368851e+10|2.168827637e+10|2.341245369e+10|1.000000|1.000000|1.000000
1.858155618e+06|1.993461017e+10|2.154158993e+10|2.330054597e+10|1.000000|1.000000|1.000000
1.864430125e+06|1.975348174e+10|2.139322423e+10|2.318735713e+10|1.000000|1.000000|1.000000
1.869974955e+06|1.959341719e+10|2.126211234e+10|2.308733130e+10|1.000000|1.000000|1.000000
1.875491776e+06|1.943416116e+10|2.113166274e+10|2.298781073e+10|1.000000|1.000000|1.000000
1.880082098e+06|1.930165070e+10|2.102312092e+10|2.290500371e+10|1.000000|1.000000|1.000000
1.884939705e+06|1.916142444e+10|2.090825896e+10|2.281737502e+10|1.000000|1.000000|1.000000
1.889780348e+06|1.902168789e+10|2.079379812e+10|2.273005235e+10|1.000000|1.000000|1.000000
1.895164783e+06|1.886625349e+10|2.066647888e+10|2.263291995e+10|1.000000|1.000000|1.000000
1.903244652e+06|1.863300907e+10|2.047542399e+10|2.248716334e+10|1.000000|1.000000|1.000000
1.911126413e+06|1.840548347e+10|2.028905348e+10|2.234498048e+10|1.000000|1.000000|1.000000
1.919870932e+06|1.815305235e+10|2.008228241e+10|2.218723392e+10|1.000000|1.000000|1.000000
1.926706681e+06|1.795572237e+10|1.992064571e+10|2.206392059e+10|1.000000|1.000000|1.000000
1.935085756e+06|1.760537330e+10|1.972251585e+10|2.191276645e+10|2.000000|1.000000|1.000000
1.944101417e+06|1.752577967e+10|1.950933339e+10|2.175012863e+10|2.000000|1.000000|1.000000
1.951295675e+06|1.746226607e+10|1.933921945e+10|2.162034796e+10|2.000000|1.000000|1.000000
1.957318540e+06|1.740909398e+10|1.919680404e+10|2.151169864e+10|2.000000|1.000000|1.000000
1.962648210e+06|1.736204166e+10|1.907077977e+10|2.141555417e+10|2.000000|1.000000|1.000000
1.969024359e+06|1.730575063e+10|1.892001067e+10|2.130053177e+10|2.000000|1.000000|1.000000
1.973793946e+06|1.726364294e+10|1.880723000e+10|2.121449091e+10|2.000000|1.000000|1.000000
1.978187370e+06|1.722485615e+10|1.870334402e+10|2.113523584e+10|2.000000|1.000000|1.000000
1.982548750e+06|1.718635225e+10|1.860021571e+10|2.105655880e+10|2.000000|1.000000|1.000000
1.986732112e+06|1.714941998e+10|1.850129681e+10|2.098109315e+10|2.000000|1.000000|1.000000
1.992590710e+06|1.709769809e+10|1.836276563e+10|2.087540710e+10|2.000000|1.000000|1.000000
1.998490633e+06|1.704561136e+10|1.822325726e+10|2.076897556e+10|2.000000|1.000000|1.000000
2.005142488e+06|1.698688630e+10|1.801252252e+10|2.064897958e+10|2.000000|2.000000|1.000000
2.013065700e+06|1.691693722e+10|1.793066901e+10|2.050604896e+10|2.000000|2.000000|1.000000
2.021598137e+06|1.684160968e+10|1.784252169e+10|2.035212825e+10|2.000000|2.000000|1.000000
2.029433200e+06|1.677243883e+10|1.776157885e+10|2.021078782e+10|2.000000|2.000000|1.000000
2.038055241e+06|1.669632023e+10|1.767250584e+10|2.005525070e+10|2.000000|2.000000|1.000000
2.047108536e+06|1.661639435e+10|1.757897762e+10|1.989193398e+10|2.000000|2.000000|1.000000
2.054785112e+06|1.654862267e+10|1.749967207e+10|1.975345255e+10|2.000000|2.000000|1.000000
2.061233004e+06|1.649169827e+10|1.743305987e+10|1.963713595e+10|2.000000|2.000000|1.000000
2.067940123e+06|1.643248533e+10|1.736376965e+10|1.951614303e+10|2.000000|2.000000|1.000000
2.073775691e+06|1.638096675e+10|1.730348327e+10|1.941087242e+10|2.000000|2.000000|1.000000
2.078774095e+06|1.633683897e+10|1.725184551e+10|1.932070382e+10|2.000000|2.000000|1.000000
2.083684316e+06|1.629348971e+10|1.720111877e+10|1.923212600e+10|2.000000|2.000000|1.000000
2.086943088e+06|1.626472005e+10|1.716745288e+10|1.917333945e+10|2.000000|2.000000|1.000000
2.091246254e+06|1.622673009e+10|1.712299753e+10|1.909571259e+10|2.000000|2.000000|1.000000
2.096291578e+06|1.618218809e+10|1.707087505e+10|1.900469758e+10|2.000000|2.000000|1.000000
2.101013559e+06|1.614050068e+10|1.702209298e+10|1.891951551e+10|2.000000|2.000000|1.000000
2.107429496e+06|1.608385839e+10|1.695581090e+10|1.880377535e+10|2.000000|2.000000|1.000000
2.113428407e+06|1.603089776e+10|1.689383706e+10|1.869555812e+10|2.000000|2.000000|1.000000
2.120355625e+06|1.596974170e+10|1.682227302e+10|1.857059474e+10|2.000000|2.000000|1.000000
2.131427647e+06|1.587199376e+10|1.670788964e+10|1.837086124e+10|2.000000|2.000000|1.000000
2.147187390e+06|1.573286086e+10|1.654507812e+10|1.808656370e+10|2.000000|2.000000|1.000000
2.163925111e+06|1.558509401e+10|1.637216325e+10|1.778462396e+10|2.000000|2.000000|1.000000
2.176651336e+06|1.547274214e+10|1.624069054e+10|1.752321640e+10|2.000000|2.000000|2.000000
2.185666564e+06|1.539315233e+10|1.614755558e+10|1.740701074e+10|2.000000|2.000000|2.000000
2.194574637e+06|1.531450854e+10|1.605552763e+10|1.729218629e+10|2.000000|2.000000|2.000000
2.201606431e+06|1.525242924e+10|1.598288323e+10|1.720154696e+10|2.000000|2.000000|2.000000
2.208960312e+06|1.518750643e+10|1.590691140e+10|1.710675595e+10|2.000000|2.000000|2.000000
2.215769885e+06|1.512738898e+10|1.583656273e+10|1.701898102e+10|2.000000|2.000000|2.000000
2.223470643e+06|1.505940381e+10|1.575700736e+10|1.691971879e+10|2.000000|2.000000|2.000000
2.233493592e+06|1.497091747e+10|1.565346179e+10|1.679052367e+10|2.000000|2.000000|2.000000
2.244424892e+06|1.487441187e+10|1.554053219e+10|1.664961998e+10|2.000000|2.000000|2.000000
2.259172676e+06|1.474421293e+10|1.538817506e+10|1.645952206e+10|2.000000|2.000000|2.000000
2.274705584e+06|1.460708262e+10|1.522770694e+10|1.625930396e+10|2.000000|2.000000|2.000000
2.286762166e+06|1.450064261e+10|1.510315221e+10|1.610389546e+10|2.000000|2.000000|2.000000
2.296328122e+06|1.441619078e+10|1.500432777e+10|1.598059095e+10|2.000000|2.000000|2.000000
2.304903436e+06|1.434048470e+10|1.491573749e+10|1.587005574e+10|2.000000|2.000000|2.000000
2.313203472e+06|1.426720888e+10|1.482999108e+10|1.576306886e+10|2.000000|2.000000|2.000000
2.319992027e+06|1.420727698e+10|1.475985954e+10|1.567556486e+10|2.000000|2.000000|2.000000
2.327627833e+06|1.413986524e+10|1.468097519e+10|1.557713985e+10|2.000000|2.000000|2.000000
2.336929160e+06|1.405774965e+10|1.458488459e+10|1.545724640e+10|2.000000|2.000000|2.000000
2.345481349e+06|1.398224773e+10|1.449653321e+10|1.534700927e+10|2.000000|2.000000|2.000000
2.353120154e+06|1.391480950e+10|1.441761787e+10|1.524854560e+10|2.000000|2.000000|2.000000
2.362957855e+06|1.382795861e+10|1.431598607e+10|1.512173832e+10|2.000000|2.000000|2.000000
2.375181859e+06|1.372004053e+10|1.418970173e+10|1.496417176e+10|2.000000|2.000000|2.000000
2.386796012e+06|1.361750645e+10|1.406971768e+10|1.481446613e+10|2.000000|2.000000|2.000000
2.397826220e+06|1.352012766e+10|1.395576627e+10|1.467228752e+10|2.000000|2.000000|2.000000
2.406785983e+06|1.344102753e+10|1.386320431e+10|1.455679680e+10|2.000000|2.000000|2.000000
2.415764070e+06|1.336176562e+10|1.377045305e+10|1.444106988e+10|2.000000|2.000000|2.000000
2.423778834e+06|1.329100829e+10|1.368765374e+10|1.433776013e+10|2.000000|2.000000|2.000000
2.433165101e+06|1.320814282e+10|1.359068563e+10|1.421677180e+10|2.000000|2.000000|2.000000
2.441735211e+06|1.312993702e+10|1.350214912e+10|1.410630368e+10|3.000000|2.000000|2.000000
2.451349692e+06|1.304230393e+10|1.340337547e+10|1.398237369e+10|3.000000|3.000000|2.000000
2.460474703e+06|1.295831501e+10|1.330968178e+10|1.386965793e+10|3.000000|3.000000|3.000000
2.470140701e+06|1.286853650e+10|1.321065169e+10|1.375037810e+10|3.000000|3.000000|3.000000
2.480585462e+06|1.277065445e+10|1.310389848e+10|1.362346884e+10|3.000000|3.000000|3.000000
2.489252162e+06|1.268879926e+10|1.301552199e+10|1.351966242e+10|3.000000|3.000000|3.000000
2.499145752e+06|1.259470547e+10|1.291486258e+10|1.340275319e+10|3.000000|3.000000|3.000000
2.507986605e+06|1.251008157e+10|1.282512133e+10|1.329966301e+10|3.000000|3.000000|3.000000
2.516143769e+06|1.243158369e+10|1.274249505e+10|1.320565401e+10|3.000000|3.000000|3.000000
2.524623838e+06|1.234958628e+10|1.265677724e+10|1.310900901e+10|3.000000|3.000000|3.000000
2.533038449e+06|1.226785878e+10|1.257190287e+10|1.301416227e+10|3.000000|3.000000|3.000000
2.541670414e+06|1.218367728e+10|1.248502536e+10|1.291791208e+10|3.000000|3.000000|3.000000
2.551553585e+06|1.208690890e+10|1.238579155e+10|1.280895740e+10|3.000000|3.000000|3.000000
2.560652028e+06|1.199749986e+10|1.229466139e+10|1.270977951e+10|3.000000|3.000000|3.000000
2.570674708e+06|1.189869267e+10|1.219452430e+10|1.260171826e+10|3.000000|3.000000|3.000000
2.579899488e+06|1.180749715e+10|1.210259186e+10|1.250331263e+10|3.000000|3.000000|3.000000
2.588993357e+06|1.171739177e+10|1.201218323e+10|1.240724518e+10|3.000000|3.000000|3.000000
2.597910142e+06|1.162887508e+10|1.192374699e+10|1.231391474e+10|3.000000|3.000000|3.000000
2.606310988e+06|1.154535592e+10|1.184062022e+10|1.222673399e+10|3.000000|3.000000|3.000000
2.614471086e+06|1.146413736e+10|1.176005469e+10|1.214271703e+10|3.000000|3.000000|3.000000
2.622364233e+06|1.138550827e+10|1.168229289e+10|1.206204566e+10|3.000000|3.000000|3.000000
2.630116864e+06|1.130823189e+10|1.160607649e+10|1.198335765e+10|3.000000|3.000000|3.000000
2.639176032e+06|1.121789520e+10|1.151721787e+10|1.189206484e+10|3.000000|3.000000|3.000000
2.649315582e+06|1.111676721e+10|1.141802086e+10|1.179068203e+10|3.000000|3.000000|3.000000
2.658995336e+06|1.102023723e+10|1.132357710e+10|1.169464017e+10|3.000000|3.000000|3.000000
2.666141156e+06|1.094900085e+10|1.125401623e+10|1.162418191e+10|3.000000|3.000000|3.000000
2.674726759e+06|1.086345552e+10|1.117061909e+10|1.153999947e+10|3.000000|3.000000|3.000000
2.684578775e+06|1.076537312e+10|1.107516135e+10|1.144400286e+10|3.000000|3.000000|3.000000
2.693427760e+06|1.067737069e+10|1.098964119e+10|1.135829912e+10|3.000000|3.000000|3.000000
2.702792049e+06|1.058436110e+10|1.089936621e+10|1.126810945e+10|3.000000|3.000000|3.000000
2.711068197e+06|1.050227553e+10|1.081977372e+10|1.118880836e+10|3.000000|3.000000|3.000000
2.718720767e+06|1.042648366e+10|1.074633850e+10|1.111580513e+10|3.000000|3.000000|3.000000
2.726711573e+06|1.034746438e+10|1.066982143e+10|1.103988924e+10|3.000000|3.000000|3.000000
2.734333328e+06|1.027222080e+10|1.059699387e+10|1.096776321e+10|3.000000|3.000000|3.000000
2.742995058e+06|1.018687126e+10|1.051441299e+10|1.088611396e+10|3.000000|3.000000|3.000000
2.753031525e+06|1.008820494e+10|1.041896908e+10|1.079190420e+10|3.000000|3.000000|3.000000
2.761467003e+06|1.000548037e+10|1.033895165e+10|1.071303276e+10|3.000000|3.000000|3.000000
2.770251180e+06|9.919544295e+09|1.025582129e+10|1.063118307e+10|3.000000|3.000000|3.000000
2.779484120e+06|9.829457934e+09|1.016865719e+10|1.054544261e+10|3.000000|3.000000|3.000000
2.788174829e+06|9.744896720e+09|1.008681072e+10|1.046499223e+10|3.000000|3.000000|3.000000
2.796269214e+06|9.666350099e+09|1.001075264e+10|1.039027003e+10|3.000000|3.000000|3.000000
2.803984510e+06|9.591678745e+09|9.938410624e+09|1.031922262e+10|3.000000|3.000000|3.000000
2.811494368e+06|9.519185041e+09|9.868138524e+09|1.025022161e+10|3.000000|3.000000|3.000000
2.819139260e+06|9.445584254e+09|9.796747655e+09|1.018012731e+10|3.000000|3.000000|3.000000
2.828819476e+06|9.352679445e+09|9.706558591e+09|1.009157124e+10|3.000000|3.000000|3.000000
2.837276785e+06|9.271783103e+09|9.627952590e+09|1.001437271e+10|3.000000|3.000000|3.000000
2.845703433e+06|9.191436962e+09|9.549806120e+09|9.937600767e+09|3.000000|3.000000|3.000000
2.853967953e+06|9.112889718e+09|9.473331330e+09|9.862438529e+09|3.000000|3.000000|3.000000
2.863283904e+06|9.024654167e+09|9.387325492e+09|9.777860315e+09|3.000000|3.000000|3.000000
2.872424415e+06|8.938397938e+09|9.303142050e+09|9.695014639e+09|3.000000|3.000000|3.000000
2.880607610e+06|8.861445254e+09|9.227944500e+09|9.620954530e+09|3.000000|3.000000|3.000000
2.888627846e+06|8.786274083e+09|9.154398271e+09|9.548462073e+09|3.000000|3.000000|3.000000
2.895884796e+06|8.718470664e+09|9.087981781e+09|9.482942818e+09|3.000000|3.000000|3.000000
2.904031802e+06|8.642594163e+09|9.013565879e+09|9.409466216e+09|3.000000|3.000000|3.000000
2.911812030e+06|8.570374175e+09|8.942643791e+09|9.339370204e+09|3.000000|3.000000|3.000000
2.920502715e+06|8.489981200e+09|8.863586873e+09|9.261149912e+09|3.000000|3.000000|3.000000
2.929912501e+06|8.403267422e+09|8.778182686e+09|9.176544522e+09|3.000000|3.000000|3.000000
2.937022598e+06|8.337974083e+09|8.713783552e+09|9.112672468e+09|3.000000|3.000000|3.000000
2.945131748e+06|8.263745374e+09|8.640473979e+09|9.039881328e+09|3.000000|3.000000|3.000000
2.954272168e+06|8.180381110e+09|8.558016746e+09|8.957900367e+09|3.000000|3.000000|3.000000
2.962266861e+06|8.107729409e+09|8.486046336e+09|8.886250853e+09|3.000000|3.000000|3.000000
2.971670798e+06|8.022583306e+09|8.401568242e+09|8.802034301e+09|3.000000|3.000000|3.000000
2.979487360e+06|7.952064558e+09|8.331495680e+09|8.732082902e+09|3.000000|3.000000|3.000000
2.987373102e+06|7.881153976e+09|8.260935775e+09|8.661556274e+09|3.000000|3.000000|3.000000
2.995145264e+06|7.811490882e+09|8.191521595e+09|8.592087383e+09|3.000000|3.000000|3.000000
3.002725026e+06|7.743766290e+09|8.123948458e+09|8.524377416e+09|3.000000|3.000000|3.000000
3.010737536e+06|7.672402257e+09|8.052647994e+09|8.452843194e+09|3.000000|3.000000|3.000000
3.018987540e+06|7.599163767e+09|7.979373143e+09|8.379232822e+09|3.000000|3.000000|3.000000
3.026909833e+06|7.529061241e+09|7.909140480e+09|8.308588532e+09|3.000000|3.000000|3.000000
3.034917761e+06|7.458423311e+09|7.838278402e+09|8.237222741e+09|3.000000|3.000000|3.000000
3.042733163e+06|7.389695778e+09|7.769244620e+09|8.167614001e+09|3.000000|3.000000|3.000000
3.051893280e+06|7.309404979e+09|7.688488136e+09|8.086081272e+09|3.000000|3.000000|3.000000
3.059610949e+06|7.241972928e+09|7.620577204e+09|8.017432888e+09|3.000000|3.000000|3.000000
3.067274638e+06|7.175203506e+09|7.553256709e+09|7.949306879e+09|3.000000|3.000000|3.000000
3.076822634e+06|7.092277746e+09|7.469543206e+09|7.864491301e+09|3.000000|3.000000|3.000000
3.084849579e+06|7.022781114e+09|7.399301251e+09|7.793241640e+09|3.000000|3.000000|3.000000
3.093209280e+06|6.950610485e+09|7.326277678e+09|7.719093345e+09|3.000000|3.000000|3.000000
3.101088430e+06|6.882777114e+09|7.257572324e+09|7.649261003e+09|3.000000|3.000000|3.000000
3.109014316e+06|6.814721308e+09|7.188576344e+09|7.579069288e+09|3.000000|3.000000|3.000000
3.115960369e+06|6.755223494e+09|7.128205520e+09|7.517602183e+09|3.000000|3.000000|3.000000
3.123492575e+06|6.690853586e+09|7.062840234e+09|7.451000090e+09|3.000000|3.000000|3.000000
3.130790125e+06|6.628632755e+09|6.999609771e+09|7.386526748e+09|3.000000|3.000000|3.000000
3.138700446e+06|6.561342452e+09|6.931178375e+09|7.316702181e+09|3.000000|3.000000|3.000000
3.147092808e+06|6.490122632e+09|6.858699209e+09|7.242697165e+09|3.000000|3.000000|3.000000
3.155193076e+06|6.421543043e+09|6.788861035e+09|7.171344209e+09|3.000000|3.000000|3.000000
3.163436983e+06|6.351904445e+09|6.717902770e+09|7.098806753e+09|3.000000|3.000000|3.000000
3.171176490e+06|6.286665693e+09|6.651393749e+09|7.030785122e+09|3.000000|3.000000|3.000000
3.178980550e+06|6.221014115e+09|6.584434725e+09|6.962275795e+09|3.000000|3.000000|3.000000
3.187347734e+06|6.150766061e+09|6.512759940e+09|6.888915861e+09|3.000000|3.000000|3.000000
3.195495393e+06|6.082495360e+09|6.443079934e+09|6.817577194e+09|3.000000|3.000000|3.000000
3.203969785e+06|6.011621309e+09|6.370724315e+09|6.743483428e+09|3.000000|3.000000|3.000000
3.212210248e+06|5.942829117e+09|6.300481132e+09|6.671542882e+09|3.000000|3.000000|3.000000
3.221114226e+06|5.868630054e+09|6.224708616e+09|6.593934672e+09|3.000000|3.000000|3.000000
3.228397686e+06|5.808032282e+09|6.162823692e+09|6.530551545e+09|3.000000|3.000000|3.000000
3.234899530e+06|5.754007823e+09|6.107653178e+09|6.474049498e+09|3.000000|3.000000|3.000000
3.243095727e+06|5.685994848e+09|6.038203398e+09|6.402933433e+09|3.000000|3.000000|3.000000
3.250035842e+06|5.628479650e+09|5.979481831e+09|6.342815317e+09|3.000000|3.000000|3.000000
3.257346231e+06|5.567966001e+09|5.917711032e+09|6.279591516e+09|3.000000|3.000000|3.000000
3.265213124e+06|5.502921812e+09|5.851333395e+09|6.211675232e+09|3.000000|3.000000|3.000000
3.272446404e+06|5.443182011e+09|5.790388813e+09|6.149342701e+09|3.000000|3.000000|3.000000
3.280104777e+06|5.379995744e+09|5.725952864e+09|6.083469328e+09|3.000000|3.000000|3.000000
3.287919026e+06|5.315587386e+09|5.660300700e+09|6.016388837e+09|3.000000|3.000000|3.000000
3.295664862e+06|5.251802441e+09|5.595317921e+09|5.950032830e+09|3.000000|3.000000|3.000000
3.305022041e+06|5.174821634e+09|5.516942086e+09|5.870060769e+09|3.000000|3.000000|3.000000
3.313981180e+06|5.101184295e+09|5.442028044e+09|5.793689096e+09|3.000000|3.000000|3.000000
3.322344277e+06|5.032501369e+09|5.372210422e+09|5.722578909e+09|3.000000|3.000000|3.000000
3.329982062e+06|4.969817820e+09|5.308542565e+09|5.657792402e+09|3.000000|3.000000|3.000000
3.337651399e+06|4.906912744e+09|5.244702433e+09|5.592892249e+09|3.000000|3.000000|3.000000
3.346022907e+06|4.838287253e+09|5.175121022e+09|5.522230413e+09|3.000000|3.000000|3.000000
3.353576487e+06|4.776398274e+09|5.112430748e+09|5.458637646e+09|3.000000|3.000000|3.000000
3.360353527e+06|4.720894759e+09|5.056260167e+09|5.401718561e+09|3.000000|3.000000|3.000000
3.367770293e+06|4.660174475e+09|4.994868466e+09|5.339576821e+09|3.000000|3.000000|3.000000
3.375182316e+06|4.599514221e+09|4.933600812e+09|5.277634536e+09|3.000000|3.000000|3.000000
3.382546141e+06|4.539267164e+09|4.872815573e+09|5.216255903e+09|3.000000|3.000000|3.000000
3.389768806e+06|4.480191179e+09|4.813277026e+09|5.156212188e+09|3.000000|3.000000|3.000000
3.396967333e+06|4.421326789e+09|4.754017907e+09|5.096527562e+09|3.000000|3.000000|3.000000
3.404409175e+06|4.360485896e+09|4.692840423e+09|5.034994243e+09|3.000000|3.000000|3.000000
3.412440846e+06|4.294836046e+09|4.626910940e+09|4.968779037e+09|3.000000|3.000000|3.000000
3.419989259e+06|4.233147285e+09|4.565040364e+09|4.906735121e+09|3.000000|3.000000|3.000000
3.428221944e+06|4.165877039e+09|4.497663209e+09|4.839276297e+09|3.000000|3.000000|3.000000
3.436560926e+06|4.097748308e+09|4.429525217e+09|4.771171932e+09|3.000000|3.000000|3.000000
3.444991441e+06|4.028881074e+09|4.360751603e+09|4.702553300e+09|3.000000|3.000000|3.000000
3.452901420e+06|3.964273913e+09|4.296327698e+09|4.638386893e+09|3.000000|3.000000|3.000000
3.461851289e+06|3.891182074e+09|4.223555791e+09|4.566038589e+09|3.000000|3.000000|3.000000
3.469129437e+06|3.831749926e+09|4.164472599e+09|4.507404162e+09|3.000000|3.000000|3.000000
3.476818589e+06|3.768968828e+09|4.102147077e+09|4.445654840e+09|3.000000|3.000000|3.000000
3.484327288e+06|3.707668908e+09|4.041378384e+09|4.385550240e+09|3.000000|3.000000|3.000000
3.491811788e+06|3.646575088e+09|3.980898929e+09|4.325832400e+09|3.000000|3.000000|3.000000
3.498885868e+06|3.588840280e+09|3.923822428e+09|4.269566927e+09|3.000000|3.000000|3.000000
3.506855571e+06|3.523807734e+09|3.859621383e+09|4.206385111e+09|3.000000|3.000000|3.000000
3.515984271e+06|3.449335801e+09|3.786217746e+09|4.134284995e+09|3.000000|3.000000|3.000000
3.523215720e+06|3.390357603e+09|3.728172526e+09|4.077374189e+09|3.000000|3.000000|3.000000
3.529354044e+06|3.340307501e+09|3.678973621e+09|4.029207776e+09|3.000000|3.000000|3.000000
3.535349079e+06|3.291438533e+09|3.630987682e+09|3.982290911e+09|3.000000|3.000000|3.000000
3.542690404e+06|3.231614608e+09|3.572313403e+09|3.925005949e+09|3.000000|3.000000|3.000000
3.550214870e+06|3.170323454e+09|3.512276850e+09|3.866482851e+09|3.000000|3.000000|3.000000
3.559122601e+06|3.097802583e+09|3.441338026e+09|3.797449218e+09|3.000000|3.000000|3.000000
3.568052180e+06|3.025151197e+09|3.370373947e+09|3.728513800e+09|3.000000|3.000000|3.000000
3.575172295e+06|2.967260467e+09|3.313898209e+09|3.673737135e+09|3.000000|3.000000|3.000000
3.583198169e+06|2.902052041e+09|3.250355231e+09|3.612191786e+09|3.000000|3.000000|3.000000
3.590872616e+06|2.839750605e+09|3.189712451e+09|3.553536445e+09|3.000000|3.000000|3.000000
3.598826979e+06|2.775236454e+09|3.126981382e+09|3.492939886e+09|3.000000|3.000000|3.000000
3.607359422e+06|2.706109081e+09|3.059833590e+09|3.428159651e+09|3.000000|3.000000|3.000000
3.614754188e+06|2.646268798e+09|3.001760120e+09|3.372197499e+09|3.000000|3.000000|3.000000
3.621659626e+06|2.590452822e+09|2.947632781e+09|3.320086611e+09|3.000000|3.000000|3.000000
3.630768809e+06|2.516929054e+09|2.876386987e+09|3.251558901e+09|3.000000|3.000000|3.000000
3.638235298e+06|2.456761607e+09|2.818123349e+09|3.195565106e+09|3.000000|3.000000|3.000000
3.646931315e+06|2.386808014e+09|2.750420631e+09|3.130543985e+09|3.000000|3.000000|3.000000
3.654354662e+06|2.327205184e+09|2.692761032e+09|3.075197696e+09|3.000000|3.000000|3.000000
3.660475774e+06|2.278142797e+09|2.645311378e+09|3.029666649e+09|3.000000|3.000000|3.000000
3.667241064e+06|2.224012602e+09|2.592969816e+09|2.979451586e+09|3.000000|3.000000|3.000000
3.673749965e+06|2.172034739e+09|2.542714221e+09|2.931242171e+09|3.000000|3.000000|3.000000
3.680286233e+06|2.119944582e+09|2.492350019e+09|2.882927063e+09|3.000000|3.000000|3.000000
3.688101428e+06|2.057811458e+09|2.432268713e+09|2.825279673e+09|3.000000|3.000000|3.000000
3.696940101e+06|1.987751952e+09|2.364503205e+09|2.760232470e+09|3.000000|3.000000|3.000000
3.705134091e+06|1.923017639e+09|2.301858725e+09|2.700061364e+09|3.000000|3.000000|3.000000
3.711740988e+06|1.870983196e+09|2.251475354e+09|2.651629768e+09|3.000000|3.000000|3.000000
3.720208188e+06|1.804522649e+09|2.187075427e+09|2.589662413e+09|3.000000|3.000000|3.000000
3.727683366e+06|1.746072538e+09|2.130382460e+09|2.535040295e+09|3.000000|3.000000|3.000000
3.737056153e+06|1.673102282e+09|2.059517057e+09|2.466650314e+09|3.000000|3.000000|3.000000
3.745399620e+06|1.608463423e+09|1.996644130e+09|2.405848621e+09|3.000000|3.000000|3.000000
3.754515647e+06|1.538205954e+09|1.928181246e+09|2.339483525e+09|3.000000|3.000000|3.000000
3.763000857e+06|1.473177267e+09|1.864678566e+09|2.277756847e+09|3.000000|3.000000|3.000000
3.770388756e+06|1.416864460e+09|1.809566983e+09|2.224035912e+09|3.000000|3.000000|3.000000
3.777565892e+06|1.362446661e+09|1.756190529e+09|2.171857128e+09|3.000000|3.000000|3.000000
3.785836828e+06|1.300107540e+09|1.694882844e+09|2.111724006e+09|3.000000|3.000000|3.000000
3.793188135e+06|1.245052052e+09|1.640578549e+09|2.058261888e+09|3.000000|3.000000|3.000000
3.800319520e+06|1.191977009e+09|1.588070336e+09|2.006373443e+09|3.000000|3.000000|3.000000
3.808370677e+06|1.132471291e+09|1.528997200e+09|1.947747505e+09|3.000000|3.000000|3.000000
3.815296806e+06|1.081649729e+09|1.478358267e+09|1.897262588e+09|3.000000|3.000000|3.000000
3.822876940e+06|1.026439774e+09|1.423132201e+09|1.841942227e+09|3.000000|3.000000|3.000000
3.829666144e+06|9.773712637e+08|1.373844598e+09|1.792321143e+09|3.000000|3.000000|3.000000
3.837554304e+06|9.208330151e+08|1.316792245e+09|1.734565575e+09|3.000000|3.000000|3.000000
3.845340736e+06|8.655454954e+08|1.260705379e+09|1.677429531e+09|3.000000|3.000000|3.000000
3.851633389e+06|8.212599814e+08|1.215548666e+09|1.631151009e+09|3.000000|3.000000|3.000000
3.858938102e+06|7.703141389e+08|1.163324063e+09|1.577298910e+09|3.000000|3.000000|3.000000
3.866785847e+06|7.161575750e+08|1.107455013e+09|1.519269512e+09|3.000000|3.000000|3.000000
3.877591288e+06|6.426166023e+08|1.030943053e+09|1.439037415e+09|3.000000|3.000000|3.000000
3.888631542e+06|5.687750380e+08|9.532770116e+08|1.356610961e+09|3.000000|3.000000|3.000000
3.899195015e+06|4.994242437e+08|8.794611938e+08|1.277260437e+09|3.000000|3.000000|3.000000
3.910153514e+06|4.289052904e+08|8.034137056e+08|1.194380859e+09|3.000000|3.000000|3.000000
3.918924856e+06|3.735630450e+08|7.429433233e+08|1.127586861e+09|3.000000|3.000000|3.000000
3.927183050e+06|3.223977749e+08|6.863435973e+08|1.064295894e+09|3.000000|3.000000|3.000000
3.934846466e+06|2.757668608e+08|6.341159619e+08|1.005185361e+09|3.000000|3.000000|3.000000
3.940701554e+06|2.407104744e+08|5.944081376e+08|9.597620856e+08|3.000000|3.000000|3.000000
3.947180446e+06|2.025147815e+08|5.506711136e+08|9.092208723e+08|3.000000|3.000000|3.000000
3.953179511e+06|1.677225167e+08|5.103650588e+08|8.621486602e+08|3.000000|3.000000|3.000000
3.961276442e+06|1.216687773e+08|4.562621003e+08|7.981743816e+08|3.000000|3.000000|3.000000
3.970211379e+06|7.210022410e+07|3.969656563e+08|7.269557387e+08|3.000000|3.000000|3.000000
3.976990630e+06|3.539988769e+07|3.522658771e+08|6.724572034e+08|3.000000|3.000000|3.000000
3.983543089e+06|6.985530175e+05|3.093046295e+08|6.193820909e+08|3.000000|3.000000|3.000000
3.991406449e+06|-3.991187701e+07|2.580701596e+08|5.551438740e+08|3.000000|3.000000|3.000000
4.000089926e+06|-8.340207279e+07|2.019086395e+08|4.834786004e+08|3.000000|3.000000|3.000000
4.007738289e+06|-1.204866806e+08|1.528119981e+08|4.196896336e+08|3.000000|3.000000|3.000000
4.015938401e+06|-1.589297647e+08|1.005673220e+08|3.505683989e+08|3.000000|3.000000|3.000000
