#RRR|U50|U25|U75|Umean|T50|T25|T75|Tmean|P50|P25|P75|Pmean|rho50|rho25|rho75|Pmean|S
1.628422421e+05|2.109116735e+06|2.118051649e+06|2.123047609e+06|2.116600435e+06|3.240509311e+03|3.250614106e+03|3.256257950e+03|3.248927809e+03|4.368078679e+10|4.414111594e+10|4.439897118e+10|4.406597094e+10|8.078868286e+03|8.092176758e+03|8.099603882e+03|8.089954590e+03|1.871746632e+03
2.471744236e+05|2.106414212e+06|2.112671172e+06|2.118683361e+06|2.112092213e+06|3.237450715e+03|3.244530488e+03|3.251328097e+03|3.243830664e+03|4.354177529e+10|4.386380141e+10|4.417370911e+10|4.383369718e+10|8.074832153e+03|8.084162842e+03|8.093116455e+03|8.083240723e+03|1.871746632e+03
2.938433748e+05|2.100886923e+06|2.108997927e+06|2.114253863e+06|2.107497601e+06|3.231166265e+03|3.240374870e+03|3.246320429e+03|3.238615250e+03|4.325695646e+10|4.367467359e+10|4.394534260e+10|4.359678323e+10|8.066551025e+03|8.078687744e+03|8.086522827e+03|8.076371094e+03|1.871746632e+03
3.300589028e+05|2.100954420e+06|2.104702085e+06|2.110219909e+06|2.105101752e+06|3.231243788e+03|3.235512471e+03|3.241757535e+03|3.235925700e+03|4.326045596e+10|4.345375591e+10|4.373755926e+10|4.347370968e+10|8.066652954e+03|8.072274658e+03|8.080508911e+03|8.072825195e+03|1.871746632e+03
3.601990895e+05|2.097183466e+06|2.102290617e+06|2.108866212e+06|2.102606253e+06|3.226911614e+03|3.232778380e+03|3.240225823e+03|3.233050002e+03|4.306504827e+10|4.332974094e+10|4.366789654e+10|4.334453131e+10|8.060954468e+03|8.068671143e+03|8.078489746e+03|8.069040039e+03|1.871746632e+03
3.891682933e+05|2.093416762e+06|2.098746235e+06|2.103005515e+06|2.098203689e+06|3.222582348e+03|3.228707207e+03|3.233591429e+03|3.228044359e+03|4.287005000e+10|4.314600672e+10|4.336657380e+10|4.311745837e+10|8.055258057e+03|8.063320557e+03|8.069743896e+03|8.062446777e+03|1.871746632e+03
4.157910875e+05|2.090509369e+06|2.094618677e+06|2.099313647e+06|2.094158197e+06|3.219239386e+03|3.223963986e+03|3.229359068e+03|3.223410368e+03|4.271966747e+10|4.293225121e+10|4.317540917e+10|4.290832129e+10|8.050855591e+03|8.057078613e+03|8.064173096e+03|8.056345215e+03|1.871746632e+03
4.405535583e+05|2.086246268e+06|2.092958762e+06|2.098420615e+06|2.091845557e+06|3.214335479e+03|3.222055813e+03|3.228333103e+03|3.220732253e+03|4.249939001e+10|4.284635263e+10|4.312913545e+10|4.278843228e+10|8.044391235e+03|8.054561768e+03|8.062823853e+03|8.052818848e+03|1.871746632e+03
4.635844263e+05|2.083680959e+06|2.087346660e+06|2.093261965e+06|2.087954277e+06|3.211383345e+03|3.215601517e+03|3.222404392e+03|3.216263253e+03|4.236694062e+10|4.255622575e+10|4.286204023e+10|4.258722301e+10|8.040501709e+03|8.046064941e+03|8.055024780e+03|8.046933594e+03|1.871746632e+03
4.860495455e+05|2.080633678e+06|2.085103492e+06|2.088883101e+06|2.084207737e+06|3.207846046e+03|3.213020498e+03|3.217368965e+03|3.211938663e+03|4.220885464e+10|4.244037880e+10|4.263560423e+10|4.239325060e+10|8.035845825e+03|8.042660645e+03|8.048390259e+03|8.041238281e+03|1.871746632e+03
5.075342282e+05|2.077653715e+06|2.081755073e+06|2.086979792e+06|2.081034556e+06|3.204358498e+03|3.209158138e+03|3.215179443e+03|3.208252084e+03|4.205356708e+10|4.226731647e+10|4.253727530e+10|4.222862012e+10|8.031258789e+03|8.037565430e+03|8.045506226e+03|8.036383301e+03|1.871746632e+03
5.274888596e+05|2.073721814e+06|2.077113936e+06|2.081933306e+06|2.076933435e+06|3.199755026e+03|3.203726651e+03|3.209366664e+03|3.203482327e+03|4.184885186e+10|4.202544919e+10|4.227660956e+10|4.201568332e+10|8.025203369e+03|8.030427490e+03|8.037843750e+03|8.030105469e+03|1.871746632e+03
5.467646731e+05|2.069464049e+06|2.073590252e+06|2.079006239e+06|2.073604204e+06|3.194767657e+03|3.199600947e+03|3.205941551e+03|3.199602369e+03|4.162743387e+10|4.184200737e+10|4.212403562e+10|4.184277929e+10|8.018634399e+03|8.024999512e+03|8.033336548e+03|8.024997559e+03|1.871746632e+03
5.652167316e+05|2.065938466e+06|2.071699127e+06|2.075842175e+06|2.071190844e+06|3.190636063e+03|3.197386042e+03|3.202237807e+03|3.196771886e+03|4.144429103e+10|4.174363296e+10|4.195921524e+10|4.171720347e+10|8.013195923e+03|8.022084229e+03|8.028468262e+03|8.021270508e+03|1.871746632e+03
5.849621304e+05|2.062050741e+06|2.066219253e+06|2.072132034e+06|2.065979952e+06|3.186074567e+03|3.190965177e+03|3.197893114e+03|3.190638365e+03|4.124243563e+10|4.145887039e+10|4.176614743e+10|4.144584986e+10|8.007180420e+03|8.013627930e+03|8.022749146e+03|8.013196777e+03|1.871746632e+03
6.021127500e+05|2.060553021e+06|2.064003684e+06|2.069461571e+06|2.064617952e+06|3.184292075e+03|3.188367990e+03|3.194764754e+03|3.189040625e+03|4.116395109e+10|4.134386259e+10|4.162730510e+10|4.137500227e+10|8.004839233e+03|8.010203125e+03|8.018632935e+03|8.011093750e+03|1.871746632e+03
6.186762783e+05|2.056549879e+06|2.062078825e+06|2.067958009e+06|2.062457223e+06|3.179526309e+03|3.186107988e+03|3.193002952e+03|3.186470773e+03|4.095434465e+10|4.124390761e+10|4.154917764e+10|4.126206431e+10|7.998575806e+03|8.007227051e+03|8.016309204e+03|8.007712891e+03|1.871746632e+03
6.361416805e+05|2.053451565e+06|2.057553532e+06|2.062749830e+06|2.057758228e+06|3.175836318e+03|3.180721380e+03|3.186897869e+03|3.180924787e+03|4.079230302e+10|4.100687174e+10|4.127880868e+10|4.101712798e+10|7.993719116e+03|8.000147705e+03|8.008263916e+03|8.000413086e+03|1.871746632e+03
6.536797835e+05|2.048762025e+06|2.053364015e+06|2.058083613e+06|2.052884659e+06|3.170248757e+03|3.175732031e+03|3.181352493e+03|3.175135292e+03|4.054732699e+10|4.078772702e+10|4.103462151e+10|4.076257704e+10|7.986364868e+03|7.993584229e+03|8.000975952e+03|7.992795410e+03|1.871746632e+03
6.688333381e+05|2.045623432e+06|2.049801992e+06|2.054440428e+06|2.050425883e+06|3.166507503e+03|3.171488129e+03|3.177014159e+03|3.172183573e+03|4.038359555e+10|4.060162790e+10|4.084399680e+10|4.063383141e+10|7.981438843e+03|7.987998047e+03|7.995271973e+03|7.988910156e+03|1.871746632e+03
6.828026943e+05|2.043675313e+06|2.046750275e+06|2.052128997e+06|2.046865820e+06|3.164184646e+03|3.167850877e+03|3.174260785e+03|3.167940509e+03|4.028204778e+10|4.044236008e+10|4.072318528e+10|4.044778275e+10|7.978375977e+03|7.983206787e+03|7.991646606e+03|7.983325684e+03|1.871746632e+03
6.982367644e+05|2.040409848e+06|2.045032354e+06|2.048809317e+06|2.044163602e+06|3.160248583e+03|3.165802787e+03|3.170305127e+03|3.164717204e+03|4.011064865e+10|4.035277775e+10|4.054979315e+10|4.030656240e+10|7.973200806e+03|7.980506104e+03|7.986438110e+03|7.979083984e+03|1.871746632e+03
7.150034727e+05|2.034520932e+06|2.038727779e+06|2.043761198e+06|2.038872724e+06|3.153112234e+03|3.158210664e+03|3.164287073e+03|3.158355087e+03|3.980088513e+10|4.002211268e+10|4.028652206e+10|4.002932702e+10|7.963819214e+03|7.970525391e+03|7.978509521e+03|7.970712402e+03|1.871746632e+03
7.301219959e+05|2.031732687e+06|2.036664401e+06|2.040911514e+06|2.036489095e+06|3.149731795e+03|3.155710268e+03|3.160856307e+03|3.155461782e+03|3.965441774e+10|3.991356902e+10|4.013706270e+10|3.990404142e+10|7.959372681e+03|7.967233643e+03|7.973997559e+03|7.966905762e+03|1.871746632e+03
7.421873507e+05|2.027914137e+06|2.033524438e+06|2.037768590e+06|2.032439847e+06|3.145100584e+03|3.151904211e+03|3.157048388e+03|3.150560502e+03|3.945403657e+10|3.974852438e+10|3.997164624e+10|3.969141261e+10|7.953276489e+03|7.962226318e+03|7.968991333e+03|7.960458008e+03|1.871746632e+03
7.558029611e+05|2.026765469e+06|2.031316503e+06|2.035429762e+06|2.031414481e+06|3.143707084e+03|3.149227131e+03|3.154213870e+03|3.149317933e+03|3.939381179e+10|3.963256641e+10|3.984865416e+10|3.963753580e+10|7.951436035e+03|7.958708496e+03|7.965270264e+03|7.958823730e+03|1.871746632e+03
7.703306734e+05|2.023541271e+06|2.026763092e+06|2.031477025e+06|2.028289441e+06|3.139794753e+03|3.143704201e+03|3.149421781e+03|3.145517272e+03|3.922486797e+10|3.939368705e+10|3.964099425e+10|3.947332655e+10|7.946284790e+03|7.951437500e+03|7.958960449e+03|7.953822266e+03|1.871746632e+03
7.863345169e+05|2.017472257e+06|2.021896173e+06|2.026124961e+06|2.021184483e+06|3.132303333e+03|3.137767260e+03|3.142929982e+03|3.136849935e+03|3.890350442e+10|3.913775831e+10|3.936023838e+10|3.909939163e+10|7.936440308e+03|7.943618408e+03|7.950414673e+03|7.942419434e+03|1.871746632e+03
7.983756703e+05|2.015605043e+06|2.019412362e+06|2.023607600e+06|2.019294603e+06|3.129996425e+03|3.134699835e+03|3.139875252e+03|3.134515848e+03|3.880472716e+10|3.900620078e+10|3.922834204e+10|3.899947666e+10|7.933409546e+03|7.939593018e+03|7.946390015e+03|7.939350586e+03|1.871746632e+03
8.104172842e+05|2.010285453e+06|2.015508408e+06|2.019575675e+06|2.014294490e+06|3.123421775e+03|3.129877022e+03|3.134901545e+03|3.128347939e+03|3.852367440e+10|3.879961706e+10|3.901484790e+10|3.873531265e+10|7.924758545e+03|7.933251709e+03|7.939857300e+03|7.931238281e+03|1.871746632e+03
8.229570544e+05|2.007284810e+06|2.012904538e+06|2.016367800e+06|2.011529437e+06|3.119711612e+03|3.126659228e+03|3.130938848e+03|3.124927647e+03|3.836536189e+10|3.866198749e+10|3.884506786e+10|3.858912889e+10|7.919878662e+03|7.929017578e+03|7.934649414e+03|7.926740234e+03|1.871746632e+03
8.356062704e+05|2.005648261e+06|2.010424798e+06|2.013366191e+06|2.009552691e+06|3.117687623e+03|3.123594042e+03|3.127229790e+03|3.122476728e+03|3.827908496e+10|3.853102986e+10|3.868637977e+10|3.848450738e+10|7.917211670e+03|7.924987061e+03|7.929773804e+03|7.923518066e+03|1.871746632e+03
8.495234525e+05|2.001141629e+06|2.004999585e+06|2.009607430e+06|2.005723598e+06|3.112046858e+03|3.116885282e+03|3.122583526e+03|3.117720844e+03|3.803963852e+10|3.824490129e+10|3.848788843e+10|3.828194010e+10|7.909794800e+03|7.916154297e+03|7.923655273e+03|7.917259766e+03|1.871746632e+03
8.625134286e+05|1.998137980e+06|2.001494549e+06|2.005263665e+06|2.001822465e+06|3.108270058e+03|3.112490552e+03|3.117211926e+03|3.112854875e+03|3.787974357e+10|3.805843643e+10|3.825881683e+10|3.807515033e+10|7.904835815e+03|7.910381104e+03|7.916581543e+03|7.910861816e+03|1.871746632e+03
8.731075614e+05|1.994519505e+06|1.998542834e+06|2.000947480e+06|1.998393851e+06|3.103718730e+03|3.108779188e+03|3.111802769e+03|3.108572181e+03|3.768735400e+10|3.790128516e+10|3.802929788e+10|3.789322961e+10|7.898849854e+03|7.905503906e+03|7.909476807e+03|7.905230469e+03|1.871746632e+03
8.848521339e+05|1.991771309e+06|1.996848653e+06|2.000217907e+06|1.996427068e+06|3.100260983e+03|3.106648521e+03|3.110885483e+03|3.106093908e+03|3.754141283e+10|3.781115943e+10|3.799044726e+10|3.778863109e+10|7.894302246e+03|7.902704834e+03|7.908275269e+03|7.901972656e+03|1.871746632e+03
8.960386677e+05|1.987523398e+06|1.992031634e+06|1.995784539e+06|1.991489490e+06|3.094914514e+03|3.100588560e+03|3.105310073e+03|3.099859084e+03|3.731613242e+10|3.755523193e+10|3.775457917e+10|3.752595241e+10|7.887266968e+03|7.894736084e+03|7.900944458e+03|7.893773926e+03|1.871746632e+03
9.101467061e+05|1.983940717e+06|1.988254016e+06|1.992480747e+06|1.988182771e+06|3.090361818e+03|3.095834233e+03|3.101153676e+03|3.095692023e+03|3.712506934e+10|3.735485087e+10|3.757907527e+10|3.735018418e+10|7.881282715e+03|7.888476074e+03|7.895476196e+03|7.888293945e+03|1.871746632e+03
9.226148205e+05|1.980021796e+06|1.984132903e+06|1.988537711e+06|1.984621698e+06|3.085340318e+03|3.090608030e+03|3.096191338e+03|3.091174852e+03|3.691507736e+10|3.713537548e+10|3.736988769e+10|3.716042722e+10|7.874683960e+03|7.881603760e+03|7.888946289e+03|7.882352539e+03|1.871746632e+03
9.335543854e+05|1.976987754e+06|1.982368199e+06|1.984374273e+06|1.981239188e+06|3.081451445e+03|3.088347089e+03|3.090917246e+03|3.086883091e+03|3.675271157e+10|3.704077068e+10|3.714831981e+10|3.698016582e+10|7.869574951e+03|7.878634521e+03|7.882010010e+03|7.876711426e+03|1.871746632e+03
9.443686700e+05|1.973308148e+06|1.978068021e+06|1.981427297e+06|1.977761882e+06|3.076733698e+03|3.082836195e+03|3.087141457e+03|3.082407982e+03|3.655604848e+10|3.681050045e+10|3.699035485e+10|3.679380745e+10|7.863371704e+03|7.871394531e+03|7.877052612e+03|7.870830078e+03|1.871746632e+03
9.551986835e+05|1.969257177e+06|1.975293928e+06|1.978670781e+06|1.973701828e+06|3.071538006e+03|3.079279927e+03|3.083608789e+03|3.077203107e+03|3.633985735e+10|3.666214785e+10|3.684275555e+10|3.657670650e+10|7.856531494e+03|7.866722656e+03|7.872409424e+03|7.863986328e+03|1.871746632e+03
9.661908415e+05|1.966896553e+06|1.972086096e+06|1.974941327e+06|1.971627613e+06|3.068492765e+03|3.075166518e+03|3.078827843e+03|3.074530916e+03|3.621349116e+10|3.649079473e+10|3.664330276e+10|3.646567786e+10|7.852527832e+03|7.861311279e+03|7.866125977e+03|7.860473145e+03|1.871746632e+03
9.783251273e+05|1.963822351e+06|1.969123002e+06|1.972184942e+06|1.968240748e+06|3.064475905e+03|3.071365880e+03|3.075293287e+03|3.070166426e+03|3.604748705e+10|3.633270320e+10|3.649607162e+10|3.628423241e+10|7.847256226e+03|7.856302979e+03|7.861478516e+03|7.854734375e+03|1.871746632e+03
9.899313569e+05|1.959132479e+06|1.964307661e+06|1.967880256e+06|1.963999777e+06|3.058345988e+03|3.065110096e+03|3.069771562e+03|3.064667412e+03|3.579467027e+10|3.607367366e+10|3.626645159e+10|3.605646582e+10|7.839204468e+03|7.848088623e+03|7.854208374e+03|7.847507324e+03|1.871746632e+03
1.000301579e+06|1.956666801e+06|1.962766000e+06|1.965487083e+06|1.961291389e+06|3.055122254e+03|3.063095403e+03|3.066651229e+03|3.061145514e+03|3.566195128e+10|3.599050397e+10|3.613735085e+10|3.591089986e+10|7.834964478e+03|7.845442871e+03|7.850107910e+03|7.842877930e+03|1.871746632e+03
1.010001591e+06|1.953376460e+06|1.958159098e+06|1.961576217e+06|1.957371240e+06|3.050819293e+03|3.057073427e+03|3.061540384e+03|3.056016852e+03|3.548504976e+10|3.574226065e+10|3.592634787e+10|3.569973092e+10|7.829307007e+03|7.837532227e+03|7.843401367e+03|7.836139160e+03|1.871746632e+03
1.020661355e+06|1.949441400e+06|1.955594737e+06|1.959063954e+06|1.954824149e+06|3.045665433e+03|3.053720387e+03|3.058256402e+03|3.052679269e+03|3.527359303e+10|3.560428669e+10|3.579098029e+10|3.556248258e+10|7.822524292e+03|7.833119385e+03|7.839083862e+03|7.831751953e+03|1.871746632e+03
1.030557027e+06|1.948479288e+06|1.952853724e+06|1.956852592e+06|1.952436853e+06|3.044384683e+03|3.050135576e+03|3.055365190e+03|3.049538247e+03|3.522127217e+10|3.545696712e+10|3.567194700e+10|3.543370218e+10|7.820843384e+03|7.828406006e+03|7.835285156e+03|7.827622559e+03|1.871746632e+03
1.041558480e+06|1.944610018e+06|1.949949803e+06|1.952896018e+06|1.949270851e+06|3.039233015e+03|3.046336813e+03|3.050190895e+03|3.045372156e+03|3.501107057e+10|3.530107245e+10|3.545923920e+10|3.526289022e+10|7.814082886e+03|7.823402588e+03|7.828477417e+03|7.822146484e+03|1.871746632e+03
1.052186100e+06|1.938020780e+06|1.943892038e+06|1.946720743e+06|1.942904746e+06|3.030456405e+03|3.038276908e+03|3.042043488e+03|3.036936483e+03|3.465390930e+10|3.497210344e+10|3.512569517e+10|3.491844666e+10|7.802545044e+03|7.812823975e+03|7.817769897e+03|7.811060547e+03|1.871746632e+03
1.064235844e+06|1.935198402e+06|1.941478004e+06|1.944828444e+06|1.939970831e+06|3.026695749e+03|3.035061844e+03|3.039523875e+03|3.033021146e+03|3.450124478e+10|3.484117412e+10|3.502292751e+10|3.475929587e+10|7.797602905e+03|7.808605225e+03|7.814462646e+03|7.805916016e+03|1.871746632e+03
1.072584423e+06|1.931649858e+06|1.938051574e+06|1.941116374e+06|1.936826517e+06|3.021953546e+03|3.030497432e+03|3.034580165e+03|3.028827758e+03|3.430917354e+10|3.465557597e+10|3.482157229e+10|3.458880005e+10|7.791361572e+03|7.802602051e+03|7.807970825e+03|7.800404785e+03|1.871746632e+03
1.081830683e+06|1.930915107e+06|1.936230294e+06|1.940243411e+06|1.935272902e+06|3.020955190e+03|3.028070785e+03|3.033417356e+03|3.026747694e+03|3.426890907e+10|3.455703851e+10|3.477426638e+10|3.450443184e+10|7.790055664e+03|7.799412109e+03|7.806440186e+03|7.797673340e+03|1.871746632e+03
1.092041887e+06|1.927160235e+06|1.933512178e+06|1.936633460e+06|1.932268766e+06|3.015852416e+03|3.024448578e+03|3.028607987e+03|3.022710131e+03|3.406334826e+10|3.441013400e+10|3.457884500e+10|3.434112293e+10|7.783356323e+03|7.794645752e+03|7.800117798e+03|7.792366211e+03|1.871746632e+03
1.101427340e+06|1.923632709e+06|1.929595332e+06|1.933924315e+06|1.928773712e+06|3.011057412e+03|3.019161799e+03|3.024997847e+03|3.018004924e+03|3.387055140e+10|3.419661823e+10|3.443239489e+10|3.415102433e+10|7.777057739e+03|7.787700439e+03|7.795368774e+03|7.786183105e+03|1.871746632e+03
1.112213955e+06|1.918718494e+06|1.923627518e+06|1.928300387e+06|1.923569392e+06|3.004375536e+03|3.011050356e+03|3.017401992e+03|3.010932564e+03|3.360248700e+10|3.387026792e+10|3.412572886e+10|3.386682269e+10|7.768274292e+03|7.777049316e+03|7.785389893e+03|7.776892090e+03|1.871746632e+03
1.122050537e+06|1.916210271e+06|1.922297163e+06|1.926565445e+06|1.921813202e+06|3.000964226e+03|3.009241688e+03|3.015043994e+03|3.008545982e+03|3.346590381e+10|3.379763863e+10|3.403081785e+10|3.377093188e+10|7.763786987e+03|7.774675049e+03|7.782294800e+03|7.773755859e+03|1.871746632e+03
1.133108100e+06|1.911852004e+06|1.919545989e+06|1.923043170e+06|1.917746488e+06|2.994954420e+03|3.005500840e+03|3.010255932e+03|3.002999480e+03|3.322627810e+10|3.364758344e+10|3.383836057e+10|3.354851888e+10|7.755895508e+03|7.769753174e+03|7.776004272e+03|7.766468750e+03|1.871746632e+03
1.141929829e+06|1.909831876e+06|1.916521538e+06|1.920214236e+06|1.914870739e+06|2.992152658e+03|3.001387598e+03|3.006409540e+03|2.999053581e+03|3.311486870e+10|3.348284412e+10|3.368401319e+10|3.339095853e+10|7.752219238e+03|7.764345947e+03|7.770950195e+03|7.761284180e+03|1.871746632e+03
1.150560515e+06|1.904919855e+06|1.911350062e+06|1.915853534e+06|1.910803304e+06|2.985338667e+03|2.994258299e+03|3.000479001e+03|2.993465603e+03|3.284445599e+10|3.319858453e+10|3.344649022e+10|3.316802780e+10|7.743272095e+03|7.754984375e+03|7.763147339e+03|7.753941895e+03|1.871746632e+03
1.158969379e+06|1.903322776e+06|1.911067653e+06|1.913333187e+06|1.909207930e+06|2.983122750e+03|2.993866629e+03|2.997008486e+03|2.991270274e+03|3.275667922e+10|3.318300627e+10|3.330803810e+10|3.308055740e+10|7.740358521e+03|7.754470947e+03|7.758593384e+03|7.751056641e+03|1.871746632e+03
1.169356638e+06|1.900001338e+06|1.907114237e+06|1.909667394e+06|1.905314102e+06|2.978513635e+03|2.988382981e+03|2.991924527e+03|2.985855208e+03|3.257435252e+10|3.296517582e+10|3.310580170e+10|3.286596137e+10|7.734294434e+03|7.747271729e+03|7.751920288e+03|7.743944824e+03|1.871746632e+03
1.178271037e+06|1.897989683e+06|1.903517019e+06|1.908390896e+06|1.903572253e+06|2.975719790e+03|2.983392271e+03|2.990153933e+03|2.983430701e+03|3.246400809e+10|3.276735090e+10|3.303547242e+10|3.276997784e+10|7.730618652e+03|7.740712891e+03|7.749593506e+03|7.740759766e+03|1.871746632e+03
1.188051868e+06|1.893300885e+06|1.899211747e+06|1.904302319e+06|1.899268692e+06|2.969087527e+03|2.977417795e+03|2.984481873e+03|2.977413997e+03|3.220325218e+10|3.253105255e+10|3.281050740e+10|3.253247621e+10|7.721920410e+03|7.732856201e+03|7.742144043e+03|7.732855469e+03|1.871746632e+03
1.197931279e+06|1.890469211e+06|1.896392029e+06|1.899430806e+06|1.895534364e+06|2.965081369e+03|2.973460102e+03|2.977721826e+03|2.972196451e+03|3.204608266e+10|3.237508795e+10|3.254306294e+10|3.232655682e+10|7.716659668e+03|7.727656982e+03|7.733253174e+03|7.726000000e+03|1.871746632e+03
1.207935659e+06|1.886951874e+06|1.893587460e+06|1.898493116e+06|1.892641962e+06|2.960104342e+03|2.969492931e+03|2.976420395e+03|2.968122588e+03|3.185118149e+10|3.221917125e+10|3.249165871e+10|3.216644629e+10|7.710121338e+03|7.722453369e+03|7.731539429e+03|7.720648926e+03|1.871746632e+03
1.215725199e+06|1.884806717e+06|1.891129686e+06|1.895596679e+06|1.890403502e+06|2.957068501e+03|2.966015841e+03|2.972335107e+03|2.964960438e+03|3.173249614e+10|3.208272088e+10|3.233084830e+10|3.204239494e+10|7.706126587e+03|7.717886963e+03|7.726182129e+03|7.716495117e+03|1.871746632e+03
1.224267221e+06|1.878459444e+06|1.885095967e+06|1.890127674e+06|1.884573245e+06|2.948001697e+03|2.957477867e+03|2.964598135e+03|2.956686203e+03|3.137943493e+10|3.174849207e+10|3.202714163e+10|3.171870987e+10|7.694213379e+03|7.706663818e+03|7.716024292e+03|7.705626953e+03|1.871746632e+03
1.232462085e+06|1.879703850e+06|1.885230217e+06|1.889134106e+06|1.884289228e+06|2.949796831e+03|2.957667869e+03|2.963192305e+03|2.956271663e+03|3.144912705e+10|3.175591585e+10|3.197205972e+10|3.170278655e+10|7.696573120e+03|7.706916016e+03|7.714176758e+03|7.705082520e+03|1.871746632e+03
1.241028871e+06|1.874665448e+06|1.881663504e+06|1.884861010e+06|1.879826222e+06|2.942528022e+03|2.952619594e+03|2.957145340e+03|2.949907051e+03|3.116725230e+10|3.155884041e+10|3.173549844e+10|3.145468319e+10|7.687029785e+03|7.700275391e+03|7.706226196e+03|7.696719238e+03|1.871746632e+03
1.249671380e+06|1.870530809e+06|1.878250193e+06|1.881897067e+06|1.877243778e+06|2.936561874e+03|2.947699828e+03|2.952950205e+03|2.946197455e+03|3.093653098e+10|3.136772098e+10|3.157173333e+10|3.131068904e+10|7.679186523e+03|7.693816895e+03|7.700709473e+03|7.691845215e+03|1.871746632e+03
1.259686872e+06|1.867818583e+06|1.873805125e+06|1.878802444e+06|1.872912788e+06|2.932607325e+03|2.941286692e+03|2.948496505e+03|2.939948532e+03|3.078407209e+10|3.111920038e+10|3.139863947e+10|3.106864696e+10|7.673992065e+03|7.685393799e+03|7.694864014e+03|7.683638184e+03|1.871746632e+03
1.270067467e+06|1.863247344e+06|1.869590817e+06|1.874322288e+06|1.869276757e+06|2.925925608e+03|2.935197472e+03|2.942032887e+03|2.934684077e+03|3.052710796e+10|3.088387810e+10|3.114808577e+10|3.086516227e+10|7.665220215e+03|7.677393066e+03|7.686376221e+03|7.676722656e+03|1.871746632e+03
1.278906510e+06|1.861606609e+06|1.867417071e+06|1.872753938e+06|1.866891716e+06|2.923527092e+03|2.932020482e+03|2.939769908e+03|2.931202595e+03|3.043504494e+10|3.076147676e+10|3.106051930e+10|3.073119547e+10|7.662068970e+03|7.673223389e+03|7.683403320e+03|7.672151855e+03|1.871746632e+03
1.286861283e+06|1.858677057e+06|1.864521954e+06|1.868940705e+06|1.863320238e+06|2.919238848e+03|2.927788799e+03|2.934247343e+03|2.925982036e+03|3.027071754e+10|3.059869006e+10|3.084725402e+10|3.053052946e+10|7.656433960e+03|7.667672363e+03|7.676150146e+03|7.665293945e+03|1.871746632e+03
1.295040032e+06|1.856745085e+06|1.861543862e+06|1.865893636e+06|1.860925478e+06|2.916370791e+03|2.923435362e+03|2.929793795e+03|2.922473209e+03|3.016119053e+10|3.043152590e+10|3.067578091e+10|3.039583665e+10|7.652667847e+03|7.661949463e+03|7.670300659e+03|7.660685059e+03|1.871746632e+03
1.302444294e+06|1.851952926e+06|1.857494173e+06|1.861774896e+06|1.856800227e+06|2.909242803e+03|2.917484915e+03|2.923773110e+03|2.916390269e+03|2.988965104e+10|3.020370864e+10|3.044448356e+10|3.016321863e+10|7.643312256e+03|7.654133301e+03|7.662391846e+03|7.652694824e+03|1.871746632e+03
1.309547254e+06|1.850225659e+06|1.857282782e+06|1.860302661e+06|1.855378904e+06|2.906673379e+03|2.917170515e+03|2.921620805e+03|2.914285806e+03|2.979197329e+10|3.019170779e+10|3.036194298e+10|3.008293867e+10|7.639935669e+03|7.653717041e+03|7.659562622e+03|7.649931641e+03|1.871746632e+03
1.318164513e+06|1.846036988e+06|1.851461513e+06|1.856980718e+06|1.851135857e+06|2.900411845e+03|2.908511807e+03|2.916721253e+03|2.907983486e+03|2.955448630e+10|2.986185030e+10|3.017456280e+10|2.984288508e+10|7.631713623e+03|7.642351074e+03|7.653126709e+03|7.641654297e+03|1.871746632e+03
1.327422028e+06|1.841920400e+06|1.848793246e+06|1.852628223e+06|1.847770462e+06|2.894203768e+03|2.904542474e+03|2.910247317e+03|2.902955668e+03|2.931982534e+10|2.971104937e+10|2.992786672e+10|2.965194583e+10|7.623559692e+03|7.637135986e+03|7.644632812e+03|7.635053223e+03|1.871746632e+03
1.337394128e+06|1.836715496e+06|1.843652820e+06|1.848853764e+06|1.842840186e+06|2.886353644e+03|2.896816436e+03|2.904632504e+03|2.895546180e+03|2.902402034e+10|2.941850400e+10|2.971446704e+10|2.937166810e+10|7.613241943e+03|7.626990479e+03|7.637253174e+03|7.625321289e+03|1.871746632e+03
1.346735034e+06|1.836338428e+06|1.843336898e+06|1.846712184e+06|1.841548012e+06|2.885780065e+03|2.896339999e+03|2.901430030e+03|2.893603469e+03|2.900246748e+10|2.940050217e+10|2.959303482e+10|2.929819484e+10|7.612493042e+03|7.626368652e+03|7.633046997e+03|7.622770508e+03|1.871746632e+03
1.354944271e+06|1.831712168e+06|1.837591426e+06|1.842500441e+06|1.837338652e+06|2.878683255e+03|2.887674799e+03|2.895078542e+03|2.887220989e+03|2.873649081e+10|2.907373126e+10|2.935285190e+10|2.905789145e+10|7.603176147e+03|7.614980957e+03|7.624709961e+03|7.614389160e+03|1.871746632e+03
1.362338771e+06|1.828717730e+06|1.834938687e+06|1.841302027e+06|1.834478054e+06|2.874089476e+03|2.883632869e+03|2.893271173e+03|2.882844268e+03|2.856477095e+10|2.892190570e+10|2.928463094e+10|2.889394741e+10|7.597143677e+03|7.609675293e+03|7.622335693e+03|7.608642578e+03|1.871746632e+03
1.369195483e+06|1.827454879e+06|1.833147278e+06|1.837123669e+06|1.832563058e+06|2.872152078e+03|2.880884798e+03|2.886969288e+03|2.879945957e+03|2.849245598e+10|2.881891176e+10|2.904718184e+10|2.878479086e+10|7.594597778e+03|7.606068848e+03|7.614052124e+03|7.604833984e+03|1.871746632e+03
1.375737328e+06|1.823961867e+06|1.831339619e+06|1.835682617e+06|1.830470671e+06|2.866752322e+03|2.878111735e+03|2.884774058e+03|2.876718620e+03|2.829134492e+10|2.871510739e+10|2.896471289e+10|2.866445515e+10|7.587508057e+03|7.602430664e+03|7.611174072e+03|7.600595703e+03|1.871746632e+03
1.383595763e+06|1.820965795e+06|1.828696172e+06|1.833341830e+06|1.827711366e+06|2.862085928e+03|2.874056403e+03|2.881183250e+03|2.872468713e+03|2.811803248e+10|2.856353631e+10|2.883009107e+10|2.850581163e+10|7.581385864e+03|7.597102783e+03|7.606458740e+03|7.595015625e+03|1.871746632e+03
1.391925049e+06|1.818503284e+06|1.823682128e+06|1.829620938e+06|1.824112183e+06|2.858250507e+03|2.866316630e+03|2.875475110e+03|2.866920049e+03|2.797586241e+10|2.827514711e+10|2.861652957e+10|2.829884429e+10|7.576342896e+03|7.586937256e+03|7.598967529e+03|7.587729492e+03|1.871746632e+03
1.402359808e+06|1.813221953e+06|1.821254835e+06|1.824548032e+06|1.820092909e+06|2.849976388e+03|2.862536113e+03|2.867665266e+03|2.860649504e+03|2.767015433e+10|2.813473622e+10|2.832529529e+10|2.806647977e+10|7.565476318e+03|7.581975098e+03|7.588705444e+03|7.579494141e+03|1.871746632e+03
1.412749675e+06|1.807635491e+06|1.815399856e+06|1.822115163e+06|1.815123872e+06|2.841129310e+03|2.853416775e+03|2.863876082e+03|2.852862849e+03|2.734482639e+10|2.779704818e+10|2.818447561e+10|2.777867475e+10|7.553862061e+03|7.569993164e+03|7.583732910e+03|7.569268066e+03|1.871746632e+03
1.421065281e+06|1.805976319e+06|1.812735866e+06|1.818696590e+06|1.811998559e+06|2.838501779e+03|2.849206581e+03|2.858551589e+03|2.847954890e+03|2.724846066e+10|2.764179427e+10|2.798701324e+10|2.759742593e+10|7.550406494e+03|7.564468506e+03|7.576740967e+03|7.562825195e+03|1.871746632e+03
1.428269208e+06|1.802692342e+06|1.808701179e+06|1.814511582e+06|1.808583828e+06|2.833250421e+03|2.842816986e+03|2.852018756e+03|2.842567446e+03|2.705633581e+10|2.740678635e+10|2.774544589e+10|2.739903051e+10|7.543511597e+03|7.556077881e+03|7.568154297e+03|7.555748047e+03|1.871746632e+03
1.433783876e+06|1.799287946e+06|1.805496501e+06|1.810932410e+06|1.804929999e+06|2.827768358e+03|2.837741924e+03|2.846350496e+03|2.836751062e+03|2.685636857e+10|2.722061532e+10|2.753666474e+10|2.718583399e+10|7.536315674e+03|7.549408447e+03|7.560720825e+03|7.548109863e+03|1.871746632e+03
1.440398259e+06|1.799835209e+06|1.803505486e+06|1.809864553e+06|1.804703571e+06|2.828649593e+03|2.834559854e+03|2.844659371e+03|2.836398618e+03|2.688847751e+10|2.710417756e+10|2.747448171e+10|2.717273320e+10|7.537475586e+03|7.545228760e+03|7.558497681e+03|7.547647461e+03|1.871746632e+03
1.447325804e+06|1.799292197e+06|1.803531039e+06|1.807906397e+06|1.803604645e+06|2.827775204e+03|2.834601003e+03|2.841558329e+03|2.834660964e+03|2.685661823e+10|2.710568177e+10|2.736057218e+10|2.710883364e+10|7.536328247e+03|7.545283691e+03|7.554426758e+03|7.545365723e+03|1.871746632e+03
1.454023035e+06|1.793371706e+06|1.798109007e+06|1.803950100e+06|1.798531876e+06|2.818222816e+03|2.825869986e+03|2.835275838e+03|2.826483746e+03|2.650946030e+10|2.678724573e+10|2.713034936e+10|2.681116677e+10|7.523775635e+03|7.533820312e+03|7.546168091e+03|7.534625000e+03|1.871746632e+03
1.461150223e+06|1.791302979e+06|1.798813900e+06|1.804143482e+06|1.797929729e+06|2.814848607e+03|2.827005028e+03|2.835587252e+03|2.825489490e+03|2.638724608e+10|2.682856692e+10|2.714173549e+10|2.677538828e+10|7.519345581e+03|7.535313965e+03|7.546575928e+03|7.533319336e+03|1.871746632e+03
1.471562523e+06|1.788219350e+06|1.793727068e+06|1.797824581e+06|1.792705806e+06|2.809819308e+03|2.818802446e+03|2.825411996e+03|2.817040007e+03|2.620545948e+10|2.653047531e+10|2.677057913e+10|2.646822327e+10|7.512739014e+03|7.524535889e+03|7.533220947e+03|7.522223145e+03|1.871746632e+03
1.482876743e+06|1.782339146e+06|1.789141287e+06|1.792434194e+06|1.787253733e+06|2.800107756e+03|2.811322922e+03|2.816693662e+03|2.808134487e+03|2.585581800e+10|2.625976038e+10|2.645404828e+10|2.614611185e+10|7.499988647e+03|7.514713623e+03|7.521768555e+03|7.510526855e+03|1.871746632e+03
1.491666665e+06|1.776457177e+06|1.784366708e+06|1.789341956e+06|1.783052973e+06|2.790304264e+03|2.803483486e+03|2.811650203e+03|2.801187699e+03|2.550434361e+10|2.597723129e+10|2.627158535e+10|2.589625353e+10|7.487114380e+03|7.504415527e+03|7.515145874e+03|7.501404297e+03|1.871746632e+03
1.498126178e+06|1.776751394e+06|1.784288792e+06|1.787145893e+06|1.781976150e+06|2.790794590e+03|2.803355549e+03|2.808068613e+03|2.799441964e+03|2.552188165e+10|2.597263329e+10|2.614228372e+10|2.583296722e+10|7.487755249e+03|7.504248779e+03|7.510438232e+03|7.499110840e+03|1.871746632e+03
1.503586747e+06|1.773566928e+06|1.779349207e+06|1.783434261e+06|1.779028269e+06|2.785470635e+03|2.795124171e+03|2.801933205e+03|2.794531725e+03|2.533161635e+10|2.567692685e+10|2.592145755e+10|2.565681154e+10|7.480758911e+03|7.493442139e+03|7.502382690e+03|7.492663574e+03|1.871746632e+03
1.508675669e+06|1.770552088e+06|1.776850005e+06|1.782097154e+06|1.776535592e+06|2.780366053e+03|2.790958929e+03|2.799704388e+03|2.790357014e+03|2.514937250e+10|2.552775930e+10|2.584132222e+10|2.550743416e+10|7.474057861e+03|7.487973877e+03|7.499457397e+03|7.487179199e+03|1.871746632e+03
1.514614761e+06|1.772441573e+06|1.777381528e+06|1.781943466e+06|1.777008021e+06|2.783565158e+03|2.791844750e+03|2.799448212e+03|2.791143895e+03|2.526352909e+10|2.555945620e+10|2.583211683e+10|2.553562128e+10|7.478258789e+03|7.489139893e+03|7.499120972e+03|7.488214355e+03|1.871746632e+03
1.520451706e+06|1.769395798e+06|1.775929190e+06|1.779104348e+06|1.774620212e+06|2.778408456e+03|2.789424363e+03|2.794716065e+03|2.787153232e+03|2.507961156e+10|2.547288359e+10|2.566229711e+10|2.539271359e+10|7.471491211e+03|7.485958496e+03|7.492910156e+03|7.482972656e+03|1.871746632e+03
1.527856204e+06|1.767247106e+06|1.773610283e+06|1.777819430e+06|1.772129137e+06|2.774770995e+03|2.785544045e+03|2.792574559e+03|2.782917355e+03|2.495018145e+10|2.533424035e+10|2.558558242e+10|2.524214524e+10|7.466710205e+03|7.480857422e+03|7.490095581e+03|7.477408203e+03|1.871746632e+03
1.536883891e+06|1.758472066e+06|1.766699152e+06|1.774400715e+06|1.765863367e+06|2.759711396e+03|2.773843434e+03|2.786877220e+03|2.772249061e+03|2.441638845e+10|2.491721763e+10|2.538189463e+10|2.486288610e+10|7.446927246e+03|7.465491943e+03|7.482606201e+03|7.463393555e+03|1.871746632e+03
1.548515460e+06|1.750774855e+06|1.757779129e+06|1.764704718e+06|1.757541948e+06|2.746307581e+03|2.758514635e+03|2.770467501e+03|2.757971238e+03|2.394403084e+10|2.437413595e+10|2.479735753e+10|2.435691066e+10|7.429318726e+03|7.445355225e+03|7.461051636e+03|7.444636230e+03|1.871746632e+03
1.559245586e+06|1.748461751e+06|1.753127274e+06|1.758055177e+06|1.752397377e+06|2.742250145e+03|2.750434652e+03|2.758991387e+03|2.749043177e+03|2.380155903e+10|2.408929463e+10|2.439096472e+10|2.404185797e+10|7.423985352e+03|7.434738770e+03|7.445984375e+03|7.432905762e+03|1.871746632e+03
1.565090367e+06|1.742364445e+06|1.751613508e+06|1.755647291e+06|1.748794974e+06|2.731442151e+03|2.747778839e+03|2.754833068e+03|2.742705637e+03|2.342324817e+10|2.399577909e+10|2.424433086e+10|2.381938885e+10|7.409779907e+03|7.431248047e+03|7.440512573e+03|7.424576660e+03|1.871746632e+03
1.570046659e+06|1.740700509e+06|1.747040101e+06|1.752403291e+06|1.746173422e+06|2.728460898e+03|2.739756703e+03|2.749164429e+03|2.738085527e+03|2.331917823e+10|2.371415448e+10|2.404454917e+10|2.365729756e+10|7.405858643e+03|7.420703857e+03|7.433069336e+03|7.418506348e+03|1.871746632e+03
1.575152405e+06|1.740355633e+06|1.745821219e+06|1.751656544e+06|1.745667358e+06|2.727843043e+03|2.737619104e+03|2.747854334e+03|2.737210575e+03|2.329763456e+10|2.363933098e+10|2.399843322e+10|2.362638806e+10|7.405048218e+03|7.417892090e+03|7.431347290e+03|7.417357910e+03|1.871746632e+03
1.580054500e+06|1.736844063e+06|1.743248691e+06|1.750930099e+06|1.743611403e+06|2.721552969e+03|2.733026576e+03|2.746579920e+03|2.733532184e+03|2.307875671e+10|2.347861606e+10|2.395360617e+10|2.349803825e+10|7.396774292e+03|7.411859863e+03|7.429676147e+03|7.412522461e+03|1.871746632e+03
1.584745739e+06|1.737828144e+06|1.742795210e+06|1.748172357e+06|1.742673124e+06|2.723315513e+03|2.732213986e+03|2.741742544e+03|2.731902755e+03|2.314000638e+10|2.345020884e+10|2.378374910e+10|2.344061174e+10|7.399092773e+03|7.410793213e+03|7.423315430e+03|7.410381348e+03|1.871746632e+03
1.590338091e+06|1.736777480e+06|1.744220624e+06|1.747050836e+06|1.742132383e+06|2.721433719e+03|2.734768278e+03|2.739775530e+03|2.730954527e+03|2.307461497e+10|2.353954962e+10|2.371481379e+10|2.340734154e+10|7.396615479e+03|7.414146240e+03|7.420732300e+03|7.409134277e+03|1.871746632e+03
1.597868452e+06|1.735680001e+06|1.740883478e+06|1.745179532e+06|1.740125014e+06|2.719454734e+03|2.728788701e+03|2.736485318e+03|2.727348115e+03|2.300583244e+10|2.333061223e+10|2.359965950e+10|2.328169009e+10|7.394017700e+03|7.406290039e+03|7.416400269e+03|7.404393066e+03|1.871746632e+03
1.615275602e+06|1.724709721e+06|1.731444426e+06|1.738682484e+06|1.731101555e+06|2.699384431e+03|2.711738720e+03|2.724845805e+03|2.710973462e+03|2.231110302e+10|2.273789199e+10|2.319323934e+10|2.271342715e+10|7.367622925e+03|7.383874756e+03|7.401108643e+03|7.382861816e+03|1.871746632e+03
1.631628078e+06|1.728611174e+06|1.735134877e+06|1.744246920e+06|1.735691230e+06|2.706579022e+03|2.718461497e+03|2.734815402e+03|2.719281759e+03|2.255940833e+10|2.297127046e+10|2.354119911e+10|2.300204194e+10|7.377085083e+03|7.392708740e+03|7.414209106e+03|7.393785645e+03|1.871746632e+03
1.635739702e+06|1.733801527e+06|1.741406961e+06|1.749485022e+06|1.741370680e+06|2.716032300e+03|2.729726580e+03|2.744044987e+03|2.729463271e+03|2.288682905e+10|2.336333429e+10|2.386453705e+10|2.335688170e+10|7.389521851e+03|7.407525635e+03|7.426343872e+03|7.407172363e+03|1.871746632e+03
1.638984345e+06|1.736579246e+06|1.743723325e+06|1.749363714e+06|1.743178690e+06|2.721078691e+03|2.733877101e+03|2.743832205e+03|2.732750635e+03|2.306228660e+10|2.350836424e+10|2.385706870e+10|2.347096004e+10|7.396151245e+03|7.412977051e+03|7.426065674e+03|7.411493164e+03|1.871746632e+03
1.641972586e+06|1.740864720e+06|1.746922010e+06|1.753792286e+06|1.747101640e+06|2.728755092e+03|2.739549595e+03|2.751601465e+03|2.739717478e+03|2.332943865e+10|2.370690114e+10|2.413042624e+10|2.371464209e+10|7.406248901e+03|7.420433350e+03|7.436269043e+03|7.420650391e+03|1.871746632e+03
1.644549947e+06|1.742452921e+06|1.748592912e+06|1.755331797e+06|1.748735374e+06|2.731600662e+03|2.742480183e+03|2.754288266e+03|2.742568354e+03|2.342877621e+10|2.380961923e+10|2.422514444e+10|2.381501665e+10|7.409983887e+03|7.424283691e+03|7.439796265e+03|7.424396484e+03|1.871746632e+03
1.647231273e+06|1.746787823e+06|1.752374831e+06|1.758888271e+06|1.752795890e+06|2.739314258e+03|2.749114498e+03|2.760430240e+03|2.749704333e+03|2.369865984e+10|2.404279108e+10|2.444178106e+10|2.406559976e+10|7.420119385e+03|7.433005615e+03|7.447873535e+03|7.433774902e+03|1.871746632e+03
1.650673456e+06|1.748034236e+06|1.754198878e+06|1.762756177e+06|1.754847498e+06|2.741500287e+03|2.752314903e+03|2.767111469e+03|2.753141755e+03|2.377525466e+10|2.415559679e+10|2.467826763e+10|2.418852653e+10|7.422997803e+03|7.437202881e+03|7.456647705e+03|7.438289551e+03|1.871746632e+03
1.654847978e+06|1.745125446e+06|1.754449827e+06|1.763781295e+06|1.754829917e+06|2.736389843e+03|2.752755217e+03|2.768869264e+03|2.753101215e+03|2.359631926e+10|2.417112163e+10|2.474064042e+10|2.418723857e+10|7.416277344e+03|7.437782227e+03|7.458955078e+03|7.438234863e+03|1.871746632e+03
1.660332926e+06|1.743940405e+06|1.749445105e+06|1.759861129e+06|1.752269345e+06|2.734266112e+03|2.743974971e+03|2.762110571e+03|2.748661053e+03|2.352197501e+10|2.386208033e+10|2.450117886e+10|2.403051711e+10|7.413489624e+03|7.426253906e+03|7.450078735e+03|7.432401855e+03|1.871746632e+03
1.676312176e+06|1.737995857e+06|1.753064183e+06|1.764093673e+06|1.721087078e+06|2.723615918e+03|2.750323958e+03|2.769422138e+03|2.678926128e+03|2.315045515e+10|2.408539502e+10|2.476025527e+10|2.177080621e+10|7.399491699e+03|7.434590088e+03|7.459679321e+03|7.339991699e+03|1.871746632e+03
1.714722748e+06|1.584958111e+06|1.588484881e+06|1.590980853e+06|1.588022940e+06|2.381244597e+03|2.391691652e+03|2.398883628e+03|2.390151252e+03|1.205437962e+10|1.236981945e+10|1.258657023e+10|1.232400406e+10|6.945636353e+03|6.959649170e+03|6.969298828e+03|6.957576660e+03|1.871746632e+03
1.717124599e+06|1.583459883e+06|1.586829147e+06|1.590225004e+06|1.586380058e+06|2.376810105e+03|2.386788280e+03|2.396705195e+03|2.385163764e+03|1.192187250e+10|1.222123720e+10|1.252069618e+10|1.217470653e+10|6.939675903e+03|6.953076416e+03|6.966379272e+03|6.950873047e+03|1.871746632e+03
1.718510138e+06|1.579175926e+06|1.582613723e+06|1.587464987e+06|1.583245652e+06|2.363704192e+03|2.374267988e+03|2.388673638e+03|2.375874884e+03|1.152959994e+10|1.184584177e+10|1.227828443e+10|1.189522906e+10|6.922062988e+03|6.936259766e+03|6.955606079e+03|6.938405762e+03|1.871746632e+03
1.719810233e+06|1.577397388e+06|1.581925887e+06|1.585712341e+06|1.582116492e+06|2.358217992e+03|2.372152452e+03|2.383478536e+03|2.372385704e+03|1.136669144e+10|1.178219594e+10|1.212145725e+10|1.179111023e+10|6.914679688e+03|6.933419189e+03|6.948633179e+03|6.933712891e+03|1.871746632e+03
1.721070193e+06|1.578266726e+06|1.582716242e+06|1.586990477e+06|1.582825225e+06|2.360914407e+03|2.374583377e+03|2.387266569e+03|2.374483068e+03|1.144680349e+10|1.185534340e+10|1.223569278e+10|1.185437427e+10|6.918310181e+03|6.936685303e+03|6.953717529e+03|6.936527344e+03|1.871746632e+03
1.722466922e+06|1.577620013e+06|1.581483232e+06|1.585085110e+06|1.581300477e+06|2.358925496e+03|2.370791503e+03|2.381620679e+03|2.369884184e+03|1.138791287e+10|1.174133610e+10|1.206565691e+10|1.171649774e+10|6.915629272e+03|6.931591064e+03|6.946142090e+03|6.930348145e+03|1.871746632e+03
1.724269985e+06|1.578254745e+06|1.582754689e+06|1.588360819e+06|1.583475067e+06|2.360877654e+03|2.374701662e+03|2.391327878e+03|2.376378010e+03|1.144571476e+10|1.185890808e+10|1.235881608e+10|1.191161015e+10|6.918259155e+03|6.936843994e+03|6.959161865e+03|6.939068359e+03|1.871746632e+03
1.726192325e+06|1.580877501e+06|1.584695402e+06|1.588570975e+06|1.584651109e+06|2.368929880e+03|2.380466726e+03|2.391941456e+03|2.379963083e+03|1.168556366e+10|1.203107374e+10|1.237733988e+10|1.201879380e+10|6.929089233e+03|6.944592285e+03|6.959988647e+03|6.943887695e+03|1.871746632e+03
1.728188007e+06|1.581779792e+06|1.586112299e+06|1.588022238e+06|1.584909070e+06|2.371703242e+03|2.384663576e+03|2.390326581e+03|2.380822600e+03|1.176870307e+10|1.215712724e+10|1.232842821e+10|1.204396195e+10|6.932815308e+03|6.950227051e+03|6.957823120e+03|6.945048340e+03|1.871746632e+03
1.730043661e+06|1.579643119e+06|1.583289755e+06|1.587447905e+06|1.583338698e+06|2.365138399e+03|2.376306802e+03|2.388623024e+03|2.376130461e+03|1.157230622e+10|1.190688549e+10|1.227676068e+10|1.190308650e+10|6.923995728e+03|6.938999023e+03|6.955540649e+03|6.938747559e+03|1.871746632e+03
1.733202157e+06|1.579878557e+06|1.582343836e+06|1.585468250e+06|1.582633783e+06|2.365861299e+03|2.373437789e+03|2.382755456e+03|2.374008555e+03|1.159386145e+10|1.182084464e+10|1.209972226e+10|1.183949972e+10|6.924965332e+03|6.935144043e+03|6.947665283e+03|6.935896484e+03|1.871746632e+03
1.737183908e+06|1.579531999e+06|1.583283930e+06|1.588026410e+06|1.583294933e+06|2.364797228e+03|2.376289567e+03|2.390338962e+03|2.375899431e+03|1.156213626e+10|1.190637161e+10|1.232880464e+10|1.189681351e+10|6.923536499e+03|6.938976318e+03|6.957837769e+03|6.938429199e+03|1.871746632e+03
1.740306665e+06|1.580503515e+06|1.583269789e+06|1.587079698e+06|1.583758157e+06|2.367780795e+03|2.376247737e+03|2.387531108e+03|2.377477693e+03|1.165119012e+10|1.190512688e+10|1.224369422e+10|1.194297415e+10|6.927548584e+03|6.938923096e+03|6.954072388e+03|6.940562012e+03|1.871746632e+03
1.743053418e+06|1.579851379e+06|1.581524052e+06|1.583859686e+06|1.581721027e+06|2.365777862e+03|2.370916993e+03|2.377993047e+03|2.371365470e+03|1.159137587e+10|1.174510168e+10|1.195713514e+10|1.175955921e+10|6.924852295e+03|6.931760498e+03|6.941265381e+03|6.932352539e+03|1.871746632e+03
1.746418851e+06|1.576674188e+06|1.578789985e+06|1.580914292e+06|1.579145841e+06|2.355920488e+03|2.362519809e+03|2.369042897e+03|2.363532620e+03|1.129795501e+10|1.149441529e+10|1.168894027e+10|1.152511046e+10|6.911590454e+03|6.920468750e+03|6.929242188e+03|6.921826172e+03|1.871746632e+03
1.829468489e+06|3.733869765e+06|3.747721633e+06|3.758858151e+06|3.746202629e+06|2.776783173e+03|2.781252021e+03|2.784838081e+03|2.780731972e+03|2.450322851e+10|2.484969711e+10|2.513030750e+10|2.481213656e+10|3.783141785e+03|3.791220215e+03|3.797705566e+03|3.790289062e+03|2.932971881e+03
1.832843138e+06|3.716571539e+06|3.730129223e+06|3.744771408e+06|3.730054894e+06|2.771189280e+03|2.775574802e+03|2.780301014e+03|2.775523959e+03|2.407434964e+10|2.441014586e+10|2.477565656e+10|2.440951000e+10|3.773033630e+03|3.780956665e+03|3.789499268e+03|3.780873535e+03|2.932971881e+03
1.835124007e+06|3.707568145e+06|3.723143220e+06|3.741970624e+06|3.725018153e+06|2.768271937e+03|2.773316144e+03|2.779397785e+03|2.773868718e+03|2.385284086e+10|2.423681059e+10|2.470548251e+10|2.428345653e+10|3.767763977e+03|3.776875732e+03|3.787868408e+03|3.777889648e+03|2.932971881e+03
1.837915156e+06|3.709000003e+06|3.730283588e+06|3.744362315e+06|3.727651578e+06|2.768736149e+03|2.775624683e+03|2.780169108e+03|2.774714955e+03|2.388798271e+10|2.441398337e+10|2.476539976e+10|2.434867872e+10|3.768601990e+03|3.781047363e+03|3.789262634e+03|3.779420410e+03|2.932971881e+03
1.841463281e+06|3.723623879e+06|3.735529650e+06|3.749499392e+06|3.735950387e+06|2.773471638e+03|2.777319174e+03|2.781824880e+03|2.777404224e+03|2.424871162e+10|2.454459477e+10|2.489437250e+10|2.455547906e+10|3.777155518e+03|3.784110474e+03|3.792255249e+03|3.784278809e+03|2.932971881e+03
1.845309696e+06|3.716896075e+06|3.728780337e+06|3.743138404e+06|3.729399759e+06|2.771294364e+03|2.775138881e+03|2.779774429e+03|2.775301739e+03|2.408235871e+10|2.437662544e+10|2.473472821e+10|2.439273563e+10|3.773222168e+03|3.780169922e+03|3.788549072e+03|3.780475098e+03|2.932971881e+03
1.850968276e+06|3.713651992e+06|3.732516446e+06|3.747541738e+06|3.730169540e+06|2.770243707e+03|2.776346064e+03|2.781194042e+03|2.775543833e+03|2.400236375e+10|2.446953011e+10|2.484517908e+10|2.441196519e+10|3.771325256e+03|3.782351196e+03|3.791115356e+03|3.780914062e+03|2.932971881e+03
1.856351006e+06|3.709693748e+06|3.721898433e+06|3.736191337e+06|3.721681593e+06|2.768961051e+03|2.772913455e+03|2.777532805e+03|2.772799988e+03|2.390501290e+10|2.420598964e+10|2.456109514e+10|2.420028750e+10|3.769009949e+03|3.776148438e+03|3.784496887e+03|3.775955566e+03|2.932971881e+03
1.912062507e+06|3.403416910e+06|3.412183525e+06|3.494489692e+06|3.480084509e+06|2.649807637e+03|2.654002397e+03|2.687328348e+03|2.679925386e+03|1.573275111e+10|1.599406738e+10|1.821752289e+10|1.778691042e+10|3.559629333e+03|3.566793457e+03|3.625014404e+03|3.612477539e+03|2.932971881e+03
1.934390061e+06|3.395414927e+06|3.404810175e+06|3.411774612e+06|3.403435182e+06|2.645970883e+03|2.650475317e+03|2.653811250e+03|2.649790333e+03|1.549642288e+10|1.577414887e+10|1.598218265e+10|1.573334657e+10|3.553080811e+03|3.560768799e+03|3.566465637e+03|3.559606934e+03|2.932971881e+03
1.937910791e+06|3.392892062e+06|3.402015933e+06|3.410112447e+06|3.401548940e+06|2.644760510e+03|2.649136153e+03|2.653015319e+03|2.648894359e+03|1.542241665e+10|1.569120014e+10|1.593236426e+10|1.567796427e+10|3.551013977e+03|3.558482788e+03|3.565106750e+03|3.558075684e+03|2.932971881e+03
1.941635336e+06|3.397830942e+06|3.403687630e+06|3.409879665e+06|3.403292513e+06|2.647129668e+03|2.649937380e+03|2.652903839e+03|2.649727690e+03|1.556752100e+10|1.574078874e+10|1.592539595e+10|1.572907545e+10|3.555057495e+03|3.559850586e+03|3.564916077e+03|3.559498047e+03|2.932971881e+03
1.945539809e+06|3.397079247e+06|3.404181419e+06|3.409043227e+06|3.403060412e+06|2.646769169e+03|2.650174019e+03|2.652503242e+03|2.649612898e+03|1.554537652e+10|1.575545712e+10|1.590037314e+10|1.572210866e+10|3.554441528e+03|3.560256470e+03|3.564233337e+03|3.559303467e+03|2.932971881e+03
1.950097508e+06|3.398049438e+06|3.402119606e+06|3.407312820e+06|3.402111784e+06|2.647234450e+03|2.649185848e+03|2.651674375e+03|2.649173990e+03|1.557396139e+10|1.569427161e+10|1.584869180e+10|1.569452015e+10|3.555238281e+03|3.558567993e+03|3.562816467e+03|3.558550049e+03|2.932971881e+03
1.955463558e+06|3.399227089e+06|3.403870199e+06|3.408325406e+06|3.402977029e+06|2.647799154e+03|2.650024874e+03|2.652159425e+03|2.649573695e+03|1.560870700e+10|1.574621102e+10|1.587892035e+10|1.571972034e+10|3.556200378e+03|3.560000366e+03|3.563645081e+03|3.559236328e+03|2.932971881e+03
1.963432486e+06|3.395950984e+06|3.400846637e+06|3.406133405e+06|3.401195413e+06|2.646228017e+03|2.648575633e+03|2.651109342e+03|2.648727430e+03|1.551217912e+10|1.565657632e+10|1.581353186e+10|1.566705442e+10|3.553518372e+03|3.557525757e+03|3.561853699e+03|3.557789795e+03|2.932971881e+03
2.002693852e+06|3.404789501e+06|3.416516750e+06|3.422396139e+06|3.413877454e+06|2.650465396e+03|2.655953739e+03|2.658599687e+03|2.654619091e+03|1.577354432e+10|1.611418258e+10|1.627811292e+10|1.603268687e+10|3.560751770e+03|3.570149902e+03|3.574705750e+03|3.567888184e+03|2.932971881e+03
2.021181630e+06|3.404299687e+06|3.409698871e+06|3.415597150e+06|3.409428785e+06|2.650230695e+03|2.652817250e+03|2.655539712e+03|2.652614266e+03|1.575897143e+10|1.591998744e+10|1.608864126e+10|1.590747139e+10|3.560352478e+03|3.564768555e+03|3.569438416e+03|3.564437744e+03|2.932971881e+03
2.027188272e+06|3.395095197e+06|3.400121245e+06|3.409366348e+06|3.401738632e+06|2.645817508e+03|2.648227862e+03|2.652658000e+03|2.648969563e+03|1.548703030e+10|1.563512718e+10|1.591003647e+10|1.568254508e+10|3.552819214e+03|3.556932007e+03|3.564497009e+03|3.558207275e+03|2.932971881e+03
2.031909446e+06|3.391546071e+06|3.400351262e+06|3.408572661e+06|3.400263060e+06|2.644114612e+03|2.648338144e+03|2.652277850e+03|2.648264930e+03|1.538303298e+10|1.564192387e+10|1.588631209e+10|1.563966350e+10|3.549913147e+03|3.557121094e+03|3.563847107e+03|3.557004395e+03|2.932971881e+03
2.037525948e+06|3.388212325e+06|3.397250069e+06|3.403226072e+06|3.396117044e+06|2.642514433e+03|2.646851096e+03|2.649716175e+03|2.646294929e+03|1.528578043e+10|1.555040664e+10|1.572708708e+10|1.551881668e+10|3.547182068e+03|3.554581543e+03|3.559473999e+03|3.553637207e+03|2.932971881e+03
2.044919843e+06|3.383517339e+06|3.393303626e+06|3.401630265e+06|3.392475150e+06|2.640259847e+03|2.644957985e+03|2.648951286e+03|2.644545153e+03|1.514952301e+10|1.543447404e+10|1.567977396e+10|1.541215259e+10|3.543336792e+03|3.551351685e+03|3.558167603e+03|3.550652588e+03|2.932971881e+03
2.055043782e+06|3.376083739e+06|3.384547603e+06|3.390505447e+06|3.384229978e+06|2.636687681e+03|2.640754697e+03|2.643615176e+03|2.640573843e+03|1.493548641e+10|1.517935059e+10|1.535263574e+10|1.517073111e+10|3.537245850e+03|3.544180420e+03|3.549061707e+03|3.543879883e+03|2.932971881e+03
2.075135140e+06|3.363603828e+06|3.371964573e+06|3.381119741e+06|3.372407690e+06|2.630431014e+03|2.634706940e+03|2.639108028e+03|2.634783225e+03|1.456030873e+10|1.481777749e+10|1.508026126e+10|1.482200214e+10|3.526631531e+03|3.533867432e+03|3.541372314e+03|3.534028076e+03|2.932971881e+03
2.102209135e+06|3.353793500e+06|3.358803683e+06|3.363163908e+06|3.358191176e+06|2.625383935e+03|2.627962137e+03|2.630204800e+03|2.627639002e+03|1.426023002e+10|1.441291463e+10|1.454675567e+10|1.439537484e+10|3.518099731e+03|3.522456665e+03|3.526249207e+03|3.521913086e+03|2.932971881e+03
2.110285174e+06|3.345952158e+06|3.351978602e+06|3.356747753e+06|3.350934090e+06|2.621346201e+03|2.624449683e+03|2.626904333e+03|2.623907178e+03|1.402354846e+10|1.420519333e+10|1.435012003e+10|1.417511030e+10|3.511274292e+03|3.516519287e+03|3.520668762e+03|3.515604492e+03|2.932971881e+03
2.116070605e+06|3.343128454e+06|3.351165491e+06|3.356794077e+06|3.349975593e+06|2.619891402e+03|2.624031056e+03|2.626928168e+03|2.623408539e+03|1.393900181e+10|1.418058995e+10|1.435153366e+10|1.414632291e+10|3.508817627e+03|3.515811401e+03|3.520709534e+03|3.514764160e+03|2.932971881e+03
2.121482786e+06|3.338544678e+06|3.349770858e+06|3.355076911e+06|3.346890450e+06|2.617528897e+03|2.623312967e+03|2.626044498e+03|2.621799495e+03|1.380251911e+10|1.413845334e+10|1.429923103e+10|1.405236235e+10|3.504825989e+03|3.514598145e+03|3.519215393e+03|3.512048828e+03|2.932971881e+03
2.127501843e+06|3.343208220e+06|3.349859442e+06|3.353748162e+06|3.348031800e+06|2.619932504e+03|2.623358583e+03|2.625360604e+03|2.622385632e+03|1.394138521e+10|1.414112570e+10|1.425884965e+10|1.408624423e+10|3.508885803e+03|3.514674438e+03|3.518057800e+03|3.513039307e+03|2.932971881e+03
2.135812228e+06|3.341720864e+06|3.348153558e+06|3.352542333e+06|3.346625301e+06|2.619166040e+03|2.622480091e+03|2.624739894e+03|2.621686891e+03|1.389699046e+10|1.408971164e+10|1.422227194e+10|1.404474001e+10|3.507590576e+03|3.513189941e+03|3.517009094e+03|3.511852783e+03|2.932971881e+03
2.147750704e+06|3.337906571e+06|3.343052536e+06|3.348720466e+06|3.342250860e+06|2.617199919e+03|2.619852282e+03|2.622772056e+03|2.619407720e+03|1.378359854e+10|1.393673376e+10|1.410678048e+10|1.391200502e+10|3.504271606e+03|3.508750977e+03|3.513683472e+03|3.508006836e+03|2.932971881e+03
2.169000758e+06|3.332524575e+06|3.338174257e+06|3.343859867e+06|3.338013464e+06|2.614406323e+03|2.617337931e+03|2.620268274e+03|2.617193466e+03|1.362323035e+10|1.379153111e+10|1.396086687e+10|1.378375990e+10|3.499556030e+03|3.504504883e+03|3.509452820e+03|3.504272705e+03|2.932971881e+03
2.189612758e+06|3.323680620e+06|3.330372733e+06|3.333751566e+06|3.329164717e+06|2.609507584e+03|2.613214753e+03|2.615057309e+03|2.612483800e+03|1.333826528e+10|1.355349751e+10|1.366080892e+10|1.351143956e+10|3.491350647e+03|3.497560059e+03|3.500652100e+03|3.496348633e+03|2.932971881e+03
2.197740546e+06|3.317352054e+06|3.323937226e+06|3.329972733e+06|3.323241060e+06|2.605999784e+03|2.609649771e+03|2.612993230e+03|2.609244464e+03|1.313699062e+10|1.334647590e+10|1.354056342e+10|1.332484794e+10|3.485480103e+03|3.491590576e+03|3.497188965e+03|3.490916992e+03|2.932971881e+03
2.203649290e+06|3.311567311e+06|3.320597728e+06|3.326537399e+06|3.319506560e+06|2.602791696e+03|2.607799044e+03|2.611090396e+03|2.607187711e+03|1.295492191e+10|1.323994099e+10|1.342984323e+10|1.320741608e+10|3.480110474e+03|3.488492554e+03|3.494002686e+03|3.487471191e+03|2.932971881e+03
2.209403024e+06|3.309964123e+06|3.320543950e+06|3.326062444e+06|3.317970222e+06|2.601902311e+03|2.607769236e+03|2.610827273e+03|2.606334508e+03|1.290478726e+10|1.323823036e+10|1.341458650e+10|1.315920386e+10|3.478621277e+03|3.488440796e+03|3.493561829e+03|3.486043701e+03|2.932971881e+03
2.217047897e+06|3.310602105e+06|3.317087900e+06|3.321838429e+06|3.316064928e+06|2.602256250e+03|2.605853328e+03|2.608486698e+03|2.605283415e+03|1.292472440e+10|1.312863408e+10|1.327944815e+10|1.309791697e+10|3.479214050e+03|3.485235352e+03|3.489643494e+03|3.484282227e+03|2.932971881e+03
2.225395163e+06|3.310969374e+06|3.316318000e+06|3.320336018e+06|3.315198712e+06|2.602459999e+03|2.605426442e+03|2.607653983e+03|2.604804140e+03|1.293620660e+10|1.310431008e+10|1.323161768e+10|1.307028941e+10|3.479553772e+03|3.484519775e+03|3.488249390e+03|3.483479004e+03|2.932971881e+03
2.236623329e+06|3.305915810e+06|3.311709446e+06|3.316271444e+06|3.310761788e+06|2.599655906e+03|2.602870539e+03|2.605400629e+03|2.602328594e+03|1.277880749e+10|1.295937505e+10|1.310283861e+10|1.293028863e+10|3.474863098e+03|3.480242554e+03|3.484475586e+03|3.479339111e+03|2.932971881e+03
2.254511859e+06|3.302212034e+06|3.305886364e+06|3.309614809e+06|3.304918819e+06|2.597599973e+03|2.599639563e+03|2.601708509e+03|2.599049652e+03|1.266432743e+10|1.277789452e+10|1.289388118e+10|1.274576482e+10|3.471423706e+03|3.474835205e+03|3.478297913e+03|3.473860352e+03|2.932971881e+03
2.274305346e+06|3.290561757e+06|3.295449787e+06|3.300733660e+06|3.294762634e+06|2.590833209e+03|2.593770369e+03|2.596779150e+03|2.593256267e+03|1.228594968e+10|1.245136316e+10|1.261884190e+10|1.242253902e+10|3.460166260e+03|3.465033691e+03|3.470053284e+03|3.464201172e+03|2.932971881e+03
2.284252704e+06|3.282877272e+06|3.289563242e+06|3.296680814e+06|3.288631464e+06|2.586213602e+03|2.590233075e+03|2.594509916e+03|2.589651907e+03|1.202924281e+10|1.225237690e+10|1.249327963e+10|1.222227275e+10|3.452510437e+03|3.459170166e+03|3.466260376e+03|3.458213135e+03|2.932971881e+03
2.291246281e+06|3.277914666e+06|3.288593014e+06|3.293406014e+06|3.286056026e+06|2.583228921e+03|2.589649922e+03|2.592542414e+03|2.588109560e+03|1.186559079e+10|1.221978800e+10|1.238200351e+10|1.213707648e+10|3.447566833e+03|3.458203979e+03|3.462998230e+03|3.455656006e+03|2.932971881e+03
2.298272286e+06|3.277103822e+06|3.285601591e+06|3.291199490e+06|3.284056809e+06|2.582741151e+03|2.587851647e+03|2.591216473e+03|2.586905849e+03|1.183900732e+10|1.211978543e+10|1.230743822e+10|1.207062771e+10|3.446757751e+03|3.455225342e+03|3.460799866e+03|3.453662598e+03|2.932971881e+03
2.305766575e+06|3.276768995e+06|3.284278822e+06|3.288172595e+06|3.282510779e+06|2.582539723e+03|2.587056349e+03|2.589397213e+03|2.585989132e+03|1.182804494e+10|1.207576045e+10|1.220569684e+10|1.201881162e+10|3.446422913e+03|3.453905151e+03|3.457785889e+03|3.452139648e+03|2.932971881e+03
2.314305813e+06|3.276774811e+06|3.283321798e+06|3.286923239e+06|3.281044998e+06|2.582543216e+03|2.586480904e+03|2.588646196e+03|2.585103599e+03|1.182824493e+10|1.204398150e+10|1.216389180e+10|1.197048091e+10|3.446428589e+03|3.452951782e+03|3.456540100e+03|3.450674316e+03|2.932971881e+03
2.323784711e+06|3.274582679e+06|3.278540867e+06|3.281183143e+06|3.277559061e+06|2.581224351e+03|2.583605600e+03|2.585194816e+03|2.583000221e+03|1.175663589e+10|1.188614883e+10|1.197318842e+10|1.185453367e+10|3.444244812e+03|3.448188599e+03|3.450821716e+03|3.447190430e+03|2.932971881e+03
2.336344478e+06|3.268402644e+06|3.274243158e+06|3.279305844e+06|3.273340560e+06|2.577505074e+03|2.581020063e+03|2.584065732e+03|2.580438511e+03|1.155651165e+10|1.174557537e+10|1.191130001e+10|1.171540620e+10|3.438087463e+03|3.443908081e+03|3.448952087e+03|3.442952881e+03|2.932971881e+03
2.354835369e+06|3.263126633e+06|3.269534691e+06|3.272515606e+06|3.268101018e+06|2.574302102e+03|2.578186490e+03|2.579980528e+03|2.577251696e+03|1.138557771e+10|1.159297963e+10|1.168941679e+10|1.154309073e+10|3.432790588e+03|3.439214966e+03|3.442185486e+03|3.437682129e+03|2.932971881e+03
2.367488802e+06|3.255251854e+06|3.261163390e+06|3.265278371e+06|3.260277108e+06|2.569146737e+03|2.573017028e+03|2.575624188e+03|2.572362099e+03|1.110510949e+10|1.131515961e+10|1.145630277e+10|1.127975214e+10|3.424334473e+03|3.430681274e+03|3.434973389e+03|3.429621338e+03|2.932971881e+03
2.376156934e+06|3.248667387e+06|3.259121407e+06|3.264206944e+06|3.256612358e+06|2.564834468e+03|2.571680274e+03|2.574979065e+03|2.569988337e+03|1.087463756e+10|1.124226655e+10|1.142208653e+10|1.115314071e+10|3.417263000e+03|3.428489990e+03|3.433905762e+03|3.425724121e+03|2.932971881e+03
2.383636760e+06|3.249187128e+06|3.256038782e+06|3.260445275e+06|3.254668053e+06|2.565174908e+03|2.569662009e+03|2.572546941e+03|2.568747517e+03|1.089269682e+10|1.113289974e+10|1.128948401e+10|1.108611538e+10|3.417819824e+03|3.425177734e+03|3.429911499e+03|3.423683105e+03|2.932971881e+03
2.390282453e+06|3.244642026e+06|3.254951603e+06|3.259326923e+06|3.252772292e+06|2.562197463e+03|2.568950127e+03|2.571814818e+03|2.567504474e+03|1.073553837e+10|1.109452653e+10|1.124958816e+10|1.102012054e+10|3.412939758e+03|3.424011108e+03|3.428710022e+03|3.421645996e+03|2.932971881e+03
2.398341332e+06|3.247495448e+06|3.252570132e+06|3.255881380e+06|3.250504940e+06|2.564066788e+03|2.567390615e+03|2.569558945e+03|2.566031037e+03|1.083400482e+10|1.101080101e+10|1.112733647e+10|1.094039982e+10|3.416004333e+03|3.421453857e+03|3.425008667e+03|3.419227295e+03|2.932971881e+03
2.406839107e+06|3.246203356e+06|3.249484597e+06|3.253629182e+06|3.248947004e+06|2.563220353e+03|2.565369752e+03|2.568084162e+03|2.565013517e+03|1.078933020e+10|1.090304388e+10|1.104797191e+10|1.088602336e+10|3.414616699e+03|3.418139282e+03|3.422590332e+03|3.417557861e+03|2.932971881e+03
2.418916039e+06|3.242319611e+06|3.247440824e+06|3.250091752e+06|3.245688978e+06|2.560675801e+03|2.564031008e+03|2.565767432e+03|2.562857446e+03|1.065590172e+10|1.083210849e+10|1.092418369e+10|1.077207730e+10|3.410445129e+03|3.415946045e+03|3.418790588e+03|3.414027100e+03|2.932971881e+03
2.432987769e+06|3.237755374e+06|3.241730556e+06|3.246140430e+06|3.240791107e+06|2.557684741e+03|2.560289819e+03|2.563179129e+03|2.559620530e+03|1.050069831e+10|1.063577281e+10|1.078715740e+10|1.060216186e+10|3.405544678e+03|3.409813965e+03|3.414547974e+03|3.408726807e+03|2.932971881e+03
2.447601059e+06|3.228593056e+06|3.234750378e+06|3.238913226e+06|3.234051795e+06|2.551417094e+03|2.555715098e+03|2.558443579e+03|2.555110691e+03|1.017453338e+10|1.039946046e+10|1.053990592e+10|1.036708207e+10|3.395321594e+03|3.402317993e+03|3.406787354e+03|3.401353760e+03|2.932971881e+03
2.458657476e+06|3.226430470e+06|3.232057171e+06|3.235180239e+06|3.230436431e+06|2.549857815e+03|2.553914617e+03|2.555996873e+03|2.552638766e+03|1.009271064e+10|1.030667838e+10|1.041389436e+10|1.023914457e+10|3.392793640e+03|3.399375366e+03|3.402779175e+03|3.397322266e+03|2.932971881e+03
2.466885716e+06|3.221428053e+06|3.227806302e+06|3.232747581e+06|3.226484103e+06|2.546250595e+03|2.550849835e+03|2.554402180e+03|2.549835264e+03|9.905402280e+09|1.014470576e+10|1.033239776e+10|1.009413527e+10|3.386941162e+03|3.394401733e+03|3.400167419e+03|3.392769775e+03|2.932971881e+03
2.474963642e+06|3.221025516e+06|3.225168594e+06|3.229579356e+06|3.224489102e+06|2.545960306e+03|2.548947929e+03|2.552128211e+03|2.548428715e+03|9.890448290e+09|1.004520364e+10|1.021201975e+10|1.002094373e+10|3.386471802e+03|3.391315796e+03|3.396476379e+03|3.390482910e+03|2.932971881e+03
2.482436108e+06|3.216883618e+06|3.223391053e+06|3.227269457e+06|3.221563850e+06|2.542973199e+03|2.547666164e+03|2.550462757e+03|2.546332290e+03|9.737595170e+09|9.978578398e+09|1.012439276e+10|9.912808262e+09|3.381628418e+03|3.389237183e+03|3.393775024e+03|3.387084473e+03|2.932971881e+03
2.490311480e+06|3.215206437e+06|3.220406271e+06|3.224744163e+06|3.219754560e+06|2.541763531e+03|2.545513733e+03|2.548641881e+03|2.545030941e+03|9.676226667e+09|9.867477036e+09|1.002926412e+10|9.845120917e+09|3.379665894e+03|3.385748047e+03|3.390820557e+03|3.384971924e+03|2.932971881e+03
2.500291654e+06|3.212112186e+06|3.217722193e+06|3.221369359e+06|3.216360353e+06|2.539531657e+03|2.543578000e+03|2.546208268e+03|2.542583812e+03|9.563797552e+09|9.768392507e+09|9.903219947e+09|9.719849411e+09|3.376048645e+03|3.382608765e+03|3.386873779e+03|3.381004639e+03|2.932971881e+03
2.512138397e+06|3.208023698e+06|3.214274135e+06|3.218036025e+06|3.213004080e+06|2.536582354e+03|2.541091084e+03|2.543804340e+03|2.540144056e+03|9.416807910e+09|9.642246279e+09|9.779937726e+09|9.596837617e+09|3.371268738e+03|3.378576538e+03|3.382975098e+03|3.377061279e+03|2.932971881e+03
2.524604261e+06|3.206236372e+06|3.211180774e+06|3.214566263e+06|3.209954139e+06|2.535292931e+03|2.538859796e+03|2.541301791e+03|2.537910127e+03|9.353109356e+09|9.530154881e+09|9.652881715e+09|9.484879763e+09|3.369179871e+03|3.374960449e+03|3.378917358e+03|3.373460938e+03|2.932971881e+03
2.538196122e+06|3.201824097e+06|3.206557325e+06|3.210202154e+06|3.205751127e+06|2.531930780e+03|2.535524480e+03|2.538153863e+03|2.534805575e+03|9.188249615e+09|9.364521320e+09|9.494906779e+09|9.330663031e+09|3.363841125e+03|3.369554932e+03|3.373815247e+03|3.368465332e+03|2.932971881e+03
2.548055762e+06|3.197024496e+06|3.202990147e+06|3.206510587e+06|3.201370890e+06|2.528088542e+03|2.532864252e+03|2.535490761e+03|2.531451781e+03|9.002051266e+09|9.233883777e+09|9.362858191e+09|9.166515459e+09|3.357840576e+03|3.365298218e+03|3.369500610e+03|3.363135986e+03|2.932971881e+03
2.557076610e+06|3.194289361e+06|3.198655387e+06|3.202653833e+06|3.197575614e+06|2.525899010e+03|2.529394116e+03|2.532595018e+03|2.528454597e+03|8.897100602e+09|9.065023165e+09|9.220707175e+09|9.021236970e+09|3.354424683e+03|3.359879883e+03|3.364876953e+03|3.358412842e+03|2.932971881e+03
2.565113040e+06|3.191211241e+06|3.196716331e+06|3.200249934e+06|3.194751469e+06|2.523434937e+03|2.527841849e+03|2.530670603e+03|2.526149495e+03|8.780011378e+09|8.990178045e+09|9.126890760e+09|8.912139544e+09|3.350579163e+03|3.357456665e+03|3.361872925e+03|3.354852783e+03|2.932971881e+03
2.573349276e+06|3.189133642e+06|3.195476358e+06|3.198507959e+06|3.193463717e+06|2.521779153e+03|2.526849223e+03|2.529276095e+03|2.525107120e+03|8.697356833e+09|8.942539158e+09|9.059316337e+09|8.862241595e+09|3.347881836e+03|3.355906860e+03|3.359693970e+03|3.353239746e+03|2.932971881e+03
2.580881051e+06|3.185745833e+06|3.190977828e+06|3.195504534e+06|3.190243251e+06|2.519082621e+03|2.523248088e+03|2.526871778e+03|2.522592725e+03|8.560097307e+09|8.771174624e+09|8.943619770e+09|8.736978973e+09|3.343435120e+03|3.350286011e+03|3.355943054e+03|3.349174316e+03|2.932971881e+03
2.590415736e+06|3.185439631e+06|3.190301032e+06|3.193294138e+06|3.188896983e+06|2.518838900e+03|2.522708343e+03|2.525102318e+03|2.521489164e+03|8.547654073e+09|8.744468370e+09|8.859127212e+09|8.684123906e+09|3.343035034e+03|3.349413452e+03|3.353181519e+03|3.347444580e+03|2.932971881e+03
2.601558935e+06|3.182086697e+06|3.185564781e+06|3.189206630e+06|3.185522852e+06|2.516170148e+03|2.518938513e+03|2.521837248e+03|2.518741444e+03|8.412520983e+09|8.552740634e+09|8.700304985e+09|8.550680266e+09|3.338635376e+03|3.343198853e+03|3.347976562e+03|3.343081787e+03|2.932971881e+03
2.613319239e+06|3.178621502e+06|3.182666925e+06|3.187217109e+06|3.182246270e+06|2.513412061e+03|2.516631976e+03|2.520253683e+03|2.515874420e+03|8.276057149e+09|8.435568650e+09|8.619801830e+09|8.419383823e+09|3.334091980e+03|3.339396606e+03|3.345366638e+03|3.338741943e+03|2.932971881e+03
2.625231881e+06|3.177261093e+06|3.181472597e+06|3.184275843e+06|3.179452934e+06|2.511998621e+03|2.515681360e+03|2.517912587e+03|2.513250980e+03|8.221239413e+09|8.388189348e+09|8.500308546e+09|8.306327707e+09|3.332228577e+03|3.337829346e+03|3.341506775e+03|3.334984619e+03|2.932971881e+03
2.635515152e+06|3.172333156e+06|3.176569641e+06|3.180122845e+06|3.175417475e+06|2.505996173e+03|2.511156097e+03|2.514607037e+03|2.509194601e+03|8.018479438e+09|8.192755893e+09|8.334932736e+09|8.143549900e+09|3.325266785e+03|3.331251465e+03|3.336059631e+03|3.329489746e+03|2.932971881e+03
2.644995155e+06|3.167032320e+06|3.172460021e+06|3.175497907e+06|3.170699581e+06|2.499545146e+03|2.506150637e+03|2.509850402e+03|2.503849277e+03|7.801133699e+09|8.023691560e+09|8.148627368e+09|7.950515910e+09|3.317781799e+03|3.325445801e+03|3.329737732e+03|3.322893799e+03|2.932971881e+03
2.652948021e+06|3.167744116e+06|3.170696695e+06|3.173938444e+06|3.170149359e+06|2.500411050e+03|2.504004004e+03|2.507950931e+03|2.503265688e+03|7.830265121e+09|7.951286831e+09|8.084463929e+09|7.928524236e+09|3.318787048e+03|3.322954956e+03|3.327534180e+03|3.322149414e+03|2.932971881e+03
2.661133359e+06|3.162237777e+06|3.168340024e+06|3.171346468e+06|3.166209960e+06|2.493715318e+03|2.501136060e+03|2.504794949e+03|2.498384886e+03|7.605413704e+09|7.854667910e+09|7.977957276e+09|7.766042653e+09|3.311015137e+03|3.319627563e+03|3.323871582e+03|3.316532715e+03|2.932971881e+03
2.668674428e+06|3.160572385e+06|3.165793503e+06|3.169391949e+06|3.164745111e+06|2.491691416e+03|2.498038369e+03|2.502416053e+03|2.496700276e+03|7.537649033e+09|7.750476670e+09|7.897772352e+09|7.707379352e+09|3.308666565e+03|3.316032715e+03|3.321111816e+03|3.314518555e+03|2.932971881e+03
2.677406016e+06|3.160098165e+06|3.164626291e+06|3.167631451e+06|3.163389454e+06|2.491115221e+03|2.496618980e+03|2.500273985e+03|2.495018231e+03|7.518376904e+09|7.702801231e+09|7.825652900e+09|7.651517033e+09|3.307997864e+03|3.314385498e+03|3.318627014e+03|3.312586182e+03|2.932971881e+03
2.687076083e+06|3.157190093e+06|3.160462771e+06|3.164415182e+06|3.160148727e+06|2.487582823e+03|2.491558226e+03|2.496362288e+03|2.491033597e+03|7.400427034e+09|7.533193411e+09|7.694183522e+09|7.518703222e+09|3.303897339e+03|3.308512329e+03|3.314086914e+03|3.307988770e+03|2.932971881e+03
2.697581292e+06|3.152687860e+06|3.157692373e+06|3.161930569e+06|3.156629432e+06|2.481609873e+03|2.488192810e+03|2.493341920e+03|2.486356500e+03|7.209492623e+09|7.420769774e+09|7.592901361e+09|7.369956773e+09|3.297263489e+03|3.304604004e+03|3.310583130e+03|3.302799316e+03|2.932971881e+03
2.708623973e+06|3.151449930e+06|3.155660280e+06|3.158368537e+06|3.154247611e+06|2.479746739e+03|2.485725287e+03|2.489014052e+03|2.483321888e+03|7.153433829e+09|7.338547852e+09|7.448174684e+09|7.271313657e+09|3.295314392e+03|3.301738525e+03|3.305558411e+03|3.299359619e+03|2.932971881e+03
2.720011695e+06|3.148529626e+06|3.152097543e+06|3.155093002e+06|3.150936717e+06|2.475354293e+03|2.480721330e+03|2.485036607e+03|2.478715455e+03|7.022484937e+09|7.182717282e+09|7.315633124e+09|7.129074501e+09|3.290720520e+03|3.296334595e+03|3.300939209e+03|3.294350098e+03|2.932971881e+03
2.730678579e+06|3.144940801e+06|3.149864178e+06|3.152252346e+06|3.147856284e+06|2.469961350e+03|2.477361126e+03|2.480954314e+03|2.474208123e+03|6.863932593e+09|7.082103311e+09|7.189726941e+09|6.993289008e+09|3.285078125e+03|3.292819214e+03|3.296578918e+03|3.289561279e+03|2.932971881e+03
2.739276493e+06|3.141930443e+06|3.146645214e+06|3.149797309e+06|3.145202452e+06|2.465442023e+03|2.472521872e+03|2.477260550e+03|2.470259652e+03|6.732978098e+09|6.938900025e+09|7.079105632e+09|6.876572245e+09|3.280347534e+03|3.287757324e+03|3.292715149e+03|3.285410400e+03|2.932971881e+03
2.747641714e+06|3.138797155e+06|3.143230345e+06|3.146408930e+06|3.142529326e+06|2.460742339e+03|2.467393027e+03|2.472166825e+03|2.466301059e+03|6.598628392e+09|6.789298971e+09|6.928469659e+09|6.760575258e+09|3.275423706e+03|3.282388062e+03|3.287386108e+03|3.281252441e+03|2.932971881e+03
2.755413199e+06|3.137119361e+06|3.141559637e+06|3.145065362e+06|3.140600555e+06|2.458227539e+03|2.464885619e+03|2.470148432e+03|2.463314488e+03|6.527502576e+09|6.716973951e+09|6.869391167e+09|6.675310711e+09|3.272790039e+03|3.279763428e+03|3.285274231e+03|3.278141846e+03|2.932971881e+03
2.763002674e+06|3.136456447e+06|3.140187303e+06|3.142519837e+06|3.139204694e+06|2.457234255e+03|2.462826932e+03|2.466326544e+03|2.461225198e+03|6.499557179e+09|6.657994377e+09|6.758471662e+09|6.614418853e+09|3.271748535e+03|3.277607178e+03|3.281272278e+03|3.275953369e+03|2.932971881e+03
2.770794679e+06|3.131928208e+06|3.137561715e+06|3.140340522e+06|3.136250507e+06|2.450138024e+03|2.458890453e+03|2.463056731e+03|2.456543827e+03|6.299696589e+09|6.546200339e+09|6.664556197e+09|6.481916264e+09|3.264374878e+03|3.273484375e+03|3.277849182e+03|3.271100830e+03|2.932971881e+03
2.779916023e+06|3.132192685e+06|3.135797644e+06|3.138559973e+06|3.134400537e+06|2.450598596e+03|2.456247318e+03|2.460386758e+03|2.453677973e+03|6.312902853e+09|6.471893296e+09|6.588539378e+09|6.401250988e+09|3.264843201e+03|3.270715332e+03|3.275051575e+03|3.268118164e+03|2.932971881e+03
2.791494763e+06|3.127954987e+06|3.133121159e+06|3.136112122e+06|3.131506599e+06|2.443224623e+03|2.452215858e+03|2.456718405e+03|2.448980531e+03|6.103785208e+09|6.359429018e+09|6.485075233e+09|6.269299141e+09|3.257314148e+03|3.266494995e+03|3.271209229e+03|3.263268799e+03|2.932971881e+03
2.801983866e+06|3.126188348e+06|3.129855204e+06|3.132067450e+06|3.128952272e+06|2.440154126e+03|2.446529658e+03|2.450380500e+03|2.444798663e+03|6.018161977e+09|6.196901976e+09|6.306646977e+09|6.151306488e+09|3.254178650e+03|3.260688843e+03|3.264621948e+03|3.258956299e+03|2.932971881e+03
2.812154770e+06|3.122601315e+06|3.127162695e+06|3.130321246e+06|3.125645117e+06|2.433926252e+03|2.441847321e+03|2.447340616e+03|2.439077400e+03|5.847104076e+09|6.065272346e+09|6.219900233e+09|5.994160277e+09|3.247811890e+03|3.255908447e+03|3.261518982e+03|3.253117920e+03|2.932971881e+03
2.822347443e+06|3.120236531e+06|3.124248866e+06|3.127312656e+06|3.123333167e+06|2.429825265e+03|2.436785673e+03|2.442107975e+03|2.435048135e+03|5.736361952e+09|5.925210566e+09|6.072547636e+09|5.882648233e+09|3.243618408e+03|3.250735107e+03|3.256173584e+03|3.249004883e+03|2.932971881e+03
2.831927678e+06|3.119462765e+06|3.122403561e+06|3.125423159e+06|3.121147143e+06|2.428484227e+03|2.433583157e+03|2.438824856e+03|2.431033742e+03|5.700471157e+09|5.837779513e+09|5.981359062e+09|5.775239001e+09|3.242246338e+03|3.247462158e+03|3.252818481e+03|3.244973389e+03|2.932971881e+03
2.840870852e+06|3.114987515e+06|3.119553476e+06|3.122010716e+06|3.117965056e+06|2.420736057e+03|2.428641415e+03|2.432901687e+03|2.425287749e+03|5.496234306e+09|5.704667681e+09|5.819297215e+09|5.622107888e+09|3.234320251e+03|3.242407837e+03|3.246764343e+03|3.239166260e+03|2.932971881e+03
2.848365771e+06|3.111016423e+06|3.115026274e+06|3.119679519e+06|3.114914570e+06|2.412489090e+03|2.420803102e+03|2.428859844e+03|2.419738839e+03|5.282863335e+09|5.497978761e+09|5.710505339e+09|5.474745913e+09|3.226334778e+03|3.234386841e+03|3.242632080e+03|3.233581055e+03|2.932971881e+03
2.855552606e+06|3.109861690e+06|3.115241415e+06|3.119241660e+06|3.113928717e+06|2.410028765e+03|2.421175279e+03|2.428101096e+03|2.417627742e+03|5.220337480e+09|5.507670132e+09|5.690245328e+09|5.423082823e+09|3.223969055e+03|3.234769409e+03|3.241856689e+03|3.231546143e+03|2.932971881e+03
2.862967317e+06|3.109724322e+06|3.113921667e+06|3.116474631e+06|3.112084619e+06|2.409736192e+03|2.418686192e+03|2.423309247e+03|2.414252546e+03|5.212939324e+09|5.442805417e+09|5.563474677e+09|5.333998378e+09|3.223687378e+03|3.232288208e+03|3.236952026e+03|3.228156006e+03|2.932971881e+03
2.871417218e+06|3.106927985e+06|3.111400177e+06|3.113902877e+06|3.109967516e+06|2.403785269e+03|2.413307086e+03|2.418646080e+03|2.410024509e+03|5.064128897e+09|5.303773421e+09|5.441759610e+09|5.226421781e+09|3.217963745e+03|3.227121460e+03|3.232250732e+03|3.224017090e+03|2.932971881e+03
2.881334153e+06|3.105158238e+06|3.109634248e+06|3.112410858e+06|3.107619048e+06|2.400023937e+03|2.409544357e+03|2.415462262e+03|2.404990382e+03|4.971732228e+09|5.208092171e+09|5.359159562e+09|5.101046839e+09|3.214345520e+03|3.223504150e+03|3.229193298e+03|3.219161621e+03|2.932971881e+03
2.891681567e+06|3.102510178e+06|3.106377568e+06|3.110027967e+06|3.105102635e+06|2.394402845e+03|2.402615022e+03|2.410382945e+03|2.399542123e+03|4.835985637e+09|5.035240928e+09|5.229305332e+09|4.966630552e+09|3.208930664e+03|3.216838379e+03|3.224311279e+03|3.213930664e+03|2.932971881e+03
2.903400056e+06|3.097914291e+06|3.103427674e+06|3.107841564e+06|3.102298413e+06|2.384564392e+03|2.396349401e+03|2.405728437e+03|2.393301608e+03|4.604046929e+09|4.882649737e+09|5.112368974e+09|4.814899905e+09|3.199464905e+03|3.210805664e+03|3.219833130e+03|3.207957520e+03|2.932971881e+03
2.914623923e+06|3.095229130e+06|3.100242598e+06|3.104427895e+06|3.099323975e+06|2.377649970e+03|2.389595928e+03|2.398472718e+03|2.386637938e+03|4.435415693e+09|4.722063820e+09|4.933968443e+09|4.654326911e+09|3.192993103e+03|3.204300171e+03|3.212849976e+03|3.201593506e+03|2.932971881e+03
2.924009851e+06|3.093763786e+06|3.097575752e+06|3.101942172e+06|3.097056548e+06|2.373882575e+03|2.383631813e+03|2.393198111e+03|2.381289767e+03|4.345570936e+09|4.580757287e+09|4.807219262e+09|4.527048929e+09|3.189460999e+03|3.198600708e+03|3.207771057e+03|3.196517090e+03|2.932971881e+03
2.932500624e+06|3.092007174e+06|3.095915451e+06|3.098877926e+06|3.094569777e+06|2.369371871e+03|2.379415946e+03|2.386706055e+03|2.375379321e+03|4.239867891e+09|4.478025155e+09|4.654567554e+09|4.388610352e+09|3.185234070e+03|3.194646606e+03|3.201514709e+03|3.190900635e+03|2.932971881e+03
2.939454730e+06|3.089070135e+06|3.093630836e+06|3.096466953e+06|3.092547174e+06|2.361843401e+03|2.373540967e+03|2.380835670e+03|2.370478598e+03|4.067891614e+09|4.337493586e+09|4.512503506e+09|4.272483799e+09|3.178171387e+03|3.189142578e+03|3.195974426e+03|3.186279053e+03|2.932971881e+03
2.947122111e+06|3.084898734e+06|3.091141544e+06|3.095526137e+06|3.089982708e+06|2.351179812e+03|2.367151259e+03|2.378414081e+03|2.363588284e+03|3.833665314e+09|4.188562033e+09|4.453811424e+09|4.114414190e+09|3.168157898e+03|3.183152100e+03|3.193708862e+03|3.179813965e+03|2.932971881e+03
2.955302574e+06|3.083889193e+06|3.089803974e+06|3.093866106e+06|3.088633703e+06|2.348383555e+03|2.363722862e+03|2.374145502e+03|2.359991412e+03|3.770344420e+09|4.110305616e+09|4.351794056e+09|4.031416997e+09|3.165533569e+03|3.179934814e+03|3.189707520e+03|3.176433350e+03|2.932971881e+03
2.964321766e+06|3.082998370e+06|3.088934234e+06|3.092027055e+06|3.087168114e+06|2.345607215e+03|2.361495456e+03|2.369422873e+03|2.355964572e+03|3.703606682e+09|4.060076703e+09|4.241046393e+09|3.939340952e+09|3.162936584e+03|3.177844971e+03|3.185280884e+03|3.172655273e+03|2.932971881e+03
2.973391062e+06|3.080751236e+06|3.084691223e+06|3.088151111e+06|3.084251557e+06|2.338614739e+03|2.350650216e+03|2.359491142e+03|2.348147182e+03|3.539696876e+09|3.822311073e+09|4.015290290e+09|3.761442565e+09|3.156388550e+03|3.167659424e+03|3.175964478e+03|3.165323242e+03|2.932971881e+03
2.982145857e+06|3.077483258e+06|3.083250536e+06|3.087246856e+06|3.082038743e+06|2.328473841e+03|2.346392856e+03|2.357178287e+03|2.341543855e+03|3.312446182e+09|3.722391848e+09|3.964087921e+09|3.613588880e+09|3.146881409e+03|3.163670776e+03|3.173792969e+03|3.159129639e+03|2.932971881e+03
2.992401129e+06|3.077682823e+06|3.082459186e+06|3.084378884e+06|3.080920465e+06|2.329092164e+03|2.343927965e+03|2.349853252e+03|2.338345966e+03|3.325957652e+09|3.663690959e+09|3.805277793e+09|3.541924014e+09|3.147461365e+03|3.161362427e+03|3.166910828e+03|3.156130371e+03|2.932971881e+03
3.003739250e+06|3.073904401e+06|3.078525628e+06|3.082310771e+06|3.077864660e+06|2.317406429e+03|2.331704825e+03|2.343465951e+03|2.328721800e+03|3.078066426e+09|3.383534483e+09|3.652790777e+09|3.327050887e+09|3.136491577e+03|3.149912476e+03|3.160931641e+03|3.147104980e+03|2.932971881e+03
3.013220937e+06|3.072557803e+06|3.076875354e+06|3.081149509e+06|3.076392468e+06|2.313030677e+03|2.326591160e+03|2.339852905e+03|2.323892928e+03|2.985129820e+09|3.271599893e+09|3.568284839e+09|3.219977348e+09|3.132382629e+03|3.145114868e+03|3.157548767e+03|3.142576660e+03|2.932971881e+03
3.021672335e+06|3.068725609e+06|3.074834384e+06|3.079113197e+06|3.073434836e+06|2.297955210e+03|2.320278517e+03|2.333527562e+03|2.313663847e+03|2.640673492e+09|3.137554062e+09|3.424174292e+09|2.982271664e+09|3.118258240e+03|3.139188477e+03|3.151619873e+03|3.132983643e+03|2.932971881e+03
3.029066555e+06|3.068065426e+06|3.072464550e+06|3.075773421e+06|3.071770780e+06|2.295366186e+03|2.312662902e+03|2.323181291e+03|2.308171724e+03|2.585035392e+09|2.976307247e+09|3.198621174e+09|2.866316107e+09|3.115829468e+03|3.132038940e+03|3.141914124e+03|3.127831543e+03|2.932971881e+03
3.035960914e+06|3.068361762e+06|3.070779592e+06|3.073964223e+06|3.070607934e+06|2.296528002e+03|2.306025446e+03|2.317591085e+03|2.304058080e+03|2.609868598e+09|2.820645970e+09|3.081858232e+09|2.772964398e+09|3.116918579e+03|3.125823486e+03|3.136663513e+03|3.123983154e+03|2.932971881e+03
3.043098670e+06|3.064367343e+06|3.068480953e+06|3.072181166e+06|3.068153948e+06|2.280906912e+03|2.296995477e+03|2.311545517e+03|2.294361505e+03|2.292080812e+09|2.619933908e+09|2.949615403e+09|2.560980987e+09|3.102250854e+03|3.117359253e+03|3.130992920e+03|3.114875732e+03|2.932971881e+03
3.050305990e+06|3.063498718e+06|3.067575226e+06|3.071611439e+06|3.066797089e+06|2.277147483e+03|2.293445251e+03|2.309300355e+03|2.289110430e+03|2.213064933e+09|2.544372992e+09|2.896567749e+09|2.407507032e+09|3.098720154e+03|3.114027954e+03|3.128889648e+03|3.110058350e+03|2.932971881e+03
3.059072535e+06|3.062198124e+06|3.066987172e+06|3.070220436e+06|3.065559752e+06|2.270179652e+03|2.291142614e+03|2.303826211e+03|2.284023385e+03|2.048716030e+09|2.496358316e+09|2.770606053e+09|2.298761736e+09|3.092188599e+03|3.111865601e+03|3.123761902e+03|3.105508789e+03|2.932971881e+03
3.070087966e+06|3.059956199e+06|3.063038718e+06|3.066357654e+06|3.062414770e+06|2.258212249e+03|2.274680818e+03|2.288679853e+03|2.270919663e+03|1.791579497e+09|2.153517085e+09|2.445920506e+09|1.951525618e+09|3.080954590e+03|3.096408447e+03|3.109553833e+03|3.093073975e+03|2.932971881e+03
3.084242016e+06|3.057121879e+06|3.060644639e+06|3.063419934e+06|3.058887403e+06|2.243341697e+03|2.261881349e+03|2.276724647e+03|2.256847455e+03|1.411149700e+09|1.867213216e+09|2.202628238e+09|1.568825540e+09|3.066968445e+03|3.084400513e+03|3.098324158e+03|3.080169434e+03|2.932971881e+03
3.099716756e+06|3.053481150e+06|3.059407351e+06|3.062560869e+06|3.057081946e+06|2.234540140e+03|2.255290826e+03|2.272121102e+03|2.246007718e+03|1.362544400e+07|1.733321974e+09|2.093348650e+09|1.365574482e+09|3.058702087e+03|3.078208862e+03|3.094009460e+03|3.071413330e+03|2.932971881e+03
3.111097069e+06|3.053296385e+06|3.060162465e+06|3.063479311e+06|3.057614808e+06|2.234107176e+03|2.259311021e+03|2.277043163e+03|2.249972300e+03|1.062720953e+07|1.813939805e+09|2.210389329e+09|1.458405831e+09|3.058294373e+03|3.081985352e+03|3.098622375e+03|3.074994629e+03|2.932971881e+03
3.117051816e+06|3.048171825e+06|3.060177442e+06|3.064144822e+06|3.056863195e+06|2.222121925e+03|2.259390883e+03|2.280039234e+03|2.245451195e+03|1.355811200e+04|1.815607836e+09|2.275437230e+09|1.340452690e+09|3.047020142e+03|3.082060547e+03|3.101435791e+03|3.072152832e+03|2.932971881e+03
3.121693333e+06|3.044945842e+06|3.058125666e+06|3.060973436e+06|3.054313952e+06|2.214600547e+03|2.248481217e+03|2.263635900e+03|2.232972646e+03|3.162285148e+02|1.603914793e+09|1.904580551e+09|1.077523884e+09|3.039934204e+03|3.071804443e+03|3.086046631e+03|3.059774414e+03|2.932971881e+03
3.126133151e+06|3.043034414e+06|3.054759904e+06|3.059592737e+06|3.052630011e+06|2.210151065e+03|2.237538190e+03|2.256277289e+03|2.222546756e+03|1.675257857e+01|7.195066790e+07|1.752828851e+09|8.110107130e+08|3.035740601e+03|3.061517456e+03|3.079134827e+03|3.051323730e+03|2.932971881e+03
3.130795684e+06|3.041936191e+06|3.050730384e+06|3.059326917e+06|3.051179277e+06|2.202282072e+03|2.228100316e+03|2.254862935e+03|2.221205567e+03|3.870196856e+00|3.819224508e+05|1.724915049e+09|6.635413238e+08|3.030994690e+03|3.052646729e+03|3.077805603e+03|3.048696777e+03|2.932971881e+03
3.134893434e+06|3.041936191e+06|3.047474793e+06|3.057488429e+06|3.049711458e+06|2.163116941e+03|2.220495259e+03|2.245103144e+03|2.208851175e+03|3.870196856e+00|6.151136118e+03|1.543407586e+09|5.250592400e+08|3.013641296e+03|3.045488403e+03|3.068626160e+03|3.037965088e+03|2.932971881e+03
3.139830391e+06|3.041936191e+06|3.045575774e+06|3.056102503e+06|3.048918114e+06|2.169288587e+03|2.216067189e+03|2.240688953e+03|2.205063439e+03|3.870196856e+00|4.481612551e+02|4.381437632e+08|4.211521269e+08|3.016390808e+03|3.041317383e+03|3.064478088e+03|3.037947754e+03|2.932971881e+03
3.145864290e+06|3.041936191e+06|3.047160830e+06|3.055333072e+06|3.048891668e+06|2.170928860e+03|2.219762638e+03|2.238882996e+03|2.205708092e+03|3.870196856e+00|3.584349090e+03|1.730771374e+08|3.724576511e+08|3.017119263e+03|3.044798218e+03|3.062780823e+03|3.035920898e+03|2.932971881e+03
3.153707335e+06|3.041936191e+06|3.041936191e+06|3.049379571e+06|3.045943963e+06|2.132662248e+03|2.193644475e+03|2.224942581e+03|2.186350312e+03|3.870196856e+00|3.870196856e+00|6.475494384e+04|1.714490517e+08|2.998935181e+03|3.027185913e+03|3.049674805e+03|3.021569580e+03|2.932971881e+03
3.168964896e+06|3.041936191e+06|3.041936191e+06|3.044883941e+06|3.044529270e+06|2.132662248e+03|2.163332145e+03|2.214455591e+03|2.174786058e+03|3.870196856e+00|3.870196856e+00|1.883151583e+02|1.041141277e+08|2.991994141e+03|3.013737061e+03|3.039798828e+03|3.008887451e+03|2.932971881e+03
3.216244816e+06|3.041936191e+06|3.041936191e+06|3.041936191e+06|3.042177216e+06|2.132662248e+03|2.132662248e+03|2.132662248e+03|2.141168570e+03|3.870196856e+00|3.870196856e+00|3.870196856e+00|2.963996235e+06|2.929387085e+03|2.964731567e+03|2.997725708e+03|2.960949951e+03|2.932971881e+03
3.229426794e+06|3.041936191e+06|3.041936191e+06|3.043797124e+06|3.043552176e+06|2.132662248e+03|2.155511422e+03|2.211925439e+03|2.170780674e+03|3.870196856e+00|3.870196856e+00|4.406855158e+01|1.067576229e+05|2.939034363e+03|3.010243286e+03|3.037414917e+03|2.988745361e+03|2.932971881e+03
3.231806458e+06|3.041936191e+06|3.041936191e+06|3.041936191e+06|3.042860091e+06|2.132662248e+03|2.176662103e+03|2.206342370e+03|2.172968854e+03|3.870196856e+00|3.870196856e+00|3.870196856e+00|1.595506233e+04|2.956627869e+03|3.019667236e+03|3.032780762e+03|2.992281494e+03|2.932971881e+03
3.233822994e+06|3.041936191e+06|3.041936191e+06|3.041936191e+06|3.042256711e+06|2.132662248e+03|2.132662248e+03|2.192659046e+03|2.159879902e+03|3.870196856e+00|3.870196856e+00|3.870196856e+00|5.360910893e+03|2.929687256e+03|2.998863525e+03|3.026750549e+03|2.976949707e+03|2.932971881e+03
3.235966451e+06|3.041936191e+06|3.041936191e+06|3.041936191e+06|3.041962353e+06|2.132662248e+03|2.132662248e+03|2.132662248e+03|2.141439193e+03|3.870196856e+00|3.870196856e+00|3.870196856e+00|4.221514072e+00|2.897766296e+03|2.950156494e+03|2.995201660e+03|2.942785400e+03|2.932971881e+03
3.238225424e+06|3.041936191e+06|3.041936191e+06|3.041936191e+06|3.041936191e+06|2.132662248e+03|2.132662248e+03|2.132662248e+03|2.132727490e+03|3.870196856e+00|3.870196856e+00|3.870196856e+00|3.870196856e+00|2.868118469e+03|2.921483643e+03|2.967255371e+03|2.912216797e+03|2.932971881e+03
3.240631055e+06|3.041936191e+06|3.041936191e+06|3.041936191e+06|3.041936191e+06|2.132662248e+03|2.132662248e+03|2.132662248e+03|2.132719986e+03|3.870196856e+00|3.870196856e+00|3.870196856e+00|3.870196856e+00|2.845633972e+03|2.887800781e+03|2.925479370e+03|2.885911133e+03|2.932971881e+03
3.243023711e+06|3.041936191e+06|3.041936191e+06|3.041936191e+06|3.041936191e+06|2.132662248e+03|2.132662248e+03|2.132662248e+03|2.132662248e+03|3.870196856e+00|3.870196856e+00|3.870196856e+00|3.870196856e+00|2.797983765e+03|2.854890991e+03|2.910734863e+03|2.854803467e+03|2.932971881e+03
3.245755981e+06|3.041936191e+06|3.041936191e+06|3.041936191e+06|3.041936191e+06|2.132662248e+03|2.132662248e+03|2.132662248e+03|2.132662248e+03|3.870196856e+00|3.870196856e+00|3.870196856e+00|3.870196856e+00|2.769585876e+03|2.813501221e+03|2.874546997e+03|2.823297607e+03|2.932971881e+03
3.248770869e+06|3.041936191e+06|3.041936191e+06|3.041936191e+06|3.041936191e+06|2.132662248e+03|2.132662248e+03|2.132662248e+03|2.132662248e+03|3.870196856e+00|3.870196856e+00|3.870196856e+00|3.870196856e+00|2.740593689e+03|2.779426392e+03|2.834068604e+03|2.781423340e+03|2.932971881e+03
3.252216157e+06|3.041936191e+06|3.041936191e+06|3.041936191e+06|3.041936191e+06|2.132662248e+03|2.132662248e+03|2.132662248e+03|2.132662248e+03|3.870196856e+00|3.870196856e+00|3.870196856e+00|3.870196856e+00|2.672575012e+03|2.753601929e+03|2.802828003e+03|2.747235352e+03|2.932971881e+03
3.256479477e+06|3.041936191e+06|3.041936191e+06|3.041936191e+06|3.041936192e+06|2.132662248e+03|2.132662248e+03|2.132662248e+03|2.132662248e+03|3.870196856e+00|3.870196856e+00|3.870196856e+00|3.870196856e+00|2.615109985e+03|2.714375366e+03|2.775373718e+03|2.696794922e+03|2.932971881e+03
3.262061289e+06|3.041936191e+06|3.041936191e+06|3.041936198e+06|3.041936194e+06|2.132662248e+03|2.132662248e+03|2.132662248e+03|2.132662248e+03|3.870196856e+00|3.870196856e+00|3.870196856e+00|3.870196856e+00|2.516567139e+03|2.617178833e+03|2.704598389e+03|2.611472656e+03|2.932971881e+03
3.267595530e+06|3.041936191e+06|3.041936191e+06|3.041936201e+06|3.041936195e+06|2.132662248e+03|2.132662248e+03|2.132662248e+03|2.132662248e+03|3.870196856e+00|3.870196856e+00|3.870196856e+00|3.870196855e+00|2.442802124e+03|2.563370605e+03|2.622598755e+03|2.535253662e+03|2.932971881e+03
