#RRR|U50|U25|U75|Umean|T50|T25|T75|Tmean|P50|P25|P75|Pmean|rho50|rho25|rho75|Pmean|S
1.792527462e+05|2.954337493e+06|2.961409254e+06|2.967199802e+06|2.960681639e+06|4.803895313e+03|4.814212272e+03|4.822658189e+03|4.813137612e+03|4.919919887e+10|4.949640619e+10|4.973999984e+10|4.946584955e+10|7.764288818e+03|7.772912598e+03|7.779968018e+03|7.772012695e+03|2.142489141e+03
2.731912041e+05|2.945213669e+06|2.950407137e+06|2.955626977e+06|2.950549588e+06|4.790450547e+03|4.798128838e+03|4.805776724e+03|4.798297146e+03|4.881442238e+10|4.903371940e+10|4.925337071e+10|4.903932000e+10|7.753065430e+03|7.759467773e+03|7.765863159e+03|7.759616699e+03|2.142489141e+03
3.253202922e+05|2.939141012e+06|2.944391174e+06|2.951522601e+06|2.944659049e+06|4.781470854e+03|4.789234415e+03|4.799777838e+03|4.789609758e+03|4.855820654e+10|4.877970671e+10|4.908084093e+10|4.879098226e+10|7.745573364e+03|7.752051270e+03|7.760847534e+03|7.752361816e+03|2.142489141e+03
3.627870169e+05|2.932427363e+06|2.939703296e+06|2.945269110e+06|2.939395168e+06|4.771541356e+03|4.782302379e+03|4.790532519e+03|4.781832895e+03|4.827522507e+10|4.858191958e+10|4.881676255e+10|4.856903183e+10|7.737274414e+03|7.746265625e+03|7.753132812e+03|7.745867676e+03|2.142489141e+03
3.969335421e+05|2.926292373e+06|2.932202098e+06|2.940416771e+06|2.932722353e+06|4.762448879e+03|4.771208153e+03|4.783357471e+03|4.771940416e+03|4.801664713e+10|4.826573509e+10|4.861201295e+10|4.828748671e+10|7.729675171e+03|7.736995117e+03|7.747147705e+03|7.737606934e+03|2.142489141e+03
4.279941529e+05|2.918450292e+06|2.926923281e+06|2.935239402e+06|2.927179196e+06|4.750690922e+03|4.763392550e+03|4.775700618e+03|4.763690145e+03|4.768462753e+10|4.804334591e+10|4.839371703e+10|4.805335047e+10|7.719870239e+03|7.730460205e+03|7.740750122e+03|7.730720215e+03|2.142489141e+03
4.564584018e+05|2.915436319e+06|2.921542506e+06|2.928725448e+06|2.922106461e+06|4.746171286e+03|4.755327501e+03|4.766065325e+03|4.756125640e+03|4.755712479e+10|4.781550063e+10|4.811931108e+10|4.783906738e+10|7.716095215e+03|7.723736084e+03|7.732693115e+03|7.724404297e+03|2.142489141e+03
4.853312640e+05|2.907347836e+06|2.914641444e+06|2.921689738e+06|2.914674386e+06|4.734040287e+03|4.744979260e+03|4.755548260e+03|4.744994739e+03|4.721525959e+10|4.752350941e+10|4.782173301e+10|4.752488968e+10|7.705963623e+03|7.715100830e+03|7.723921387e+03|7.715109863e+03|2.142489141e+03
5.103173662e+05|2.901725831e+06|2.908636212e+06|2.918776878e+06|2.910148755e+06|4.725592031e+03|4.735972753e+03|4.751180635e+03|4.738201064e+03|4.697768851e+10|4.726968470e+10|4.769844699e+10|4.733352855e+10|7.698901978e+03|7.707575684e+03|7.720278198e+03|7.709435547e+03|2.142489141e+03
5.354181142e+05|2.894975236e+06|2.902505475e+06|2.911895608e+06|2.902656947e+06|4.715348413e+03|4.726771076e+03|4.740861297e+03|4.726888857e+03|4.669133587e+10|4.701072555e+10|4.740742017e+10|4.701628003e+10|7.690358398e+03|7.699887207e+03|7.711660156e+03|7.699991211e+03|2.142489141e+03
5.603032752e+05|2.888080073e+06|2.895710687e+06|2.906710460e+06|2.894226837e+06|4.704883735e+03|4.716464495e+03|4.733084247e+03|4.714065276e+03|4.639917104e+10|4.672251804e+10|4.718833890e+10|4.665873811e+10|7.681618652e+03|7.691287109e+03|7.705165039e+03|7.689285645e+03|2.142489141e+03
5.821135559e+05|2.882978102e+06|2.891994807e+06|2.902217715e+06|2.892289243e+06|4.697102900e+03|4.710825273e+03|4.726338375e+03|4.711195747e+03|4.618268370e+10|4.656500692e+10|4.699856504e+10|4.657706616e+10|7.675121094e+03|7.686580811e+03|7.699526001e+03|7.686889160e+03|2.142489141e+03
6.038465100e+05|2.876872524e+06|2.883978845e+06|2.895130215e+06|2.884313602e+06|4.687741981e+03|4.698637099e+03|4.715583593e+03|4.698999471e+03|4.592315627e+10|4.622524698e+10|4.669790813e+10|4.623842146e+10|7.667310425e+03|7.676400146e+03|7.690555054e+03|7.676707520e+03|2.142489141e+03
6.267817675e+05|2.869371975e+06|2.877462493e+06|2.888407903e+06|2.874145504e+06|4.676240724e+03|4.688646559e+03|4.705381316e+03|4.683276737e+03|4.560469297e+10|4.594822240e+10|4.641305407e+10|4.580553790e+10|7.657708008e+03|7.668065674e+03|7.682036377e+03|7.663584961e+03|2.142489141e+03
6.471245373e+05|2.865389241e+06|2.872643388e+06|2.882819221e+06|2.872696411e+06|4.670086149e+03|4.681257289e+03|4.696859322e+03|4.681227581e+03|4.543507816e+10|4.574354338e+10|4.617592690e+10|4.574511437e+10|7.652573853e+03|7.661896240e+03|7.674919800e+03|7.661873047e+03|2.142489141e+03
6.656297268e+05|2.861749219e+06|2.870077264e+06|2.877506782e+06|2.869355290e+06|4.664446626e+03|4.677322280e+03|4.688714464e+03|4.676095477e+03|4.527995603e+10|4.563462150e+10|4.595010420e+10|4.560311517e+10|7.647869629e+03|7.658609131e+03|7.668123901e+03|7.657589355e+03|2.142489141e+03
6.864123306e+05|2.852615282e+06|2.862289473e+06|2.868975977e+06|2.859465099e+06|4.650293760e+03|4.665283671e+03|4.675633454e+03|4.660755041e+03|4.489113524e+10|4.530297277e+10|4.558789115e+10|4.518178898e+10|7.636050659e+03|7.648568115e+03|7.657198120e+03|7.644786133e+03|2.142489141e+03
7.057417208e+05|2.846671512e+06|2.854295949e+06|2.863243320e+06|2.853050240e+06|4.641008713e+03|4.652898090e+03|4.666761496e+03|4.650781755e+03|4.463737280e+10|4.496263262e+10|4.534361610e+10|4.490835038e+10|7.628308716e+03|7.638226074e+03|7.649798828e+03|7.636463867e+03|2.142489141e+03
7.242364277e+05|2.845222844e+06|2.852099334e+06|2.862551887e+06|2.851774512e+06|4.638741546e+03|4.649494240e+03|4.665690240e+03|4.648836815e+03|4.457550709e+10|4.486919065e+10|4.531415348e+10|4.485424433e+10|7.626418213e+03|7.635382812e+03|7.648904663e+03|7.634838867e+03|2.142489141e+03
7.420882646e+05|2.836294653e+06|2.844394293e+06|2.853668755e+06|2.843595531e+06|4.624767918e+03|4.637444846e+03|4.651926197e+03|4.636080831e+03|4.419457500e+10|4.454012918e+10|4.493595256e+10|4.450538837e+10|7.614747559e+03|7.625333740e+03|7.637415527e+03|7.624194336e+03|2.142489141e+03
7.598336734e+05|2.829749889e+06|2.837333344e+06|2.848799948e+06|2.837604106e+06|4.614443719e+03|4.626393673e+03|4.644339630e+03|4.626609557e+03|4.391455327e+10|4.423886189e+10|4.472829874e+10|4.424900395e+10|7.606134888e+03|7.616109375e+03|7.631082520e+03|7.616288574e+03|2.142489141e+03
7.780264556e+05|2.823923209e+06|2.831692413e+06|2.837465284e+06|2.828952533e+06|4.605231677e+03|4.617514744e+03|4.626600185e+03|4.613003230e+03|4.366524531e+10|4.399772733e+10|4.424448793e+10|4.387925967e+10|7.598451050e+03|7.608700195e+03|7.616277222e+03|7.604935059e+03|2.142489141e+03
7.950231197e+05|2.820450272e+06|2.827275380e+06|2.838507052e+06|2.827356681e+06|4.599740652e+03|4.610531566e+03|4.628230737e+03|4.610495721e+03|4.351677977e+10|4.380864146e+10|4.428891261e+10|4.381107913e+10|7.593868652e+03|7.602873779e+03|7.617639771e+03|7.602843750e+03|2.142489141e+03
8.117209277e+05|2.814744807e+06|2.822206778e+06|2.833022212e+06|2.822219599e+06|4.590656213e+03|4.602517873e+03|4.619617042e+03|4.602361674e+03|4.327212740e+10|4.359185676e+10|4.405468506e+10|4.359117148e+10|7.586284668e+03|7.596185303e+03|7.610449341e+03|7.596055664e+03|2.142489141e+03
8.281461661e+05|2.809475431e+06|2.816002895e+06|2.826691458e+06|2.816533755e+06|4.582231767e+03|4.592667543e+03|4.609608381e+03|4.593283058e+03|4.304589436e+10|4.332617457e+10|4.378365660e+10|4.334709857e+10|7.579262085e+03|7.587961426e+03|7.602107544e+03|7.588479980e+03|2.142489141e+03
8.446732521e+05|2.801100519e+06|2.809055617e+06|2.817738526e+06|2.805541471e+06|4.568826401e+03|4.581560572e+03|4.595439147e+03|4.575641508e+03|4.268658369e+10|4.302788048e+10|4.340071420e+10|4.287491389e+10|7.568070679e+03|7.578698975e+03|7.590275269e+03|7.573758789e+03|2.142489141e+03
8.603832592e+05|2.795642885e+06|2.803671230e+06|2.813255572e+06|2.802995149e+06|4.560009624e+03|4.572951903e+03|4.588275313e+03|4.571548181e+03|4.245153859e+10|4.279697201e+10|4.320817177e+10|4.276510765e+10|7.560716675e+03|7.571513672e+03|7.584298706e+03|7.570342285e+03|2.142489141e+03
8.764244716e+05|2.791806280e+06|2.798809552e+06|2.810459076e+06|2.798722264e+06|4.553811515e+03|4.565125377e+03|4.583804393e+03|4.564724899e+03|4.228644937e+10|4.258788608e+10|4.308811277e+10|4.258188636e+10|7.555546509e+03|7.564984619e+03|7.580571045e+03|7.564649414e+03|2.142489141e+03
8.918274854e+05|2.784862738e+06|2.793896323e+06|2.802828039e+06|2.793101850e+06|4.542576951e+03|4.557188031e+03|4.571603761e+03|4.555649009e+03|4.198774401e+10|4.237636722e+10|4.276083585e+10|4.233987465e+10|7.546165405e+03|7.558363037e+03|7.570387329e+03|7.557075684e+03|2.142489141e+03
9.073147938e+05|2.778288419e+06|2.787444135e+06|2.797430538e+06|2.785369250e+06|4.531844335e+03|4.546764285e+03|4.562897587e+03|4.543041898e+03|4.170386985e+10|4.209890555e+10|4.252849920e+10|4.200606524e+10|7.537216919e+03|7.549661377e+03|7.563124634e+03|7.546556152e+03|2.142489141e+03
9.213849597e+05|2.772341706e+06|2.781923038e+06|2.790323874e+06|2.778211939e+06|4.522136306e+03|4.537777869e+03|4.551416637e+03|4.531399356e+03|4.144743384e+10|4.186076067e+10|4.222269641e+10|4.169755474e+10|7.529112183e+03|7.542164551e+03|7.553546509e+03|7.536841797e+03|2.142489141e+03
9.362242070e+05|2.767501270e+06|2.775902662e+06|2.787033371e+06|2.772403376e+06|4.514196299e+03|4.527949576e+03|4.546100674e+03|4.521782845e+03|4.123834347e+10|4.160095273e+10|4.208125429e+10|4.144510511e+10|7.522485229e+03|7.533968750e+03|7.549105835e+03|7.528817383e+03|2.142489141e+03
9.526995102e+05|2.760286320e+06|2.770755779e+06|2.777028667e+06|2.763815914e+06|4.502302415e+03|4.519547279e+03|4.529787784e+03|4.507526074e+03|4.092618102e+10|4.137909652e+10|4.164951947e+10|4.107138967e+10|7.512564453e+03|7.526949951e+03|7.535501587e+03|7.516917480e+03|2.142489141e+03
9.654753601e+05|2.757519931e+06|2.765763817e+06|2.780284052e+06|2.767784212e+06|4.497735264e+03|4.511332065e+03|4.535102215e+03|4.514493578e+03|4.080650308e+10|4.116312283e+10|4.178999812e+10|4.124905226e+10|7.508752563e+03|7.520097168e+03|7.539935425e+03|7.522736328e+03|2.142489141e+03
9.799632369e+05|2.750575469e+06|2.759938812e+06|2.770532028e+06|2.756873574e+06|4.486188690e+03|4.501729554e+03|4.519182004e+03|4.496264656e+03|4.050477231e+10|4.091115656e+10|4.136945483e+10|4.077326277e+10|7.499120239e+03|7.512081787e+03|7.526644287e+03|7.507523926e+03|2.142489141e+03
9.939044491e+05|2.741330913e+06|2.751482621e+06|2.763230207e+06|2.745840913e+06|4.470756800e+03|4.487703062e+03|4.507155388e+03|4.477648394e+03|4.010246174e+10|4.054429648e+10|4.105349030e+10|4.028990087e+10|7.486244629e+03|7.500383301e+03|7.516610962e+03|7.491987305e+03|2.142489141e+03
1.007655979e+06|2.734526134e+06|2.746954995e+06|2.759030740e+06|2.741670616e+06|4.459326909e+03|4.480144907e+03|4.500232616e+03|4.470710536e+03|3.980526954e+10|4.034710919e+10|4.087190665e+10|4.010867337e+10|7.476710205e+03|7.494082031e+03|7.510832764e+03|7.486199219e+03|2.142489141e+03
1.021446286e+06|2.727747830e+06|2.739597811e+06|2.751848906e+06|2.735604901e+06|4.447888982e+03|4.467863877e+03|4.488314529e+03|4.460660155e+03|3.950850665e+10|4.002713802e+10|4.056025597e+10|3.984566199e+10|7.467164673e+03|7.483827393e+03|7.500895630e+03|7.477814453e+03|2.142489141e+03
1.035109748e+06|2.726392073e+06|2.736675611e+06|2.749365616e+06|2.731883208e+06|4.445601347e+03|4.462954209e+03|4.484169023e+03|4.454329015e+03|3.944919962e+10|3.989947727e+10|4.045207316e+10|3.968193392e+10|7.465256104e+03|7.479734375e+03|7.497437622e+03|7.472528809e+03|2.142489141e+03
1.049526495e+06|2.716740098e+06|2.729865360e+06|2.739101391e+06|2.723715006e+06|4.429199204e+03|4.451462058e+03|4.467035253e+03|4.440586445e+03|3.902490665e+10|3.960116872e+10|4.000556891e+10|3.932487052e+10|7.451572388e+03|7.470146729e+03|7.483139160e+03|7.461062500e+03|2.142489141e+03
1.061697143e+06|2.714607704e+06|2.722242898e+06|2.737694499e+06|2.722345719e+06|4.425561468e+03|4.438587258e+03|4.464667179e+03|4.438194056e+03|3.893098462e+10|3.926752733e+10|3.994401185e+10|3.926372255e+10|7.448537964e+03|7.459399414e+03|7.481160278e+03|7.459062988e+03|2.142489141e+03
1.074436713e+06|2.703356049e+06|2.716373153e+06|2.734695928e+06|2.712240761e+06|4.406278263e+03|4.428573209e+03|4.459613437e+03|4.420765293e+03|3.843420459e+10|3.900874095e+10|3.981271021e+10|3.881591497e+10|7.432440918e+03|7.451045898e+03|7.476945435e+03|7.444513672e+03|2.142489141e+03
1.086996375e+06|2.700613917e+06|2.709876029e+06|2.724569980e+06|2.707275537e+06|4.401543490e+03|4.417489993e+03|4.442526909e+03|4.412442731e+03|3.831254239e+10|3.872277100e+10|3.936952830e+10|3.859934637e+10|7.428487427e+03|7.441795410e+03|7.462686401e+03|7.437571289e+03|2.142489141e+03
1.101023466e+06|2.696799242e+06|2.707337709e+06|2.723247438e+06|2.699795145e+06|4.394957256e+03|4.413153809e+03|4.440295416e+03|4.399119555e+03|3.814345235e+10|3.861103005e+10|3.931172379e+10|3.826178263e+10|7.422993530e+03|7.438171875e+03|7.460824219e+03|7.426437012e+03|2.142489141e+03
1.113460226e+06|2.690325750e+06|2.699338485e+06|2.709834932e+06|2.699007894e+06|4.383737232e+03|4.399341330e+03|4.417419890e+03|4.398553698e+03|3.785590227e+10|3.825598682e+10|3.872096340e+10|3.823831135e+10|7.413623413e+03|7.426651367e+03|7.441736816e+03|7.425987305e+03|2.142489141e+03
1.125705430e+06|2.684036164e+06|2.694250227e+06|2.705578850e+06|2.689131763e+06|4.372754025e+03|4.390556569e+03|4.410116531e+03|4.380832135e+03|3.757507318e+10|3.803057144e+10|3.853289474e+10|3.779068981e+10|7.404455811e+03|7.419316162e+03|7.435641602e+03|7.411171387e+03|2.142489141e+03
1.137520498e+06|2.674148393e+06|2.686933681e+06|2.701464648e+06|2.684621445e+06|4.355420412e+03|4.377813594e+03|4.403012408e+03|4.373256585e+03|3.713294614e+10|3.770439973e+10|3.835028093e+10|3.759379030e+10|7.389980591e+03|7.408681396e+03|7.429716064e+03|7.404859863e+03|2.142489141e+03
1.149462643e+06|2.672005933e+06|2.679190530e+06|2.694988367e+06|2.675681012e+06|4.351636519e+03|4.364293581e+03|4.391830882e+03|4.357135451e+03|3.703665558e+10|3.735904742e+10|3.806324847e+10|3.718746674e+10|7.386822632e+03|7.397389893e+03|7.420380249e+03|7.391376465e+03|2.142489141e+03
1.161425433e+06|2.663435296e+06|2.676466064e+06|2.688474552e+06|2.672573998e+06|4.336502094e+03|4.359514043e+03|4.380504380e+03|4.352188353e+03|3.665207709e+10|3.723718637e+10|3.777320250e+10|3.705574712e+10|7.374174927e+03|7.393394043e+03|7.410928345e+03|7.387268066e+03|2.142489141e+03
1.174125265e+06|2.656900661e+06|2.668285481e+06|2.688289023e+06|2.666908715e+06|4.324835323e+03|4.345066272e+03|4.380180389e+03|4.342045519e+03|3.635647640e+10|3.686960087e+10|3.776491698e+10|3.679934332e+10|7.364432251e+03|7.381332275e+03|7.410653198e+03|7.378789551e+03|2.142489141e+03
1.185997665e+06|2.652803726e+06|2.662951958e+06|2.676100116e+06|2.657963032e+06|4.317513694e+03|4.335648716e+03|4.358867680e+03|4.325689007e+03|3.617128460e+10|3.663041593e+10|3.722072738e+10|3.638946527e+10|7.358314819e+03|7.373459473e+03|7.392856201e+03|7.365104492e+03|2.142489141e+03
1.196113261e+06|2.648774048e+06|2.659800314e+06|2.672322458e+06|2.656434467e+06|4.310313336e+03|4.330017959e+03|4.352195529e+03|4.323553440e+03|3.598938672e+10|3.648770486e+10|3.705087666e+10|3.632901016e+10|7.352295166e+03|7.368761963e+03|7.387288696e+03|7.363346191e+03|2.142489141e+03
1.208665752e+06|2.640732762e+06|2.655546190e+06|2.668444100e+06|2.648837949e+06|4.295775132e+03|4.322414648e+03|4.345346371e+03|4.309542601e+03|3.562305021e+10|3.629522713e+10|3.687671810e+10|3.597922018e+10|7.340150513e+03|7.362412598e+03|7.381565552e+03|7.351617676e+03|2.142489141e+03
1.221094790e+06|2.629393893e+06|2.641996656e+06|2.651690658e+06|2.639274742e+06|4.275166105e+03|4.298061819e+03|4.315524720e+03|4.292781407e+03|3.510543468e+10|3.568061367e+10|3.612101536e+10|3.555163428e+10|7.322920288e+03|7.342059082e+03|7.356655396e+03|7.337630859e+03|2.142489141e+03
1.230705942e+06|2.627893985e+06|2.639550435e+06|2.658191226e+06|2.636773468e+06|4.272420189e+03|4.293636129e+03|4.327141920e+03|4.287879939e+03|3.503663983e+10|3.556922549e+10|3.641486703e+10|3.543225976e+10|7.320622070e+03|7.338362793e+03|7.366359253e+03|7.333517090e+03|2.142489141e+03
1.241848865e+06|2.623979995e+06|2.637092602e+06|2.650894892e+06|2.631850832e+06|4.265255684e+03|4.289189892e+03|4.314102793e+03|4.278584346e+03|3.485726879e+10|3.545740768e+10|3.608508834e+10|3.520242161e+10|7.314626465e+03|7.334643066e+03|7.355466431e+03|7.325721191e+03|2.142489141e+03
1.253863632e+06|2.616258966e+06|2.627719523e+06|2.640002716e+06|2.623108868e+06|4.251049035e+03|4.272100810e+03|4.294454359e+03|4.262977956e+03|3.450228294e+10|3.502864040e+10|3.558981279e+10|3.480745554e+10|7.302740845e+03|7.320353271e+03|7.339046997e+03|7.312692383e+03|2.142489141e+03
1.266043293e+06|2.608860408e+06|2.621672116e+06|2.633610991e+06|2.617315091e+06|4.237343863e+03|4.261031815e+03|4.282881981e+03|4.252284359e+03|3.416080407e+10|3.475161067e+10|3.529894037e+10|3.454055978e+10|7.291274658e+03|7.311092529e+03|7.329363892e+03|7.303743164e+03|2.142489141e+03
1.276379243e+06|2.600868723e+06|2.613307919e+06|2.623825159e+06|2.609110313e+06|4.222424056e+03|4.245581800e+03|4.264972288e+03|4.237102469e+03|3.379013333e+10|3.436594942e+10|3.485017705e+10|3.416206280e+10|7.278783813e+03|7.298173584e+03|7.314393677e+03|7.291037598e+03|2.142489141e+03
1.286226170e+06|2.596946141e+06|2.607597646e+06|2.621100912e+06|2.604169352e+06|4.215061107e+03|4.235005263e+03|4.259986417e+03|4.228021025e+03|3.360762756e+10|3.410262639e+10|3.472546355e+10|3.393505209e+10|7.272620117e+03|7.289318848e+03|7.310217041e+03|7.283443848e+03|2.142489141e+03
1.297435453e+06|2.590649864e+06|2.604847059e+06|2.611613315e+06|2.598842179e+06|4.203220288e+03|4.229893445e+03|4.242442737e+03|4.217881404e+03|3.331469725e+10|3.397554780e+10|3.428774264e+10|3.368518026e+10|7.262703247e+03|7.285032471e+03|7.295546143e+03|7.274939941e+03|2.142489141e+03
1.308211947e+06|2.581803375e+06|2.595075202e+06|2.611212774e+06|2.591448182e+06|4.186407849e+03|4.211549833e+03|4.241700805e+03|4.203899789e+03|3.289993087e+10|3.352068536e+10|3.426926249e+10|3.333971345e+10|7.248617798e+03|7.269678955e+03|7.294926636e+03|7.263230469e+03|2.142489141e+03
1.318555038e+06|2.568822894e+06|2.590896929e+06|2.601934832e+06|2.585691599e+06|4.161523447e+03|4.203689955e+03|4.224425516e+03|4.193268785e+03|3.228854945e+10|3.332629873e+10|3.383978943e+10|3.307449014e+10|7.227752808e+03|7.263093262e+03|7.280462524e+03|7.254337402e+03|2.142489141e+03
1.330061083e+06|2.572031086e+06|2.583991244e+06|2.597112611e+06|2.578742430e+06|4.167695452e+03|4.190564892e+03|4.215373527e+03|4.179523116e+03|3.243988550e+10|3.300238134e+10|3.361536302e+10|3.274092725e+10|7.232930908e+03|7.252101562e+03|7.272887085e+03|7.242783203e+03|2.142489141e+03
1.339919651e+06|2.564597584e+06|2.578464381e+06|2.589679008e+06|2.572662101e+06|4.153396399e+03|4.180064789e+03|4.201374703e+03|4.168154690e+03|3.208948917e+10|3.274377492e+10|3.326910810e+10|3.245877926e+10|7.220929688e+03|7.243297852e+03|7.261157349e+03|7.233270508e+03|2.142489141e+03
1.350581791e+06|2.555839409e+06|2.571718954e+06|2.585837753e+06|2.567799671e+06|4.136322596e+03|4.167094898e+03|4.194073853e+03|4.158762558e+03|3.167241083e+10|3.242515112e+10|3.308892832e+10|3.222871913e+10|7.206608276e+03|7.232426758e+03|7.255040161e+03|7.225391113e+03|2.142489141e+03
1.361020403e+06|2.548655952e+06|2.565475846e+06|2.574201007e+06|2.555548346e+06|4.122252377e+03|4.155085859e+03|4.171870825e+03|4.134545708e+03|3.132988287e+10|3.213085100e+10|3.254237782e+10|3.164092602e+10|7.194796631e+03|7.222350586e+03|7.236431885e+03|7.205040527e+03|2.142489141e+03
1.371729439e+06|2.541953143e+06|2.555351282e+06|2.568428965e+06|2.551713704e+06|4.109007160e+03|4.135371195e+03|4.160765699e+03|4.127633256e+03|3.100822316e+10|3.164921589e+10|3.226998385e+10|3.146680298e+10|7.183670288e+03|7.205814697e+03|7.227119751e+03|7.199276367e+03|2.142489141e+03
1.381197128e+06|2.534714255e+06|2.549213404e+06|2.564433098e+06|2.544068699e+06|4.094617061e+03|4.123354281e+03|4.153078410e+03|4.112173091e+03|3.065980480e+10|3.135667385e+10|3.208170636e+10|3.109489431e+10|7.171577759e+03|7.195721680e+03|7.220666138e+03|7.186265625e+03|2.142489141e+03
1.392793976e+06|2.528507475e+06|2.545019344e+06|2.556198474e+06|2.538089940e+06|4.082193108e+03|4.115065213e+03|4.137022465e+03|4.100737489e+03|3.035981778e+10|3.115522544e+10|3.168947635e+10|3.081370412e+10|7.161131714e+03|7.188762939e+03|7.207196899e+03|7.176683594e+03|2.142489141e+03
1.402527352e+06|2.522086703e+06|2.536241451e+06|2.548261943e+06|2.529852206e+06|4.069260167e+03|4.097675162e+03|4.121473560e+03|4.083979340e+03|3.004821884e+10|3.073376548e+10|3.131094868e+10|3.041151157e+10|7.150252808e+03|7.174146973e+03|7.194142334e+03|7.162571289e+03|2.142489141e+03
1.412682515e+06|2.501827325e+06|2.525969748e+06|2.544323432e+06|2.515247782e+06|4.027852203e+03|4.077115451e+03|4.113690124e+03|4.053346539e+03|2.905643141e+10|3.023739023e+10|3.112184079e+10|2.968488002e+10|7.115379395e+03|7.156858154e+03|7.187608276e+03|7.136710449e+03|2.142489141e+03
1.423094584e+06|2.503327196e+06|2.523454986e+06|2.536733764e+06|2.514678876e+06|4.030938421e+03|4.072036363e+03|4.098661079e+03|4.053049716e+03|2.913002998e+10|3.011503957e+10|3.075762125e+10|2.966980410e+10|7.117982422e+03|7.152587646e+03|7.174976196e+03|7.136526367e+03|2.142489141e+03
1.433606830e+06|2.489646266e+06|2.512811865e+06|2.526844007e+06|2.507239393e+06|4.002491325e+03|4.050448073e+03|4.078864553e+03|4.038286219e+03|2.845319305e+10|2.959661524e+10|3.027954166e+10|2.931210021e+10|7.093993530e+03|7.134413574e+03|7.158329712e+03|7.124124512e+03|2.142489141e+03
1.443495308e+06|2.475228234e+06|2.497321011e+06|2.511480021e+06|2.493663606e+06|3.972055285e+03|4.018505334e+03|4.047720927e+03|4.009881642e+03|2.773340686e+10|2.883378099e+10|2.953127819e+10|2.863774941e+10|7.068291382e+03|7.107501709e+03|7.132120605e+03|7.100156250e+03|2.142489141e+03
1.452972873e+06|2.470098660e+06|2.496255745e+06|2.513417513e+06|2.488821698e+06|3.961034313e+03|4.016281671e+03|4.051679697e+03|3.999434269e+03|2.747375825e+10|2.878086933e+10|2.962612230e+10|2.839249337e+10|7.058980835e+03|7.105625732e+03|7.135453979e+03|7.091316895e+03|2.142489141e+03
1.462308340e+06|2.462853212e+06|2.486395871e+06|2.501358091e+06|2.479513065e+06|3.945466305e+03|3.995680136e+03|4.026886729e+03|3.979419302e+03|2.710833973e+10|2.829170360e+10|2.903341285e+10|2.792206565e+10|7.045807861e+03|7.088241699e+03|7.114564575e+03|7.074377930e+03|2.142489141e+03
1.471942974e+06|2.454965569e+06|2.477658671e+06|2.495675130e+06|2.472250732e+06|3.928267919e+03|3.977194363e+03|4.015069791e+03|3.963958129e+03|2.670581665e+10|2.785463185e+10|2.875204167e+10|2.755741096e+10|7.031251709e+03|7.072633789e+03|7.104604736e+03|7.061316895e+03|2.142489141e+03
1.483200873e+06|2.446970834e+06|2.471061293e+06|2.490152440e+06|2.464879279e+06|3.910696422e+03|3.963102142e+03|4.003547047e+03|3.948293199e+03|2.629617212e+10|2.752243341e+10|2.847824237e+10|2.718772048e+10|7.016365356e+03|7.060727539e+03|7.094882568e+03|7.048084473e+03|2.142489141e+03
1.492807012e+06|2.438145915e+06|2.458024776e+06|2.482701116e+06|2.457901688e+06|3.891122879e+03|3.934935987e+03|3.987860457e+03|3.932833524e+03|2.584160955e+10|2.686170876e+10|2.810655310e+10|2.682833713e+10|6.999762817e+03|7.036901611e+03|7.081643188e+03|7.034970215e+03|2.142489141e+03
1.502213269e+06|2.427127132e+06|2.450943673e+06|2.471981109e+06|2.448177262e+06|3.866332127e+03|3.919488210e+03|3.965077880e+03|3.911859131e+03|2.526874506e+10|2.650099767e+10|2.756892893e+10|2.633601049e+10|6.978708130e+03|7.023813477e+03|7.062394409e+03|7.017228027e+03|2.142489141e+03
1.512096407e+06|2.414066932e+06|2.443225392e+06|2.462860566e+06|2.437174592e+06|3.836401614e+03|3.902412899e+03|3.945479997e+03|3.886954472e+03|2.458104646e+10|2.610363303e+10|2.710865932e+10|2.576147578e+10|6.953254028e+03|7.009343018e+03|7.045819946e+03|6.996061035e+03|2.142489141e+03
1.522175453e+06|2.412691649e+06|2.437961999e+06|2.457284766e+06|2.434214545e+06|3.833212241e+03|3.890709608e+03|3.933322676e+03|3.880933623e+03|2.450805009e+10|2.583202485e+10|2.682395748e+10|2.561709442e+10|6.950542603e+03|6.999412598e+03|7.035533691e+03|6.991003906e+03|2.142489141e+03
1.531620769e+06|2.387020150e+06|2.416016352e+06|2.438624178e+06|2.413889923e+06|3.772646986e+03|3.840924073e+03|3.892197636e+03|3.834220980e+03|2.313109565e+10|2.468468000e+10|2.586654277e+10|2.454528443e+10|6.898874634e+03|6.957103271e+03|7.000673218e+03|6.951250000e+03|2.142489141e+03
1.540574332e+06|2.394132791e+06|2.413747712e+06|2.436211991e+06|2.413370083e+06|3.789699403e+03|3.835661141e+03|3.886777889e+03|3.833380146e+03|2.351698665e+10|2.456408783e+10|2.574090261e+10|2.452318323e+10|6.913437988e+03|6.952628662e+03|6.996078613e+03|6.950564453e+03|2.142489141e+03
1.549825024e+06|2.381356531e+06|2.398833178e+06|2.419375199e+06|2.399774633e+06|3.758935762e+03|3.800815180e+03|3.848632290e+03|3.801390124e+03|2.282205999e+10|2.376918483e+10|2.486144300e+10|2.379514551e+10|6.887149292e+03|6.922928711e+03|6.963660278e+03|6.923276855e+03|2.142489141e+03
1.560173696e+06|2.366486686e+06|2.394589382e+06|2.417357643e+06|2.392181900e+06|3.722377443e+03|3.790794928e+03|3.844029734e+03|3.783067119e+03|2.200246088e+10|2.354185792e+10|2.475592044e+10|2.338167164e+10|6.855832642e+03|6.914375977e+03|6.959741699e+03|6.907609375e+03|2.142489141e+03
1.569123309e+06|2.364054578e+06|2.392076338e+06|2.420885420e+06|2.388626431e+06|3.716354130e+03|3.784766499e+03|3.852078590e+03|3.773595028e+03|2.186814152e+10|2.340511443e+10|2.494056363e+10|2.317467692e+10|6.850662476e+03|6.909231201e+03|6.966597412e+03|6.899424805e+03|2.142489141e+03
1.578876735e+06|2.345918216e+06|2.370088271e+06|2.401010200e+06|2.371273719e+06|3.670174142e+03|3.731301494e+03|3.805940975e+03|3.731520620e+03|2.084374205e+10|2.220181685e+10|2.388565107e+10|2.222677401e+10|6.810972534e+03|6.863486328e+03|6.927301147e+03|6.863431152e+03|2.142489141e+03
1.588549595e+06|2.345127144e+06|2.370446788e+06|2.392327442e+06|2.369473572e+06|3.668166837e+03|3.732189577e+03|3.785368810e+03|3.727527973e+03|2.079947185e+10|2.222162789e+10|2.341877211e+10|2.213403415e+10|6.809242676e+03|6.864246338e+03|6.909743164e+03|6.860049805e+03|2.142489141e+03
1.598490823e+06|2.322060624e+06|2.339797447e+06|2.366785345e+06|2.344396315e+06|3.607065447e+03|3.654264522e+03|3.723117468e+03|3.663550272e+03|1.946149436e+10|2.049331305e+10|2.201899122e+10|2.071648829e+10|6.756501099e+03|6.797268555e+03|6.856469238e+03|6.805024414e+03|2.142489141e+03
1.607836145e+06|2.312663180e+06|2.341086327e+06|2.361614418e+06|2.338593473e+06|3.581319922e+03|3.657638685e+03|3.710194305e+03|3.648062559e+03|1.890347608e+10|2.056749125e+10|2.173065453e+10|2.037810765e+10|6.734201904e+03|6.800175537e+03|6.845379761e+03|6.791641113e+03|2.142489141e+03
1.616279208e+06|2.309951149e+06|2.331865650e+06|2.356443351e+06|2.333138229e+06|3.573794045e+03|3.633379218e+03|3.697142338e+03|3.633837857e+03|1.874101684e+10|2.003522441e+10|2.144046052e+10|2.006511164e+10|6.727672119e+03|6.779246582e+03|6.834170166e+03|6.779376953e+03|2.142489141e+03
1.624762393e+06|2.296663195e+06|2.321117308e+06|2.341550623e+06|2.320057158e+06|3.536292389e+03|3.604496171e+03|3.658854495e+03|3.598664272e+03|1.793593012e+10|1.940556574e+10|2.059424938e+10|1.929846609e+10|6.695075928e+03|6.754279053e+03|6.801223022e+03|6.748958984e+03|2.142489141e+03
1.633338218e+06|2.283787334e+06|2.310431553e+06|2.334730381e+06|2.310890801e+06|3.498675669e+03|3.575126578e+03|3.641011011e+03|3.572573132e+03|1.713535277e+10|1.876974553e+10|2.020261181e+10|1.873932455e+10|6.662279175e+03|6.728830322e+03|6.785831055e+03|6.726261230e+03|2.142489141e+03
1.644846917e+06|2.276817223e+06|2.291772910e+06|2.315041040e+06|2.297054385e+06|3.477821531e+03|3.522127415e+03|3.587881349e+03|3.533644340e+03|1.669459644e+10|1.763335374e+10|1.904544063e+10|1.790222675e+10|6.644041992e+03|6.682739014e+03|6.739889771e+03|6.692433105e+03|2.142489141e+03
1.655173296e+06|2.254751534e+06|2.284865025e+06|2.304270160e+06|2.281607857e+06|3.409013939e+03|3.501860703e+03|3.557896643e+03|3.488035019e+03|1.525734364e+10|1.720282029e+10|1.839862166e+10|1.693484369e+10|6.583622070e+03|6.665059814e+03|6.713870239e+03|6.652593262e+03|2.142489141e+03
1.666466195e+06|2.245996195e+06|2.260094772e+06|2.280661739e+06|2.263535774e+06|3.380372024e+03|3.426072007e+03|3.489435229e+03|3.432222928e+03|1.466627772e+10|1.561141415e+10|1.694009322e+10|1.576568068e+10|6.558347412e+03|6.598636230e+03|6.654198486e+03|6.603615723e+03|2.142489141e+03
1.675607361e+06|2.235061600e+06|2.256475565e+06|2.273243795e+06|2.256634328e+06|3.343421036e+03|3.414594132e+03|3.467040089e+03|3.410367457e+03|1.391085917e+10|1.537328215e+10|1.646823708e+10|1.531086418e+10|6.525629639e+03|6.588532715e+03|6.634600098e+03|6.584386719e+03|2.142489141e+03
1.683900679e+06|2.231347601e+06|2.251375332e+06|2.265339126e+06|2.252810581e+06|3.330463104e+03|3.398073572e+03|3.442602064e+03|3.397998926e+03|1.364708402e+10|1.503121170e+10|1.595622879e+10|1.505489131e+10|6.514123291e+03|6.573974121e+03|6.613160889e+03|6.573483887e+03|2.142489141e+03
1.691557179e+06|2.225884522e+06|2.248439391e+06|2.266565606e+06|2.247035626e+06|3.311176165e+03|3.388513336e+03|3.446417777e+03|3.378446998e+03|1.325700350e+10|1.483434827e+10|1.603559998e+10|1.465492204e+10|6.496971069e+03|6.565535889e+03|6.616515259e+03|6.556160156e+03|2.142489141e+03
1.698185165e+06|2.209605516e+06|2.226236439e+06|2.243416817e+06|2.231038514e+06|3.250856650e+03|3.312446929e+03|3.371789540e+03|3.323435791e+03|1.204950659e+10|1.328277001e+10|1.449028129e+10|1.353396509e+10|6.443083618e+03|6.498101074e+03|6.550757446e+03|6.507365723e+03|2.142489141e+03
1.706298821e+06|2.199904901e+06|2.217548056e+06|2.240001809e+06|2.220332523e+06|3.212644304e+03|3.280786588e+03|3.360281611e+03|3.284391803e+03|1.129472104e+10|1.264601571e+10|1.425474631e+10|1.274921260e+10|6.408750610e+03|6.469870850e+03|6.540575073e+03|6.472518066e+03|2.142489141e+03
1.714746029e+06|2.189677628e+06|2.213423030e+06|2.238841302e+06|2.215288267e+06|3.170243011e+03|3.265424434e+03|3.356316471e+03|3.262096997e+03|1.046745461e+10|1.233944306e+10|1.417356816e+10|1.231908752e+10|6.370467285e+03|6.456131836e+03|6.537060059e+03|6.452279785e+03|2.142489141e+03
1.724314705e+06|2.173415887e+06|2.195548964e+06|2.217418655e+06|2.197532622e+06|3.096614829e+03|3.194905369e+03|3.280306555e+03|3.189582450e+03|9.053527952e+09|1.094745699e+10|1.263640264e+10|1.089721132e+10|6.303503662e+03|6.392760986e+03|6.469441284e+03|6.386873047e+03|2.142489141e+03
1.737325880e+06|2.143910278e+06|2.157996277e+06|2.181331280e+06|2.164601509e+06|2.931406693e+03|3.017113971e+03|3.133376082e+03|3.035452675e+03|5.993887286e+09|7.560606207e+09|9.754682454e+09|7.953932354e+09|6.150763184e+03|6.230450928e+03|6.337020874e+03|6.246213867e+03|2.142489141e+03
1.752145198e+06|2.126810517e+06|2.136110194e+06|2.150050139e+06|2.139489292e+06|2.789798694e+03|2.874540554e+03|2.970780854e+03|2.878255534e+03|3.497983640e+09|4.976238519e+09|6.707281561e+09|5.087334938e+09|6.016770874e+03|6.097322754e+03|6.187499146e+03|6.099268066e+03|2.142489141e+03
1.763413523e+06|2.120281599e+06|2.125618259e+06|2.135722450e+06|2.129850899e+06|2.702129475e+03|2.776718333e+03|2.871490332e+03|2.788787590e+03|2.015122570e+09|3.276037552e+09|4.923170324e+09|3.526417587e+09|5.932212646e+03|6.004238281e+03|6.094439209e+03|6.012547363e+03|2.142489141e+03
1.772200696e+06|2.116738468e+06|2.118497612e+06|2.128655379e+06|2.125394357e+06|2.577473826e+03|2.664892058e+03|2.808826877e+03|2.715509288e+03|4.321783930e+04|1.401472275e+09|3.826482819e+09|2.299936424e+09|5.785204468e+03|5.895895264e+03|6.034952637e+03|5.920326172e+03|2.142489141e+03
1.779504129e+06|2.116738448e+06|2.118160981e+06|2.126348915e+06|2.123702704e+06|2.577243747e+03|2.655824545e+03|2.784728438e+03|2.697137424e+03|2.580699043e+04|1.247487141e+09|3.410588342e+09|1.986130318e+09|5.746116699e+03|5.887014648e+03|6.011917114e+03|5.885327637e+03|2.142489141e+03
1.785171823e+06|2.116738417e+06|2.117122061e+06|2.121665589e+06|2.119619662e+06|2.577243208e+03|2.616725910e+03|2.724947506e+03|2.652712905e+03|2.580686165e+04|5.954772108e+08|2.397166157e+09|1.222003666e+09|5.712143311e+03|5.848546387e+03|5.954346924e+03|5.824400391e+03|2.142489141e+03
1.790791476e+06|2.116738259e+06|2.116738439e+06|2.116903090e+06|2.117670917e+06|2.577241406e+03|2.577243963e+03|2.602025767e+03|2.606413317e+03|2.580643078e+04|2.580704212e+04|3.494966914e+08|4.628469858e+08|5.602057373e+03|5.759636719e+03|5.834009521e+03|5.717526855e+03|2.142489141e+03
1.797563589e+06|2.116738235e+06|2.116738363e+06|2.116738427e+06|2.116994162e+06|2.577240041e+03|2.577242269e+03|2.577243809e+03|2.587570311e+03|2.580610460e+04|2.580663710e+04|2.580700537e+04|1.612815658e+08|5.521135986e+03|5.654391846e+03|5.750016113e+03|5.632649902e+03|2.142489141e+03
1.803767337e+06|2.116738140e+06|2.116738301e+06|2.116738369e+06|2.116759516e+06|2.577237285e+03|2.577240869e+03|2.577242461e+03|2.579077960e+03|2.580544567e+04|2.580630236e+04|2.580668313e+04|2.784940006e+07|5.364959229e+03|5.569815186e+03|5.666124756e+03|5.520656250e+03|2.142489141e+03
1.811878591e+06|2.116737979e+06|2.116738096e+06|2.116738232e+06|2.116738097e+06|2.577233886e+03|2.577236340e+03|2.577239155e+03|2.577236353e+03|2.580463315e+04|2.580521967e+04|2.580589281e+04|2.580522293e+04|5.184093506e+03|5.313445068e+03|5.469918091e+03|5.321054199e+03|2.142489141e+03
1.823193203e+06|2.116737709e+06|2.116737842e+06|2.116737980e+06|2.116737851e+06|2.577228118e+03|2.577230982e+03|2.577233918e+03|2.577231098e+03|2.580325427e+04|2.580393901e+04|2.580464083e+04|2.580396679e+04|4.902940552e+03|5.038691406e+03|5.185757080e+03|5.050925781e+03|2.142489141e+03
1.835543036e+06|2.116737439e+06|2.116737527e+06|2.116737656e+06|2.116737540e+06|2.577222283e+03|2.577224301e+03|2.577226844e+03|2.577224497e+03|2.580185954e+04|2.580234211e+04|2.580294980e+04|2.580238894e+04|4.648321899e+03|4.733525146e+03|4.844959595e+03|4.746958008e+03|2.142489141e+03
1.851032213e+06|2.116737134e+06|2.116737219e+06|2.116737322e+06|2.116737240e+06|2.577215679e+03|2.577217488e+03|2.577219997e+03|2.577218035e+03|2.580028132e+04|2.580071367e+04|2.580131315e+04|2.580084444e+04|4.389992432e+03|4.457866211e+03|4.555917725e+03|4.482454590e+03|2.142489141e+03
1.872543556e+06|2.116736671e+06|2.116736807e+06|2.116736980e+06|2.116736830e+06|2.577206087e+03|2.577208959e+03|2.577212602e+03|2.577209415e+03|2.579798877e+04|2.579867521e+04|2.579954590e+04|2.579878405e+04|4.062519531e+03|4.155536621e+03|4.279492798e+03|4.174807617e+03|2.142489141e+03
2.016538235e+06|2.116735916e+06|2.116736193e+06|2.116736362e+06|2.116736147e+06|2.577189905e+03|2.577196001e+03|2.577199457e+03|2.577194854e+03|2.579412174e+04|2.579557834e+04|2.579640442e+04|2.579530434e+04|3.607867798e+03|3.766836182e+03|3.863171021e+03|3.746459961e+03|2.142489141e+03
2.847055829e+06|2.116733711e+06|2.116734831e+06|2.116735068e+06|2.116734225e+06|2.577143075e+03|2.577166786e+03|2.577171996e+03|2.577154034e+03|2.578293384e+04|2.578859802e+04|2.578984263e+04|2.578555251e+04|2.725271484e+03|3.110583252e+03|3.210472168e+03|2.951897949e+03|2.142489141e+03
1.907167885e+06|5.664984318e+06|5.680083799e+06|5.694439660e+06|5.680489753e+06|3.210828670e+03|3.216152089e+03|3.221208381e+03|3.216240688e+03|2.618033950e+10|2.647856795e+10|2.676376984e+10|2.648719572e+10|3.607757202e+03|3.615200195e+03|3.622273376e+03|3.615342529e+03|3.681411133e+03
1.917096437e+06|5.636604419e+06|5.656683122e+06|5.677929268e+06|5.657140487e+06|3.200632930e+03|3.207899749e+03|3.215392822e+03|3.207928522e+03|2.561556677e+10|2.601713920e+10|2.643590569e+10|2.602329955e+10|3.593561707e+03|3.603663208e+03|3.614138916e+03|3.603745605e+03|3.681411133e+03
1.924950017e+06|5.593879755e+06|5.625283735e+06|5.651318778e+06|5.624378132e+06|3.184919655e+03|3.196473520e+03|3.206006175e+03|3.195893649e+03|2.476106260e+10|2.538758965e+10|2.591199567e+10|2.536782427e+10|3.571800171e+03|3.587799805e+03|3.601018433e+03|3.587072754e+03|3.681411133e+03
1.933660770e+06|5.545672600e+06|5.572143310e+06|5.592957828e+06|5.571776064e+06|3.166565261e+03|3.176733457e+03|3.184580103e+03|3.176405197e+03|2.378663239e+10|2.432330095e+10|2.474280583e+10|2.431338321e+10|3.546575806e+03|3.560521606e+03|3.571330688e+03|3.560128662e+03|3.681411133e+03
1.944011358e+06|5.489434151e+06|5.515714091e+06|5.545245929e+06|5.515642003e+06|3.144404920e+03|3.154959466e+03|3.166401232e+03|3.154617133e+03|2.264289483e+10|2.318326347e+10|2.377803655e+10|2.317563352e+10|3.516356445e+03|3.530690186e+03|3.546350342e+03|3.530317139e+03|3.681411133e+03
1.964148859e+06|5.387599965e+06|5.424515305e+06|5.460804347e+06|5.422162714e+06|3.101766282e+03|3.117618997e+03|3.132889455e+03|3.116201002e+03|2.053963389e+10|2.130696538e+10|2.206244103e+10|2.125350654e+10|3.458996704e+03|3.480202271e+03|3.500727234e+03|3.478427246e+03|3.681411133e+03
2.002019520e+06|5.281027112e+06|5.302605973e+06|5.323471304e+06|5.304662225e+06|3.052831403e+03|3.063125746e+03|3.072861521e+03|3.063820916e+03|1.827413093e+10|1.873815784e+10|1.918297831e+10|1.877833357e+10|3.394496704e+03|3.407953369e+03|3.420739624e+03|3.408941162e+03|3.681411133e+03
2.020569323e+06|5.260380527e+06|5.278944813e+06|5.292154313e+06|5.275805871e+06|3.042661097e+03|3.051805947e+03|3.058246238e+03|3.050050745e+03|1.782168213e+10|1.822818754e+10|1.851770334e+10|1.815706958e+10|3.381289307e+03|3.393163452e+03|3.401544678e+03|3.390943359e+03|3.681411133e+03
2.028940285e+06|5.248251973e+06|5.269421485e+06|5.283677301e+06|5.268109198e+06|3.036683929e+03|3.047115314e+03|3.054136440e+03|3.046292282e+03|1.755914797e+10|1.801894571e+10|1.833270269e+10|1.798947262e+10|3.373532166e+03|3.387072876e+03|3.396190796e+03|3.386054443e+03|3.681411133e+03
2.036611473e+06|5.234716511e+06|5.253804159e+06|5.276648242e+06|5.253141290e+06|3.029950813e+03|3.039420400e+03|3.050674913e+03|3.038703640e+03|1.726613094e+10|1.767903121e+10|1.817758454e+10|1.766013424e+10|3.364811218e+03|3.377083252e+03|3.391694702e+03|3.376264160e+03|3.681411133e+03
2.044614929e+06|5.226372362e+06|5.248806540e+06|5.270036408e+06|5.244659581e+06|3.025656834e+03|3.036957275e+03|3.047418226e+03|3.034414453e+03|1.708031633e+10|1.757109861e+10|1.803241312e+10|1.747395330e+10|3.359288513e+03|3.373887085e+03|3.387465027e+03|3.370727539e+03|3.681411133e+03
2.057251961e+06|5.197446467e+06|5.227814772e+06|5.255544125e+06|5.229593098e+06|3.010544512e+03|3.026399166e+03|3.040277878e+03|3.026298585e+03|1.643615156e+10|1.711234723e+10|1.771670503e+10|1.713473416e+10|3.339913208e+03|3.360243896e+03|3.378195801e+03|3.360385010e+03|3.681411133e+03
2.077215326e+06|5.183610898e+06|5.218668514e+06|5.253053962e+06|5.217842573e+06|3.003115940e+03|3.021691683e+03|3.039050680e+03|3.020395952e+03|1.612474171e+10|1.690987652e+10|1.766280328e+10|1.687698306e+10|3.330440857e+03|3.354188110e+03|3.376603333e+03|3.352755371e+03|3.681411133e+03
2.103982818e+06|5.219914257e+06|5.267313465e+06|5.286560684e+06|5.254779261e+06|3.022332906e+03|3.046076854e+03|3.055556194e+03|3.039200043e+03|1.693736655e+10|1.797283390e+10|1.839656472e+10|1.769104597e+10|3.355013550e+03|3.385724487e+03|3.398034424e+03|3.376995361e+03|3.681411133e+03
2.117740890e+06|5.237622355e+06|5.264736990e+06|5.277743226e+06|5.254796533e+06|3.031435101e+03|3.044807540e+03|3.051214193e+03|3.039482239e+03|1.733062464e+10|1.791657065e+10|1.820169540e+10|1.769543267e+10|3.366723633e+03|3.384076294e+03|3.392395325e+03|3.377284424e+03|3.681411133e+03
2.127524480e+06|5.225444532e+06|5.253053995e+06|5.267966033e+06|5.244918118e+06|3.025179312e+03|3.039050694e+03|3.046398327e+03|3.034588751e+03|1.705974053e+10|1.766280686e+10|1.798710545e+10|1.747948627e+10|3.358675049e+03|3.376603027e+03|3.386140625e+03|3.370939453e+03|3.681411133e+03
2.137039801e+06|5.208811335e+06|5.232626499e+06|5.253644331e+06|5.230641874e+06|3.016564888e+03|3.028875344e+03|3.039341630e+03|3.027117726e+03|1.669102749e+10|1.721946947e+10|1.767557647e+10|1.716212812e+10|3.347609009e+03|3.363427856e+03|3.376981506e+03|3.361364014e+03|3.681411133e+03
2.148970852e+06|5.185010472e+06|5.217803568e+06|5.242232081e+06|5.214727628e+06|3.003890814e+03|3.021246457e+03|3.033716461e+03|3.018977386e+03|1.615713516e+10|1.689080713e+10|1.742973173e+10|1.681093047e+10|3.331424744e+03|3.353616699e+03|3.369681274e+03|3.350881592e+03|3.681411133e+03
2.165519523e+06|5.165032495e+06|5.192139161e+06|5.220350603e+06|5.192630509e+06|2.992829141e+03|3.007732661e+03|3.022557499e+03|3.007175472e+03|1.569867887e+10|1.631796839e+10|1.694701001e+10|1.631491810e+10|3.317403564e+03|3.336318481e+03|3.355302917e+03|3.335816895e+03|3.681411133e+03
2.186477090e+06|5.154113374e+06|5.201318657e+06|5.225183158e+06|5.194444588e+06|2.986782495e+03|3.012595876e+03|3.025044796e+03|3.008069337e+03|1.545168497e+10|1.652271159e+10|1.705393640e+10|1.635510167e+10|3.309742493e+03|3.342534668e+03|3.358501282e+03|3.336977539e+03|3.681411133e+03
2.204446559e+06|5.173713751e+06|5.205890928e+06|5.224804557e+06|5.195122236e+06|2.997636128e+03|3.015017952e+03|3.024849941e+03|3.008606521e+03|1.589685402e+10|1.662529485e+10|1.704554329e+10|1.637316506e+10|3.323494263e+03|3.345630981e+03|3.358250977e+03|3.337618164e+03|3.681411133e+03
2.215761857e+06|5.170499028e+06|5.190318832e+06|5.211705031e+06|5.185612711e+06|2.995856112e+03|3.006768179e+03|3.018097604e+03|3.003575562e+03|1.582328181e+10|1.627755904e+10|1.675631480e+10|1.616009954e+10|3.321238770e+03|3.335086060e+03|3.349570312e+03|3.331184082e+03|3.681411133e+03
2.225335851e+06|5.149397969e+06|5.177990357e+06|5.195400947e+06|5.172130543e+06|2.984171086e+03|3.000004039e+03|3.009460808e+03|2.996433477e+03|1.534579905e+10|1.599506952e+10|1.639053896e+10|1.585834659e+10|3.306434326e+03|3.326497803e+03|3.338528076e+03|3.322053467e+03|3.681411133e+03
2.236052488e+06|5.159074044e+06|5.180832096e+06|5.201033890e+06|5.178018981e+06|2.989529620e+03|3.001577431e+03|3.012445021e+03|2.999538089e+03|1.556358371e+10|1.606054844e+10|1.651633428e+10|1.598964659e+10|3.313222961e+03|3.328490112e+03|3.342343506e+03|3.326026367e+03|3.681411133e+03
2.249989545e+06|5.124370978e+06|5.154419336e+06|5.183207074e+06|5.152534692e+06|2.969760016e+03|2.986951935e+03|3.002892361e+03|2.985261731e+03|1.476724748e+10|1.545857148e+10|1.611540566e+10|1.540761467e+10|3.288306946e+03|3.309957520e+03|3.330158508e+03|3.307973633e+03|3.681411133e+03
2.265027050e+06|5.105163344e+06|5.143656309e+06|5.173430396e+06|5.142703567e+06|2.958456093e+03|2.980991187e+03|2.997479233e+03|2.979279478e+03|1.432249121e+10|1.521750599e+10|1.589036536e+10|1.517607089e+10|3.274147278e+03|3.302407593e+03|3.323296143e+03|3.300524902e+03|3.681411133e+03
2.284020014e+06|5.123668558e+06|5.157806411e+06|5.186065278e+06|5.150977482e+06|2.969346624e+03|2.988827640e+03|3.004474798e+03|2.984331809e+03|1.475085693e+10|1.553494005e+10|1.618158366e+10|1.537138292e+10|3.287788574e+03|3.312333984e+03|3.332164917e+03|3.306811279e+03|3.681411133e+03
2.299858583e+06|5.133614820e+06|5.159393923e+06|5.182458243e+06|5.153914034e+06|2.975200362e+03|2.989706756e+03|3.002477767e+03|2.986203639e+03|1.498451260e+10|1.557082877e+10|1.609809291e+10|1.544159762e+10|3.295125732e+03|3.313447021e+03|3.329632812e+03|3.309123779e+03|3.681411133e+03
2.312719627e+06|5.126392284e+06|5.149490151e+06|5.167834393e+06|5.141628378e+06|2.970949615e+03|2.984222136e+03|2.994380648e+03|2.978926943e+03|1.481456156e+10|1.534786764e+10|1.576246469e+10|1.515489323e+10|3.289798767e+03|3.306499268e+03|3.319369141e+03|3.300013672e+03|3.681411133e+03
2.323426857e+06|5.117415136e+06|5.140363452e+06|5.158924307e+06|5.131582187e+06|2.965666341e+03|2.979148208e+03|2.989446700e+03|2.973236645e+03|1.460511345e+10|1.514337927e+10|1.556019938e+10|1.492460181e+10|3.283177856e+03|3.300077026e+03|3.313116699e+03|3.292834473e+03|3.681411133e+03
2.335297619e+06|5.105943379e+06|5.127392082e+06|5.146664443e+06|5.123661076e+06|2.958915134e+03|2.971538030e+03|2.982657200e+03|2.968717327e+03|1.434030163e+10|1.483800339e+10|1.528462853e+10|1.474284601e+10|3.274721313e+03|3.290534912e+03|3.304518372e+03|3.287141602e+03|3.681411133e+03
2.347846105e+06|5.074906555e+06|5.111237453e+06|5.138454569e+06|5.104491313e+06|2.939847611e+03|2.962030703e+03|2.978048796e+03|2.957182533e+03|1.360500206e+10|1.446210132e+10|1.509909486e+10|1.429347231e+10|3.251008423e+03|3.278623779e+03|3.298694885e+03|3.272744629e+03|3.681411133e+03
2.362378381e+06|5.062123972e+06|5.105433833e+06|5.124154946e+06|5.092177638e+06|2.931817075e+03|2.958615268e+03|2.969632872e+03|2.949510238e+03|1.330202700e+10|1.432861003e+10|1.476216752e+10|1.400056903e+10|3.241063232e+03|3.274346436e+03|3.288148132e+03|3.263224121e+03|3.681411133e+03
2.379234857e+06|5.081569732e+06|5.112641772e+06|5.134233564e+06|5.102856958e+06|2.944034370e+03|2.962857156e+03|2.975564521e+03|2.956115865e+03|1.376477885e+10|1.449454028e+10|1.499911845e+10|1.425374748e+10|3.256197205e+03|3.279659180e+03|3.295581177e+03|3.271430420e+03|3.681411133e+03
2.393361885e+06|5.088711842e+06|5.111192919e+06|5.134459396e+06|5.105994542e+06|2.948522575e+03|2.962004495e+03|2.975697434e+03|2.958274113e+03|1.393743028e+10|1.446107447e+10|1.500445674e+10|1.433177457e+10|3.261759583e+03|3.278591064e+03|3.295748901e+03|3.274064697e+03|3.681411133e+03
2.406064829e+06|5.070258364e+06|5.106508035e+06|5.124724809e+06|5.096302634e+06|2.936927228e+03|2.959247433e+03|2.969968254e+03|2.952371670e+03|1.349428745e+10|1.435326070e+10|1.477549940e+10|1.410310114e+10|3.247391418e+03|3.275137695e+03|3.288567688e+03|3.266715088e+03|3.681411133e+03
2.418337998e+06|5.062761970e+06|5.094437397e+06|5.115885311e+06|5.085474806e+06|2.932217866e+03|2.952120982e+03|2.964766014e+03|2.945610838e+03|1.331707931e+10|1.407689379e+10|1.456959973e+10|1.384566048e+10|3.241560059e+03|3.266217651e+03|3.282050842e+03|3.258328857e+03|3.681411133e+03
2.430065688e+06|5.053794239e+06|5.086832040e+06|5.102035912e+06|5.076938012e+06|2.926584918e+03|2.947341228e+03|2.956615618e+03|2.940485336e+03|1.310706624e+10|1.389184623e+10|1.425083407e+10|1.364579822e+10|3.234583130e+03|3.260295166e+03|3.271841064e+03|3.251929688e+03|3.681411133e+03
2.442258435e+06|5.056762321e+06|5.082270672e+06|5.096724895e+06|5.071746860e+06|2.928449188e+03|2.944474824e+03|2.953490165e+03|2.937273730e+03|1.317634083e+10|1.378165102e+10|1.412982739e+10|1.352275945e+10|3.236891235e+03|3.256743408e+03|3.267927551e+03|3.247939941e+03|3.681411133e+03
2.456264288e+06|5.027662762e+06|5.057825843e+06|5.077019008e+06|5.052827163e+06|2.909098126e+03|2.929117197e+03|2.941174903e+03|2.925057943e+03|1.246171263e+10|1.320117617e+10|1.365551388e+10|1.306606722e+10|3.213127930e+03|3.237718872e+03|3.252654663e+03|3.232871338e+03|3.681411133e+03
2.470744180e+06|5.035021847e+06|5.058544433e+06|5.083239099e+06|5.053618577e+06|2.914041200e+03|2.929568567e+03|2.945083375e+03|2.925418684e+03|1.264205919e+10|1.321800181e+10|1.380500093e+10|1.308253010e+10|3.219189392e+03|3.238278076e+03|3.257497192e+03|3.233343018e+03|3.681411133e+03
2.485486201e+06|5.037380135e+06|5.062581811e+06|5.084671568e+06|5.055836481e+06|2.915625515e+03|2.932104675e+03|2.945983541e+03|2.926949905e+03|1.270025602e+10|1.331278776e+10|1.383957934e+10|1.313796043e+10|3.221132507e+03|3.241418457e+03|3.258612732e+03|3.235213379e+03|3.681411133e+03
2.498882014e+06|5.026850551e+06|5.059257122e+06|5.078710039e+06|5.050186180e+06|2.908552642e+03|2.930016235e+03|2.942237454e+03|2.923319798e+03|1.244192558e+10|1.323469709e+10|1.369607427e+10|1.300196256e+10|3.212459900e+03|3.238832642e+03|3.253969360e+03|3.230732422e+03|3.681411133e+03
2.510293500e+06|5.028817784e+06|5.051079096e+06|5.071544885e+06|5.045021465e+06|2.909873890e+03|2.924830836e+03|2.937735505e+03|2.919836131e+03|1.248992362e+10|1.304178163e+10|1.352486762e+10|1.287491378e+10|3.214080505e+03|3.232420776e+03|3.248393677e+03|3.226461670e+03|3.681411133e+03
2.521637841e+06|5.015013723e+06|5.035349871e+06|5.053299413e+06|5.033401657e+06|2.900604523e+03|2.914261560e+03|2.926274125e+03|2.912301848e+03|1.215591464e+10|1.265013992e+10|1.309554351e+10|1.259447999e+10|3.202718201e+03|3.219458618e+03|3.234199158e+03|3.217175293e+03|3.681411133e+03
2.533696137e+06|5.001483361e+06|5.031766999e+06|5.048462254e+06|5.020660758e+06|2.891018377e+03|2.911854787e+03|2.923072079e+03|2.903090426e+03|1.181268527e+10|1.256207362e+10|1.297605571e+10|1.227102920e+10|3.191051636e+03|3.216509155e+03|3.230263062e+03|3.205993408e+03|3.681411133e+03
2.545064177e+06|5.001343273e+06|5.024166243e+06|5.043387728e+06|5.019788157e+06|2.890917459e+03|2.906749932e+03|2.919661966e+03|2.902841486e+03|1.180908414e+10|1.237665299e+10|1.284928126e+10|1.225483097e+10|3.190929749e+03|3.210250244e+03|3.226081665e+03|3.205629639e+03|3.681411133e+03
2.558803148e+06|4.982310524e+06|5.011248539e+06|5.034670551e+06|5.007072621e+06|2.877214114e+03|2.898054210e+03|2.913805210e+03|2.893948526e+03|1.132833953e+10|1.206490566e+10|1.263340972e+10|1.193752085e+10|3.174294250e+03|3.199598022e+03|3.218900757e+03|3.194788086e+03|3.681411133e+03
2.573563977e+06|4.980101557e+06|5.005715815e+06|5.031429887e+06|5.006441549e+06|2.875624525e+03|2.894067448e+03|2.911628346e+03|2.893658480e+03|1.127345629e+10|1.192153201e+10|1.255380762e+10|1.192434379e+10|3.172365662e+03|3.194755737e+03|3.216231445e+03|3.194411621e+03|3.681411133e+03
2.587866915e+06|4.989268826e+06|5.005459878e+06|5.029968125e+06|5.004229388e+06|2.882222518e+03|2.893883052e+03|2.910646506e+03|2.891933094e+03|1.150248536e+10|1.191492839e+10|1.251801567e+10|1.186585487e+10|3.180374390e+03|3.194531616e+03|3.215027405e+03|3.192334961e+03|3.681411133e+03
2.599918623e+06|4.971872988e+06|5.003362437e+06|5.023196508e+06|4.997619550e+06|2.869608912e+03|2.892371986e+03|2.906098724e+03|2.887344199e+03|1.106645655e+10|1.186091720e+10|1.235313480e+10|1.170138407e+10|3.165078308e+03|3.192696167e+03|3.209452942e+03|3.186735840e+03|3.681411133e+03
2.611592423e+06|4.970437857e+06|5.001013623e+06|5.014149686e+06|4.991709882e+06|2.868495973e+03|2.890680003e+03|2.900024464e+03|2.883143309e+03|1.102784457e+10|1.180063428e+10|1.213521883e+10|1.155265833e+10|3.163739990e+03|3.190642822e+03|3.202007019e+03|3.181625244e+03|3.681411133e+03
2.621816978e+06|4.968749397e+06|4.989664517e+06|5.001165831e+06|4.978597279e+06|2.867186724e+03|2.882507379e+03|2.890789641e+03|2.873324347e+03|1.098254615e+10|1.151244501e+10|1.180453468e+10|1.121481808e+10|3.162165039e+03|3.180719849e+03|3.190774414e+03|3.169761963e+03|3.681411133e+03
2.632803956e+06|4.960655255e+06|4.981086403e+06|4.996642570e+06|4.975046686e+06|2.860912546e+03|2.876333210e+03|2.887531812e+03|2.870859024e+03|1.076724918e+10|1.129790725e+10|1.168903480e+10|1.112602646e+10|3.154616150e+03|3.173225464e+03|3.186818115e+03|3.166756348e+03|3.681411133e+03
2.644535346e+06|4.948043826e+06|4.970990210e+06|4.989846722e+06|4.966427302e+06|2.851143809e+03|2.868924356e+03|2.882638547e+03|2.864265874e+03|1.043795362e+10|1.104273641e+10|1.151702727e+10|1.090159125e+10|3.142866943e+03|3.164255493e+03|3.180879639e+03|3.158811279e+03|3.681411133e+03
2.658879877e+06|4.936122316e+06|4.971277864e+06|4.986256264e+06|4.960352746e+06|2.841805411e+03|2.869147382e+03|2.880053942e+03|2.859476790e+03|1.012865777e+10|1.105043285e+10|1.142686261e+10|1.074136904e+10|3.131652222e+03|3.164523438e+03|3.177741333e+03|3.153060303e+03|3.681411133e+03
2.673003578e+06|4.926336741e+06|4.961471824e+06|4.983743865e+06|4.955036368e+06|2.833586232e+03|2.861545352e+03|2.878245652e+03|2.855435786e+03|9.856266194e+09|1.078882917e+10|1.136405727e+10|1.060321121e+10|3.121852783e+03|3.155377930e+03|3.175545959e+03|3.148190674e+03|3.681411133e+03
2.685292239e+06|4.926745077e+06|4.952919083e+06|4.971691064e+06|4.947585937e+06|2.833929056e+03|2.854919141e+03|2.869467828e+03|2.849878669e+03|9.867522397e+09|1.056436675e+10|1.106156028e+10|1.041182759e+10|3.122262146e+03|3.147406616e+03|3.164908325e+03|3.141475098e+03|3.681411133e+03
2.697439655e+06|4.937046527e+06|4.958069273e+06|4.971985434e+06|4.952721076e+06|2.842582085e+03|2.858908763e+03|2.869696129e+03|2.853910809e+03|1.015468217e+10|1.069911754e+10|1.106949615e+10|1.054706217e+10|3.132578491e+03|3.152205811e+03|3.165184204e+03|3.146316650e+03|3.681411133e+03
2.709817828e+06|4.918345671e+06|4.942182973e+06|4.960159086e+06|4.934556471e+06|2.826879872e+03|2.846606938e+03|2.860528055e+03|2.838977449e+03|9.637908622e+09|1.028745295e+10|1.075415223e+10|1.005666188e+10|3.113860168e+03|3.137411743e+03|3.154152283e+03|3.128471680e+03|3.681411133e+03
2.722213519e+06|4.908638323e+06|4.933858978e+06|4.954520012e+06|4.929629875e+06|2.818739892e+03|2.839903761e+03|2.856159164e+03|2.835214957e+03|9.377541696e+09|1.006520597e+10|1.060612680e+10|9.928901795e+09|3.104160522e+03|3.129384766e+03|3.148897461e+03|3.123939941e+03|3.681411133e+03
2.733368511e+06|4.904001388e+06|4.931766140e+06|4.948405983e+06|4.925702679e+06|2.814808010e+03|2.838145611e+03|2.851424214e+03|2.832199290e+03|9.253111943e+09|1.000671607e+10|1.044730577e+10|9.826529666e+09|3.099481323e+03|3.127288574e+03|3.143203918e+03|3.120310547e+03|3.681411133e+03
2.743652708e+06|4.894871469e+06|4.926415579e+06|4.945789392e+06|4.917443883e+06|2.806480026e+03|2.833652420e+03|2.849398440e+03|2.824634444e+03|8.986903659e+09|9.858438700e+09|1.037987393e+10|9.590695996e+09|3.089635132e+03|3.121932739e+03|3.140768494e+03|3.111369629e+03|3.681411133e+03
2.754944370e+06|4.890592602e+06|4.911515382e+06|4.931087147e+06|4.908940440e+06|2.802574986e+03|2.821151678e+03|2.837575298e+03|2.817738339e+03|8.863759851e+09|9.454177555e+09|9.987810567e+09|9.362776451e+09|3.085019592e+03|3.107033325e+03|3.126609070e+03|3.103120117e+03|3.681411133e+03
2.769664125e+06|4.890514314e+06|4.909205330e+06|4.930884667e+06|4.907125723e+06|2.802503641e+03|2.819215164e+03|2.837405237e+03|2.816306728e+03|8.861572774e+09|9.392616827e+09|9.982180293e+09|9.314919220e+09|3.084934814e+03|3.104725952e+03|3.126405151e+03|3.101402588e+03|3.681411133e+03
2.782128943e+06|4.870826455e+06|4.904499171e+06|4.926034874e+06|4.896759972e+06|2.784321225e+03|2.815224197e+03|2.833332839e+03|2.806507915e+03|8.301941486e+09|9.266170377e+09|9.847975868e+09|9.013385332e+09|3.063472839e+03|3.099975708e+03|3.121552490e+03|3.089855957e+03|3.681411133e+03
2.795280890e+06|4.873121574e+06|4.903036674e+06|4.918492747e+06|4.896644865e+06|2.786613747e+03|2.813936970e+03|2.827003277e+03|2.807072093e+03|8.373079465e+09|9.225064497e+09|9.641908611e+09|9.021784798e+09|3.066160278e+03|3.098449219e+03|3.114007751e+03|3.090448975e+03|3.681411133e+03
2.806405972e+06|4.865125767e+06|4.883196900e+06|4.906677875e+06|4.883137385e+06|2.778629789e+03|2.795830489e+03|2.817096900e+03|2.794197981e+03|8.126891351e+09|8.654140826e+09|9.325620739e+09|8.627475588e+09|3.056796326e+03|3.077047119e+03|3.102202515e+03|3.075289795e+03|3.681411133e+03
2.817989512e+06|4.848200340e+06|4.873955940e+06|4.903410036e+06|4.872540187e+06|2.761761729e+03|2.787379299e+03|2.814278121e+03|2.783949517e+03|7.624116875e+09|8.396244372e+09|9.236064973e+09|8.314719845e+09|3.037016174e+03|3.067064453e+03|3.098851990e+03|3.063236572e+03|3.681411133e+03
2.829344165e+06|4.852708146e+06|4.871244527e+06|4.896296104e+06|4.871530891e+06|2.766249965e+03|2.784738600e+03|2.807780409e+03|2.783461589e+03|7.755625670e+09|8.314768296e+09|9.028035593e+09|8.294018589e+09|3.042279358e+03|3.063962280e+03|3.091172546e+03|3.062614258e+03|3.681411133e+03
2.839831372e+06|4.842910532e+06|4.866140912e+06|4.883145823e+06|4.861209728e+06|2.756273744e+03|2.779642914e+03|2.795783931e+03|2.772994672e+03|7.462624924e+09|8.157845621e+09|8.652706972e+09|7.980893736e+09|3.030601013e+03|3.057983887e+03|3.076991821e+03|3.050353027e+03|3.681411133e+03
2.852534039e+06|4.840309535e+06|4.859907831e+06|4.876575433e+06|4.854394788e+06|2.753413304e+03|2.773424854e+03|2.789797186e+03|2.766207275e+03|7.377448570e+09|7.969270852e+09|8.469705208e+09|7.777364518e+09|3.027270447e+03|3.050691040e+03|3.069918274e+03|3.042390869e+03|3.681411133e+03
2.865275160e+06|4.825014687e+06|4.848432459e+06|4.872361330e+06|4.847945183e+06|2.736621531e+03|2.761992788e+03|2.785854219e+03|2.759398443e+03|6.892004482e+09|7.630859382e+09|8.349430693e+09|7.577600140e+09|3.007723877e+03|3.037288574e+03|3.065270264e+03|3.034441162e+03|3.681411133e+03
2.877068278e+06|4.812728938e+06|4.843905168e+06|4.860841580e+06|4.839206047e+06|2.722365793e+03|2.757367970e+03|2.774355959e+03|2.749537329e+03|6.487957035e+09|7.495403706e+09|7.997300340e+09|7.294989617e+09|2.991192566e+03|3.031874512e+03|3.051783569e+03|3.022976318e+03|3.681411133e+03
2.889047391e+06|4.813569235e+06|4.830692921e+06|4.851435647e+06|4.831541606e+06|2.723393047e+03|2.742849680e+03|2.764982671e+03|2.741882918e+03|6.517120546e+09|7.069140247e+09|7.718321502e+09|7.065493304e+09|2.992379028e+03|3.014974731e+03|3.040792786e+03|3.014005371e+03|3.681411133e+03
2.901380610e+06|4.808891067e+06|4.827177308e+06|4.853797075e+06|4.828479287e+06|2.717676524e+03|2.738992765e+03|2.767334631e+03|2.738568377e+03|6.356033823e+09|6.959050287e+09|7.787654772e+09|6.969288086e+09|2.985770142e+03|3.010483398e+03|3.043549377e+03|3.010141602e+03|3.681411133e+03
2.913542827e+06|4.798617075e+06|4.815865371e+06|4.834686433e+06|4.815040793e+06|2.705144666e+03|2.726201243e+03|2.747234117e+03|2.722388356e+03|6.013639165e+09|6.597425963e+09|7.195912625e+09|6.517506111e+09|2.971286804e+03|2.995625122e+03|3.020077209e+03|2.991417725e+03|3.681411133e+03
2.924944186e+06|4.788034658e+06|4.803229645e+06|4.830494859e+06|4.806860217e+06|2.691084732e+03|2.710767088e+03|2.742632325e+03|2.712863006e+03|5.630024423e+09|6.165445365e+09|7.062903796e+09|6.248715605e+09|2.955112488e+03|2.977785278e+03|3.014720520e+03|2.980371826e+03|3.681411133e+03
2.935534377e+06|4.779341901e+06|4.798710931e+06|4.821340892e+06|4.800027408e+06|2.679131041e+03|2.705259026e+03|2.732595553e+03|2.703906743e+03|5.313798050e+09|6.016706022e+09|6.779203717e+09|6.006290820e+09|2.941389526e+03|2.971419189e+03|3.003039612e+03|2.970059570e+03|3.681411133e+03
2.945729452e+06|4.779110812e+06|4.798552919e+06|4.816135016e+06|4.799457616e+06|2.678813682e+03|2.705066507e+03|2.726531085e+03|2.703996119e+03|5.305593862e+09|6.011548868e+09|6.606890032e+09|6.001131470e+09|2.941024902e+03|2.971196655e+03|2.996007568e+03|2.970109375e+03|3.681411133e+03
2.958154700e+06|4.765142637e+06|4.793306578e+06|4.810856510e+06|4.788902788e+06|2.657845276e+03|2.698349677e+03|2.720077407e+03|2.689306366e+03|4.758680266e+09|5.829347694e+09|6.423299411e+09|5.611544191e+09|2.917048767e+03|2.963454712e+03|2.988546875e+03|2.953246826e+03|3.681411133e+03
2.970821603e+06|4.757826762e+06|4.773940117e+06|4.791307664e+06|4.775685537e+06|2.646391753e+03|2.671660684e+03|2.695593722e+03|2.670832657e+03|4.472903744e+09|5.122541308e+09|5.753108060e+09|5.121563293e+09|2.903979919e+03|2.932816895e+03|2.960290405e+03|2.932045410e+03|3.681411133e+03
2.983319730e+06|4.757583385e+06|4.773282382e+06|4.790403595e+06|4.774255627e+06|2.646011207e+03|2.670626183e+03|2.694347799e+03|2.669269375e+03|4.463620039e+09|5.094548996e+09|5.718885118e+09|5.076359959e+09|2.903545410e+03|2.931635864e+03|2.958859131e+03|2.930227783e+03|3.681411133e+03
2.996209324e+06|4.748414120e+06|4.764473095e+06|4.777982467e+06|4.764845633e+06|2.629810237e+03|2.656795719e+03|2.677264479e+03|2.654604301e+03|4.054728904e+09|4.731897626e+09|5.265714722e+09|4.699986978e+09|2.885139954e+03|2.915851685e+03|2.939246216e+03|2.913483398e+03|3.681411133e+03
3.008790493e+06|4.742818040e+06|4.754457610e+06|4.771965050e+06|4.758122002e+06|2.619637670e+03|2.640827116e+03|2.668555045e+03|2.643847956e+03|3.809930224e+09|4.334237879e+09|5.038879864e+09|4.427233309e+09|2.873596802e+03|2.897643433e+03|2.929272034e+03|2.901216309e+03|3.681411133e+03
3.020822971e+06|4.737108305e+06|4.748194677e+06|4.761945681e+06|4.748958080e+06|2.608440676e+03|2.629410806e+03|2.652836395e+03|2.627373121e+03|3.540316206e+09|4.044876781e+09|4.632019844e+09|4.020438533e+09|2.860921448e+03|2.884687134e+03|2.911333618e+03|2.882505615e+03|3.681411133e+03
3.032287228e+06|4.727102207e+06|4.740704744e+06|4.751078377e+06|4.740663045e+06|2.586785849e+03|2.615803033e+03|2.634663042e+03|2.611734059e+03|3.035264375e+09|3.720752340e+09|4.175978408e+09|3.640214054e+09|2.836475159e+03|2.869246582e+03|2.890647400e+03|2.864774170e+03|3.681411133e+03
3.042388352e+06|4.724243185e+06|4.736939512e+06|4.750100408e+06|4.737432617e+06|2.579794758e+03|2.608074205e+03|2.632881013e+03|2.605170142e+03|2.870966466e+09|3.531185215e+09|4.131121978e+09|3.482429711e+09|2.828606018e+03|2.860507568e+03|2.888625366e+03|2.857349365e+03|3.681411133e+03
3.053506079e+06|4.718161581e+06|4.730106152e+06|4.741273950e+06|4.730746047e+06|2.563529710e+03|2.593272741e+03|2.616835449e+03|2.590780513e+03|2.498398282e+09|3.179809004e+09|3.744573867e+09|3.142231278e+09|2.810333130e+03|2.843797607e+03|2.870417603e+03|2.841097900e+03|3.681411133e+03
3.063693289e+06|4.714256360e+06|4.724726797e+06|4.738349940e+06|4.727673324e+06|2.552737533e+03|2.581092007e+03|2.611137171e+03|2.582197046e+03|2.267742498e+09|2.902873564e+09|3.607886473e+09|2.949443210e+09|2.798218567e+03|2.830063721e+03|2.863965698e+03|2.831462158e+03|3.681411133e+03
3.077626855e+06|4.708991437e+06|4.717463492e+06|4.724409972e+06|4.717840815e+06|2.534246256e+03|2.561667812e+03|2.580241998e+03|2.557356339e+03|1.853293576e+09|2.458528336e+09|2.881877158e+09|2.377552954e+09|2.777541199e+03|2.808241943e+03|2.829108948e+03|2.803489746e+03|3.681411133e+03
3.089969990e+06|4.705559608e+06|4.712915822e+06|4.721424849e+06|4.714252011e+06|2.521234439e+03|2.548018694e+03|2.572246977e+03|2.546983464e+03|1.582470917e+09|2.154917110e+09|2.692386192e+09|2.149977831e+09|2.763006165e+03|2.792941650e+03|2.820126038e+03|2.791876953e+03|3.681411133e+03
3.101362305e+06|4.702805544e+06|4.706843059e+06|4.714876530e+06|4.708801224e+06|2.507345795e+03|2.526733538e+03|2.554777821e+03|2.528139948e+03|1.277167314e+09|1.705466510e+09|2.316013455e+09|1.730623611e+09|2.747538452e+03|2.769140503e+03|2.800501709e+03|2.770741211e+03|3.681411133e+03
3.113114550e+06|4.698273393e+06|4.701957925e+06|4.706643888e+06|4.703669152e+06|2.476831695e+03|2.503085090e+03|2.526037848e+03|2.504288598e+03|6.383681912e+08|1.195039843e+09|1.692241583e+09|1.222404752e+09|2.713625549e+03|2.742793091e+03|2.768363403e+03|2.743949707e+03|3.681411133e+03
3.125877931e+06|4.696956795e+06|4.699812700e+06|4.704451648e+06|4.701470123e+06|2.465152190e+03|2.490552756e+03|2.515638790e+03|2.491584389e+03|4.584260484e+08|9.356102221e+08|1.452172023e+09|9.400295580e+08|2.700665161e+03|2.728852417e+03|2.756774170e+03|2.728771240e+03|3.681411133e+03
3.137268869e+06|4.696317859e+06|4.697115023e+06|4.699075072e+06|4.698565039e+06|2.448710594e+03|2.466553076e+03|2.483968794e+03|2.470887201e+03|3.315894185e+04|4.771235618e+08|7.794807857e+08|5.063932982e+08|2.678033813e+03|2.702219360e+03|2.721546021e+03|2.702110840e+03|3.681411133e+03
3.149178238e+06|4.696020471e+06|4.696222740e+06|4.696938111e+06|4.697003787e+06|2.440502398e+03|2.446082248e+03|2.464986819e+03|2.454989858e+03|2.269090838e+02|6.802212364e+03|4.562664459e+08|2.138061827e+08|2.657112183e+03|2.674392578e+03|2.700481628e+03|2.676441650e+03|3.681411133e+03
3.161491382e+06|4.696020461e+06|4.696020466e+06|4.696307424e+06|4.696495562e+06|2.440502377e+03|2.440502391e+03|2.448422080e+03|2.448014728e+03|2.269090274e+02|2.269090652e+02|2.733690242e+04|9.992446717e+07|2.631130188e+03|2.648894043e+03|2.677634155e+03|2.654402588e+03|3.681411133e+03
3.174082363e+06|4.696020461e+06|4.696020462e+06|4.696020466e+06|4.696069922e+06|2.440502365e+03|2.440502370e+03|2.440502385e+03|2.441751800e+03|2.269089963e+02|2.269090112e+02|2.269090481e+02|9.585461549e+06|2.604677795e+03|2.617351074e+03|2.641332214e+03|2.623007080e+03|3.681411133e+03
3.188374783e+06|4.696020460e+06|4.696020463e+06|4.696020466e+06|4.696037296e+06|2.440502350e+03|2.440502361e+03|2.440502373e+03|2.440967357e+03|2.269089576e+02|2.269089879e+02|2.269090185e+02|4.483500006e+04|2.571854187e+03|2.597585327e+03|2.623540405e+03|2.598544922e+03|3.681411133e+03
3.200861413e+06|4.696020459e+06|4.696020463e+06|4.696020466e+06|4.696020462e+06|2.440502323e+03|2.440502346e+03|2.440502358e+03|2.440502341e+03|2.269088883e+02|2.269089465e+02|2.269089793e+02|2.269089347e+02|2.538690613e+03|2.564446777e+03|2.590250610e+03|2.563329834e+03|3.681411133e+03
3.212958653e+06|4.696020455e+06|4.696020460e+06|4.696020465e+06|4.696020460e+06|2.440502306e+03|2.440502317e+03|2.440502329e+03|2.440502319e+03|2.269088442e+02|2.269088713e+02|2.269089042e+02|2.269088762e+02|2.506177917e+03|2.529144531e+03|2.545670776e+03|2.526900146e+03|3.681411133e+03
3.222274415e+06|4.696020458e+06|4.696020462e+06|4.696020466e+06|4.696020462e+06|2.440502298e+03|2.440502308e+03|2.440502321e+03|2.440502310e+03|2.269088217e+02|2.269088482e+02|2.269088828e+02|2.269088533e+02|2.487004333e+03|2.509564331e+03|2.536256226e+03|2.511004883e+03|3.681411133e+03
3.232557029e+06|4.696020459e+06|4.696020464e+06|4.696020467e+06|4.696020463e+06|2.440502276e+03|2.440502294e+03|2.440502307e+03|2.440502290e+03|2.269087660e+02|2.269088132e+02|2.269088455e+02|2.269088007e+02|2.452602600e+03|2.479811890e+03|2.507265381e+03|2.476688721e+03|3.681411133e+03
3.241873848e+06|4.696020459e+06|4.696020464e+06|4.696020467e+06|4.696020463e+06|2.440502259e+03|2.440502278e+03|2.440502295e+03|2.440502275e+03|2.269087209e+02|2.269087715e+02|2.269088153e+02|2.269087627e+02|2.432033325e+03|2.455042236e+03|2.481535645e+03|2.452427734e+03|3.681411133e+03
3.251826198e+06|4.696020459e+06|4.696020463e+06|4.696020467e+06|4.696020463e+06|2.440502250e+03|2.440502262e+03|2.440502281e+03|2.440502265e+03|2.269086974e+02|2.269087286e+02|2.269087788e+02|2.269087364e+02|2.412053650e+03|2.436072266e+03|2.458269897e+03|2.436070312e+03|3.681411133e+03
3.263975331e+06|4.696020457e+06|4.696020461e+06|4.696020465e+06|4.696020461e+06|2.440502213e+03|2.440502237e+03|2.440502252e+03|2.440502234e+03|2.269086028e+02|2.269086640e+02|2.269087021e+02|2.269086553e+02|2.364396423e+03|2.391496094e+03|2.416055603e+03|2.391117432e+03|3.681411133e+03
3.283520581e+06|4.696020453e+06|4.696020455e+06|4.696020458e+06|4.696020456e+06|2.440502176e+03|2.440502190e+03|2.440502215e+03|2.440502191e+03|2.269085045e+02|2.269085417e+02|2.269086068e+02|2.269085451e+02|2.309415894e+03|2.337351074e+03|2.366211487e+03|2.334388428e+03|3.681411133e+03
3.311014503e+06|4.696020448e+06|4.696020449e+06|4.696020453e+06|4.696020450e+06|2.440502109e+03|2.440502135e+03|2.440502162e+03|2.440502136e+03|2.269083303e+02|2.269083999e+02|2.269084699e+02|2.269084013e+02|2.229233582e+03|2.260014038e+03|2.290020447e+03|2.261083008e+03|3.681411133e+03
3.330238037e+06|4.696020445e+06|4.696020448e+06|4.696020456e+06|4.696020449e+06|2.440502067e+03|2.440502084e+03|2.440502108e+03|2.440502084e+03|2.269082227e+02|2.269082663e+02|2.269083273e+02|2.269082667e+02|2.165692383e+03|2.200676758e+03|2.227872070e+03|2.195459961e+03|3.681411133e+03
3.342396407e+06|4.696020446e+06|4.696020453e+06|4.696020456e+06|4.696020451e+06|2.440502005e+03|2.440502053e+03|2.440502076e+03|2.440502040e+03|2.269080603e+02|2.269081846e+02|2.269082459e+02|2.269081527e+02|2.095143005e+03|2.149431152e+03|2.184334045e+03|2.140355713e+03|3.681411133e+03
3.351641059e+06|4.696020442e+06|4.696020454e+06|4.696020456e+06|4.696020449e+06|2.440501964e+03|2.440502017e+03|2.440502042e+03|2.440502002e+03|2.269079546e+02|2.269080908e+02|2.269081569e+02|2.269080535e+02|2.054582214e+03|2.108598877e+03|2.137698608e+03|2.097438477e+03|3.681411133e+03
3.360373333e+06|4.696020439e+06|4.696020449e+06|4.696020456e+06|4.696020447e+06|2.440501908e+03|2.440501980e+03|2.440502006e+03|2.440501953e+03|2.269078077e+02|2.269079961e+02|2.269080639e+02|2.269079263e+02|2.000682953e+03|2.066980347e+03|2.096709717e+03|2.045399170e+03|3.681411133e+03
3.368444391e+06|4.696020433e+06|4.696020438e+06|4.696020440e+06|4.696020438e+06|2.440501834e+03|2.440501903e+03|2.440501934e+03|2.440501888e+03|2.269076152e+02|2.269077940e+02|2.269078758e+02|2.269077573e+02|1.922461945e+03|1.994813232e+03|2.030828918e+03|1.981015747e+03|3.681411133e+03
3.376566762e+06|4.696020433e+06|4.696020437e+06|4.696020440e+06|4.696020436e+06|2.440501765e+03|2.440501837e+03|2.440501889e+03|2.440501817e+03|2.269074370e+02|2.269076244e+02|2.269077584e+02|2.269075725e+02|1.859926300e+03|1.925138000e+03|1.979660950e+03|1.913477173e+03|3.681411133e+03
3.384509537e+06|4.696020430e+06|4.696020433e+06|4.696020437e+06|4.696020433e+06|2.440501679e+03|2.440501781e+03|2.440501824e+03|2.440501746e+03|2.269072138e+02|2.269074778e+02|2.269075896e+02|2.269073875e+02|1.791577393e+03|1.874459290e+03|1.914997162e+03|1.849384888e+03|3.681411133e+03
3.392397351e+06|4.696020426e+06|4.696020430e+06|4.696020432e+06|4.696020428e+06|2.440501596e+03|2.440501686e+03|2.440501739e+03|2.440501662e+03|2.269069972e+02|2.269072313e+02|2.269073697e+02|2.269071672e+02|1.720677338e+03|1.799085510e+03|1.839774658e+03|1.779289185e+03|3.681411133e+03
3.402249955e+06|4.696020412e+06|4.696020422e+06|4.696020432e+06|4.696020422e+06|2.440501450e+03|2.440501542e+03|2.440501613e+03|2.440501515e+03|2.269066167e+02|2.269068551e+02|2.269070410e+02|2.269067868e+02|1.621337952e+03|1.684242798e+03|1.733494659e+03|1.669042847e+03|3.681411133e+03
3.421655193e+06|4.696020392e+06|4.696020409e+06|4.696020415e+06|4.696020402e+06|2.440500997e+03|2.440501192e+03|2.440501322e+03|2.440501149e+03|2.269054374e+02|2.269059450e+02|2.269062832e+02|2.269058349e+02|1.366736877e+03|1.462168030e+03|1.535703949e+03|1.450989380e+03|3.681411133e+03
3.446899766e+06|4.696020359e+06|4.696020375e+06|4.696020381e+06|4.696020369e+06|2.440500392e+03|2.440500554e+03|2.440500786e+03|2.440500539e+03|2.269038644e+02|2.269042873e+02|2.269048898e+02|2.269042483e+02|1.128171234e+03|1.183071533e+03|1.271555206e+03|1.188570435e+03|3.681411133e+03
