#RRR|U50|U25|U75|Umean|T50|T25|T75|Tmean|P50|P25|P75|Pmean|rho50|rho25|rho75|Pmean|S
1.625202359e+05|2.115459210e+06|2.121186641e+06|2.128035646e+06|2.120664928e+06|3.244407060e+03|3.250813811e+03|3.258422299e+03|3.250161759e+03|4.420400466e+10|4.449851648e+10|4.484980204e+10|4.447073649e+10|8.096375244e+03|8.104841553e+03|8.114900146e+03|8.103983887e+03|1.870082122e+03
2.471462869e+05|2.108289844e+06|2.114215798e+06|2.120265580e+06|2.114876197e+06|3.236306171e+03|3.243002608e+03|3.249790093e+03|3.243679064e+03|4.383369999e+10|4.413974186e+10|4.445131401e+10|4.417285417e+10|8.085680542e+03|8.094522217e+03|8.103486816e+03|8.095417969e+03|1.870082122e+03
2.943189901e+05|2.106420994e+06|2.110875151e+06|2.115004503e+06|2.110769657e+06|3.234193307e+03|3.239228225e+03|3.243893488e+03|3.239073094e+03|4.373728382e+10|4.396715922e+10|4.418050260e+10|4.396140450e+10|8.082891602e+03|8.089540527e+03|8.095697388e+03|8.089336426e+03|1.870082122e+03
3.283872653e+05|2.103348999e+06|2.107470082e+06|2.112687136e+06|2.107344455e+06|3.230719130e+03|3.235379434e+03|3.241275667e+03|3.235199821e+03|4.357889302e+10|4.379140200e+10|4.406075607e+10|4.378466065e+10|8.078298462e+03|8.084460938e+03|8.092241821e+03|8.084218750e+03|1.870082122e+03
3.607335253e+05|2.099944524e+06|2.103874645e+06|2.107473955e+06|2.103381887e+06|3.226867375e+03|3.231313688e+03|3.235383812e+03|3.230727379e+03|4.340350284e+10|4.360598648e+10|4.379160183e+10|4.358032446e+10|8.073207642e+03|8.079086914e+03|8.084466797e+03|8.078310547e+03|1.870082122e+03
3.886302481e+05|2.097804225e+06|2.100269907e+06|2.104263811e+06|2.100133307e+06|3.224445054e+03|3.227235585e+03|3.231753848e+03|3.227032918e+03|4.329331601e+10|4.342025857e+10|4.362604766e+10|4.341254424e+10|8.070000732e+03|8.073694580e+03|8.079670410e+03|8.073429199e+03|1.870082122e+03
4.146137918e+05|2.094710680e+06|2.096711641e+06|2.099747732e+06|2.097288196e+06|3.220904227e+03|3.223201536e+03|3.226644687e+03|3.223817687e+03|4.313295423e+10|4.323688064e+10|4.339336840e+10|4.326587977e+10|8.065328369e+03|8.068362549e+03|8.072911743e+03|8.069181641e+03|1.870082122e+03
4.396561377e+05|2.091816162e+06|2.093703932e+06|2.097124389e+06|2.094471479e+06|3.217580038e+03|3.219748167e+03|3.223673976e+03|3.220599138e+03|4.298271229e+10|4.308068555e+10|4.325828209e+10|4.312007543e+10|8.060943726e+03|8.063806152e+03|8.068981201e+03|8.064931641e+03|1.870082122e+03
4.622666095e+05|2.088055855e+06|2.090094803e+06|2.092955218e+06|2.089857300e+06|3.213259798e+03|3.215602603e+03|3.218888317e+03|3.215302469e+03|4.278772161e+10|4.289341745e+10|4.304182235e+10|4.288093444e+10|8.055243774e+03|8.058337891e+03|8.062673706e+03|8.057938965e+03|1.870082122e+03
4.846057779e+05|2.084905093e+06|2.086987779e+06|2.089102940e+06|2.086539287e+06|3.209638354e+03|3.212032322e+03|3.214462999e+03|3.211500038e+03|4.262450383e+10|4.273238088e+10|4.284198597e+10|4.270905589e+10|8.050463379e+03|8.053624756e+03|8.056829712e+03|8.052918945e+03|1.870082122e+03
5.069001506e+05|2.081430998e+06|2.083493793e+06|2.085959455e+06|2.084771513e+06|3.205643666e+03|3.208015774e+03|3.210850378e+03|3.209471887e+03|4.244468051e+10|4.255142834e+10|4.267911109e+10|4.261758436e+10|8.045182495e+03|8.048320068e+03|8.052064575e+03|8.050239258e+03|1.870082122e+03
5.256492107e+05|2.077854363e+06|2.079604720e+06|2.081969855e+06|2.079803574e+06|3.201529307e+03|3.203543043e+03|3.206263381e+03|3.203745801e+03|4.225977315e+10|4.235024223e+10|4.247255409e+10|4.236013691e+10|8.039745728e+03|8.042406006e+03|8.046002075e+03|8.042676270e+03|1.870082122e+03
5.463589362e+05|2.074358319e+06|2.076808591e+06|2.078675807e+06|2.075834890e+06|3.197462750e+03|3.200324865e+03|3.202474407e+03|3.199156421e+03|4.207784373e+10|4.220570671e+10|4.230222523e+10|4.215432299e+10|8.034381104e+03|8.038151855e+03|8.040996094e+03|8.036614258e+03|1.870082122e+03
5.650695701e+05|2.071502286e+06|2.073531429e+06|2.076907691e+06|2.073981666e+06|3.194125641e+03|3.196496692e+03|3.200439467e+03|3.196991405e+03|4.192891426e+10|4.203471311e+10|4.221084411e+10|4.205773938e+10|8.029976318e+03|8.033104004e+03|8.038299805e+03|8.033758789e+03|1.870082122e+03
5.833657345e+05|2.067883843e+06|2.069681106e+06|2.072716088e+06|2.070402278e+06|3.189896099e+03|3.191997115e+03|3.195544025e+03|3.192823701e+03|4.174039604e+10|4.183400855e+10|4.199219548e+10|4.187145345e+10|8.024397705e+03|8.027169189e+03|8.031846924e+03|8.028259766e+03|1.870082122e+03
6.007749900e+05|2.063844779e+06|2.066162466e+06|2.068831278e+06|2.065414916e+06|3.185172783e+03|3.187883380e+03|3.191003713e+03|3.186989430e+03|4.153018756e+10|4.165077991e+10|4.178973865e+10|4.161171405e+10|8.018159546e+03|8.021742676e+03|8.025860474e+03|8.020558105e+03|1.870082122e+03
6.190458464e+05|2.061147802e+06|2.063473595e+06|2.066167422e+06|2.063752271e+06|3.182017669e+03|3.184738605e+03|3.187889175e+03|3.185050985e+03|4.138996105e+10|4.151088165e+10|4.165103790e+10|4.152532513e+10|8.013994629e+03|8.017587402e+03|8.021745483e+03|8.017998047e+03|1.870082122e+03
6.357268619e+05|2.056211152e+06|2.058935725e+06|2.061115671e+06|2.058820065e+06|3.176225775e+03|3.179429080e+03|3.181980075e+03|3.179265237e+03|4.113311435e+10|4.127503151e+10|4.138829127e+10|4.126849388e+10|8.006339966e+03|8.010571289e+03|8.013940918e+03|8.010356934e+03|1.870082122e+03
6.521263137e+05|2.052766510e+06|2.055955438e+06|2.059102382e+06|2.055917253e+06|3.172126801e+03|3.175921539e+03|3.179624126e+03|3.175843008e+03|4.095240463e+10|4.111968941e+10|4.128368826e+10|4.111698017e+10|8.000936646e+03|8.005939697e+03|8.010828613e+03|8.005841309e+03|1.870082122e+03
6.687252569e+05|2.050215045e+06|2.052351983e+06|2.054582423e+06|2.052338186e+06|3.169089649e+03|3.171633426e+03|3.174287851e+03|3.171600298e+03|4.081867448e+10|4.093067253e+10|4.104763164e+10|4.092977299e+10|7.996932617e+03|8.000286865e+03|8.003783691e+03|8.000241699e+03|1.870082122e+03
6.842079727e+05|2.046370764e+06|2.049456292e+06|2.051867058e+06|2.049564076e+06|3.164511947e+03|3.168186297e+03|3.171056233e+03|3.168294499e+03|4.061737247e+10|4.077892138e+10|4.090525245e+10|4.078443265e+10|7.990894897e+03|7.995742920e+03|7.999527954e+03|7.995882324e+03|1.870082122e+03
7.002214796e+05|2.042801049e+06|2.044899984e+06|2.046527111e+06|2.044829603e+06|3.160259424e+03|3.162760046e+03|3.164698162e+03|3.162662365e+03|4.043066728e+10|4.054042289e+10|4.062555438e+10|4.053665922e+10|7.985278564e+03|7.988583496e+03|7.991140503e+03|7.988450195e+03|1.870082122e+03
7.142513407e+05|2.039743661e+06|2.042036577e+06|2.044852752e+06|2.041983178e+06|3.156615866e+03|3.159348502e+03|3.162703782e+03|3.159253490e+03|4.027091685e+10|4.039070936e+10|4.053795230e+10|4.038754312e+10|7.980465576e+03|7.984075439e+03|7.988506958e+03|7.983950195e+03|1.870082122e+03
7.292852038e+05|2.034014556e+06|2.036739212e+06|2.039575753e+06|2.036444933e+06|3.149723923e+03|3.153022457e+03|3.156415729e+03|3.152628147e+03|3.997001123e+10|4.011370131e+10|4.026214779e+10|4.009742938e+10|7.971371216e+03|7.975719482e+03|7.980202759e+03|7.975203613e+03|1.870082122e+03
7.435063188e+05|2.031669453e+06|2.034338553e+06|2.037397940e+06|2.034435863e+06|3.146884115e+03|3.150116214e+03|3.153819370e+03|3.150209484e+03|3.984643417e+10|3.998709136e+10|4.014844546e+10|3.999185831e+10|7.967633545e+03|7.971887939e+03|7.976768555e+03|7.972014160e+03|1.870082122e+03
7.569327058e+05|2.028597541e+06|2.031414866e+06|2.033625101e+06|2.030796198e+06|3.143163093e+03|3.146575780e+03|3.149252362e+03|3.145817611e+03|3.968469414e+10|3.983302383e+10|3.994948222e+10|3.980049011e+10|7.962720215e+03|7.967222412e+03|7.970751709e+03|7.966222656e+03|1.870082122e+03
7.713774315e+05|2.025112821e+06|2.027818414e+06|2.030596608e+06|2.028418302e+06|3.138940541e+03|3.142219137e+03|3.145584712e+03|3.142922351e+03|3.950143595e+10|3.964369694e+10|3.978992974e+10|3.967510686e+10|7.957151367e+03|7.961480469e+03|7.965918213e+03|7.962403320e+03|1.870082122e+03
7.855938171e+05|2.021596167e+06|2.023839567e+06|2.026538731e+06|2.023861148e+06|3.134677696e+03|3.137397308e+03|3.140668559e+03|3.137411776e+03|3.931668737e+10|3.943452265e+10|3.957639719e+10|3.943556386e+10|7.951524414e+03|7.955116211e+03|7.959430054e+03|7.955132324e+03|1.870082122e+03
7.988224415e+05|2.017463416e+06|2.019518445e+06|2.022791001e+06|2.019975897e+06|3.129652080e+03|3.132158346e+03|3.136126241e+03|3.132685266e+03|3.909945905e+10|3.920766356e+10|3.937943496e+10|3.923114631e+10|7.944882690e+03|7.948194580e+03|7.953435791e+03|7.948894531e+03|1.870082122e+03
8.112005255e+05|2.015548878e+06|2.017708404e+06|2.020494332e+06|2.018432371e+06|3.127290879e+03|3.129954190e+03|3.133341731e+03|3.130799580e+03|3.899788976e+10|3.911246026e+10|3.925886209e+10|3.914977502e+10|7.941774536e+03|7.945283447e+03|7.949754028e+03|7.946404785e+03|1.870082122e+03
8.247370332e+05|2.010622831e+06|2.012853884e+06|2.015569855e+06|2.012926498e+06|3.121213465e+03|3.123966362e+03|3.127316753e+03|3.124031374e+03|3.873685107e+10|3.885502519e+10|3.899900226e+10|3.885859571e+10|7.933769531e+03|7.937395020e+03|7.941807251e+03|7.937480469e+03|1.870082122e+03
8.370033497e+05|2.008755427e+06|2.010443794e+06|2.012743320e+06|2.011087209e+06|3.118908797e+03|3.120992525e+03|3.123829951e+03|3.121771855e+03|3.863800550e+10|3.872737130e+10|3.884916675e+10|3.876131880e+10|7.930727051e+03|7.933478027e+03|7.937218628e+03|7.934501465e+03|1.870082122e+03
8.501408923e+05|2.005081488e+06|2.007497919e+06|2.009362983e+06|2.007532593e+06|3.114373294e+03|3.117356585e+03|3.119658664e+03|3.117365728e+03|3.844371772e+10|3.857147798e+10|3.867015781e+10|3.857302285e+10|7.924745972e+03|7.928682129e+03|7.931718872e+03|7.928689941e+03|1.870082122e+03
8.636306485e+05|2.000352191e+06|2.002707337e+06|2.004554042e+06|2.002529998e+06|3.108532437e+03|3.111441484e+03|3.113722019e+03|3.111201632e+03|3.819397762e+10|3.831829493e+10|3.841584482e+10|3.830860116e+10|7.917032471e+03|7.920872314e+03|7.923885010e+03|7.920558105e+03|1.870082122e+03
8.747775751e+05|1.998319526e+06|2.000512971e+06|2.003847135e+06|2.000409835e+06|3.106001266e+03|3.108731053e+03|3.112849095e+03|3.108558824e+03|3.808612094e+10|3.820246119e+10|3.837849603e+10|3.819616068e+10|7.913691895e+03|7.917291260e+03|7.922734497e+03|7.917071777e+03|1.870082122e+03
8.868709129e+05|1.994248809e+06|1.996174325e+06|1.998926339e+06|1.996127576e+06|3.100884541e+03|3.103305086e+03|3.106763836e+03|3.103209599e+03|3.786888685e+10|3.797159185e+10|3.811853317e+10|3.796857998e+10|7.906955811e+03|7.910143799e+03|7.914697388e+03|7.910018555e+03|1.870082122e+03
8.988135053e+05|1.990426050e+06|1.992768634e+06|1.994957990e+06|1.993662655e+06|3.096077668e+03|3.099023527e+03|3.101776098e+03|3.100125288e+03|3.766519409e+10|3.778998855e+10|3.790670088e+10|3.783736694e+10|7.900617920e+03|7.904503906e+03|7.908131104e+03|7.905954590e+03|1.870082122e+03
9.106829255e+05|1.986900893e+06|1.988898776e+06|1.991648716e+06|1.989301656e+06|3.091643444e+03|3.094156725e+03|3.097615284e+03|3.094645680e+03|3.747762343e+10|3.758389915e+10|3.773031697e+10|3.760523499e+10|7.894769653e+03|7.898086426e+03|7.902645386e+03|7.898728027e+03|1.870082122e+03
9.235698783e+05|1.983586871e+06|1.985235826e+06|1.988461815e+06|1.985762951e+06|3.087473427e+03|3.089548465e+03|3.093607081e+03|3.090179716e+03|3.730150534e+10|3.738910989e+10|3.756064883e+10|3.741678746e+10|7.889266846e+03|7.892004639e+03|7.897360474e+03|7.892837891e+03|1.870082122e+03
9.349436777e+05|1.980446818e+06|1.982450615e+06|1.984287736e+06|1.981602980e+06|3.083515434e+03|3.086043375e+03|3.088355433e+03|3.084946251e+03|3.713464360e+10|3.724116966e+10|3.733873402e+10|3.719544406e+10|7.884042603e+03|7.887379883e+03|7.890430298e+03|7.885934570e+03|1.870082122e+03
9.448659913e+05|1.976224218e+06|1.978734165e+06|1.981814867e+06|1.979208612e+06|3.078111068e+03|3.081323714e+03|3.085243176e+03|3.081891474e+03|3.690794454e+10|3.704265320e+10|3.720742211e+10|3.706736245e+10|7.876928589e+03|7.881156982e+03|7.886322144e+03|7.881906738e+03|1.870082122e+03
9.565840994e+05|1.972682057e+06|1.976438083e+06|1.978973958e+06|1.976037368e+06|3.073575988e+03|3.078384837e+03|3.081630603e+03|3.077845714e+03|3.671805286e+10|3.691941770e+10|3.705552952e+10|3.689762906e+10|7.870950806e+03|7.877288574e+03|7.881559448e+03|7.876576172e+03|1.870082122e+03
9.682906647e+05|1.969785621e+06|1.972209581e+06|1.975433552e+06|1.972721748e+06|3.069866559e+03|3.072970960e+03|3.077098892e+03|3.073602916e+03|3.656296736e+10|3.669274303e+10|3.686553572e+10|3.671999426e+10|7.866060303e+03|7.870154785e+03|7.875593018e+03|7.870984375e+03|1.870082122e+03
9.802984711e+05|1.966166349e+06|1.968165386e+06|1.970008784e+06|1.968025361e+06|3.065230038e+03|3.067791122e+03|3.070152397e+03|3.067596899e+03|3.636943591e+10|3.647629755e+10|3.657491023e+10|3.646866149e+10|7.859943848e+03|7.863322266e+03|7.866437256e+03|7.863065430e+03|1.870082122e+03
9.914621882e+05|1.961760586e+06|1.964864682e+06|1.967125144e+06|1.963299940e+06|3.059566162e+03|3.063562148e+03|3.066458465e+03|3.061505622e+03|3.613366114e+10|3.629989221e+10|3.642068066e+10|3.621520130e+10|7.852468506e+03|7.857741699e+03|7.861563477e+03|7.855033203e+03|1.870082122e+03
1.001800111e+06|1.959700821e+06|1.961857578e+06|1.964825922e+06|1.962569690e+06|3.056876697e+03|3.059692795e+03|3.063512480e+03|3.060568943e+03|3.602225947e+10|3.613890879e+10|3.629782187e+10|3.617617229e+10|7.848927002e+03|7.852633545e+03|7.857674316e+03|7.853796875e+03|1.870082122e+03
1.011945621e+06|1.955519345e+06|1.958299113e+06|1.962043954e+06|1.958331714e+06|3.051415465e+03|3.055046203e+03|3.059936125e+03|3.055064286e+03|3.579638946e+10|3.594650162e+10|3.614899332e+10|3.594800336e+10|7.841735962e+03|7.846518799e+03|7.852958862e+03|7.846542480e+03|1.870082122e+03
1.022211341e+06|1.953159048e+06|1.955605168e+06|1.958811579e+06|1.956179184e+06|3.048331951e+03|3.051527574e+03|3.055715459e+03|3.052259581e+03|3.566906131e+10|3.580102154e+10|3.597419395e+10|3.583190217e+10|7.837676514e+03|7.841884521e+03|7.847398193e+03|7.842846680e+03|1.870082122e+03
1.032535113e+06|1.950030139e+06|1.952246743e+06|1.954896968e+06|1.952910725e+06|3.044243379e+03|3.047139946e+03|3.050602444e+03|3.047997417e+03|3.550045798e+10|3.561987887e+10|3.576280308e+10|3.565567973e+10|7.832285034e+03|7.836103760e+03|7.840666260e+03|7.837231445e+03|1.870082122e+03
1.043299797e+06|1.946260653e+06|1.948770666e+06|1.950983674e+06|1.948889002e+06|3.039316341e+03|3.042597315e+03|3.045489485e+03|3.042734189e+03|3.529762451e+10|3.543265139e+10|3.555181691e+10|3.543882284e+10|7.825782959e+03|7.830112305e+03|7.833927124e+03|7.830291992e+03|1.870082122e+03
1.055071992e+06|1.942340974e+06|1.944926901e+06|1.947664563e+06|1.945144083e+06|3.034136896e+03|3.037572643e+03|3.041151553e+03|3.037807704e+03|3.508525119e+10|3.522593221e+10|3.537313092e+10|3.523650160e+10|7.818957153e+03|7.823480713e+03|7.828205200e+03|7.823796387e+03|1.870082122e+03
1.065214223e+06|1.937905705e+06|1.941295280e+06|1.943919624e+06|1.940366242e+06|3.028231218e+03|3.032744706e+03|3.036238428e+03|3.031488711e+03|3.484396534e+10|3.502831920e+10|3.517124762e+10|3.497765897e+10|7.811182251e+03|7.817125000e+03|7.821726440e+03|7.815470215e+03|1.870082122e+03
1.074580084e+06|1.934820929e+06|1.937625454e+06|1.941634575e+06|1.937384944e+06|3.024122580e+03|3.027857989e+03|3.033196438e+03|3.027515401e+03|3.467643438e+10|3.482873670e+10|3.504678959e+10|3.481559874e+10|7.805770874e+03|7.810693604e+03|7.817720093e+03|7.810237305e+03|1.870082122e+03
1.083599874e+06|1.931501913e+06|1.935490930e+06|1.937830331e+06|1.935061690e+06|3.019700874e+03|3.025015042e+03|3.028130838e+03|3.024432358e+03|3.449645168e+10|3.471280320e+10|3.483986942e+10|3.468953456e+10|7.799940186e+03|7.806945068e+03|7.811049927e+03|7.806174805e+03|1.870082122e+03
1.093510816e+06|1.929351940e+06|1.932846201e+06|1.935383848e+06|1.932597427e+06|3.016836009e+03|3.021491916e+03|3.024872407e+03|3.021145057e+03|3.438000285e+10|3.456931803e+10|3.470698998e+10|3.455576596e+10|7.796159912e+03|7.802301514e+03|7.806758789e+03|7.801841309e+03|1.870082122e+03
1.102697806e+06|1.926457947e+06|1.928721044e+06|1.931537889e+06|1.928663225e+06|3.012962929e+03|3.015995243e+03|3.019748809e+03|3.015891625e+03|3.422289422e+10|3.434585255e+10|3.449840119e+10|3.434210220e+10|7.791051025e+03|7.795048828e+03|7.800004150e+03|7.794916016e+03|1.870082122e+03
1.114350666e+06|1.922853760e+06|1.924884836e+06|1.927093406e+06|1.925081281e+06|3.008072147e+03|3.010828410e+03|3.013824343e+03|3.011065794e+03|3.402531125e+10|3.413661603e+10|3.425773839e+10|3.414683170e+10|7.784614014e+03|7.788245361e+03|7.792183350e+03|7.788556152e+03|1.870082122e+03
1.124693602e+06|1.918275610e+06|1.921071841e+06|1.924176730e+06|1.921010140e+06|3.001857972e+03|3.005653683e+03|3.009867521e+03|3.005534215e+03|3.377480355e+10|3.392774536e+10|3.409779951e+10|3.392398871e+10|7.776432861e+03|7.781431152e+03|7.786980713e+03|7.781271484e+03|1.870082122e+03
1.134934770e+06|1.914734319e+06|1.918308776e+06|1.920770864e+06|1.917972725e+06|2.997049835e+03|3.001902998e+03|3.005245161e+03|3.001434819e+03|3.358139471e+10|3.377661647e+10|3.391127377e+10|3.375826035e+10|7.770095093e+03|7.776490723e+03|7.780893921e+03|7.775870117e+03|1.870082122e+03
1.142877082e+06|1.912893778e+06|1.915193696e+06|1.918066266e+06|1.915349335e+06|2.994550402e+03|2.997673614e+03|3.001573771e+03|2.997867036e+03|3.348100263e+10|3.360646571e+10|3.376336136e+10|3.361480900e+10|7.766798462e+03|7.770915283e+03|7.776056152e+03|7.771167969e+03|1.870082122e+03
1.151596783e+06|1.909093850e+06|1.912201448e+06|1.914729146e+06|1.912156893e+06|2.989365285e+03|2.993610144e+03|2.997042811e+03|2.993521710e+03|3.327323341e+10|3.344326180e+10|3.358111241e+10|3.344025683e+10|7.759958130e+03|7.765554443e+03|7.770083496e+03|7.765440430e+03|1.870082122e+03
1.161016775e+06|1.906673546e+06|1.909513924e+06|1.912296500e+06|1.909624858e+06|2.986008956e+03|2.989947770e+03|2.993739237e+03|2.990041513e+03|3.313936652e+10|3.329648212e+10|3.344844265e+10|3.330120944e+10|7.755541016e+03|7.760725098e+03|7.765726196e+03|7.760855469e+03|1.870082122e+03
1.171624136e+06|1.902035226e+06|1.904752277e+06|1.907759103e+06|1.904691841e+06|2.979575450e+03|2.983344309e+03|2.987514401e+03|2.983239580e+03|3.288326477e+10|3.303321447e+10|3.319938984e+10|3.302971958e+10|7.747075684e+03|7.752036133e+03|7.757526245e+03|7.751896484e+03|1.870082122e+03
1.179951483e+06|1.898879987e+06|1.901669339e+06|1.904341335e+06|1.901489032e+06|2.975198002e+03|2.979067876e+03|2.982774325e+03|2.978782785e+03|3.270938455e+10|3.286308742e+10|3.301052240e+10|3.285279641e+10|7.741307129e+03|7.746403564e+03|7.751286255e+03|7.746026855e+03|1.870082122e+03
1.189432104e+06|1.896024193e+06|1.898775036e+06|1.901400526e+06|1.898489219e+06|2.971235273e+03|2.975052383e+03|2.978694961e+03|2.974633214e+03|3.255224204e+10|3.270360545e+10|3.284826567e+10|3.268763429e+10|7.736078247e+03|7.741113037e+03|7.745915283e+03|7.740559570e+03|1.870082122e+03
1.200591135e+06|1.892267075e+06|1.894378413e+06|1.898162607e+06|1.894640842e+06|2.965998374e+03|2.968951263e+03|2.974202623e+03|2.969272627e+03|3.234508967e+10|3.246178391e+10|3.266988880e+10|3.247532272e+10|7.729179688e+03|7.733067627e+03|7.739994995e+03|7.733495117e+03|1.870082122e+03
1.209735783e+06|1.888839368e+06|1.891319206e+06|1.894399555e+06|1.891620696e+06|2.961149220e+03|2.964657516e+03|2.968980605e+03|2.965053274e+03|3.215407054e+10|3.229223268e+10|3.246294546e+10|3.230832452e+10|7.722794800e+03|7.727415771e+03|7.733108643e+03|7.727937500e+03|1.870082122e+03
1.217603733e+06|1.885508689e+06|1.888772128e+06|1.891463784e+06|1.888052789e+06|2.956436509e+03|2.961054087e+03|2.964862040e+03|2.960026979e+03|3.196878938e+10|3.215032706e+10|3.230029329e+10|3.211040228e+10|7.716593140e+03|7.722671631e+03|7.727679810e+03|7.721316895e+03|1.870082122e+03
1.226022225e+06|1.882184873e+06|1.885697247e+06|1.887501845e+06|1.884677535e+06|2.951732699e+03|2.956703330e+03|2.959256803e+03|2.955246818e+03|3.178422915e+10|3.197926893e+10|3.207962607e+10|3.192261919e+10|7.710396240e+03|7.716945801e+03|7.720308838e+03|7.715023926e+03|1.870082122e+03
1.234638453e+06|1.878740017e+06|1.881718820e+06|1.884981615e+06|1.881226364e+06|2.946856741e+03|2.951073084e+03|2.955690658e+03|2.950352860e+03|3.159330155e+10|3.175837794e+10|3.193950145e+10|3.173081105e+10|7.703965454e+03|7.709524902e+03|7.715608765e+03|7.708575195e+03|1.870082122e+03
1.243062052e+06|1.876485778e+06|1.879229925e+06|1.883161680e+06|1.879945756e+06|2.943662322e+03|2.947550227e+03|2.953115146e+03|2.948536776e+03|3.146844511e+10|3.162043276e+10|3.183843337e+10|3.165976942e+10|7.699754272e+03|7.704879883e+03|7.712219971e+03|7.706180664e+03|1.870082122e+03
1.252094843e+06|1.873046189e+06|1.876068199e+06|1.878841333e+06|1.875671218e+06|2.938707711e+03|2.943060853e+03|2.947000160e+03|2.942446020e+03|3.127554616e+10|3.144500686e+10|3.159891192e+10|3.142178746e+10|7.693231201e+03|7.698962402e+03|7.704155029e+03|7.698156250e+03|1.870082122e+03
1.261879528e+06|1.869446865e+06|1.871277060e+06|1.874022339e+06|1.871922574e+06|2.933522208e+03|2.936159051e+03|2.940113898e+03|2.937071985e+03|3.107408450e+10|3.117647328e+10|3.133025318e+10|3.121242886e+10|7.686401978e+03|7.689875000e+03|7.695082275e+03|7.691077637e+03|1.870082122e+03
1.271378075e+06|1.866056787e+06|1.869501881e+06|1.872580059e+06|1.869328026e+06|2.928637419e+03|2.933601477e+03|2.938036208e+03|2.933337990e+03|3.088470785e+10|3.107716038e+10|3.124943285e+10|3.106736325e+10|7.679964966e+03|7.686509766e+03|7.692346558e+03|7.686157715e+03|1.870082122e+03
1.279400465e+06|1.863779934e+06|1.866692857e+06|1.869305929e+06|1.866491601e+06|2.925327490e+03|2.929553994e+03|2.933319148e+03|2.929221601e+03|3.075674832e+10|3.092021198e+10|3.106620423e+10|3.090817010e+10|7.675604248e+03|7.681172607e+03|7.686133545e+03|7.680736328e+03|1.870082122e+03
1.287214373e+06|1.861078639e+06|1.863446095e+06|1.865638635e+06|1.863194314e+06|2.921377064e+03|2.924839299e+03|2.928034851e+03|2.924441888e+03|3.060437227e+10|3.073790364e+10|3.086137416e+10|3.072322785e+10|7.670408447e+03|7.674962402e+03|7.679170532e+03|7.674439453e+03|1.870082122e+03
1.296013833e+06|1.856697627e+06|1.859651637e+06|1.861600152e+06|1.859320765e+06|2.914969354e+03|2.919290030e+03|2.922139766e+03|2.918781862e+03|3.035777010e+10|3.052397546e+10|3.063377118e+10|3.050509310e+10|7.661964111e+03|7.667658447e+03|7.671409790e+03|7.666987305e+03|1.870082122e+03
1.304158207e+06|1.853261720e+06|1.856867250e+06|1.859848110e+06|1.856755529e+06|2.909930273e+03|2.915217467e+03|2.919577385e+03|2.915023345e+03|3.016438153e+10|3.036730600e+10|3.053504071e+10|3.036056704e+10|7.655323242e+03|7.662289551e+03|7.668039551e+03|7.662036133e+03|1.870082122e+03
1.312525605e+06|1.850183016e+06|1.853459743e+06|1.856575395e+06|1.853362784e+06|2.905355994e+03|2.910224477e+03|2.914790562e+03|2.910034384e+03|2.998946354e+10|3.017564380e+10|3.035089917e+10|3.016909597e+10|7.649305298e+03|7.655711182e+03|7.661731812e+03|7.655464844e+03|1.870082122e+03
1.321237825e+06|1.847051717e+06|1.850202586e+06|1.853164588e+06|1.850063634e+06|2.900703152e+03|2.905385074e+03|2.909785962e+03|2.905155711e+03|2.981189707e+10|2.999057370e+10|3.015885801e+10|2.998246349e+10|7.643177612e+03|7.649341797e+03|7.655133057e+03|7.649040039e+03|1.870082122e+03
1.330280947e+06|1.843797418e+06|1.846305269e+06|1.848726150e+06|1.846795752e+06|2.895867097e+03|2.899593935e+03|2.903191271e+03|2.900309039e+03|2.962771780e+10|2.976961642e+10|2.990680460e+10|2.979730344e+10|7.636802856e+03|7.641714111e+03|7.646453857e+03|7.642658203e+03|1.870082122e+03
1.339612377e+06|1.840476101e+06|1.843690560e+06|1.846355516e+06|1.843093056e+06|2.890883511e+03|2.895708292e+03|2.899668602e+03|2.894772159e+03|2.943849011e+10|2.962167659e+10|2.977246167e+10|2.958685371e+10|7.630244751e+03|7.636595947e+03|7.641815308e+03|7.635364258e+03|1.870082122e+03
1.347639121e+06|1.837923965e+06|1.840934669e+06|1.843911717e+06|1.840580998e+06|2.887035793e+03|2.891574847e+03|2.896036959e+03|2.891019318e+03|2.929273564e+10|2.946470484e+10|2.963418019e+10|2.944412174e+10|7.625181519e+03|7.631154053e+03|7.637029053e+03|7.630423340e+03|1.870082122e+03
1.355158835e+06|1.834811219e+06|1.837988983e+06|1.840787051e+06|1.837767979e+06|2.882342582e+03|2.887133821e+03|2.891352297e+03|2.886767425e+03|2.911529236e+10|2.929644581e+10|2.945626889e+10|2.928345308e+10|7.618995117e+03|7.625309326e+03|7.630862061e+03|7.624823242e+03|1.870082122e+03
1.363417064e+06|1.829995219e+06|1.832955417e+06|1.836490457e+06|1.832985863e+06|2.875035528e+03|2.879544364e+03|2.884874476e+03|2.879544109e+03|2.883994800e+10|2.900967297e+10|2.921097288e+10|2.901048341e+10|7.609372314e+03|7.615309082e+03|7.622333130e+03|7.615310547e+03|1.870082122e+03
1.370557027e+06|1.828195441e+06|1.831287531e+06|1.834007813e+06|1.831041806e+06|2.872274686e+03|2.877017883e+03|2.881131204e+03|2.876597485e+03|2.873627206e+10|2.891447049e+10|2.906955292e+10|2.889932390e+10|7.605740967e+03|7.611977783e+03|7.617400024e+03|7.611429199e+03|1.870082122e+03
1.378158835e+06|1.826173087e+06|1.828518762e+06|1.832561838e+06|1.829009376e+06|2.869172338e+03|2.872770662e+03|2.878950902e+03|2.873486018e+03|2.861992183e+10|2.875488590e+10|2.898728939e+10|2.878253891e+10|7.601655884e+03|7.606392334e+03|7.614527344e+03|7.607332520e+03|1.870082122e+03
1.386222115e+06|1.822686630e+06|1.824601116e+06|1.828221459e+06|1.825109467e+06|2.863823825e+03|2.866760835e+03|2.872314599e+03|2.867523604e+03|2.841972093e+10|2.852959583e+10|2.873776798e+10|2.855866963e+10|7.594606812e+03|7.598479492e+03|7.605790283e+03|7.599481445e+03|1.870082122e+03
1.394990287e+06|1.818122374e+06|1.822284637e+06|1.825955102e+06|1.822156324e+06|2.856760933e+03|2.863207119e+03|2.868837939e+03|2.862971625e+03|2.815620153e+10|2.839666843e+10|2.860739070e+10|2.838856096e+10|7.585310181e+03|7.593794189e+03|7.601214966e+03|7.593486816e+03|1.870082122e+03
1.403389629e+06|1.813422095e+06|1.817800872e+06|1.821651844e+06|1.817586969e+06|2.849448899e+03|2.856260792e+03|2.862236332e+03|2.855892691e+03|2.788435641e+10|2.813757796e+10|2.836039450e+10|2.812475939e+10|7.575679443e+03|7.584648438e+03|7.592515991e+03|7.584163574e+03|1.870082122e+03
1.413268515e+06|1.811441709e+06|1.815026301e+06|1.818632124e+06|1.814704894e+06|2.846368036e+03|2.851944519e+03|2.857553920e+03|2.851415402e+03|2.777009589e+10|2.797703344e+10|2.818573863e+10|2.795811211e+10|7.571617920e+03|7.578964600e+03|7.586352173e+03|7.578267090e+03|1.870082122e+03
1.421044126e+06|1.808537411e+06|1.811014920e+06|1.813622108e+06|1.810562315e+06|2.841797006e+03|2.845704082e+03|2.849760056e+03|2.844949377e+03|2.760105413e+10|2.774549349e+10|2.789590602e+10|2.771816200e+10|7.565602417e+03|7.570742920e+03|7.576087646e+03|7.569751953e+03|1.870082122e+03
1.427299761e+06|1.804188992e+06|1.806958884e+06|1.811053637e+06|1.807610989e+06|2.834903102e+03|2.839294421e+03|2.845764313e+03|2.840300011e+03|2.734696682e+10|2.750872109e+10|2.774772515e+10|2.754638397e+10|7.556522583e+03|7.562304932e+03|7.570822510e+03|7.563629883e+03|1.870082122e+03
1.434665021e+06|1.800985785e+06|1.803774910e+06|1.807208626e+06|1.804196992e+06|2.829824893e+03|2.834246633e+03|2.839690360e+03|2.834888650e+03|2.716033296e+10|2.732281481e+10|2.752332215e+10|2.734717482e+10|7.549830933e+03|7.555661377e+03|7.562828247e+03|7.556502441e+03|1.870082122e+03
1.441376153e+06|1.798733782e+06|1.802947030e+06|1.806176183e+06|1.802379815e+06|2.826228329e+03|2.832934147e+03|2.838053541e+03|2.831994312e+03|2.702844470e+10|2.727455005e+10|2.746297914e+10|2.724090284e+10|7.545094604e+03|7.553932861e+03|7.560672974e+03|7.552691895e+03|1.870082122e+03
1.448844615e+06|1.795896983e+06|1.800200519e+06|1.804432310e+06|1.800258270e+06|2.821665955e+03|2.828579983e+03|2.835288850e+03|2.828608801e+03|2.686148919e+10|2.711465072e+10|2.736116233e+10|2.711665591e+10|7.539093384e+03|7.548193359e+03|7.557033813e+03|7.548234375e+03|1.870082122e+03
1.456433912e+06|1.795402972e+06|1.797812333e+06|1.802189336e+06|1.798585056e+06|2.820871464e+03|2.824746360e+03|2.831732935e+03|2.825940798e+03|2.683245300e+10|2.697417339e+10|2.723040373e+10|2.701876344e+10|7.538047485e+03|7.543146973e+03|7.552348633e+03|7.544720703e+03|1.870082122e+03
1.464338960e+06|1.789882245e+06|1.794073563e+06|1.799080724e+06|1.794675294e+06|2.811993125e+03|2.818733472e+03|2.826786320e+03|2.819658737e+03|2.650875078e+10|2.675437292e+10|2.704888906e+10|2.678925455e+10|7.526344727e+03|7.535231689e+03|7.545832031e+03|7.536445801e+03|1.870082122e+03
1.474049043e+06|1.787491802e+06|1.791556581e+06|1.795795961e+06|1.791452482e+06|2.808092702e+03|2.814685695e+03|2.821503487e+03|2.814456852e+03|2.636714231e+10|2.660677142e+10|2.685555044e+10|2.659958316e+10|7.521213989e+03|7.529897949e+03|7.538880005e+03|7.529595703e+03|1.870082122e+03
1.483084484e+06|1.785089325e+06|1.787675136e+06|1.790911378e+06|1.787829059e+06|2.804165191e+03|2.808392421e+03|2.813648109e+03|2.808603328e+03|2.622481940e+10|2.637801380e+10|2.656898343e+10|2.638633514e+10|7.516041992e+03|7.521606934e+03|7.528531860e+03|7.521886230e+03|1.870082122e+03
1.491019514e+06|1.780889484e+06|1.783915489e+06|1.786547077e+06|1.783960918e+06|2.797279778e+03|2.802246309e+03|2.806548262e+03|2.802284925e+03|2.597598786e+10|2.615538418e+10|2.631114279e+10|2.615740134e+10|7.506968872e+03|7.513514648e+03|7.519178101e+03|7.513564453e+03|1.870082122e+03
1.497978111e+06|1.777553564e+06|1.780724656e+06|1.784417039e+06|1.781037059e+06|2.791747896e+03|2.797007979e+03|2.803066191e+03|2.797479976e+03|2.577654584e+10|2.596618389e+10|2.618504353e+10|2.598371409e+10|7.499690308e+03|7.506612793e+03|7.514592896e+03|7.507237305e+03|1.870082122e+03
1.504748719e+06|1.775616944e+06|1.778959638e+06|1.781548956e+06|1.778720021e+06|2.788523828e+03|2.794088846e+03|2.798367255e+03|2.793652382e+03|2.566049980e+10|2.586092595e+10|2.601522832e+10|2.584568123e+10|7.495445679e+03|7.502771484e+03|7.508400146e+03|7.502196289e+03|1.870082122e+03
1.510511204e+06|1.771578394e+06|1.776290534e+06|1.780153636e+06|1.775569049e+06|2.781801165e+03|2.789645191e+03|2.796066380e+03|2.788420448e+03|2.541914764e+10|2.570084085e+10|2.593222914e+10|2.565742430e+10|7.486587402e+03|7.496920654e+03|7.505373413e+03|7.495305664e+03|1.870082122e+03
1.517112500e+06|1.769306315e+06|1.774190712e+06|1.777791097e+06|1.773612723e+06|2.778011177e+03|2.786149584e+03|2.792143351e+03|2.785148967e+03|2.528343076e+10|2.557516501e+10|2.579079294e+10|2.554002603e+10|7.481593140e+03|7.492317627e+03|7.500211060e+03|7.490998047e+03|1.870082122e+03
1.524930598e+06|1.766694737e+06|1.770473231e+06|1.775410681e+06|1.770184184e+06|2.773582703e+03|2.779961646e+03|2.788180455e+03|2.779385571e+03|2.512499181e+10|2.535325243e+10|2.564815186e+10|2.533370735e+10|7.475768921e+03|7.484161865e+03|7.494996704e+03|7.483406738e+03|1.870082122e+03
1.532129701e+06|1.761110583e+06|1.766912763e+06|1.771272549e+06|1.766283791e+06|2.764115366e+03|2.773952391e+03|2.781292086e+03|2.772817266e+03|2.478742967e+10|2.513820488e+10|2.540090447e+10|2.509872790e+10|7.463294312e+03|7.476253174e+03|7.485920410e+03|7.474755859e+03|1.870082122e+03
1.541719214e+06|1.754355941e+06|1.757474641e+06|1.762520107e+06|1.758716204e+06|2.752499936e+03|2.757880699e+03|2.766504839e+03|2.759911550e+03|2.437491333e+10|2.456575809e+10|2.487247233e+10|2.463929791e+10|7.447994751e+03|7.455081787e+03|7.466445068e+03|7.457754883e+03|1.870082122e+03
1.551482399e+06|1.750538007e+06|1.754030217e+06|1.757439408e+06|1.753889055e+06|2.745914063e+03|2.751938009e+03|2.757819903e+03|2.751618133e+03|2.414209738e+10|2.435501332e+10|2.456359665e+10|2.434490899e+10|7.439312500e+03|7.447255127e+03|7.455001343e+03|7.446829590e+03|1.870082122e+03
1.559399461e+06|1.745149226e+06|1.750887233e+06|1.756533518e+06|1.750607372e+06|2.736458327e+03|2.746516414e+03|2.756256858e+03|2.745912992e+03|2.380861764e+10|2.416335583e+10|2.450810381e+10|2.414332683e+10|7.426860840e+03|7.440109375e+03|7.452941162e+03|7.439312988e+03|1.870082122e+03
1.565528584e+06|1.741881832e+06|1.746657710e+06|1.750839711e+06|1.746534270e+06|2.730720748e+03|2.739107673e+03|2.746434451e+03|2.738817771e+03|2.360703495e+10|2.390188288e+10|2.416046609e+10|2.389278857e+10|7.419294434e+03|7.430348877e+03|7.439996460e+03|7.429963867e+03|1.870082122e+03
1.571241263e+06|1.742285821e+06|1.747449602e+06|1.750868517e+06|1.746171044e+06|2.731430088e+03|2.740498581e+03|2.746484130e+03|2.738190860e+03|2.363192335e+10|2.395090489e+10|2.416221561e+10|2.387060941e+10|7.420230225e+03|7.432183594e+03|7.440063354e+03|7.429138184e+03|1.870082122e+03
1.576190390e+06|1.738278827e+06|1.742518778e+06|1.745957256e+06|1.742251138e+06|2.724305433e+03|2.731839130e+03|2.737877431e+03|2.731299202e+03|2.338204820e+10|2.364627891e+10|2.385855616e+10|2.362809627e+10|7.410837891e+03|7.420769775e+03|7.428728638e+03|7.420056152e+03|1.870082122e+03
1.580995837e+06|1.737956014e+06|1.742618081e+06|1.747244317e+06|1.742360491e+06|2.723727374e+03|2.732013497e+03|2.740138002e+03|2.731491208e+03|2.336180389e+10|2.365239958e+10|2.393819246e+10|2.363487470e+10|7.410079224e+03|7.420999023e+03|7.431707642e+03|7.420309570e+03|1.870082122e+03
1.586505860e+06|1.736830743e+06|1.740405218e+06|1.744000537e+06|1.740675355e+06|2.721712468e+03|2.728113545e+03|2.734441068e+03|2.728521087e+03|2.329129136e+10|2.351558706e+10|2.373767829e+10|2.353046611e+10|7.407425659e+03|7.415857910e+03|7.424199097e+03|7.416395020e+03|1.870082122e+03
1.593150910e+06|1.732124209e+06|1.737336013e+06|1.740638478e+06|1.736716959e+06|2.713286997e+03|2.722617179e+03|2.728531327e+03|2.721457239e+03|2.299735122e+10|2.332294166e+10|2.353025557e+10|2.328329327e+10|7.396314453e+03|7.408615479e+03|7.416402466e+03|7.407083008e+03|1.870082122e+03
1.606225253e+06|1.728760968e+06|1.733260623e+06|1.737356226e+06|1.732669578e+06|2.707176069e+03|2.715321068e+03|2.722653372e+03|2.714184208e+03|2.278450677e+10|2.306817916e+10|2.332420801e+10|2.302942820e+10|7.388260132e+03|7.398999023e+03|7.408665405e+03|7.397495605e+03|1.870082122e+03
1.624477527e+06|1.727053251e+06|1.733339792e+06|1.738648154e+06|1.733351183e+06|2.704065093e+03|2.715462779e+03|2.724966806e+03|2.715292735e+03|2.267640233e+10|2.307311633e+10|2.340521916e+10|2.306963342e+10|7.384156616e+03|7.399182617e+03|7.411710693e+03|7.398954590e+03|1.870082122e+03
1.631238615e+06|1.731116010e+06|1.737756816e+06|1.744432552e+06|1.737475746e+06|2.711467122e+03|2.723370677e+03|2.735199730e+03|2.722662995e+03|2.293396134e+10|2.334931551e+10|2.376435348e+10|2.332740376e+10|7.393914673e+03|7.409610596e+03|7.425198486e+03|7.408669434e+03|1.870082122e+03
1.635696186e+06|1.729955700e+06|1.740609227e+06|1.747854114e+06|1.739270259e+06|2.709352833e+03|2.728478935e+03|2.741209110e+03|2.725833157e+03|2.286027225e+10|2.352841599e+10|2.397596263e+10|2.343877502e+10|7.391128052e+03|7.416333740e+03|7.433118286e+03|7.412846680e+03|1.870082122e+03
1.639385386e+06|1.735311327e+06|1.741776468e+06|1.750270074e+06|1.743199047e+06|2.718992107e+03|2.730535751e+03|2.745451594e+03|2.732800171e+03|2.319622459e+10|2.360054665e+10|2.412577980e+10|2.368315727e+10|7.403840088e+03|7.419046631e+03|7.438700684e+03|7.422029297e+03|1.870082122e+03
1.642623323e+06|1.740652732e+06|1.747302528e+06|1.756070579e+06|1.748040975e+06|2.728556857e+03|2.740240249e+03|2.755458122e+03|2.741291606e+03|2.353115235e+10|2.394179686e+10|2.447976422e+10|2.398217258e+10|7.416437378e+03|7.431840820e+03|7.451889893e+03|7.433220215e+03|1.870082122e+03
1.645504211e+06|1.742517255e+06|1.749002258e+06|1.757847955e+06|1.749769382e+06|2.731836458e+03|2.743225943e+03|2.758524852e+03|2.744232571e+03|2.364618570e+10|2.404714250e+10|2.458864400e+10|2.408695506e+10|7.420765015e+03|7.435774414e+03|7.455931519e+03|7.437094238e+03|1.870082122e+03
1.648844465e+06|1.745009224e+06|1.752980893e+06|1.764474672e+06|1.753779627e+06|2.736212454e+03|2.750127835e+03|2.769818545e+03|2.751194865e+03|2.379996818e+10|2.429095833e+10|2.499059582e+10|2.433307261e+10|7.426532959e+03|7.444866211e+03|7.470812012e+03|7.446268066e+03|1.870082122e+03
1.652492612e+06|1.740272509e+06|1.748192808e+06|1.762569489e+06|1.751463121e+06|2.727875868e+03|2.741804046e+03|2.766588554e+03|2.747112860e+03|2.350724748e+10|2.399695128e+10|2.487545262e+10|2.418965255e+10|7.415539429e+03|7.433901123e+03|7.466555542e+03|7.440887695e+03|1.870082122e+03
1.656479874e+06|1.742114005e+06|1.752394036e+06|1.764820749e+06|1.753662234e+06|2.731128409e+03|2.749115501e+03|2.770405288e+03|2.750995951e+03|2.362133981e+10|2.425516287e+10|2.501152314e+10|2.432602212e+10|7.419830933e+03|7.443532715e+03|7.471581909e+03|7.446006348e+03|1.870082122e+03
1.662921017e+06|1.750207356e+06|1.757939533e+06|1.767749942e+06|1.756654850e+06|2.745342591e+03|2.758682872e+03|2.775371961e+03|2.754752158e+03|2.412193092e+10|2.459425930e+10|2.518896285e+10|2.447736945e+10|7.438559326e+03|7.456140381e+03|7.478119141e+03|7.450883789e+03|1.870082122e+03
1.709712790e+06|1.584149071e+06|1.588309668e+06|1.591013295e+06|1.587913830e+06|2.383636924e+03|2.395656588e+03|2.403368169e+03|2.394332087e+03|1.227755454e+10|1.264135435e+10|1.287664530e+10|1.260286248e+10|6.958222778e+03|6.974384766e+03|6.984739502e+03|6.972590820e+03|1.870082122e+03
1.714493150e+06|1.580467350e+06|1.585782060e+06|1.589431153e+06|1.585049901e+06|2.372709849e+03|2.388367724e+03|2.398894030e+03|2.385902253e+03|1.194772532e+10|1.242025526e+10|1.274027605e+10|1.234813302e+10|6.943519287e+03|6.964587402e+03|6.978731689e+03|6.961249512e+03|1.870082122e+03
1.717065084e+06|1.578932761e+06|1.583827994e+06|1.587205273e+06|1.583611276e+06|2.368145288e+03|2.382683032e+03|2.392470538e+03|2.381700036e+03|1.181104859e+10|1.224855847e+10|1.254443503e+10|1.222101742e+10|6.937366455e+03|6.956940430e+03|6.970106201e+03|6.955595703e+03|1.870082122e+03
1.718814045e+06|1.577876994e+06|1.581769267e+06|1.586422583e+06|1.582119552e+06|2.364896062e+03|2.376571011e+03|2.390213797e+03|2.377258195e+03|1.171298059e+10|1.206367381e+10|1.247604282e+10|1.208716310e+10|6.932992554e+03|6.948720703e+03|6.967072876e+03|6.949616211e+03|1.870082122e+03
1.720438512e+06|1.577012608e+06|1.580575942e+06|1.584896891e+06|1.581155463e+06|2.362229422e+03|2.373031795e+03|2.385817663e+03|2.374445082e+03|1.163277629e+10|1.195736942e+10|1.234342775e+10|1.200206144e+10|6.929400635e+03|6.943951416e+03|6.961156616e+03|6.945833984e+03|1.870082122e+03
1.721917906e+06|1.577480921e+06|1.580852011e+06|1.585824897e+06|1.581461534e+06|2.363673968e+03|2.373850342e+03|2.388491165e+03|2.375349668e+03|1.167618103e+10|1.198190686e+10|1.242398143e+10|1.202935420e+10|6.931343750e+03|6.945053955e+03|6.964753784e+03|6.947049805e+03|1.870082122e+03
1.723435457e+06|1.574405251e+06|1.578731495e+06|1.582181213e+06|1.579078994e+06|2.354195140e+03|2.367533692e+03|2.377793391e+03|2.368124396e+03|1.139311607e+10|1.179262468e+10|1.210051879e+10|1.181260677e+10|6.918558716e+03|6.936542725e+03|6.950366333e+03|6.937314941e+03|1.870082122e+03
1.725259812e+06|1.576611990e+06|1.581065115e+06|1.584818547e+06|1.581041806e+06|2.360994043e+03|2.374482320e+03|2.385592028e+03|2.374024805e+03|1.159573226e+10|1.200087721e+10|1.233664314e+10|1.198994533e+10|6.927735840e+03|6.945906494e+03|6.960851807e+03|6.945261719e+03|1.870082122e+03
1.727179276e+06|1.576206723e+06|1.580227814e+06|1.583877827e+06|1.580328967e+06|2.359744727e+03|2.371999785e+03|2.382831049e+03|2.371892572e+03|1.155835373e+10|1.192647336e+10|1.225305113e+10|1.192574322e+10|6.926048218e+03|6.942561523e+03|6.957139771e+03|6.942391113e+03|1.870082122e+03
1.729142479e+06|1.577600612e+06|1.580318983e+06|1.582686230e+06|1.580198568e+06|2.364043259e+03|2.372270027e+03|2.379292360e+03|2.371633197e+03|1.168729713e+10|1.193455941e+10|1.214578914e+10|1.191713060e+10|6.931843384e+03|6.942925781e+03|6.952382080e+03|6.942048828e+03|1.870082122e+03
1.730996040e+06|1.575438144e+06|1.579852422e+06|1.584132039e+06|1.579861094e+06|2.357376193e+03|2.370887203e+03|2.383586315e+03|2.370563367e+03|1.148765035e+10|1.189315507e+10|1.227601472e+10|1.188524563e+10|6.922852173e+03|6.941061523e+03|6.958153076e+03|6.940605469e+03|1.870082122e+03
1.733395279e+06|1.575140374e+06|1.578816653e+06|1.583497829e+06|1.578917688e+06|2.356458978e+03|2.367796638e+03|2.381702281e+03|2.367751804e+03|1.146035921e+10|1.180058234e+10|1.221877624e+10|1.180063047e+10|6.921615479e+03|6.936897461e+03|6.955622314e+03|6.936819336e+03|1.870082122e+03
1.735712550e+06|1.576170558e+06|1.578737861e+06|1.581676772e+06|1.578862733e+06|2.359633215e+03|2.367553347e+03|2.376296593e+03|2.367636421e+03|1.155501159e+10|1.179321898e+10|1.205541209e+10|1.179684332e+10|6.925898438e+03|6.936571045e+03|6.948349976e+03|6.936667969e+03|1.870082122e+03
1.738100218e+06|1.572805949e+06|1.576114537e+06|1.579002938e+06|1.575811424e+06|2.349178610e+03|2.359460522e+03|2.368370474e+03|2.358341254e+03|1.124345670e+10|1.154984552e+10|1.181794385e+10|1.151814989e+10|6.911789673e+03|6.925665771e+03|6.937669556e+03|6.924140137e+03|1.870082122e+03
1.740612231e+06|1.569476727e+06|1.574464591e+06|1.579934927e+06|1.574692145e+06|2.338616626e+03|2.354340357e+03|2.371131878e+03|2.354728539e+03|1.093010865e+10|1.139727993e+10|1.190050798e+10|1.141132547e+10|6.897525391e+03|6.918757080e+03|6.941392456e+03|6.919255371e+03|1.870082122e+03
1.825762911e+06|3.660510408e+06|3.673954436e+06|3.682340319e+06|3.672805801e+06|2.727085292e+03|2.731381075e+03|2.734035363e+03|2.730959174e+03|2.448372047e+10|2.482454720e+10|2.503639348e+10|2.479313684e+10|3.788149963e+03|3.796063965e+03|3.800962769e+03|3.795301758e+03|2.903212978e+03
1.831456061e+06|3.657689662e+06|3.665515343e+06|3.676971026e+06|3.667910260e+06|2.726182835e+03|2.728685558e+03|2.732343720e+03|2.729406481e+03|2.441252766e+10|2.461031548e+10|2.490137027e+10|2.466995977e+10|3.786488281e+03|3.791097412e+03|3.797837830e+03|3.792437744e+03|2.903212978e+03
1.834560084e+06|3.651189263e+06|3.662115570e+06|3.670696014e+06|3.660601775e+06|2.724101610e+03|2.727598664e+03|2.730340733e+03|2.727083879e+03|2.424894037e+10|2.452428230e+10|2.474171167e+10|2.448653174e+10|3.782652771e+03|3.789093872e+03|3.794146790e+03|3.788155518e+03|2.903212978e+03
1.837373670e+06|3.646191754e+06|3.658617928e+06|3.673568324e+06|3.661329382e+06|2.722500127e+03|2.726479863e+03|2.731257824e+03|2.727277633e+03|2.412361455e+10|2.443594424e+10|2.481472409e+10|2.450386522e+10|3.779705627e+03|3.787032593e+03|3.795838318e+03|3.788522705e+03|2.903212978e+03
1.840450508e+06|3.638139311e+06|3.656807587e+06|3.674742179e+06|3.655997767e+06|2.719917029e+03|2.725900544e+03|2.731632505e+03|2.725568841e+03|2.392245469e+10|2.439028841e+10|2.484459511e+10|2.437010454e+10|3.774950562e+03|3.785967163e+03|3.796529480e+03|3.785377197e+03|2.903212978e+03
1.843988256e+06|3.637286287e+06|3.657610026e+06|3.670788248e+06|3.655582285e+06|2.719643205e+03|2.726157350e+03|2.730370187e+03|2.725442278e+03|2.390120001e+10|2.441051962e+10|2.474405495e+10|2.435984184e+10|3.774446411e+03|3.786441040e+03|3.794200562e+03|3.785141846e+03|2.903212978e+03
1.847801864e+06|3.638259645e+06|3.650626675e+06|3.668813625e+06|3.652471322e+06|2.719955658e+03|2.723921389e+03|2.729739488e+03|2.724441679e+03|2.392545286e+10|2.423481315e+10|2.469392430e+10|2.428116319e+10|3.775021545e+03|3.782321777e+03|3.793039917e+03|3.783300537e+03|2.903212978e+03
1.852522756e+06|3.621745023e+06|3.636943743e+06|3.650293448e+06|3.635341960e+06|2.714617068e+03|2.719533213e+03|2.723814634e+03|2.718941045e+03|2.351284760e+10|2.389267504e+10|2.422644795e+10|2.385062935e+10|3.765205872e+03|3.774243774e+03|3.782126221e+03|3.773174805e+03|2.903212978e+03
1.917586095e+06|3.331193009e+06|3.335645739e+06|3.340124960e+06|3.361404389e+06|2.602558953e+03|2.604628358e+03|2.606635327e+03|2.614476414e+03|1.569177916e+10|1.582258257e+10|1.594850300e+10|1.651106138e+10|3.564506348e+03|3.568120483e+03|3.571637085e+03|3.585780518e+03|2.903212978e+03
1.932129427e+06|3.327916421e+06|3.331307784e+06|3.335324170e+06|3.331344900e+06|2.600997251e+03|2.602613646e+03|2.604484231e+03|2.602581590e+03|1.559272774e+10|1.569525655e+10|1.581356836e+10|1.569327409e+10|3.561790771e+03|3.564603516e+03|3.567865417e+03|3.564556885e+03|2.903212978e+03
1.936599641e+06|3.328818467e+06|3.332472153e+06|3.335597014e+06|3.332727721e+06|2.601427248e+03|2.603168461e+03|2.604606520e+03|2.603232843e+03|1.561995398e+10|1.573056371e+10|1.582121646e+10|1.573428136e+10|3.562536194e+03|3.565568481e+03|3.568081116e+03|3.565691895e+03|2.903212978e+03
1.940331446e+06|3.326561252e+06|3.331537345e+06|3.335997666e+06|3.331628844e+06|2.600351169e+03|2.602723037e+03|2.604786084e+03|2.602703386e+03|1.555188553e+10|1.570221322e+10|1.583245253e+10|1.570092151e+10|3.560664368e+03|3.564791992e+03|3.568394836e+03|3.564771973e+03|2.903212978e+03
1.943611675e+06|3.325166751e+06|3.331147919e+06|3.335482243e+06|3.330559350e+06|2.599686227e+03|2.602537466e+03|2.604555080e+03|2.602206492e+03|1.550993527e+10|1.569041317e+10|1.581799895e+10|1.566958112e+10|3.559509155e+03|3.564470215e+03|3.567990112e+03|3.563904785e+03|2.903212978e+03
1.948739250e+06|3.324879333e+06|3.329693102e+06|3.335113053e+06|3.330470377e+06|2.599549162e+03|2.601844135e+03|2.604389605e+03|2.602147158e+03|1.550129899e+10|1.564638404e+10|1.580765189e+10|1.566597030e+10|3.559270996e+03|3.563263184e+03|3.567699463e+03|3.563804932e+03|2.903212978e+03
1.954175053e+06|3.321926737e+06|3.327288921e+06|3.332183072e+06|3.327121363e+06|2.598140871e+03|2.600698101e+03|2.603030723e+03|2.600592842e+03|1.541276046e+10|1.557380686e+10|1.572179288e+10|1.556787959e+10|3.556820862e+03|3.561268066e+03|3.565327820e+03|3.561091309e+03|2.903212978e+03
1.963956651e+06|3.320101091e+06|3.326457903e+06|3.332654650e+06|3.327090334e+06|2.597269851e+03|2.600301892e+03|2.603255410e+03|2.600554556e+03|1.535818960e+10|1.554877455e+10|1.573610450e+10|1.556580055e+10|3.555304871e+03|3.560580200e+03|3.565718628e+03|3.561030029e+03|2.903212978e+03
2.005604754e+06|3.339424624e+06|3.343094915e+06|3.348595976e+06|3.344386578e+06|2.606321607e+03|2.607965419e+03|2.610427734e+03|2.608526983e+03|1.592877185e+10|1.603236186e+10|1.618846367e+10|1.606920430e+10|3.571087646e+03|3.573970093e+03|3.578287842e+03|3.574959473e+03|2.903212978e+03
2.017986333e+06|3.333499512e+06|3.338295273e+06|3.343416151e+06|3.338361252e+06|2.603657929e+03|2.605815652e+03|2.608109253e+03|2.605796554e+03|1.576176102e+10|1.589698617e+10|1.604144995e+10|1.589612214e+10|3.566419861e+03|3.570200684e+03|3.574222534e+03|3.570178223e+03|2.903212978e+03
2.024760185e+06|3.325321202e+06|3.330781082e+06|3.335278719e+06|3.330645523e+06|2.599759881e+03|2.602362651e+03|2.604463855e+03|2.602248809e+03|1.551457648e+10|1.567930315e+10|1.581229695e+10|1.567222721e+10|3.559636047e+03|3.564165283e+03|3.567830017e+03|3.563977539e+03|2.903212978e+03
2.030951487e+06|3.316638491e+06|3.323583662e+06|3.330562844e+06|3.324557863e+06|2.595617325e+03|2.598931231e+03|2.602258647e+03|2.599362496e+03|1.525504997e+10|1.546240240e+10|1.567269640e+10|1.549084234e+10|3.552431580e+03|3.558195557e+03|3.563985046e+03|3.558952881e+03|2.903212978e+03
2.037745023e+06|3.312074860e+06|3.318046798e+06|3.325144238e+06|3.318308080e+06|2.593438302e+03|2.596289517e+03|2.599675492e+03|2.596411326e+03|1.511983792e+10|1.529694424e+10|1.550925734e+10|1.530614262e+10|3.548641174e+03|3.553600098e+03|3.559489197e+03|3.553813232e+03|2.903212978e+03
2.046884159e+06|3.303606610e+06|3.310188435e+06|3.317145610e+06|3.309694421e+06|2.589391813e+03|2.592537238e+03|2.595859389e+03|2.592290185e+03|1.487114721e+10|1.506419570e+10|1.527012576e+10|1.505069357e+10|3.541607727e+03|3.547075562e+03|3.552851807e+03|3.546649414e+03|2.903212978e+03
2.059302745e+06|3.294978573e+06|3.302239013e+06|3.308931078e+06|3.301698865e+06|2.585264808e+03|2.588737934e+03|2.591936541e+03|2.588444141e+03|1.462070142e+10|1.483124616e+10|1.502718821e+10|1.481442193e+10|3.534435913e+03|3.540470703e+03|3.546030518e+03|3.539969482e+03|2.903212978e+03
2.082321424e+06|3.284989395e+06|3.290073601e+06|3.294701866e+06|3.290080398e+06|2.580191730e+03|2.582797076e+03|2.585132383e+03|2.582741674e+03|1.431047057e+10|1.446967057e+10|1.461271851e+10|1.446666513e+10|3.525685364e+03|3.530174683e+03|3.534208252e+03|3.530091553e+03|2.903212978e+03
2.101017917e+06|3.279012307e+06|3.283647725e+06|3.286625797e+06|3.283215284e+06|2.577127049e+03|2.579503976e+03|2.581030441e+03|2.579272580e+03|1.412488055e+10|1.426866154e+10|1.436157466e+10|1.425554071e+10|3.520404602e+03|3.524499756e+03|3.527129456e+03|3.524103516e+03|2.903212978e+03
2.108442327e+06|3.276785333e+06|3.281382438e+06|3.285606153e+06|3.281074336e+06|2.575984698e+03|2.578342538e+03|2.580507858e+03|2.578181662e+03|1.405616572e+10|1.419827011e+10|1.432971514e+10|1.418965330e+10|3.518436035e+03|3.522497314e+03|3.526229858e+03|3.522223145e+03|2.903212978e+03
2.114842710e+06|3.275373008e+06|3.278372069e+06|3.282885796e+06|3.278379807e+06|2.575260091e+03|2.576798660e+03|2.579113358e+03|2.576800954e+03|1.401270862e+10|1.410510045e+10|1.424495783e+10|1.410629404e+10|3.517188538e+03|3.519839478e+03|3.523826782e+03|3.519843994e+03|2.903212978e+03
2.120794478e+06|3.272238276e+06|3.276387581e+06|3.280588712e+06|3.276440999e+06|2.573651397e+03|2.575780638e+03|2.577935522e+03|2.575806262e+03|1.391659188e+10|1.404391743e+10|1.417366208e+10|1.404641712e+10|3.514420105e+03|3.518086060e+03|3.521796570e+03|3.518130859e+03|2.903212978e+03
2.127688112e+06|3.269265664e+06|3.273861701e+06|3.278523093e+06|3.273804863e+06|2.572125406e+03|2.574484580e+03|2.576876125e+03|2.574454046e+03|1.382587435e+10|1.396631119e+10|1.410976456e+10|1.396575269e+10|3.511791870e+03|3.515853516e+03|3.519972900e+03|3.515801758e+03|2.903212978e+03
2.138518059e+06|3.266171789e+06|3.271072409e+06|3.276309745e+06|3.270742648e+06|2.570536652e+03|2.573052956e+03|2.575740705e+03|2.572881009e+03|1.373189813e+10|1.388096250e+10|1.404152143e+10|1.387189351e+10|3.509056396e+03|3.513388184e+03|3.518017822e+03|3.513093750e+03|2.903212978e+03
2.153938724e+06|3.260962000e+06|3.266344963e+06|3.271226888e+06|3.265455327e+06|2.567860161e+03|2.570625593e+03|2.573132254e+03|2.570144242e+03|1.357466699e+10|1.373714666e+10|1.388567995e+10|1.370969167e+10|3.504448181e+03|3.509208374e+03|3.513524048e+03|3.508386230e+03|2.903212978e+03
2.174995064e+06|3.255872871e+06|3.258620782e+06|3.261883271e+06|3.259451745e+06|2.565241978e+03|2.566656893e+03|2.568333565e+03|2.567050173e+03|1.342211804e+10|1.350442393e+10|1.360237814e+10|1.352757462e+10|3.499943665e+03|3.502378296e+03|3.505265076e+03|3.503062256e+03|2.903212978e+03
2.188667373e+06|3.250936411e+06|3.254972202e+06|3.258262991e+06|3.254714978e+06|2.562514359e+03|2.564744409e+03|2.566472980e+03|2.564534932e+03|1.325993084e+10|1.339242082e+10|1.349371112e+10|1.337936518e+10|3.495287720e+03|3.499095215e+03|3.502063110e+03|3.498750732e+03|2.903212978e+03
2.196920736e+06|3.247781109e+06|3.251163483e+06|3.254496328e+06|3.250624254e+06|2.560770263e+03|2.562639854e+03|2.564481497e+03|2.562320487e+03|1.315700472e+10|1.326735997e+10|1.337675257e+10|1.324921333e+10|3.492313477e+03|3.495504272e+03|3.498646301e+03|3.494962891e+03|2.903212978e+03
2.203662020e+06|3.243198007e+06|3.247578103e+06|3.250832156e+06|3.247077129e+06|2.558236047e+03|2.560658034e+03|2.562456740e+03|2.560367694e+03|1.300852966e+10|1.315040244e+10|1.325652073e+10|1.313439160e+10|3.487988037e+03|3.492120361e+03|3.495190674e+03|3.491629150e+03|2.903212978e+03
2.211048763e+06|3.239982415e+06|3.243677536e+06|3.246821793e+06|3.243287702e+06|2.556457353e+03|2.558501251e+03|2.560239900e+03|2.558284762e+03|1.290508021e+10|1.302400772e+10|1.312582629e+10|1.301243510e+10|3.484956116e+03|3.488441772e+03|3.491406738e+03|3.488072754e+03|2.903212978e+03
2.218888806e+06|3.234726292e+06|3.240343460e+06|3.243533850e+06|3.239340113e+06|2.553548811e+03|2.556657090e+03|2.558421786e+03|2.556097509e+03|1.273727593e+10|1.291666594e+10|1.301936917e+10|1.288559041e+10|3.479994629e+03|3.485296387e+03|3.488305969e+03|3.484343018e+03|2.903212978e+03
2.229834525e+06|3.233117025e+06|3.236572970e+06|3.240556582e+06|3.236616301e+06|2.552658020e+03|2.554570854e+03|2.556774991e+03|2.554593484e+03|1.268621900e+10|1.279604521e+10|1.292350822e+10|1.279854329e+10|3.478476868e+03|3.481737671e+03|3.485496399e+03|3.481777832e+03|2.903212978e+03
2.245033217e+06|3.226877384e+06|3.230316124e+06|3.235049824e+06|3.230284363e+06|2.549202887e+03|2.551107298e+03|2.553727882e+03|2.551075632e+03|1.248968624e+10|1.259771852e+10|1.274755823e+10|1.259682001e+10|3.472586548e+03|3.475832886e+03|3.480299744e+03|3.475782227e+03|2.903212978e+03
2.263876449e+06|3.220240096e+06|3.225294813e+06|3.229156599e+06|3.225001467e+06|2.545508544e+03|2.548326238e+03|2.550465208e+03|2.548130849e+03|1.228169461e+10|1.244019334e+10|1.256121562e+10|1.242945425e+10|3.466294189e+03|3.471093384e+03|3.474738708e+03|3.470765869e+03|2.903212978e+03
2.276414622e+06|3.217534534e+06|3.219693911e+06|3.222654831e+06|3.220689845e+06|2.543885204e+03|2.545180858e+03|2.546863561e+03|2.545679270e+03|1.218819651e+10|1.226277721e+10|1.235794668e+10|1.229043283e+10|3.463551331e+03|3.465740601e+03|3.468600098e+03|3.466600098e+03|2.903212978e+03
2.283864155e+06|3.214734394e+06|3.217104462e+06|3.220024872e+06|3.217502383e+06|2.542204770e+03|2.543627129e+03|2.545379421e+03|2.543818489e+03|1.209198491e+10|1.217338276e+10|1.227423762e+10|1.218432735e+10|3.460711609e+03|3.463115967e+03|3.466076294e+03|3.463447266e+03|2.903212978e+03
2.291125212e+06|3.209945855e+06|3.213247786e+06|3.216573467e+06|3.213165098e+06|2.539330231e+03|2.541312476e+03|2.543308483e+03|2.541252775e+03|1.192875472e+10|1.204113470e+10|1.215511109e+10|1.203841901e+10|3.455856506e+03|3.459204468e+03|3.462576965e+03|3.459106445e+03|2.903212978e+03
2.299640347e+06|3.208368866e+06|3.212048907e+06|3.214448734e+06|3.211160663e+06|2.538383344e+03|2.540592811e+03|2.542033319e+03|2.540051345e+03|1.187535857e+10|1.200024079e+10|1.208220119e+10|1.197082670e+10|3.454258240e+03|3.457990356e+03|3.460423340e+03|3.457078125e+03|2.903212978e+03
2.307997179e+06|3.204445584e+06|3.207808450e+06|3.211126062e+06|3.207129183e+06|2.536027167e+03|2.538046822e+03|2.540038800e+03|2.537636715e+03|1.174328213e+10|1.185642514e+10|1.196883312e+10|1.183452471e+10|3.450281616e+03|3.453690186e+03|3.457054932e+03|3.452999023e+03|2.903212978e+03
2.316960718e+06|3.201236990e+06|3.205098723e+06|3.207740229e+06|3.204332390e+06|2.534099686e+03|2.536419466e+03|2.538005856e+03|2.535958473e+03|1.163607833e+10|1.176519361e+10|1.185412117e+10|1.174059088e+10|3.447028381e+03|3.450942627e+03|3.453622620e+03|3.450166016e+03|2.903212978e+03
2.330856589e+06|3.195606819e+06|3.199073790e+06|3.203218390e+06|3.199487865e+06|2.530716380e+03|2.532799937e+03|2.535290013e+03|2.533046630e+03|1.144972125e+10|1.156421219e+10|1.170219951e+10|1.157902798e+10|3.441318604e+03|3.444832397e+03|3.449036011e+03|3.445251221e+03|2.903212978e+03
2.347238966e+06|3.192373933e+06|3.196188564e+06|3.198987940e+06|3.195830388e+06|2.528773012e+03|2.531066032e+03|2.532748351e+03|2.530843395e+03|1.134371965e+10|1.146887282e+10|1.156136682e+10|1.145746222e+10|3.438039551e+03|3.441908203e+03|3.444746826e+03|3.441534424e+03|2.903212978e+03
2.360437859e+06|3.186622285e+06|3.189947787e+06|3.192243813e+06|3.189573740e+06|2.525254162e+03|2.527314283e+03|2.528694784e+03|2.527033962e+03|1.115211086e+10|1.126465151e+10|1.133946849e+10|1.124886576e+10|3.432114075e+03|3.435578979e+03|3.437908508e+03|3.435115967e+03|2.903212978e+03
2.369682152e+06|3.183502490e+06|3.185982564e+06|3.188927137e+06|3.186365518e+06|2.523208572e+03|2.524834737e+03|2.526700535e+03|2.525018558e+03|1.103835667e+10|1.112871528e+10|1.123150989e+10|1.113822920e+10|3.428695190e+03|3.431412231e+03|3.434542358e+03|3.431731934e+03|2.903212978e+03
2.376764783e+06|3.180613753e+06|3.183548730e+06|3.186199766e+06|3.183371596e+06|2.521314174e+03|2.523238893e+03|2.524977145e+03|2.523102341e+03|1.093381579e+10|1.104003596e+10|1.113665296e+10|1.103290222e+10|3.425529419e+03|3.428746094e+03|3.431650879e+03|3.428521484e+03|2.903212978e+03
2.384069658e+06|3.178006084e+06|3.180854443e+06|3.183711326e+06|3.180832605e+06|2.519603841e+03|2.521472027e+03|2.523345512e+03|2.521444364e+03|1.084009622e+10|1.094249736e+10|1.104594345e+10|1.094190362e+10|3.422671387e+03|3.425791504e+03|3.428923950e+03|3.425749756e+03|2.903212978e+03
2.393162047e+06|3.174608369e+06|3.178342628e+06|3.181186073e+06|3.178048043e+06|2.517374966e+03|2.519824589e+03|2.521689518e+03|2.519627144e+03|1.071889927e+10|1.085215664e+10|1.095446734e+10|1.084247553e+10|3.418947266e+03|3.423039307e+03|3.426156677e+03|3.422711182e+03|2.903212978e+03
2.402666299e+06|3.170863641e+06|3.175029353e+06|3.178140099e+06|3.173861737e+06|2.514917975e+03|2.517651150e+03|2.519691746e+03|2.516883933e+03|1.058654290e+10|1.073385985e+10|1.084489684e+10|1.069402120e+10|3.414843506e+03|3.419408447e+03|3.422817261e+03|3.418127441e+03|2.903212978e+03
2.412825646e+06|3.167679125e+06|3.171704668e+06|3.174748938e+06|3.170917462e+06|2.512828156e+03|2.515469833e+03|2.517467186e+03|2.514948229e+03|1.047497873e+10|1.061615723e+10|1.072389265e+10|1.058953581e+10|3.411353333e+03|3.415763916e+03|3.419102173e+03|3.414895020e+03|2.903212978e+03
2.426621947e+06|3.164521530e+06|3.168619520e+06|3.172270926e+06|3.168235179e+06|2.510755646e+03|2.513445322e+03|2.515841382e+03|2.513189464e+03|1.036524391e+10|1.050783030e+10|1.063613186e+10|1.049532743e+10|3.407891785e+03|3.412383667e+03|3.416384460e+03|3.411957275e+03|2.903212978e+03
2.440853264e+06|3.159548611e+06|3.162762002e+06|3.165770247e+06|3.162513191e+06|2.507490910e+03|2.509600612e+03|2.511575293e+03|2.509415702e+03|1.019420078e+10|1.030447705e+10|1.040853493e+10|1.029514527e+10|3.402442810e+03|3.405962769e+03|3.409258972e+03|3.405658691e+03|2.903212978e+03
2.452414738e+06|3.155630299e+06|3.158542831e+06|3.160955321e+06|3.158580052e+06|2.504807748e+03|2.506830504e+03|2.508414509e+03|2.506785391e+03|1.005224858e+10|1.015987073e+10|1.024236544e+10|1.015643220e+10|3.397981445e+03|3.401340454e+03|3.403984375e+03|3.401276611e+03|2.903212978e+03
2.460921112e+06|3.151718883e+06|3.155269271e+06|3.157608385e+06|3.155227644e+06|2.501983964e+03|2.504547123e+03|2.506216905e+03|2.504464367e+03|9.900759279e+09|1.003819057e+10|1.012805429e+10|1.003332074e+10|3.393312195e+03|3.397551758e+03|3.400314270e+03|3.397422852e+03|2.903212978e+03
2.468427120e+06|3.150853422e+06|3.153398290e+06|3.155519000e+06|3.153183574e+06|2.501359116e+03|2.503196424e+03|2.504727402e+03|2.503024237e+03|9.867480953e+09|9.965582171e+09|1.004791309e+10|9.956760213e+09|3.392280396e+03|3.395317871e+03|3.397849731e+03|3.395036621e+03|2.903212978e+03
2.475686372e+06|3.148546920e+06|3.150696214e+06|3.153180602e+06|3.151026220e+06|2.499693784e+03|2.501245613e+03|2.503039266e+03|2.501474975e+03|9.779221653e+09|9.861445353e+09|9.957161299e+09|9.874210735e+09|3.389527710e+03|3.392091675e+03|3.395059082e+03|3.392474121e+03|2.903212978e+03
2.483949890e+06|3.145654159e+06|3.148363419e+06|3.150469903e+06|3.148065757e+06|2.497605008e+03|2.499561289e+03|2.501082217e+03|2.499342581e+03|9.669402570e+09|9.772225995e+09|9.852762182e+09|9.761558652e+09|3.386075073e+03|3.389308105e+03|3.391822632e+03|3.388948486e+03|2.903212978e+03
2.493759461e+06|3.142456536e+06|3.145128547e+06|3.147781168e+06|3.145002111e+06|2.495295898e+03|2.497225461e+03|2.499140875e+03|2.497133995e+03|9.549133915e+09|9.649551577e+09|9.750056168e+09|9.645691909e+09|3.382260742e+03|3.385447632e+03|3.388613159e+03|3.385297607e+03|2.903212978e+03
2.505107495e+06|3.138420375e+06|3.141796997e+06|3.144502260e+06|3.141424785e+06|2.492380947e+03|2.494819596e+03|2.496773208e+03|2.494544018e+03|9.399001997e+09|9.524473954e+09|9.625941014e+09|9.511684008e+09|3.377443298e+03|3.381472778e+03|3.384701782e+03|3.381019775e+03|2.903212978e+03
2.517323314e+06|3.134537707e+06|3.137447234e+06|3.141257846e+06|3.137576148e+06|2.489576530e+03|2.491678085e+03|2.494430228e+03|2.491763289e+03|9.256332656e+09|9.363083315e+09|9.504352485e+09|9.368603482e+09|3.372812500e+03|3.376283813e+03|3.380829956e+03|3.376426270e+03|2.903212978e+03
2.530086637e+06|3.130939265e+06|3.134926024e+06|3.137495144e+06|3.134671098e+06|2.486977126e+03|2.489857022e+03|2.491712689e+03|2.489659180e+03|9.125626871e+09|9.270523187e+09|9.364849897e+09|9.261444574e+09|3.368520508e+03|3.373276001e+03|3.376340149e+03|3.372951660e+03|2.903212978e+03
2.541651684e+06|3.126686767e+06|3.129046340e+06|3.131913082e+06|3.129323636e+06|2.483747024e+03|2.485589787e+03|2.487680608e+03|2.485706671e+03|8.961007088e+09|9.055930171e+09|9.160854102e+09|9.060807892e+09|3.363211426e+03|3.366232422e+03|3.369681580e+03|3.366439941e+03|2.903212978e+03
2.550030176e+06|3.124054797e+06|3.126071002e+06|3.129763812e+06|3.126530714e+06|2.481691497e+03|2.483266124e+03|2.486127956e+03|2.483587058e+03|8.856065493e+09|8.936366833e+09|9.083246147e+09|8.952999922e+09|3.359843384e+03|3.362424805e+03|3.367117859e+03|3.362956299e+03|2.903212978e+03
2.558245844e+06|3.121945435e+06|3.124919978e+06|3.127632263e+06|3.125075767e+06|2.480044099e+03|2.482367193e+03|2.484485434e+03|2.482463544e+03|8.772671254e+09|8.890453119e+09|8.998947761e+09|8.896054056e+09|3.357143799e+03|3.360951782e+03|3.364422424e+03|3.361113770e+03|2.903212978e+03
2.566073424e+06|3.119014973e+06|3.122142482e+06|3.123843858e+06|3.121425807e+06|2.477755395e+03|2.480197992e+03|2.481526757e+03|2.479627326e+03|8.657858280e+09|8.780434829e+09|8.847697439e+09|8.752419861e+09|3.353395569e+03|3.357398560e+03|3.359574768e+03|3.356464355e+03|2.903212978e+03
2.574640756e+06|3.117150089e+06|3.120916615e+06|3.123034668e+06|3.120102954e+06|2.476298893e+03|2.479240590e+03|2.480894785e+03|2.478573729e+03|8.585420534e+09|8.732225004e+09|8.815656499e+09|8.699596034e+09|3.351008972e+03|3.355827271e+03|3.358538147e+03|3.354741455e+03|2.903212978e+03
2.583498894e+06|3.114304595e+06|3.117544211e+06|3.119605593e+06|3.117008248e+06|2.473981830e+03|2.476606709e+03|2.478216675e+03|2.476120659e+03|8.468926803e+09|8.600687329e+09|8.680899961e+09|8.576451952e+09|3.347228577e+03|3.351512939e+03|3.354150085e+03|3.350728516e+03|2.903212978e+03
2.594005549e+06|3.111012039e+06|3.113562092e+06|3.116197300e+06|3.113478638e+06|2.471258758e+03|2.473367741e+03|2.475546051e+03|2.473270673e+03|8.332701369e+09|8.438051767e+09|8.547960219e+09|8.433943005e+09|3.342793396e+03|3.346229248e+03|3.349778015e+03|3.346074951e+03|2.903212978e+03
2.606309537e+06|3.108651453e+06|3.110831621e+06|3.113108621e+06|3.110632550e+06|2.469306535e+03|2.471109549e+03|2.472992699e+03|2.470928603e+03|8.236130118e+09|8.325288593e+09|8.419237944e+09|8.317090734e+09|3.339613892e+03|3.342549805e+03|3.345615967e+03|3.342257568e+03|2.903212978e+03
2.618494224e+06|3.104080847e+06|3.107164008e+06|3.110687885e+06|3.106965028e+06|2.465526781e+03|2.468076437e+03|2.470990676e+03|2.467861354e+03|8.051721067e+09|8.175750258e+09|8.319386288e+09|8.165518307e+09|3.333457336e+03|3.337609497e+03|3.342354919e+03|3.337266846e+03|2.903212978e+03
2.629290318e+06|3.101531750e+06|3.103695990e+06|3.106948356e+06|3.104037875e+06|2.463236086e+03|2.465186733e+03|2.467898097e+03|2.465367760e+03|7.936538775e+09|8.034686389e+09|8.167020447e+09|8.042229751e+09|3.329753540e+03|3.332905029e+03|3.337318481e+03|3.333215576e+03|2.903212978e+03
2.639023115e+06|3.098323324e+06|3.101031100e+06|3.103949771e+06|3.100743170e+06|2.460344641e+03|2.462784872e+03|2.465414702e+03|2.462498190e+03|7.792855844e+09|7.913975839e+09|8.046201271e+09|7.900533255e+09|3.325077026e+03|3.329022217e+03|3.333274109e+03|3.328562744e+03|2.903212978e+03
2.647665397e+06|3.095437381e+06|3.098229169e+06|3.100690116e+06|3.098029019e+06|2.457744166e+03|2.460259795e+03|2.462477563e+03|2.460076148e+03|7.665452623e+09|7.788672131e+09|7.898638662e+09|7.780956600e+09|3.320876343e+03|3.324940674e+03|3.328525146e+03|3.324645020e+03|2.903212978e+03
2.654980563e+06|3.092771432e+06|3.095498284e+06|3.097681166e+06|3.095306904e+06|2.455342213e+03|2.457799041e+03|2.459765975e+03|2.457624335e+03|7.549292440e+09|7.668124428e+09|7.764357146e+09|7.661089739e+09|3.316994629e+03|3.320964111e+03|3.324141907e+03|3.320682617e+03|2.903212978e+03
2.663255889e+06|3.091195772e+06|3.093816341e+06|3.095267750e+06|3.093199553e+06|2.453922714e+03|2.456283616e+03|2.457591326e+03|2.455727848e+03|7.481323948e+09|7.594646664e+09|7.658027216e+09|7.569348319e+09|3.314699097e+03|3.318513672e+03|3.320628174e+03|3.317617920e+03|2.903212978e+03
2.672373331e+06|3.088400014e+06|3.091392346e+06|3.094598489e+06|3.091200257e+06|2.451404280e+03|2.454099800e+03|2.456988315e+03|2.453927082e+03|7.361967908e+09|7.489775687e+09|7.628743469e+09|7.483219105e+09|3.310632751e+03|3.314986938e+03|3.319653259e+03|3.314708496e+03|2.903212978e+03
2.683215667e+06|3.085895160e+06|3.088429856e+06|3.091511274e+06|3.088546077e+06|2.449148154e+03|2.451431160e+03|2.454206939e+03|2.451526845e+03|7.256373718e+09|7.363235332e+09|7.494892869e+09|7.369243490e+09|3.306989624e+03|3.310675781e+03|3.315159424e+03|3.310832275e+03|2.903212978e+03
2.694365454e+06|3.083187056e+06|3.085743379e+06|3.087836393e+06|3.085455284e+06|2.446709238e+03|2.449011452e+03|2.450896604e+03|2.448699531e+03|7.143618223e+09|7.250013512e+09|7.338097414e+09|7.235943664e+09|3.303050293e+03|3.306768311e+03|3.309813354e+03|3.306270996e+03|2.903212978e+03
2.705708816e+06|3.080136615e+06|3.082628177e+06|3.085719529e+06|3.082568925e+06|2.443840338e+03|2.446205948e+03|2.448989972e+03|2.446030419e+03|7.009516453e+09|7.120530506e+09|7.249014788e+09|7.110975176e+09|3.298432007e+03|3.302236450e+03|3.306733337e+03|3.301969727e+03|2.903212978e+03
2.716162650e+06|3.077450973e+06|3.079554849e+06|3.081819822e+06|3.079378372e+06|2.441078558e+03|2.443242020e+03|2.445478019e+03|2.442966811e+03|6.876323061e+09|6.980488023e+09|7.087245669e+09|6.966703780e+09|3.294016846e+03|3.297475464e+03|3.301060913e+03|3.297046875e+03|2.903212978e+03
2.725230776e+06|3.074644547e+06|3.076824819e+06|3.080080680e+06|3.077219414e+06|2.438193335e+03|2.440434757e+03|2.443782810e+03|2.440804038e+03|6.739419053e+09|6.845575917e+09|7.006720453e+09|6.864354705e+09|3.289402954e+03|3.292986328e+03|3.298339844e+03|3.293582520e+03|2.903212978e+03
2.733986824e+06|3.071184202e+06|3.074057133e+06|3.075902298e+06|3.073331844e+06|2.434636905e+03|2.437589526e+03|2.439486304e+03|2.436840407e+03|6.573788842e+09|6.711054985e+09|6.800486663e+09|6.678678372e+09|3.283719177e+03|3.288439331e+03|3.291469910e+03|3.287241455e+03|2.903212978e+03
2.742326196e+06|3.069323766e+06|3.071891694e+06|3.074966691e+06|3.071397341e+06|2.432725301e+03|2.435363945e+03|2.438524484e+03|2.434845162e+03|6.486173882e+09|6.607370007e+09|6.755014615e+09|6.586258430e+09|3.280661865e+03|3.284880249e+03|3.289933167e+03|3.284053711e+03|2.903212978e+03
2.749757780e+06|3.067855367e+06|3.069945056e+06|3.072047134e+06|3.069845375e+06|2.431216756e+03|2.433363640e+03|2.435523687e+03|2.433242644e+03|6.417716828e+09|6.515321510e+09|6.614767282e+09|6.512337056e+09|3.278252136e+03|3.281683960e+03|3.285135559e+03|3.281493164e+03|2.903212978e+03
2.758581113e+06|3.065140470e+06|3.068092037e+06|3.070381559e+06|3.067574387e+06|2.428428202e+03|2.431459884e+03|2.433812144e+03|2.430890738e+03|6.292762700e+09|6.428711073e+09|6.535866376e+09|6.405245105e+09|3.273796936e+03|3.278641479e+03|3.282401245e+03|3.277737305e+03|2.903212978e+03
2.768337260e+06|3.064060225e+06|3.066334369e+06|3.068250140e+06|3.065765451e+06|2.427318852e+03|2.429654404e+03|2.431622302e+03|2.429014115e+03|6.243619322e+09|6.347458368e+09|6.436060129e+09|6.319740016e+09|3.272026184e+03|3.275756104e+03|3.278900818e+03|3.274740723e+03|2.903212978e+03
2.777916104e+06|3.060709874e+06|3.063062608e+06|3.065970782e+06|3.062943088e+06|2.423865718e+03|2.426294459e+03|2.429280966e+03|2.426011224e+03|6.092396883e+09|6.198523940e+09|6.330766296e+09|6.185358383e+09|3.266511536e+03|3.270388306e+03|3.275160095e+03|3.269954102e+03|2.903212978e+03
2.787875727e+06|3.058872963e+06|3.060918217e+06|3.062911425e+06|3.060483402e+06|2.421686256e+03|2.424092848e+03|2.426139227e+03|2.423332841e+03|5.991878109e+09|6.102525868e+09|6.191714270e+09|6.067541826e+09|3.263061890e+03|3.266873047e+03|3.270141418e+03|3.265743652e+03|2.903212978e+03
2.799249037e+06|3.055818993e+06|3.058377147e+06|3.060943397e+06|3.057993000e+06|2.418064218e+03|2.421098091e+03|2.424118697e+03|2.420509091e+03|5.826430815e+09|5.964873638e+09|6.103645531e+09|5.940155744e+09|3.257328247e+03|3.262129761e+03|3.266915100e+03|3.261257812e+03|2.903212978e+03
2.810075129e+06|3.054307639e+06|3.056015571e+06|3.058445487e+06|3.055794331e+06|2.416272409e+03|2.418297306e+03|2.421179156e+03|2.417933043e+03|5.745353164e+09|5.837016202e+09|5.968591822e+09|5.825932528e+09|3.254492126e+03|3.257697876e+03|3.262257141e+03|3.257235840e+03|2.903212978e+03
2.819251186e+06|3.049745813e+06|3.052559305e+06|3.054843328e+06|3.051871463e+06|2.410866731e+03|2.414200185e+03|2.416907449e+03|2.413211549e+03|5.503893590e+09|5.652218242e+09|5.774025422e+09|5.617892301e+09|3.245938843e+03|3.251213501e+03|3.255496094e+03|3.249865967e+03|2.903212978e+03
2.827098589e+06|3.048022798e+06|3.050496344e+06|3.053417629e+06|3.049556306e+06|2.408826037e+03|2.411755816e+03|2.415217443e+03|2.409962223e+03|5.415610671e+09|5.543270602e+09|5.697848309e+09|5.494033390e+09|3.242711426e+03|3.247345093e+03|3.252821960e+03|3.245345947e+03|2.903212978e+03
2.834986284e+06|3.044975127e+06|3.048474411e+06|3.050286490e+06|3.046889866e+06|2.405217866e+03|2.409360858e+03|2.411507209e+03|2.406429050e+03|5.263054125e+09|5.438536644e+09|5.532245701e+09|5.353623325e+09|3.237006287e+03|3.243557007e+03|3.246953064e+03|3.240220947e+03|2.903212978e+03
2.843550589e+06|3.043940677e+06|3.046811946e+06|3.048947151e+06|3.046163052e+06|2.403993579e+03|2.407392280e+03|2.409920744e+03|2.405857653e+03|5.212122225e+09|5.354548762e+09|5.462628134e+09|5.318324733e+09|3.235068542e+03|3.240443848e+03|3.244443176e+03|3.238960693e+03|2.903212978e+03
2.852759947e+06|3.041362572e+06|3.044335617e+06|3.046795029e+06|3.043780413e+06|2.399480510e+03|2.404460973e+03|2.407372251e+03|2.402412964e+03|5.070061371e+09|5.231519394e+09|5.353699893e+09|5.193170981e+09|3.229726807e+03|3.235809204e+03|3.240411621e+03|3.234279785e+03|2.903212978e+03
2.861441501e+06|3.038924419e+06|3.042122033e+06|3.044543411e+06|3.041439296e+06|2.394439897e+03|2.401051955e+03|2.404706899e+03|2.398647559e+03|4.928881265e+09|5.114466306e+09|5.241746908e+09|5.067399913e+09|3.224400146e+03|3.231385498e+03|3.236196716e+03|3.229538818e+03|2.903212978e+03
2.871292088e+06|3.038503343e+06|3.040886551e+06|3.043601846e+06|3.040230700e+06|2.393570020e+03|2.398495871e+03|2.403592613e+03|2.396394553e+03|4.904709019e+09|5.042331539e+09|5.195532448e+09|4.999944055e+09|3.223480530e+03|3.228685913e+03|3.234434204e+03|3.226975098e+03|2.903212978e+03
2.881620070e+06|3.035376084e+06|3.039400833e+06|3.041774878e+06|3.037886195e+06|2.387116090e+03|2.395424306e+03|2.400333559e+03|2.391958881e+03|4.727314602e+09|4.956299044e+09|5.094143883e+09|4.869669806e+09|3.216658936e+03|3.225441040e+03|3.230628418e+03|3.221987305e+03|2.903212978e+03
2.891904173e+06|3.032754649e+06|3.036036172e+06|3.039727996e+06|3.035342060e+06|2.381713832e+03|2.388477227e+03|2.396100478e+03|2.386604231e+03|4.581196670e+09|4.764384540e+09|4.975178381e+09|4.723794323e+09|3.210945007e+03|3.218098267e+03|3.226156311e+03|3.216347900e+03|2.903212978e+03
2.901156030e+06|3.031283088e+06|3.034041662e+06|3.037395667e+06|3.034013040e+06|2.378684709e+03|2.384365015e+03|2.391282702e+03|2.384025367e+03|4.500345900e+09|4.652566802e+09|4.841436618e+09|4.650024894e+09|3.207738403e+03|3.213749023e+03|3.221063477e+03|3.213528076e+03|2.903212978e+03
2.910816859e+06|3.028312635e+06|3.031350870e+06|3.034971240e+06|3.030761285e+06|2.372577473e+03|2.378824177e+03|2.386281045e+03|2.376554723e+03|4.339633672e+09|4.504050337e+09|4.704500758e+09|4.459106529e+09|3.201274353e+03|3.207886719e+03|3.215776245e+03|3.205968750e+03|2.903212978e+03
2.919381476e+06|3.026303958e+06|3.029729397e+06|3.032643614e+06|3.028660001e+06|2.367393759e+03|2.375489115e+03|2.381485180e+03|2.371531736e+03|4.211361381e+09|4.415867325e+09|4.575065057e+09|4.333989525e+09|3.196300903e+03|3.204356812e+03|3.210701721e+03|3.200959717e+03|2.903212978e+03
2.927537947e+06|3.020563975e+06|3.026556738e+06|3.029934052e+06|3.025208515e+06|2.351385497e+03|2.368100516e+03|2.375909892e+03|2.362939717e+03|3.839894925e+09|4.228445460e+09|4.426942377e+09|4.123956517e+09|3.181405029e+03|3.196956787e+03|3.204803040e+03|3.192559082e+03|2.903212978e+03
2.935623233e+06|3.019269127e+06|3.023799557e+06|3.027900204e+06|3.023041853e+06|2.347785074e+03|2.360399583e+03|2.371705814e+03|2.357109199e+03|3.760006071e+09|4.045183619e+09|4.317102045e+09|3.985976995e+09|3.178049744e+03|3.189795410e+03|3.200363647e+03|3.186987549e+03|2.903212978e+03
2.944689675e+06|3.018721511e+06|3.022414002e+06|3.025887583e+06|3.021809110e+06|2.346263608e+03|2.356536490e+03|2.366229866e+03|2.354218534e+03|3.726593032e+09|3.956140805e+09|4.183324419e+09|3.913978798e+09|3.176630493e+03|3.186200684e+03|3.195218445e+03|3.184139404e+03|2.903212978e+03
2.953492288e+06|3.017058495e+06|3.021322994e+06|3.024914322e+06|3.020671068e+06|2.341647460e+03|2.353497817e+03|2.363511004e+03|2.350976759e+03|3.626428071e+09|3.887279769e+09|4.118445016e+09|3.839379939e+09|3.172327881e+03|3.183372559e+03|3.192690308e+03|3.181087891e+03|2.903212978e+03
2.962444079e+06|3.014256864e+06|3.019211786e+06|3.022599095e+06|3.018129829e+06|2.333472000e+03|2.347625726e+03|2.357052277e+03|2.343504616e+03|3.446966352e+09|3.756496690e+09|3.967905836e+09|3.669487676e+09|3.164707336e+03|3.177901123e+03|3.186681824e+03|3.174070068e+03|2.903212978e+03
2.971744262e+06|3.012869685e+06|3.017359917e+06|3.020757736e+06|3.016863909e+06|2.328700393e+03|2.342483659e+03|2.351924597e+03|2.339880662e+03|3.334301461e+09|3.644437570e+09|3.851951169e+09|3.588431189e+09|3.160272400e+03|3.173108032e+03|3.181906067e+03|3.170685303e+03|2.903212978e+03
2.982385787e+06|3.010151010e+06|3.015016000e+06|3.019446130e+06|3.014384152e+06|2.319371254e+03|2.335986941e+03|2.348277008e+03|2.332172488e+03|3.123147014e+09|3.506122851e+09|3.770854641e+09|3.417301477e+09|3.151594055e+03|3.167046631e+03|3.178508606e+03|3.163507080e+03|2.903212978e+03
2.991278376e+06|3.007693248e+06|3.014941278e+06|3.018016365e+06|3.013465814e+06|2.310962281e+03|2.335738430e+03|2.344305483e+03|2.328841276e+03|2.942499539e+09|3.500234572e+09|3.683877995e+09|3.344434073e+09|3.143762695e+03|3.166813965e+03|3.174806885e+03|3.160405273e+03|2.903212978e+03
3.000323259e+06|3.007137964e+06|3.013375553e+06|3.016943022e+06|3.011878729e+06|2.309065727e+03|2.330439500e+03|2.341327177e+03|2.323373179e+03|2.902999201e+09|3.374961317e+09|3.619547189e+09|3.214823853e+09|3.141995850e+03|3.161890381e+03|3.172028259e+03|3.155312256e+03|2.903212978e+03
3.009080316e+06|3.003857217e+06|3.009280579e+06|3.013172489e+06|3.008270428e+06|2.297289754e+03|2.316390462e+03|2.329741286e+03|2.311278751e+03|2.656428935e+09|3.058077907e+09|3.358593147e+09|2.957983585e+09|3.131018738e+03|3.148820190e+03|3.161241089e+03|3.144050537e+03|2.903212978e+03
3.017393137e+06|3.003646834e+06|3.007859703e+06|3.011791724e+06|3.007351566e+06|2.296349393e+03|2.311531209e+03|2.324997871e+03|2.307381282e+03|2.634196507e+09|2.954500797e+09|3.249101858e+09|2.873670508e+09|3.130145752e+03|3.144293701e+03|3.156829468e+03|3.140421875e+03|2.903212978e+03
3.025120119e+06|3.000410718e+06|3.005307359e+06|3.008698858e+06|3.005054355e+06|2.281925925e+03|2.302821891e+03|2.314399979e+03|2.298845273e+03|2.313454694e+09|2.776120852e+09|3.015249421e+09|2.681402560e+09|3.116725159e+03|3.136172241e+03|3.146965820e+03|3.132470703e+03|2.903212978e+03
3.032912012e+06|2.999073692e+06|3.004239743e+06|3.007394997e+06|3.003407460e+06|2.275988644e+03|2.299000194e+03|2.309943465e+03|2.291963269e+03|2.191662283e+09|2.697193990e+09|2.921224531e+09|2.535550660e+09|3.111192139e+03|3.132609253e+03|3.142813782e+03|3.126074951e+03|2.903212978e+03
3.041417150e+06|2.997269869e+06|3.002986148e+06|3.007063364e+06|3.002424040e+06|2.267998850e+03|2.293398561e+03|2.308811144e+03|2.287887174e+03|2.036676284e+09|2.565584458e+09|2.897781579e+09|2.422960196e+09|3.103738586e+03|3.127401489e+03|3.141757080e+03|3.122409912e+03|2.903212978e+03
3.049606485e+06|2.995725829e+06|3.000682251e+06|3.004505350e+06|3.000278618e+06|2.259928194e+03|2.283133272e+03|2.300090521e+03|2.278375845e+03|1.863869177e+09|2.338931053e+09|2.722060308e+09|2.237026826e+09|3.096216858e+03|3.117848511e+03|3.133624146e+03|3.113808350e+03|2.903212978e+03
3.059158498e+06|2.993541990e+06|2.997922843e+06|3.002504471e+06|2.997936145e+06|2.246056566e+03|2.270888420e+03|2.291249314e+03|2.267815164e+03|1.559750036e+09|2.091581002e+09|2.516642654e+09|1.968455121e+09|3.083294922e+03|3.106435791e+03|3.125403748e+03|3.103544922e+03|2.903212978e+03
3.069124610e+06|2.991921619e+06|2.995936416e+06|3.000207935e+06|2.995753393e+06|2.235813364e+03|2.261269732e+03|2.281024562e+03|2.257195519e+03|1.365470809e+09|1.895922710e+09|2.294571201e+09|1.700212492e+09|3.073735107e+03|3.097464722e+03|3.115883911e+03|3.094479736e+03|2.903212978e+03
3.082280009e+06|2.988733073e+06|2.994969652e+06|3.000918805e+06|2.994563583e+06|2.222598313e+03|2.255116444e+03|2.284185457e+03|2.252533577e+03|5.667654838e+07|1.752718721e+09|2.361303686e+09|1.512117097e+09|3.061398804e+03|3.091737549e+03|3.118829468e+03|3.089771973e+03|2.903212978e+03
3.096996523e+06|2.986032553e+06|2.992602370e+06|2.997240112e+06|2.991385229e+06|2.214939021e+03|2.240111311e+03|2.267867276e+03|2.236703644e+03|1.015901072e+06|1.443891058e+09|2.034221209e+09|1.229042519e+09|3.054250000e+03|3.077748047e+03|3.103615234e+03|3.075746338e+03|2.903212978e+03
3.108126765e+06|2.982036712e+06|2.992112273e+06|2.994859347e+06|2.989963274e+06|2.203640995e+03|2.237015829e+03|2.254415301e+03|2.230236965e+03|1.700033991e+03|1.386735387e+09|1.737033872e+09|1.080229253e+09|3.043691467e+03|3.074858887e+03|3.091084839e+03|3.069943359e+03|2.903212978e+03
3.115456938e+06|2.980737668e+06|2.989336590e+06|2.993067672e+06|2.987884359e+06|2.199977339e+03|2.224312756e+03|2.243054047e+03|2.216474760e+03|2.351138498e+02|1.448832355e+08|1.500435314e+09|7.746018835e+08|3.040264587e+03|3.062996582e+03|3.080493530e+03|3.058240723e+03|2.903212978e+03
3.120755777e+06|2.978107870e+06|2.989928650e+06|2.994264075e+06|2.988259318e+06|2.188233073e+03|2.225995593e+03|2.250634861e+03|2.215887122e+03|3.693558753e+00|3.612780868e+08|1.654691364e+09|8.954036977e+08|3.031069092e+03|3.064566895e+03|3.087562622e+03|3.057925293e+03|2.903212978e+03
3.125160738e+06|2.978107870e+06|2.989483216e+06|2.993776569e+06|2.987791982e+06|2.191330575e+03|2.224729437e+03|2.247543057e+03|2.217440837e+03|3.693558753e+00|1.826022210e+08|1.590059692e+09|8.486335440e+08|3.032684509e+03|3.063386353e+03|3.084680420e+03|3.058372559e+03|2.903212978e+03
3.129351084e+06|2.978107870e+06|2.989828317e+06|2.995860075e+06|2.988798202e+06|2.185004417e+03|2.225710399e+03|2.260783299e+03|2.221320705e+03|3.693558753e+00|3.236241519e+08|1.884227365e+09|9.635489335e+08|3.029382935e+03|3.064299683e+03|3.097013245e+03|3.060309326e+03|2.903212978e+03
3.133353425e+06|2.978107870e+06|2.991747862e+06|2.997179698e+06|2.990100715e+06|2.179586651e+03|2.234716671e+03|2.267600075e+03|2.223912742e+03|3.693558753e+00|1.345649496e+09|2.029205032e+09|1.150509107e+09|3.026552490e+03|3.072710815e+03|3.103367371e+03|3.062309326e+03|2.903212978e+03
3.137508020e+06|2.978107870e+06|2.986757488e+06|2.994121063e+06|2.987172940e+06|2.163441157e+03|2.216993085e+03|2.249727453e+03|2.209804191e+03|3.693558753e+00|2.859753824e+06|1.635462552e+09|7.825223935e+08|3.018085999e+03|3.056168091e+03|3.086717224e+03|3.051432617e+03|2.903212978e+03
3.143560354e+06|2.978107870e+06|2.980863802e+06|2.991497402e+06|2.985557074e+06|2.153859180e+03|2.200332814e+03|2.233137675e+03|2.200783345e+03|3.693558753e+00|2.723153370e+02|1.318085396e+09|6.076710002e+08|3.013043640e+03|3.040596802e+03|3.071236572e+03|3.044313232e+03|2.903212978e+03
3.152933894e+06|2.978107870e+06|2.978107870e+06|2.988121411e+06|2.983789212e+06|2.133625965e+03|2.188685432e+03|2.220861718e+03|2.190596579e+03|3.693558753e+00|3.693558753e+00|2.167671338e+07|4.589602086e+08|3.002350403e+03|3.031304565e+03|3.059777893e+03|3.033133789e+03|2.903212978e+03
3.173415012e+06|2.978107870e+06|2.978107870e+06|2.981295126e+06|2.982301996e+06|2.129194608e+03|2.142163240e+03|2.201549671e+03|2.171055446e+03|3.693558753e+00|3.693558753e+00|1.198587793e+03|3.544285364e+08|2.976852295e+03|3.006869995e+03|3.041736450e+03|3.013772461e+03|2.903212978e+03
3.214614234e+06|2.978107870e+06|2.978107870e+06|2.978107870e+06|2.978107870e+06|2.129194608e+03|2.129194608e+03|2.129194608e+03|2.129194608e+03|3.693558753e+00|3.693558753e+00|3.693558753e+00|3.693558753e+00|2.907641296e+03|2.932820923e+03|2.949554260e+03|2.928156006e+03|2.903212978e+03
3.224281725e+06|2.978107870e+06|2.978107870e+06|2.978107870e+06|2.978381648e+06|2.129194608e+03|2.129194608e+03|2.129194608e+03|2.131311319e+03|3.693558753e+00|3.693558753e+00|3.693558753e+00|2.708071187e+07|2.872192322e+03|2.888116211e+03|2.907483154e+03|2.892916504e+03|2.903212978e+03
3.230031349e+06|2.978107870e+06|2.978107870e+06|2.978107870e+06|2.978475326e+06|2.129194608e+03|2.129194608e+03|2.129194608e+03|2.132509963e+03|3.693558753e+00|3.693558753e+00|3.693558753e+00|2.133370224e+07|2.825911560e+03|2.853752319e+03|2.876688049e+03|2.858309570e+03|2.903212978e+03
3.234838604e+06|2.978107870e+06|2.978107870e+06|2.978107870e+06|2.978465690e+06|2.129194608e+03|2.129194608e+03|2.129194608e+03|2.134600145e+03|3.693558753e+00|3.693558753e+00|3.693558753e+00|1.497342644e+07|2.808382935e+03|2.860332031e+03|2.934436523e+03|2.872190430e+03|2.903212978e+03
3.237862046e+06|2.978107870e+06|2.978107870e+06|2.978107870e+06|2.978996118e+06|2.129194608e+03|2.129194608e+03|2.153246896e+03|2.145841762e+03|3.693558753e+00|3.693558753e+00|3.693558753e+00|3.862926250e+06|2.783197754e+03|2.882151123e+03|3.012720520e+03|2.883317383e+03|2.903212978e+03
3.239944371e+06|2.978107870e+06|2.978107870e+06|2.978107870e+06|2.979417856e+06|2.129194608e+03|2.129194608e+03|2.164952280e+03|2.151225216e+03|3.693558753e+00|3.693558753e+00|3.693558753e+00|9.851770625e+06|2.791099426e+03|2.974805542e+03|3.018880859e+03|2.917746582e+03|2.903212978e+03
3.241599766e+06|2.978107870e+06|2.978107870e+06|2.978107870e+06|2.979230663e+06|2.129194608e+03|2.129194608e+03|2.175651693e+03|2.152989145e+03|3.693558753e+00|3.693558753e+00|3.693558753e+00|2.991664542e+06|2.819085571e+03|2.987728394e+03|3.024491394e+03|2.921953369e+03|2.903212978e+03
3.242529994e+06|2.978107870e+06|2.978107870e+06|2.978107870e+06|2.978107870e+06|2.129194608e+03|2.129194608e+03|2.129194608e+03|2.129194608e+03|3.693558753e+00|3.693558753e+00|3.693558753e+00|3.693558753e+00|2.730162964e+03|2.818816772e+03|2.878064880e+03|2.810104980e+03|2.903212978e+03
