#PHASE|Nmant|Nmant/Nmanttot|Mmant|Mmant/Mmanttot|RRRminmant|RRRminmantEq|RRRmaxmant|RRRmaxmantEq|Ncore|Ncore/Ncoretot|Mcore|Mcore/Mcoretot|RRRmincore|RRRmaxcore|
0.000000000e+00|0.000000000e+00|0.000000000e+00|0.000000000e+00|0.000000000e+00|inf|inf|-inf|inf|0.000000000e+00|0.000000000e+00|0.000000000e+00|0.000000000e+00|inf|-inf
1.000000000e+00|1.880000000e+02|1.339852046e-03|8.386814670e+20|1.352828437e-03|1.849355927e+06|2.275828232e+06|1.713933945e+08|inf|1.880000000e+02|0.000000000e+00|0.000000000e+00|0.000000000e+00|inf|-inf
2.000000000e+00|1.260000000e+02|8.979859458e-04|5.389495475e+20|8.693482599e-04|2.964529416e+06|6.956985292e+06|1.781285974e+08|inf|1.260000000e+02|0.000000000e+00|0.000000000e+00|0.000000000e+00|inf|-inf
3.000000000e+00|7.356800000e+04|5.243097624e-01|3.284412983e+23|5.297896111e-01|1.843081160e+06|2.254129148e+06|1.718835926e+08|inf|7.356800000e+04|0.000000000e+00|0.000000000e+00|0.000000000e+00|inf|-inf
4.000000000e+00|5.688700000e+04|4.054264008e-01|2.485226176e+23|4.008774218e-01|2.308182825e+06|2.406268425e+06|1.719790584e+08|inf|5.688700000e+04|9.848031315e-01|2.646622801e+23|9.853689167e-01|4.434313682e+04|6.591820474e+07
5.000000000e+00|9.502000000e+03|6.771954331e-02|4.141722346e+22|6.680772126e-02|3.001517138e+06|3.888706443e+06|1.930095980e+08|inf|9.502000000e+03|1.124962995e-02|2.907757693e+21|1.082592520e-02|2.407061845e+06|1.193590604e+08
6.000000000e+00|3.700000000e+01|2.636942857e-04|1.613614999e+20|2.602828777e-04|5.417080009e+06|inf|3.919137427e+07|inf|3.700000000e+01|8.223413703e-05|2.125462822e+19|7.913349033e-05|5.280333380e+06|1.025985165e+07
7.000000000e+00|0.000000000e+00|0.000000000e+00|0.000000000e+00|0.000000000e+00|inf|inf|-inf|inf|0.000000000e+00|0.000000000e+00|0.000000000e+00|0.000000000e+00|inf|-inf
8.000000000e+00|6.000000000e+00|4.276123551e-05|2.652518943e+19|4.278624480e-05|3.416834780e+06|inf|3.540151507e+06|inf|6.000000000e+00|3.865004441e-03|1.000780665e+21|3.726024574e-03|1.857395983e+06|3.574268509e+06
