#RRR|U50|U25|U75|Umean|T50|T25|T75|Tmean|P50|P25|P75|Pmean|rho50|rho25|rho75|Pmean|S
1.648622369e+05|2.907374519e+06|2.915579255e+06|2.920690134e+06|2.913875900e+06|4.712820211e+03|4.724577640e+03|4.731899619e+03|4.722112109e+03|4.942926224e+10|4.977927149e+10|4.999749648e+10|4.970653863e+10|7.806346069e+03|7.816446533e+03|7.822732178e+03|7.814327637e+03|2.125427668e+03
2.498951921e+05|2.898611551e+06|2.908081539e+06|2.913011276e+06|2.906132641e+06|4.700258578e+03|4.713833525e+03|4.720898126e+03|4.711001886e+03|4.905591163e+10|4.945940765e+10|4.966968052e+10|4.937625115e+10|7.795541870e+03|7.807216064e+03|7.813284302e+03|7.804779297e+03|2.125427668e+03
2.973360986e+05|2.891105653e+06|2.899421840e+06|2.904284085e+06|2.897959272e+06|4.689404513e+03|4.701420312e+03|4.708390606e+03|4.699252874e+03|4.873521827e+10|4.909041180e+10|4.929753480e+10|4.902757672e+10|7.786216797e+03|7.796541260e+03|7.802539429e+03|7.794680664e+03|2.125427668e+03
3.333385758e+05|2.888586828e+06|2.895371682e+06|2.904131687e+06|2.895397936e+06|4.685744627e+03|4.695602350e+03|4.708172155e+03|4.695534694e+03|4.862743904e+10|4.891784822e+10|4.929104051e+10|4.891811472e+10|7.783070923e+03|7.791535889e+03|7.802351685e+03|7.791484863e+03|2.125427668e+03
3.641076868e+05|2.880454716e+06|2.889751493e+06|2.899263678e+06|2.889690332e+06|4.673926289e+03|4.687436941e+03|4.701193554e+03|4.687277946e+03|4.827974109e+10|4.867726957e+10|4.908367728e+10|4.867428798e+10|7.772921631e+03|7.784529053e+03|7.796346436e+03|7.784390625e+03|2.125427668e+03
3.906206942e+05|2.880131465e+06|2.886810247e+06|2.897912811e+06|2.887616988e+06|4.673456437e+03|4.683163030e+03|4.699256760e+03|4.684284077e+03|4.826592985e+10|4.855144377e+10|4.902616265e+10|4.858577756e+10|7.772516113e+03|7.780857178e+03|7.794674561e+03|7.781816895e+03|2.125427668e+03
4.168380315e+05|2.871268937e+06|2.881681438e+06|2.888766782e+06|2.879906551e+06|4.660569889e+03|4.675709288e+03|4.686006113e+03|4.673066630e+03|4.788749581e+10|4.833216479e+10|4.863513797e+10|4.825609945e+10|7.761430054e+03|7.774452881e+03|7.783299683e+03|7.772176758e+03|2.125427668e+03
4.419675043e+05|2.866005549e+06|2.877601445e+06|2.885535353e+06|2.875757581e+06|4.652815280e+03|4.669778827e+03|4.681310346e+03|4.667009762e+03|4.766155440e+10|4.815785062e+10|4.849692093e+10|4.807855662e+10|7.754773926e+03|7.769354980e+03|7.779262817e+03|7.766973145e+03|2.125427668e+03
4.650527758e+05|2.858095408e+06|2.867056724e+06|2.876295072e+06|2.866996039e+06|4.641156461e+03|4.654364390e+03|4.667879765e+03|4.654182472e+03|4.732230635e+10|4.770666802e+10|4.810206086e+10|4.770349774e+10|7.744763672e+03|7.756102051e+03|7.767720459e+03|7.755949219e+03|2.125427668e+03
4.867539682e+05|2.856094663e+06|2.865007368e+06|2.873851298e+06|2.865267662e+06|4.638207082e+03|4.651344216e+03|4.664327031e+03|4.651656525e+03|4.723656448e+10|4.761872189e+10|4.799773447e+10|4.762951911e+10|7.742225952e+03|7.753512939e+03|7.764660889e+03|7.753779785e+03|2.125427668e+03
5.086737708e+05|2.852618244e+06|2.861505502e+06|2.870070570e+06|2.860289695e+06|4.633081891e+03|4.646182992e+03|4.658805589e+03|4.644320634e+03|4.708765267e+10|4.746850632e+10|4.783605421e+10|4.741612959e+10|7.737822266e+03|7.749078369e+03|7.759911865e+03|7.747475586e+03|2.125427668e+03
5.294299191e+05|2.846588322e+06|2.857066432e+06|2.864446308e+06|2.855901054e+06|4.624181544e+03|4.639639632e+03|4.650517338e+03|4.637865274e+03|4.682943733e+10|4.727820601e+10|4.759464915e+10|4.722807678e+10|7.730163818e+03|7.743459229e+03|7.752804443e+03|7.741930664e+03|2.125427668e+03
5.475202393e+05|2.841794172e+06|2.851124572e+06|2.858751414e+06|2.849262567e+06|4.617014608e+03|4.630879617e+03|4.642123471e+03|4.628033176e+03|4.662300146e+10|4.702370138e+10|4.735042455e+10|4.694320842e+10|7.724015381e+03|7.735925537e+03|7.745590576e+03|7.733482910e+03|2.125427668e+03
5.665475477e+05|2.841768343e+06|2.847999768e+06|2.854293328e+06|2.847211459e+06|4.616975992e+03|4.626272104e+03|4.635551494e+03|4.624998303e+03|4.662188989e+10|4.688996015e+10|4.715939463e+10|4.685526634e+10|7.723986450e+03|7.731963867e+03|7.739940918e+03|7.730875000e+03|2.125427668e+03
5.854420719e+05|2.834379699e+06|2.840531252e+06|2.847484162e+06|2.840446895e+06|4.605928564e+03|4.615126467e+03|4.625511797e+03|4.614949620e+03|4.630405089e+10|4.656864672e+10|4.686789908e+10|4.656477749e+10|7.714500854e+03|7.722395752e+03|7.731306396e+03|7.722242676e+03|2.125427668e+03
6.032706043e+05|2.825188743e+06|2.835963629e+06|2.843708280e+06|2.834930579e+06|4.592183126e+03|4.608297032e+03|4.619876189e+03|4.606669674e+03|4.590923759e+10|4.637215500e+10|4.670540392e+10|4.632744868e+10|7.702678955e+03|7.716532715e+03|7.726468872e+03|7.715129883e+03|2.125427668e+03
6.191982830e+05|2.822359676e+06|2.830539610e+06|2.837665956e+06|2.829699520e+06|4.587938250e+03|4.600185989e+03|4.610842425e+03|4.598876056e+03|4.578764786e+10|4.613901523e+10|4.644536923e+10|4.610269693e+10|7.699031494e+03|7.709561523e+03|7.718716675e+03|7.708434570e+03|2.125427668e+03
6.357463768e+05|2.819276125e+06|2.831234540e+06|2.837827920e+06|2.829158746e+06|4.583271272e+03|4.601225256e+03|4.611084596e+03|4.598035499e+03|4.565457727e+10|4.616887249e+10|4.645233590e+10|4.607926653e+10|7.695025146e+03|7.710455322e+03|7.718925659e+03|7.707712891e+03|2.125427668e+03
6.552963441e+05|2.809790336e+06|2.821785441e+06|2.829666155e+06|2.819592962e+06|4.568912156e+03|4.587069192e+03|4.598879715e+03|4.583630684e+03|4.524567917e+10|4.576285673e+10|4.610149249e+10|4.566739606e+10|7.682694702e+03|7.698283936e+03|7.708442017e+03|7.695338867e+03|2.125427668e+03
6.696271212e+05|2.808552002e+06|2.816351410e+06|2.825034616e+06|2.815646515e+06|4.567037379e+03|4.578844340e+03|4.591952593e+03|4.577668145e+03|4.519234944e+10|4.552843157e+10|4.590262214e+10|4.549738072e+10|7.681081909e+03|7.691227295e+03|7.702481934e+03|7.690214844e+03|2.125427668e+03
6.837986896e+05|2.802932237e+06|2.814458760e+06|2.824610848e+06|2.811712882e+06|4.558474314e+03|4.575979399e+03|4.591318741e+03|4.571699343e+03|4.494964677e+10|4.544683412e+10|4.588443486e+10|4.532767753e+10|7.673726685e+03|7.688764404e+03|7.701937988e+03|7.685088867e+03|2.125427668e+03
6.989262403e+05|2.801128302e+06|2.811823535e+06|2.819154672e+06|2.809825126e+06|4.555714151e+03|4.571990192e+03|4.583087444e+03|4.568870177e+03|4.487162217e+10|4.533326601e+10|4.564933763e+10|4.524652609e+10|7.671360474e+03|7.685337158e+03|7.694867554e+03|7.682657715e+03|2.125427668e+03
7.159635586e+05|2.797854922e+06|2.806768604e+06|2.814178192e+06|2.806016509e+06|4.550705353e+03|4.564337306e+03|4.575554690e+03|4.563079466e+03|4.473010470e+10|4.511556621e+10|4.543473990e+10|4.508216733e+10|7.667059937e+03|7.678759521e+03|7.688401489e+03|7.677684570e+03|2.125427668e+03
7.316824777e+05|2.789523585e+06|2.801713237e+06|2.807850033e+06|2.798465555e+06|4.537951648e+03|4.556609159e+03|4.565974609e+03|4.551550068e+03|4.437023853e+10|4.489691932e+10|4.516212346e+10|4.475599748e+10|7.656098633e+03|7.672126465e+03|7.680166016e+03|7.667781738e+03|2.125427668e+03
7.442282411e+05|2.787875722e+06|2.799310208e+06|2.806867037e+06|2.795542574e+06|4.535404644e+03|4.552932218e+03|4.564486336e+03|4.547035329e+03|4.429875567e+10|4.479301044e+10|4.511980375e+10|4.462939169e+10|7.653915405e+03|7.668970947e+03|7.678886719e+03|7.663905762e+03|2.125427668e+03
7.574307366e+05|2.783609737e+06|2.792374476e+06|2.799660926e+06|2.790862993e+06|4.528810624e+03|4.542318611e+03|4.553468873e+03|4.539913838e+03|4.411380061e+10|4.449335750e+10|4.480817296e+10|4.442739706e+10|7.648254517e+03|7.659850586e+03|7.669433472e+03|7.657788574e+03|2.125427668e+03
7.705040737e+05|2.783645467e+06|2.789622729e+06|2.798437812e+06|2.789057562e+06|4.528865854e+03|4.538104887e+03|4.551597291e+03|4.537134521e+03|4.411534909e+10|4.437453986e+10|4.475529921e+10|4.434924590e+10|7.648303101e+03|7.656232178e+03|7.667824463e+03|7.655403320e+03|2.125427668e+03
7.855439934e+05|2.773446162e+06|2.782847176e+06|2.792849297e+06|2.782551335e+06|4.513097582e+03|4.527631864e+03|4.543045270e+03|4.527091110e+03|4.367374559e+10|4.408075499e+10|4.451386006e+10|4.406747204e+10|7.634756470e+03|7.647244629e+03|7.660475220e+03|7.646777344e+03|2.125427668e+03
8.008718660e+05|2.765192398e+06|2.779648066e+06|2.789841051e+06|2.777581859e+06|4.500209880e+03|4.522686533e+03|4.538440768e+03|4.519352591e+03|4.331506871e+10|4.394217454e+10|4.438398858e+10|4.385181480e+10|7.623697632e+03|7.642992920e+03|7.656516846e+03|7.640131836e+03|2.125427668e+03
8.125643323e+05|2.764379309e+06|2.776384132e+06|2.787168400e+06|2.774366954e+06|4.498940000e+03|4.517640701e+03|4.534311356e+03|4.514339056e+03|4.327976300e+10|4.380087467e+10|4.426807897e+10|4.371220297e+10|7.622604614e+03|7.638660400e+03|7.652977295e+03|7.635826660e+03|2.125427668e+03
8.240203871e+05|2.761121267e+06|2.770940945e+06|2.780131128e+06|2.768394454e+06|4.493851443e+03|4.509187520e+03|4.523433291e+03|4.505042338e+03|4.313835153e+10|4.356484086e+10|4.396309454e+10|4.345299797e+10|7.618233276e+03|7.631403076e+03|7.643636719e+03|7.627843262e+03|2.125427668e+03
8.356187326e+05|2.752555116e+06|2.764041971e+06|2.774378312e+06|2.763323716e+06|4.480390558e+03|4.498413139e+03|4.514539683e+03|4.497197850e+03|4.276570006e+10|4.326511741e+10|4.371408384e+10|4.323333199e+10|7.606676392e+03|7.622154541e+03|7.635998535e+03|7.621106934e+03|2.125427668e+03
8.501775203e+05|2.754214480e+06|2.762078217e+06|2.772336134e+06|2.761128527e+06|4.483011876e+03|4.495346076e+03|4.511366305e+03|4.493695010e+03|4.283805264e+10|4.317987668e+10|4.362550362e+10|4.313745367e+10|7.608927612e+03|7.619516602e+03|7.633269775e+03|7.618099609e+03|2.125427668e+03
8.635956606e+05|2.749860487e+06|2.758841785e+06|2.767201741e+06|2.756953503e+06|4.476133732e+03|4.490291105e+03|4.503348003e+03|4.487194838e+03|4.264825204e+10|4.303946684e+10|4.340234183e+10|4.295626718e+10|7.603023315e+03|7.615174316e+03|7.626389526e+03|7.612519531e+03|2.125427668e+03
8.763134012e+05|2.742253814e+06|2.751173296e+06|2.760086122e+06|2.749293131e+06|4.464116458e+03|4.478207654e+03|4.492234658e+03|4.475074757e+03|4.231706606e+10|4.270546219e+10|4.309344062e+10|4.262237320e+10|7.592697632e+03|7.604804443e+03|7.616846680e+03|7.602111816e+03|2.125427668e+03
8.878092753e+05|2.738218199e+06|2.747183248e+06|2.756556852e+06|2.744331668e+06|4.457693714e+03|4.471904255e+03|4.486712063e+03|4.467153318e+03|4.214082915e+10|4.253162788e+10|4.294023133e+10|4.240547461e+10|7.587189941e+03|7.599388672e+03|7.612098511e+03|7.595310059e+03|2.125427668e+03
8.980401842e+05|2.734478303e+06|2.743823069e+06|2.755366034e+06|2.744380310e+06|4.451723409e+03|4.466595699e+03|4.484830968e+03|4.467357398e+03|4.197735427e+10|4.238534647e+10|4.288828048e+10|4.240875014e+10|7.582064575e+03|7.594829102e+03|7.610483765e+03|7.595485840e+03|2.125427668e+03
9.102913260e+05|2.729551515e+06|2.739305617e+06|2.751764406e+06|2.738344617e+06|4.443858129e+03|4.459429619e+03|4.479141455e+03|4.457711070e+03|4.176218988e+10|4.218838592e+10|4.273122701e+10|4.214494891e+10|7.575309814e+03|7.588677002e+03|7.605601807e+03|7.587203613e+03|2.125427668e+03
9.230509817e+05|2.721543915e+06|2.733072397e+06|2.744772811e+06|2.732710887e+06|4.431012828e+03|4.449479004e+03|4.468096161e+03|4.448762656e+03|4.141198091e+10|4.191593340e+10|4.242668247e+10|4.189922210e+10|7.564283081e+03|7.580134521e+03|7.596122192e+03|7.579521484e+03|2.125427668e+03
9.352735398e+05|2.718909198e+06|2.727184868e+06|2.740542870e+06|2.729241588e+06|4.426762039e+03|4.440079841e+03|4.461404697e+03|4.443210802e+03|4.129649716e+10|4.165891354e+10|4.224250896e+10|4.174759209e+10|7.560632080e+03|7.572064209e+03|7.590369507e+03|7.574752441e+03|2.125427668e+03
9.459113931e+05|2.712662776e+06|2.723818661e+06|2.737658153e+06|2.725129370e+06|4.416684063e+03|4.434682818e+03|4.456799676e+03|4.436606160e+03|4.102298047e+10|4.151174203e+10|4.211634084e+10|4.156764155e+10|7.551981079e+03|7.567431152e+03|7.586419434e+03|7.569083008e+03|2.125427668e+03
9.576947391e+05|2.709860202e+06|2.719810177e+06|2.733818777e+06|2.719630878e+06|4.412162323e+03|4.428215660e+03|4.450670537e+03|4.427744583e+03|4.090038295e+10|4.133598131e+10|4.194853873e+10|4.132679068e+10|7.548095093e+03|7.561880371e+03|7.581160278e+03|7.561475586e+03|2.125427668e+03
9.669763502e+05|2.708619562e+06|2.719138318e+06|2.727738832e+06|2.717048324e+06|4.410145099e+03|4.427131697e+03|4.440964235e+03|4.423626207e+03|4.084588040e+10|4.130653721e+10|4.168308281e+10|4.121403010e+10|7.546359009e+03|7.560951172e+03|7.572824097e+03|7.557939453e+03|2.125427668e+03
9.767440820e+05|2.700862491e+06|2.709988697e+06|2.722507011e+06|2.709951559e+06|4.397484677e+03|4.412369640e+03|4.432566655e+03|4.412106587e+03|4.050467878e+10|4.090600373e+10|4.145421183e+10|4.090254545e+10|7.535500854e+03|7.548271973e+03|7.565614258e+03|7.548048828e+03|2.125427668e+03
9.893037897e+05|2.699612802e+06|2.710891844e+06|2.719910432e+06|2.708142353e+06|4.395445049e+03|4.413826804e+03|4.428377410e+03|4.409189908e+03|4.044976759e+10|4.094550466e+10|4.134037487e+10|4.082324299e+10|7.533749023e+03|7.549522461e+03|7.562022461e+03|7.545544922e+03|2.125427668e+03
1.001766524e+06|2.689693922e+06|2.699223274e+06|2.711816119e+06|2.700760921e+06|4.379190650e+03|4.394809298e+03|4.415318050e+03|4.397194755e+03|4.001343963e+10|4.043265508e+10|4.098593706e+10|4.049933208e+10|7.519787598e+03|7.533202881e+03|7.550807617e+03|7.535247559e+03|2.125427668e+03
1.012247023e+06|2.688543032e+06|2.698172907e+06|2.710140588e+06|2.698024173e+06|4.377294328e+03|4.393094989e+03|4.412614705e+03|4.392689219e+03|3.996270877e+10|4.038652044e+10|4.091264844e+10|4.037860985e+10|7.518163086e+03|7.531731445e+03|7.548483032e+03|7.531377930e+03|2.125427668e+03
1.021001655e+06|2.683787532e+06|2.694520079e+06|2.708187619e+06|2.695090415e+06|4.369458790e+03|4.387133203e+03|4.409440117e+03|4.387855716e+03|3.975322005e+10|4.022616308e+10|4.082686544e+10|4.024917668e+10|7.511434448e+03|7.526607422e+03|7.545757568e+03|7.527228027e+03|2.125427668e+03
1.030980796e+06|2.679392927e+06|2.687063316e+06|2.700475440e+06|2.689038033e+06|4.362184616e+03|4.374856213e+03|4.396852967e+03|4.377926215e+03|3.955923734e+10|3.989749847e+10|4.048767266e+10|3.998261279e+10|7.505185791e+03|7.516068115e+03|7.534956665e+03|7.518704590e+03|2.125427668e+03
1.041899124e+06|2.676936130e+06|2.686901222e+06|2.697687597e+06|2.687926084e+06|4.358095215e+03|4.374589132e+03|4.392302912e+03|4.376137235e+03|3.945036843e+10|3.989035693e+10|4.036520907e+10|3.993412696e+10|7.501679443e+03|7.515839111e+03|7.531049561e+03|7.517167969e+03|2.125427668e+03
1.053062984e+06|2.669364435e+06|2.683324604e+06|2.693565949e+06|2.680551948e+06|4.345461561e+03|4.368696043e+03|4.385570663e+03|4.363785525e+03|3.911454371e+10|3.973284077e+10|4.018421420e+10|3.960630784e+10|7.490837646e+03|7.510780029e+03|7.525263916e+03|7.506562500e+03|2.125427668e+03
1.063417188e+06|2.667588834e+06|2.675936327e+06|2.686930334e+06|2.677141458e+06|4.342499034e+03|4.356426956e+03|4.374637100e+03|4.358260336e+03|3.903588722e+10|3.940598682e+10|3.989163916e+10|3.945715118e+10|7.488294922e+03|7.500249023e+03|7.515881958e+03|7.501820801e+03|2.125427668e+03
1.073710325e+06|2.658943909e+06|2.669157543e+06|2.679989993e+06|2.670096698e+06|4.327989594e+03|4.345116366e+03|4.363174555e+03|4.346513748e+03|3.865137990e+10|3.910537713e+10|3.958561049e+10|3.914482345e+10|7.475836304e+03|7.490540771e+03|7.506039551e+03|7.491737305e+03|2.125427668e+03
1.083791171e+06|2.657503275e+06|2.666788015e+06|2.684179711e+06|2.668067791e+06|4.325557800e+03|4.341162912e+03|4.370104969e+03|4.343058160e+03|3.858706366e+10|3.900042271e+10|3.977048720e+10|3.905381038e+10|7.473750610e+03|7.487145264e+03|7.511989746e+03|7.488768555e+03|2.125427668e+03
1.093301293e+06|2.652973628e+06|2.663374119e+06|2.676288737e+06|2.663911996e+06|4.317912059e+03|4.335459948e+03|4.357014982e+03|4.336085525e+03|3.838500684e+10|3.884913611e+10|3.942162980e+10|3.886896733e+10|7.467187012e+03|7.482244385e+03|7.500752441e+03|7.482782715e+03|2.125427668e+03
1.102531360e+06|2.645328570e+06|2.659783410e+06|2.673241218e+06|2.659083056e+06|4.304947924e+03|4.329406704e+03|4.351930007e+03|4.327957465e+03|3.804313705e+10|3.868887407e+10|3.928640687e+10|3.865381866e+10|7.456051514e+03|7.477051758e+03|7.496389893e+03|7.475804199e+03|2.125427668e+03
1.112517801e+06|2.642349905e+06|2.654797583e+06|2.671191143e+06|2.655475231e+06|4.299859860e+03|4.320990715e+03|4.348509410e+03|4.321842696e+03|3.790923682e+10|3.846633857e+10|3.919550349e+10|3.849243177e+10|7.451683960e+03|7.469828857e+03|7.493453491e+03|7.470553711e+03|2.125427668e+03
1.123830453e+06|2.637323984e+06|2.648977596e+06|2.660982557e+06|2.649262524e+06|4.291275382e+03|4.311167426e+03|4.331430922e+03|4.311413101e+03|3.768356986e+10|3.820696569e+10|3.874243769e+10|3.821608981e+10|7.444313354e+03|7.461389160e+03|7.478790894e+03|7.461599609e+03|2.125427668e+03
1.133257675e+06|2.633769371e+06|2.647164478e+06|2.658252439e+06|2.646678673e+06|4.285202622e+03|4.308084107e+03|4.326822387e+03|4.306994280e+03|3.752412542e+10|3.812570674e+10|3.862050756e+10|3.809994680e+10|7.439093140e+03|7.458741211e+03|7.474834229e+03|7.457805176e+03|2.125427668e+03
1.143130845e+06|2.629371285e+06|2.640860017e+06|2.650595179e+06|2.638504987e+06|4.277612375e+03|4.297314985e+03|4.313897591e+03|4.292961938e+03|3.732523885e+10|3.784230519e+10|3.827901279e+10|3.773179720e+10|7.432580078e+03|7.449499512e+03|7.463736206e+03|7.445752441e+03|2.125427668e+03
1.151976004e+06|2.625722999e+06|2.636929773e+06|2.649097755e+06|2.635599114e+06|4.271309835e+03|4.290602089e+03|4.311370229e+03|4.288040686e+03|3.716030568e+10|3.766588378e+10|3.821231672e+10|3.760192409e+10|7.427168579e+03|7.443735107e+03|7.461561523e+03|7.441527344e+03|2.125427668e+03
1.161185210e+06|2.614892591e+06|2.625960302e+06|2.639172485e+06|2.627395416e+06|4.252522292e+03|4.271719748e+03|4.294432603e+03|4.273935698e+03|3.666972115e+10|3.717102138e+10|3.776652978e+10|3.723213026e+10|7.411029053e+03|7.427518555e+03|7.447025146e+03|7.429415527e+03|2.125427668e+03
1.169410344e+06|2.616654733e+06|2.626552438e+06|2.642919469e+06|2.629255068e+06|4.255602376e+03|4.272742664e+03|4.300832752e+03|4.277172631e+03|3.674999311e+10|3.719778390e+10|3.793483277e+10|3.731653834e+10|7.413671021e+03|7.428394775e+03|7.452516357e+03|7.432195801e+03|2.125427668e+03
1.178868505e+06|2.610451185e+06|2.618343812e+06|2.630435241e+06|2.621306261e+06|4.244759740e+03|4.258554904e+03|4.279450513e+03|4.263440269e+03|3.646760168e+10|3.682698151e+10|3.737337980e+10|3.695726093e+10|7.404357544e+03|7.416204834e+03|7.434154297e+03|7.420401367e+03|2.125427668e+03
1.189645865e+06|2.609265389e+06|2.621126284e+06|2.632544926e+06|2.621789900e+06|4.242687415e+03|4.263369595e+03|4.283095399e+03|4.264279820e+03|3.641369074e+10|3.695271738e+10|3.746887038e+10|3.697918280e+10|7.402578369e+03|7.420344238e+03|7.437281372e+03|7.421121094e+03|2.125427668e+03
1.199899592e+06|2.602374588e+06|2.614100204e+06|2.624510555e+06|2.612909796e+06|4.230602912e+03|4.251137306e+03|4.269215390e+03|4.248771542e+03|3.609978512e+10|3.663363832e+10|3.710552586e+10|3.657535684e+10|7.392192383e+03|7.409841797e+03|7.425369629e+03|7.407798340e+03|2.125427668e+03
1.208697010e+06|2.595362755e+06|2.606323640e+06|2.618524402e+06|2.605054533e+06|4.218191419e+03|4.237546631e+03|4.258870179e+03|4.235077546e+03|3.577826352e+10|3.628003366e+10|3.683520572e+10|3.621852584e+10|7.381531860e+03|7.398159180e+03|7.416477905e+03|7.396034180e+03|2.125427668e+03
1.216591099e+06|2.588652025e+06|2.602047565e+06|2.616984683e+06|2.601640133e+06|4.206287745e+03|4.230023990e+03|4.256179122e+03|4.228951517e+03|3.547060879e+10|3.608477282e+10|3.676502893e+10|3.606084983e+10|7.371298828e+03|7.391695557e+03|7.414166504e+03|7.390766113e+03|2.125427668e+03
1.224861951e+06|2.588769733e+06|2.600737500e+06|2.611770504e+06|2.599226450e+06|4.206498593e+03|4.227704871e+03|4.247065507e+03|4.224746956e+03|3.547604986e+10|3.602464760e+10|3.652761174e+10|3.595121246e+10|7.371477173e+03|7.389707031e+03|7.406340454e+03|7.387154785e+03|2.125427668e+03
1.233855704e+06|2.580218099e+06|2.592364076e+06|2.610612243e+06|2.593593301e+06|4.191183031e+03|4.212884423e+03|4.245041215e+03|4.214657649e+03|3.508136245e+10|3.564100124e+10|3.647492609e+10|3.569133563e+10|7.358313232e+03|7.376966797e+03|7.404604370e+03|7.378481445e+03|2.125427668e+03
1.243319281e+06|2.577612343e+06|2.588370944e+06|2.602932512e+06|2.590337684e+06|4.186517273e+03|4.205784264e+03|4.231590611e+03|4.209009162e+03|3.496131237e+10|3.545761798e+10|3.612540188e+10|3.554388668e+10|7.354300049e+03|7.370861328e+03|7.393038086e+03|7.373628906e+03|2.125427668e+03
1.252364290e+06|2.575335382e+06|2.586370054e+06|2.595915751e+06|2.586635565e+06|4.182430534e+03|4.202200370e+03|4.219170166e+03|4.202434512e+03|3.485625939e+10|3.536518414e+10|3.580359437e+10|3.537389607e+10|7.350782349e+03|7.367787109e+03|7.382373535e+03|7.367978516e+03|2.125427668e+03
1.262616051e+06|2.570498378e+06|2.579611074e+06|2.591324503e+06|2.579395149e+06|4.173663351e+03|4.190096068e+03|4.211044740e+03|4.189415985e+03|3.463126620e+10|3.505338422e+10|3.559345066e+10|3.503910345e+10|7.343251587e+03|7.357378662e+03|7.375386597e+03|7.356782715e+03|2.125427668e+03
1.271680385e+06|2.567747137e+06|2.577719293e+06|2.584671752e+06|2.576608316e+06|4.168677521e+03|4.186708764e+03|4.199158657e+03|4.184524009e+03|3.450348394e+10|3.496623713e+10|3.528677687e+10|3.491201621e+10|7.338962524e+03|7.354463867e+03|7.365173462e+03|7.352582031e+03|2.125427668e+03
1.279162011e+06|2.558997153e+06|2.568875335e+06|2.581826820e+06|2.568868254e+06|4.152753216e+03|4.170721974e+03|4.194063783e+03|4.170305289e+03|3.409622480e+10|3.455586582e+10|3.515553586e+10|3.454967990e+10|7.325259888e+03|7.340721680e+03|7.360793335e+03|7.340344238e+03|2.125427668e+03
1.287019669e+06|2.549645993e+06|2.561667139e+06|2.574157060e+06|2.559757770e+06|4.135581141e+03|4.157657786e+03|4.180294620e+03|4.153532787e+03|3.365861801e+10|3.422148479e+10|3.480141039e+10|3.412264073e+10|7.310478516e+03|7.329472900e+03|7.348947632e+03|7.325903809e+03|2.125427668e+03
1.295096388e+06|2.547325114e+06|2.561674024e+06|2.573342568e+06|2.558791870e+06|4.131303473e+03|4.157669902e+03|4.178818278e+03|4.151925933e+03|3.354985470e+10|3.422179545e+10|3.476351192e+10|3.407989524e+10|7.306795776e+03|7.329488770e+03|7.347678955e+03|7.324528809e+03|2.125427668e+03
1.302981184e+06|2.546424444e+06|2.557063681e+06|2.569030295e+06|2.557597959e+06|4.129628428e+03|4.149202006e+03|4.171002794e+03|4.149924236e+03|3.350730466e+10|3.400560679e+10|3.456306270e+10|3.402685689e+10|7.305357178e+03|7.322205566e+03|7.340962402e+03|7.322814941e+03|2.125427668e+03
1.312334932e+06|2.541709131e+06|2.552547852e+06|2.558835698e+06|2.549598130e+06|4.120860306e+03|4.140909119e+03|4.152456657e+03|4.135202198e+03|3.328477117e+10|3.379423544e+10|3.408865493e+10|3.365195141e+10|7.297813721e+03|7.315067871e+03|7.325001953e+03|7.310144531e+03|2.125427668e+03
1.321535707e+06|2.535149122e+06|2.545365022e+06|2.558715156e+06|2.545923826e+06|4.108665968e+03|4.127658211e+03|4.152235248e+03|4.128425593e+03|3.297582386e+10|3.345726822e+10|3.408300315e+10|3.347955200e+10|7.287302368e+03|7.303662354e+03|7.324812866e+03|7.304311035e+03|2.125427668e+03
1.330717463e+06|2.528997141e+06|2.542377702e+06|2.549275795e+06|2.539441851e+06|4.097100904e+03|4.122103366e+03|4.134901498e+03|4.116284827e+03|3.268359290e+10|3.331630614e+10|3.364132971e+10|3.317262580e+10|7.277345459e+03|7.298878906e+03|7.309894653e+03|7.293851074e+03|2.125427668e+03
1.339562656e+06|2.525135010e+06|2.533492252e+06|2.539943440e+06|2.530930548e+06|4.089831599e+03|4.105563881e+03|4.117577625e+03|4.100399643e+03|3.250028226e+10|3.289736711e+10|3.320152661e+10|3.277045266e+10|7.271084106e+03|7.284632812e+03|7.294983887e+03|7.280170410e+03|2.125427668e+03
1.347310143e+06|2.516681198e+06|2.530265495e+06|2.544810001e+06|2.527952410e+06|4.073808755e+03|4.099488593e+03|4.126626109e+03|4.094355479e+03|3.209714296e+10|3.274386633e+10|3.343106932e+10|3.262246318e+10|7.257271118e+03|7.279404785e+03|7.302771240e+03|7.274936035e+03|2.125427668e+03
1.355215525e+06|2.515593391e+06|2.525730199e+06|2.539558988e+06|2.523883032e+06|4.071733139e+03|4.090951747e+03|4.116862926e+03|4.086505197e+03|3.204502471e+10|3.252851042e+10|3.318341180e+10|3.242626620e+10|7.255484863e+03|7.272048828e+03|7.294365479e+03|7.268153809e+03|2.125427668e+03
1.362093160e+06|2.512829703e+06|2.524522894e+06|2.535130691e+06|2.523283229e+06|4.066460542e+03|4.088679647e+03|4.108631713e+03|4.086021154e+03|3.191273899e+10|3.247126096e+10|3.297495708e+10|3.240755743e+10|7.250935913e+03|7.270088623e+03|7.287275146e+03|7.267782715e+03|2.125427668e+03
1.371201812e+06|2.505315678e+06|2.516030092e+06|2.525282457e+06|2.515402431e+06|4.052063945e+03|4.072566432e+03|4.090109091e+03|4.071160553e+03|3.155234363e+10|3.206595384e+10|3.250727448e+10|3.203289801e+10|7.238516235e+03|7.256201904e+03|7.271323120e+03|7.254977539e+03|2.125427668e+03
1.378997878e+06|2.503484995e+06|2.512453586e+06|2.520646104e+06|2.509334245e+06|4.048523819e+03|4.065743059e+03|4.081375444e+03|4.058977786e+03|3.146388966e+10|3.189474932e+10|3.228734285e+10|3.173330912e+10|7.235466553e+03|7.250317627e+03|7.263789917e+03|7.244428223e+03|2.125427668e+03
1.386856766e+06|2.493863530e+06|2.505243194e+06|2.513734530e+06|2.503767068e+06|4.029903955e+03|4.051923760e+03|4.068186686e+03|4.048743628e+03|3.099960603e+10|3.154883976e+10|3.195603224e+10|3.147271637e+10|7.219393433e+03|7.238395752e+03|7.252425415e+03|7.235636230e+03|2.125427668e+03
1.395046103e+06|2.488321947e+06|2.500322500e+06|2.510838440e+06|2.498242156e+06|4.019048827e+03|4.042409467e+03|4.062662228e+03|4.037755678e+03|3.072980468e+10|3.131121185e+10|3.181753794e+10|3.120147699e+10|7.210023682e+03|7.230192383e+03|7.247657959e+03|7.226135742e+03|2.125427668e+03
1.403457947e+06|2.482113302e+06|2.495487787e+06|2.507302034e+06|2.494112509e+06|4.006893135e+03|4.033064992e+03|4.055905669e+03|4.029949893e+03|3.042839782e+10|3.107829275e+10|3.164839478e+10|3.100495096e+10|7.199518799e+03|7.222119141e+03|7.241830688e+03|7.219410645e+03|2.125427668e+03
1.412148257e+06|2.471130781e+06|2.489721957e+06|2.500218158e+06|2.484651911e+06|3.985094278e+03|4.021790755e+03|4.042207761e+03|4.010963056e+03|2.988980722e+10|3.079788908e+10|3.130617914e+10|3.053794946e+10|7.180681274e+03|7.212392822e+03|7.230018066e+03|7.202979492e+03|2.125427668e+03
1.419682520e+06|2.472637493e+06|2.483852730e+06|2.495887930e+06|2.484230122e+06|3.988084790e+03|4.010298056e+03|4.033838255e+03|4.010759431e+03|2.996352257e+10|3.051276770e+10|3.109754852e+10|3.052683614e+10|7.183269287e+03|7.202462646e+03|7.222791626e+03|7.202846680e+03|2.125427668e+03
1.427155255e+06|2.467657667e+06|2.481007427e+06|2.489504321e+06|2.475974517e+06|3.978157123e+03|4.004705046e+03|4.021364489e+03|3.994051462e+03|2.971900216e+10|3.037420991e+10|3.078730114e+10|3.011730272e+10|7.174680176e+03|7.197628906e+03|7.212024658e+03|7.188383789e+03|2.125427668e+03
1.435980314e+06|2.455759716e+06|2.468978401e+06|2.482732860e+06|2.468067422e+06|3.954171458e+03|3.980818561e+03|4.008105858e+03|3.978299883e+03|2.913019477e+10|2.978450675e+10|3.045843951e+10|2.972882639e+10|7.153924805e+03|7.176980469e+03|7.200566406e+03|7.174763184e+03|2.125427668e+03
1.443692875e+06|2.457480926e+06|2.467895413e+06|2.480985386e+06|2.467843940e+06|3.957661617e+03|3.978636178e+03|4.004661250e+03|3.978135056e+03|2.921567344e+10|2.973078984e+10|3.037312416e+10|2.972207359e+10|7.156947388e+03|7.175096191e+03|7.197590942e+03|7.174640625e+03|2.125427668e+03
1.451361705e+06|2.445976132e+06|2.462828740e+06|2.477603063e+06|2.460559355e+06|3.934198279e+03|3.968429225e+03|3.997943487e+03|3.963340482e+03|2.864221092e+10|2.947979244e+10|3.020693863e+10|2.935993033e+10|7.136627930e+03|7.166270264e+03|7.191788452e+03|7.161831055e+03|2.125427668e+03
1.459294951e+06|2.442867633e+06|2.458578903e+06|2.470385346e+06|2.457198282e+06|3.927811281e+03|3.959871864e+03|3.983614946e+03|3.956327578e+03|2.848654517e+10|2.926982722e+10|2.985336878e+10|2.919003003e+10|7.131096191e+03|7.158861084e+03|7.179401978e+03|7.155748535e+03|2.125427668e+03
1.467391282e+06|2.431646584e+06|2.450332511e+06|2.463621132e+06|2.447518912e+06|3.904565018e+03|3.943089113e+03|3.970025175e+03|3.936613994e+03|2.792204926e+10|2.885917590e+10|2.951900239e+10|2.870794743e+10|7.110938232e+03|7.144334229e+03|7.167650635e+03|7.138674805e+03|2.125427668e+03
1.474919615e+06|2.434696163e+06|2.446855145e+06|2.460176909e+06|2.444533098e+06|3.910893005e+03|3.935991834e+03|3.963089152e+03|3.930446197e+03|2.807537016e+10|2.868594467e+10|2.934871501e+10|2.855792520e+10|7.116426025e+03|7.138187500e+03|7.161645630e+03|7.133325684e+03|2.125427668e+03
1.482456772e+06|2.425389416e+06|2.438626550e+06|2.449780543e+06|2.436395054e+06|3.891405746e+03|3.919028441e+03|3.941962372e+03|3.913686135e+03|2.760364079e+10|2.827284682e+10|2.883166724e+10|2.814986810e+10|7.099519409e+03|7.123484863e+03|7.143359497e+03|7.118800781e+03|2.125427668e+03
1.489049985e+06|2.412764437e+06|2.430586075e+06|2.443721828e+06|2.427685014e+06|3.864638127e+03|3.902334084e+03|3.929580745e+03|3.895450637e+03|2.695909551e+10|2.786801090e+10|2.852965901e+10|2.770861014e+10|7.076270996e+03|7.109003662e+03|7.132626099e+03|7.102976074e+03|2.125427668e+03
1.496225730e+06|2.413471455e+06|2.430818244e+06|2.441887670e+06|2.427111162e+06|3.866145405e+03|3.902822359e+03|3.925781480e+03|3.894178299e+03|2.699528277e+10|2.787983926e+10|2.843711055e+10|2.767850228e+10|7.077584229e+03|7.109426758e+03|7.129338623e+03|7.101865723e+03|2.125427668e+03
1.503473794e+06|2.406650328e+06|2.425614794e+06|2.439550278e+06|2.423637799e+06|3.851544829e+03|3.891879549e+03|3.920941006e+03|3.887033905e+03|2.664505098e+10|2.761508544e+10|2.831933761e+10|2.750443540e+10|7.064883789e+03|7.099932617e+03|7.125143066e+03|7.095676758e+03|2.125427668e+03
1.510987391e+06|2.401490745e+06|2.416066676e+06|2.425630588e+06|2.411738107e+06|3.840379676e+03|3.871680091e+03|3.891912769e+03|3.861737116e+03|2.637796480e+10|2.712829600e+10|2.761588988e+10|2.689576802e+10|7.055174561e+03|7.082389893e+03|7.099963379e+03|7.073695801e+03|2.125427668e+03
1.520318767e+06|2.390654442e+06|2.410631652e+06|2.422806981e+06|2.403618199e+06|3.816707697e+03|3.860091357e+03|3.885977799e+03|3.843669716e+03|2.581403611e+10|2.684994102e+10|2.747264347e+10|2.646817750e+10|7.034560791e+03|7.072319580e+03|7.094807007e+03|7.057935059e+03|2.125427668e+03
1.528252979e+06|2.386319048e+06|2.403611738e+06|2.423165516e+06|2.403968862e+06|3.807174461e+03|3.844968412e+03|3.886731270e+03|3.844603450e+03|2.558789610e+10|2.648762299e+10|2.749081356e+10|2.648899226e+10|7.026251343e+03|7.059167236e+03|7.095465210e+03|7.058763672e+03|2.125427668e+03
1.535903662e+06|2.382035759e+06|2.404280698e+06|2.419611961e+06|2.398828049e+06|3.797631732e+03|3.846416001e+03|3.879244132e+03|3.832932269e+03|2.536189964e+10|2.652224946e+10|2.731037481e+10|2.621474394e+10|7.017932129e+03|7.060428223e+03|7.088957520e+03|7.048562500e+03|2.125427668e+03
1.543417399e+06|2.377967143e+06|2.392484682e+06|2.406917062e+06|2.390773437e+06|3.788545990e+03|3.820734087e+03|3.852122195e+03|3.815902676e+03|2.514714386e+10|2.590974099e+10|2.665888017e+10|2.580421356e+10|7.010007690e+03|7.038070312e+03|7.065385864e+03|7.033776855e+03|2.125427668e+03
1.550924279e+06|2.364306822e+06|2.385281926e+06|2.401929452e+06|2.383750300e+06|3.757699448e+03|3.804885335e+03|3.841328699e+03|3.800064670e+03|2.442142469e+10|2.553367535e+10|2.640063136e+10|2.543118655e+10|6.983063477e+03|7.024253174e+03|7.056000366e+03|7.019946289e+03|2.125427668e+03
1.557499205e+06|2.357132972e+06|2.382063252e+06|2.400985709e+06|2.378483899e+06|3.741181920e+03|3.797693152e+03|3.839287692e+03|3.788209908e+03|2.403464611e+10|2.536335228e+10|2.635194094e+10|2.515177959e+10|6.968616577e+03|7.017986816e+03|7.054221802e+03|7.009595215e+03|2.125427668e+03
1.564730862e+06|2.343264343e+06|2.365567864e+06|2.381760964e+06|2.361454082e+06|3.708837464e+03|3.760556730e+03|3.797017972e+03|3.748961046e+03|2.328206825e+10|2.448836563e+10|2.534738224e+10|2.423426901e+10|6.940286377e+03|6.985560303e+03|7.017396973e+03|6.975237305e+03|2.125427668e+03
1.572332193e+06|2.342334279e+06|2.366168236e+06|2.381562739e+06|2.360451391e+06|3.706644132e+03|3.761917556e+03|3.796575359e+03|3.747002969e+03|2.323124049e+10|2.452029450e+10|2.533692408e+10|2.418568177e+10|6.938358765e+03|6.986751465e+03|7.017009766e+03|6.973558105e+03|2.125427668e+03
1.580185139e+06|2.330542208e+06|2.357364252e+06|2.375632220e+06|2.354357897e+06|3.678524639e+03|3.741715439e+03|3.783334708e+03|3.733142954e+03|2.258166690e+10|2.404710794e+10|2.502420220e+10|2.386023338e+10|6.913679688e+03|6.969085205e+03|7.005456055e+03|6.961446289e+03|2.125427668e+03
1.587117658e+06|2.323951237e+06|2.356118509e+06|2.376177942e+06|2.351911146e+06|3.662526529e+03|3.738842130e+03|3.784552434e+03|3.726455263e+03|2.221387314e+10|2.398003286e+10|2.505290248e+10|2.371234602e+10|6.899617432e+03|6.966570801e+03|7.006517700e+03|6.955504883e+03|2.125427668e+03
1.594063972e+06|2.309559843e+06|2.344645851e+06|2.366085593e+06|2.339702317e+06|3.627017080e+03|3.712074728e+03|3.761730004e+03|3.697887539e+03|2.140277196e+10|2.335711970e+10|2.451587005e+10|2.304801037e+10|6.868345703e+03|6.943127197e+03|6.986587524e+03|6.930468750e+03|2.125427668e+03
1.601097207e+06|2.311189513e+06|2.335380419e+06|2.360143910e+06|2.338595580e+06|3.631109056e+03|3.690095091e+03|3.748129511e+03|3.695085484e+03|2.149602090e+10|2.284835761e+10|2.419712055e+10|2.298452949e+10|6.871953491e+03|6.923841553e+03|6.974695679e+03|6.927995605e+03|2.125427668e+03
1.608816284e+06|2.308935574e+06|2.330158837e+06|2.352069748e+06|2.328285674e+06|3.625447207e+03|3.677593404e+03|3.729486795e+03|3.670507698e+03|2.136703479e+10|2.256019102e+10|2.376203929e+10|2.241651667e+10|6.866963745e+03|6.912862793e+03|6.958376221e+03|6.906416992e+03|2.125427668e+03
1.616231261e+06|2.296892144e+06|2.321447381e+06|2.350136510e+06|2.325145610e+06|3.594955802e+03|3.656449748e+03|3.724950027e+03|3.661860667e+03|2.067603070e+10|2.207477796e+10|2.365636658e+10|2.222575072e+10|6.840044434e+03|6.894266113e+03|6.954407715e+03|6.898727051e+03|2.125427668e+03
1.622612451e+06|2.294058055e+06|2.318898348e+06|2.337583862e+06|2.316742807e+06|3.587698340e+03|3.650158261e+03|3.695345946e+03|3.641971841e+03|2.051244303e+10|2.193070449e+10|2.296961688e+10|2.176491516e+10|6.833630127e+03|6.888734863e+03|6.928452881e+03|6.881273926e+03|2.125427668e+03
1.630476189e+06|2.286662301e+06|2.310745321e+06|2.332246767e+06|2.308965639e+06|3.568492593e+03|3.629998963e+03|3.682632062e+03|3.622490629e+03|2.008072298e+10|2.147072160e+10|2.267636929e+10|2.132211097e+10|6.816633423e+03|6.870972168e+03|6.917285156e+03|6.864092285e+03|2.125427668e+03
1.638378048e+06|2.263386771e+06|2.295297143e+06|2.318769599e+06|2.293971159e+06|3.506205261e+03|3.590871704e+03|3.649840619e+03|3.581628001e+03|1.869415590e+10|2.058400523e+10|2.192347489e+10|2.041695429e+10|6.761332642e+03|6.836434082e+03|6.888452271e+03|6.827738281e+03|2.125427668e+03
1.645741014e+06|2.251351899e+06|2.291951520e+06|2.316609504e+06|2.283972691e+06|3.472615194e+03|3.582285281e+03|3.644502868e+03|3.554211274e+03|1.795484042e+10|2.039071475e+10|2.180139874e+10|1.981052120e+10|6.731397095e+03|6.828838379e+03|6.883758179e+03|6.803313965e+03|2.125427668e+03
1.653685796e+06|2.243212504e+06|2.277717566e+06|2.315747571e+06|2.281414075e+06|3.449377938e+03|3.544904547e+03|3.642376573e+03|3.544864008e+03|1.744704395e+10|1.955299815e+10|2.175298272e+10|1.961930938e+10|6.710630615e+03|6.795726318e+03|6.881880249e+03|6.794805176e+03|2.125427668e+03
1.661136113e+06|2.233983991e+06|2.271128626e+06|2.302190559e+06|2.265581002e+06|3.422414052e+03|3.527265896e+03|3.608490508e+03|3.501306845e+03|1.686184395e+10|1.916039164e+10|2.098242015e+10|1.865645608e+10|6.686482056e+03|6.780060303e+03|6.851999756e+03|6.755960449e+03|2.125427668e+03
1.670046867e+06|2.213057693e+06|2.258415906e+06|2.297874126e+06|2.254350961e+06|3.358690707e+03|3.492420898e+03|3.597471758e+03|3.465635675e+03|1.549477150e+10|1.838984961e+10|2.073286872e+10|1.789903795e+10|6.629167236e+03|6.749059326e+03|6.842270752e+03|6.723718750e+03|2.125427668e+03
1.677159487e+06|2.239035720e+06|2.265001702e+06|2.309588067e+06|2.268280509e+06|3.437291318e+03|3.510636222e+03|3.627088283e+03|3.510656565e+03|1.718446508e+10|1.879200608e+10|2.140441470e+10|1.885076620e+10|6.699811523e+03|6.765273682e+03|6.868406982e+03|6.764473633e+03|2.125427668e+03
1.683582442e+06|2.230972067e+06|2.281000824e+06|2.321489230e+06|2.275133583e+06|3.413515277e+03|3.553642000e+03|3.656531580e+03|3.528048438e+03|1.666971918e+10|1.974822198e+10|2.207663218e+10|1.924417468e+10|6.678497070e+03|6.803469727e+03|6.894343018e+03|6.779814453e+03|2.125427668e+03
1.688726804e+06|2.230673020e+06|2.285745457e+06|2.326801755e+06|2.277071138e+06|3.412632350e+03|3.566098386e+03|3.669442515e+03|3.533279472e+03|1.665071508e+10|2.002693875e+10|2.237257653e+10|1.936060867e+10|6.677704712e+03|6.814515381e+03|6.905701904e+03|6.784488281e+03|2.125427668e+03
1.693152039e+06|2.215900054e+06|2.256426810e+06|2.298590853e+06|2.258279698e+06|3.367579761e+03|3.486912014e+03|3.599309072e+03|3.479993367e+03|1.568393631e+10|1.826876880e+10|2.077446819e+10|1.819351501e+10|6.637184937e+03|6.744145752e+03|6.843893311e+03|6.736855469e+03|2.125427668e+03
1.699043755e+06|2.217424230e+06|2.247414076e+06|2.283993202e+06|2.249211210e+06|3.372293172e+03|3.461440103e+03|3.561526101e+03|3.456687138e+03|1.578434289e+10|1.771051231e+10|1.992455681e+10|1.766794404e+10|6.641433716e+03|6.721411377e+03|6.810462402e+03|6.716247559e+03|2.125427668e+03
1.706482193e+06|2.193964173e+06|2.223359929e+06|2.261303445e+06|2.226603488e+06|3.296709550e+03|3.390573118e+03|3.500414974e+03|3.386555696e+03|1.418634725e+10|1.617606325e+10|1.856620973e+10|1.616929239e+10|6.573077515e+03|6.657889160e+03|6.756176636e+03|6.652984375e+03|2.125427668e+03
1.715616343e+06|2.172919636e+06|2.207608629e+06|2.237743469e+06|2.210351540e+06|3.223143597e+03|3.341409752e+03|3.433506114e+03|3.331424452e+03|1.266197629e+10|1.512786802e+10|1.710235142e+10|1.501729837e+10|6.506019775e+03|6.613565430e+03|6.696419678e+03|6.602811035e+03|2.125427668e+03
1.725858265e+06|2.140238338e+06|2.168790569e+06|2.201868309e+06|2.173900260e+06|3.093245924e+03|3.207871874e+03|3.322836005e+03|3.204564149e+03|1.004597088e+10|1.234921922e+10|1.473525687e+10|1.238300530e+10|6.386218384e+03|6.492033691e+03|6.596763916e+03|6.484748535e+03|2.125427668e+03
1.734755826e+06|2.107051511e+06|2.162235956e+06|2.192650231e+06|2.158769963e+06|2.926035338e+03|3.183098456e+03|3.292239133e+03|3.129312545e+03|6.825698354e+09|1.184496915e+10|1.409340618e+10|1.092931849e+10|6.229015869e+03|6.469283936e+03|6.569011841e+03|6.415772949e+03|2.125427668e+03
1.741521712e+06|2.098801774e+06|2.138935775e+06|2.184490757e+06|2.144409155e+06|2.873699499e+03|3.087383980e+03|3.264362226e+03|3.069600945e+03|5.852856087e+09|9.931410757e+09|1.351238530e+10|9.737023703e+09|6.179042480e+03|6.380751953e+03|6.543657104e+03|6.360999512e+03|2.125427668e+03
1.748465692e+06|2.101702700e+06|2.122873299e+06|2.155273200e+06|2.132601114e+06|2.893008711e+03|3.012274195e+03|3.155864606e+03|3.019699856e+03|6.210479154e+09|8.465641054e+09|1.129454057e+10|8.742253515e+09|6.197526978e+03|6.310544434e+03|6.444205078e+03|6.314569336e+03|2.125427668e+03
1.756054938e+06|2.088250732e+06|2.108955915e+06|2.133670436e+06|2.114799241e+06|2.793019002e+03|2.937422036e+03|3.063847066e+03|2.927041483e+03|4.384782085e+09|7.040059785e+09|9.467535171e+09|6.962487079e+09|6.101207397e+03|6.239840332e+03|6.358838623e+03|6.226909180e+03|2.125427668e+03
1.763899060e+06|2.085579434e+06|2.102209298e+06|2.129448506e+06|2.111443829e+06|2.768564054e+03|2.896219878e+03|3.044227958e+03|2.910467875e+03|3.948193824e+09|6.269368800e+09|9.084300359e+09|6.645708886e+09|6.077416260e+03|6.200596436e+03|6.340506836e+03|6.207481445e+03|2.125427668e+03
1.772483188e+06|2.078579595e+06|2.093349108e+06|2.111931320e+06|2.104914206e+06|2.688700881e+03|2.834473805e+03|2.954371388e+03|2.857817607e+03|2.551358683e+09|5.133712851e+09|7.359431584e+09|5.686768250e+09|5.999023071e+03|6.141326416e+03|6.255919434e+03|6.158646973e+03|2.125427668e+03
1.778770048e+06|2.085070497e+06|2.133238040e+06|2.143559206e+06|2.121241910e+06|2.763673583e+03|3.061875554e+03|3.107593608e+03|2.958128509e+03|3.861763328e+09|9.429018720e+09|1.033026556e+10|7.566427707e+09|6.072644531e+03|6.356997314e+03|6.399542114e+03|6.254386719e+03|2.125427668e+03
1.782702516e+06|2.103520121e+06|2.120824928e+06|2.136131487e+06|2.118475771e+06|2.904486625e+03|3.001909548e+03|3.075084785e+03|2.956693203e+03|6.422372235e+09|8.266113514e+09|9.688586823e+09|7.495501021e+09|6.208493530e+03|6.300798828e+03|6.369316040e+03|6.253756836e+03|2.125427668e+03
1.786199909e+06|2.100778727e+06|2.115527281e+06|2.125220968e+06|2.112094225e+06|2.886885260e+03|2.974127155e+03|3.023904280e+03|2.932028398e+03|6.096002981e+09|7.734051881e+09|8.690329075e+09|7.001035223e+09|6.191672485e+03|6.274605469e+03|6.321464844e+03|6.233215820e+03|2.125427668e+03
1.789103476e+06|2.074961898e+06|2.096341756e+06|2.107596785e+06|2.097805157e+06|2.624276379e+03|2.856484675e+03|2.929358091e+03|2.815004909e+03|1.456996169e+09|5.537635940e+09|6.887605146e+09|4.882826378e+09|5.934976318e+03|6.162508301e+03|6.232181519e+03|6.116467285e+03|2.125427668e+03
1.794083349e+06|2.073121042e+06|2.074551276e+06|2.083617229e+06|2.081775668e+06|2.535736439e+03|2.612865694e+03|2.749039096e+03|2.667257978e+03|1.772328511e+04|1.260389147e+09|3.602481295e+09|2.245258375e+09|5.803934570e+03|5.923548828e+03|6.058349487e+03|5.940235840e+03|2.125427668e+03
1.805785130e+06|2.073120954e+06|2.073121007e+06|2.073121056e+06|2.073548368e+06|2.535734538e+03|2.535735719e+03|2.535736628e+03|2.549580713e+03|1.772299198e+04|1.772317409e+04|1.772331428e+04|2.182786380e+08|5.638207520e+03|5.740051270e+03|5.820739746e+03|5.720416992e+03|2.125427668e+03
1.819458289e+06|2.073120780e+06|2.073120852e+06|2.073120935e+06|2.073252015e+06|2.535730945e+03|2.535732405e+03|2.535734062e+03|2.539816467e+03|1.772243761e+04|1.772266289e+04|1.772291841e+04|6.776413307e+07|5.350092407e+03|5.463622314e+03|5.597912720e+03|5.476165527e+03|2.125427668e+03
1.827705336e+06|2.073120769e+06|2.073120852e+06|2.073120897e+06|2.073120844e+06|2.535730679e+03|2.535732404e+03|2.535733353e+03|2.535732226e+03|1.772239660e+04|1.772266275e+04|1.772280918e+04|1.772263530e+04|5.329668945e+03|5.463552490e+03|5.540137329e+03|5.454546387e+03|2.125427668e+03
1.835600583e+06|2.073120676e+06|2.073120748e+06|2.073120812e+06|2.073120739e+06|2.535728549e+03|2.535730180e+03|2.535731605e+03|2.535729960e+03|1.772206801e+04|1.772231966e+04|1.772253952e+04|1.772228567e+04|5.173116211e+03|5.292150146e+03|5.400949829e+03|5.282311035e+03|2.125427668e+03
1.841798139e+06|2.073120551e+06|2.073120703e+06|2.073120795e+06|2.073120689e+06|2.535725903e+03|2.535729214e+03|2.535731348e+03|2.535728895e+03|1.772165992e+04|1.772217057e+04|1.772249989e+04|1.772212144e+04|4.991125610e+03|5.221277832e+03|5.381247314e+03|5.211695801e+03|2.125427668e+03
1.849776601e+06|2.073120462e+06|2.073120602e+06|2.073120743e+06|2.073120733e+06|2.535724094e+03|2.535727006e+03|2.535730059e+03|2.535859793e+03|1.772138079e+04|1.772183003e+04|1.772230103e+04|2.187229984e+05|4.874168213e+03|5.065433838e+03|5.283146606e+03|5.076753906e+03|2.125427668e+03
1.859301523e+06|2.073120334e+06|2.073120422e+06|2.073120547e+06|2.073120420e+06|2.535721291e+03|2.535723036e+03|2.535725735e+03|2.535723106e+03|1.772094845e+04|1.772121761e+04|1.772163394e+04|1.772122852e+04|4.702904297e+03|4.807652344e+03|4.979800049e+03|4.826210449e+03|2.125427668e+03
1.873254242e+06|2.073120132e+06|2.073120252e+06|2.073120411e+06|2.073120253e+06|2.535716864e+03|2.535719486e+03|2.535722776e+03|2.535719531e+03|1.772026567e+04|1.772067005e+04|1.772117757e+04|1.772067700e+04|4.455530640e+03|4.598670410e+03|4.791575806e+03|4.612546875e+03|2.125427668e+03
1.893365678e+06|2.073119837e+06|2.073120008e+06|2.073120105e+06|2.073119978e+06|2.535710689e+03|2.535714304e+03|2.535716314e+03|2.535713665e+03|1.771931315e+04|1.771987072e+04|1.772018076e+04|1.771977230e+04|4.151527466e+03|4.324248779e+03|4.426619141e+03|4.302226562e+03|2.125427668e+03
1.996299055e+06|2.073119514e+06|2.073119643e+06|2.073119973e+06|2.073119755e+06|2.535703660e+03|2.535706350e+03|2.535713628e+03|2.535708859e+03|1.771822916e+04|1.771864397e+04|1.771976647e+04|1.771903107e+04|3.852022156e+03|3.961078247e+03|4.291000000e+03|4.109398926e+03|2.125427668e+03
2.622044299e+06|2.073118563e+06|2.073119115e+06|2.073119710e+06|2.073119033e+06|2.535683205e+03|2.535695017e+03|2.535707932e+03|2.535693362e+03|1.771507477e+04|1.771689617e+04|1.771888800e+04|1.771664133e+04|3.183649597e+03|3.537984741e+03|4.028682190e+03|3.623928223e+03|2.125427668e+03
1.897027892e+06|5.482716266e+06|5.501190445e+06|5.528514932e+06|5.510701423e+06|3.088567767e+03|3.096996158e+03|3.109452502e+03|3.100663294e+03|2.762172499e+10|2.798624796e+10|2.852886574e+10|2.817451884e+10|3.667522766e+03|3.676378418e+03|3.689460510e+03|3.680702393e+03|3.584410288e+03
1.903596798e+06|5.445755849e+06|5.463375375e+06|5.481797576e+06|5.465095523e+06|3.070540902e+03|3.079164406e+03|3.088148480e+03|3.079778287e+03|2.687983999e+10|2.723290830e+10|2.760365424e+10|2.726676476e+10|3.649284668e+03|3.657994141e+03|3.667082214e+03|3.658739990e+03|3.584410288e+03
1.923821225e+06|5.352520646e+06|5.389715677e+06|5.425339349e+06|5.391319246e+06|3.023154980e+03|3.042426296e+03|3.060543875e+03|3.042891369e+03|2.500850312e+10|2.575569002e+10|2.647315203e+10|2.578401387e+10|3.602130859e+03|3.621163818e+03|3.639181763e+03|3.621604980e+03|3.584410288e+03
1.942716906e+06|5.270829304e+06|5.303166686e+06|5.343937431e+06|5.313575131e+06|2.982587388e+03|2.997567881e+03|3.018706402e+03|3.004085750e+03|2.332559662e+10|2.399850851e+10|2.483231441e+10|2.419996752e+10|3.558525940e+03|3.575989258e+03|3.597648682e+03|3.580950684e+03|3.584410288e+03
1.951958299e+06|5.219853740e+06|5.257961301e+06|5.300970669e+06|5.262986653e+06|2.962107371e+03|2.977466065e+03|2.996428922e+03|2.980900282e+03|2.226792463e+10|2.305417205e+10|2.395388141e+10|2.315754622e+10|3.530393433e+03|3.551451416e+03|3.574819031e+03|3.553774658e+03|3.584410288e+03
1.961991831e+06|5.190252871e+06|5.219567330e+06|5.257502930e+06|5.223289833e+06|2.949312012e+03|2.961983650e+03|2.977283705e+03|2.962981710e+03|2.164160423e+10|2.226185156e+10|2.304443029e+10|2.233077841e+10|3.513597168e+03|3.530232910e+03|3.551200134e+03|3.531854004e+03|3.584410288e+03
1.974608670e+06|5.143051475e+06|5.169382443e+06|5.212332293e+06|5.178761261e+06|2.926680079e+03|2.940280030e+03|2.958857759e+03|2.942629927e+03|2.064381202e+10|2.120498405e+10|2.210860787e+10|2.139515902e+10|3.486284180e+03|3.501746094e+03|3.526128357e+03|3.506568848e+03|3.584410288e+03
1.993079288e+06|5.084834561e+06|5.097467196e+06|5.133397754e+06|5.112722187e+06|2.894449265e+03|2.901878044e+03|2.921586229e+03|2.909094850e+03|1.939513774e+10|1.966764415e+10|2.043865764e+10|1.999154123e+10|3.451321472e+03|3.459083618e+03|3.480589111e+03|3.467832275e+03|3.584410288e+03
2.003312178e+06|5.068988521e+06|5.084913484e+06|5.102331287e+06|5.089126693e+06|2.885131662e+03|2.894495674e+03|2.904738596e+03|2.896196970e+03|1.905781275e+10|1.939680105e+10|1.977450346e+10|1.948544878e+10|3.441581238e+03|3.451368774e+03|3.462071472e+03|3.453626221e+03|3.584410288e+03
2.011701177e+06|5.054516254e+06|5.079541640e+06|5.102988392e+06|5.084641357e+06|2.876571815e+03|2.891336875e+03|2.905125045e+03|2.892813443e+03|1.874714370e+10|1.928305302e+10|1.978903580e+10|1.938338799e+10|3.432656555e+03|3.448068359e+03|3.462474670e+03|3.450500977e+03|3.584410288e+03
2.028980851e+06|5.000753167e+06|5.046906543e+06|5.073535495e+06|5.045237256e+06|2.842687142e+03|2.871731870e+03|2.887805221e+03|2.869747513e+03|1.756257431e+10|1.857262849e+10|1.915526976e+10|1.851860554e+10|3.398077637e+03|3.427774414e+03|3.444376160e+03|3.425470215e+03|3.584410288e+03
2.041230997e+06|4.956506004e+06|4.986335974e+06|5.028920205e+06|5.000705228e+06|2.819076611e+03|2.834995475e+03|2.860295592e+03|2.844291283e+03|1.656012878e+10|1.722386362e+10|1.817196692e+10|1.753529004e+10|3.368375244e+03|3.388400513e+03|3.416237122e+03|3.396907471e+03|3.584410288e+03
2.050759775e+06|4.944516461e+06|4.977768092e+06|5.001574531e+06|4.984201785e+06|2.813541460e+03|2.830423797e+03|2.843125324e+03|2.835193143e+03|1.628582750e+10|1.702822977e+10|1.758205903e+10|1.716673524e+10|3.360106506e+03|3.382647949e+03|3.398629395e+03|3.386179688e+03|3.584410288e+03
2.062966113e+06|4.931427426e+06|4.965841495e+06|5.001504066e+06|4.975561915e+06|2.807730849e+03|2.824059156e+03|2.843173736e+03|2.831176680e+03|1.598219288e+10|1.676267862e+10|1.757852772e+10|1.696530607e+10|3.351014832e+03|3.374640869e+03|3.398557373e+03|3.380030273e+03|3.584410288e+03
2.075383685e+06|4.923232043e+06|4.989410378e+06|5.088735036e+06|5.001218112e+06|2.803175915e+03|2.836635806e+03|2.896742922e+03|2.846005812e+03|1.578732541e+10|1.729507945e+10|1.947850032e+10|1.752154870e+10|3.345199036e+03|3.390465088e+03|3.453716431e+03|3.395925049e+03|3.584410288e+03
2.086531927e+06|4.946340736e+06|5.065596629e+06|5.085350016e+06|5.024972177e+06|2.814348400e+03|2.883137327e+03|2.894752372e+03|2.860003800e+03|1.632815470e+10|1.898526296e+10|1.940610169e+10|1.805712556e+10|3.361373230e+03|3.439496948e+03|3.451638489e+03|3.411775879e+03|3.584410288e+03
2.096863541e+06|4.958326994e+06|5.024491108e+06|5.064410902e+06|5.010220932e+06|2.820048555e+03|2.857480152e+03|2.882440163e+03|2.850906692e+03|1.659928736e+10|1.807572844e+10|1.895992956e+10|1.773842034e+10|3.369596375e+03|3.413394775e+03|3.438767029e+03|3.402718994e+03|3.584410288e+03
2.109084245e+06|4.976805863e+06|5.026894187e+06|5.053211028e+06|5.015621756e+06|2.829910340e+03|2.859007672e+03|2.875741601e+03|2.853523807e+03|1.700649344e+10|1.812780409e+10|1.871699682e+10|1.786358782e+10|3.382002869e+03|3.414937256e+03|3.431818665e+03|3.406515625e+03|3.584410288e+03
2.122919820e+06|4.962192293e+06|4.990303839e+06|5.031530860e+06|4.999258100e+06|2.822111573e+03|2.837112498e+03|2.861955210e+03|2.843672557e+03|1.668292766e+10|1.731585240e+10|1.822904703e+10|1.750239173e+10|3.372190979e+03|3.391064575e+03|3.417912720e+03|3.396002930e+03|3.584410288e+03
2.133966557e+06|4.949370170e+06|4.973514806e+06|5.027371990e+06|4.988409150e+06|2.815688259e+03|2.828154138e+03|2.859311444e+03|2.837864135e+03|1.639861792e+10|1.693260745e+10|1.813834285e+10|1.725505312e+10|3.363477051e+03|3.379794556e+03|3.415243652e+03|3.388629395e+03|3.584410288e+03
2.144037777e+06|4.938094732e+06|4.966514907e+06|5.014257265e+06|4.975850440e+06|2.810700382e+03|2.824418553e+03|2.850975955e+03|2.830886663e+03|1.613622632e+10|1.677742717e+10|1.785711550e+10|1.697267100e+10|3.355647766e+03|3.375093506e+03|3.406830261e+03|3.380224609e+03|3.584410288e+03
2.158011641e+06|4.918704084e+06|4.948876910e+06|5.011939983e+06|4.961467493e+06|2.800534990e+03|2.815470128e+03|2.849503409e+03|2.823272414e+03|1.568087226e+10|1.638711542e+10|1.780832997e+10|1.664531988e+10|3.341968140e+03|3.363135864e+03|3.405342163e+03|3.370483643e+03|3.584410288e+03
2.168520960e+06|4.922722252e+06|4.980804202e+06|5.023789607e+06|4.970670378e+06|2.802878577e+03|2.832043847e+03|2.857034252e+03|2.828227496e+03|1.577525770e+10|1.709727483e+10|1.806056043e+10|1.685088705e+10|3.344836731e+03|3.384686401e+03|3.412945068e+03|3.376483154e+03|3.584410288e+03
2.178245989e+06|4.940223311e+06|4.991616735e+06|5.023733776e+06|4.976116863e+06|2.811642184e+03|2.837812961e+03|2.856998762e+03|2.830850637e+03|1.618592003e+10|1.734649087e+10|1.805934946e+10|1.697945843e+10|3.357127136e+03|3.391945190e+03|3.412910400e+03|3.380465088e+03|3.584410288e+03
2.189150568e+06|4.916996428e+06|4.963579274e+06|4.999320297e+06|4.959269605e+06|2.799539016e+03|2.822851817e+03|2.841922774e+03|2.821514023e+03|1.564106468e+10|1.671314889e+10|1.752823080e+10|1.659840197e+10|3.340752197e+03|3.373123169e+03|3.397118347e+03|3.369109375e+03|3.584410288e+03
2.201893273e+06|4.924840020e+06|4.959137086e+06|4.991937219e+06|4.954499974e+06|2.804113780e+03|2.820480934e+03|2.837983943e+03|2.818869835e+03|1.582551491e+10|1.661673359e+10|1.735399511e+10|1.649212056e+10|3.346345947e+03|3.370141602e+03|3.392160461e+03|3.365967773e+03|3.584410288e+03
2.213176087e+06|4.919679258e+06|4.939367210e+06|4.982200384e+06|4.942817936e+06|2.801103754e+03|2.811263380e+03|2.832788857e+03|2.812574593e+03|1.570366524e+10|1.616601829e+10|1.712889301e+10|1.622218833e+10|3.342665161e+03|3.356530273e+03|3.385625427e+03|3.357807861e+03|3.584410288e+03
2.222912625e+06|4.894609853e+06|4.927276369e+06|4.960450180e+06|4.929488767e+06|2.786949728e+03|2.805534813e+03|2.821181771e+03|2.805540764e+03|1.511320613e+10|1.588370795e+10|1.664512658e+10|1.591755889e+10|3.324464355e+03|3.348084106e+03|3.371021851e+03|3.348666016e+03|3.584410288e+03
2.233984722e+06|4.885205223e+06|4.912629214e+06|4.945588331e+06|4.916592247e+06|2.781830682e+03|2.796991922e+03|2.814015593e+03|2.798474216e+03|1.488812882e+10|1.554032606e+10|1.631068906e+10|1.561712347e+10|3.317509460e+03|3.337635620e+03|3.360851379e+03|3.339508057e+03|3.584410288e+03
2.246111535e+06|4.888017010e+06|4.924875788e+06|4.965429170e+06|4.921784550e+06|2.783361225e+03|2.804134642e+03|2.823839104e+03|2.800981145e+03|1.495513744e+10|1.582635937e+10|1.675361340e+10|1.573305534e+10|3.319587402e+03|3.346371704e+03|3.374366028e+03|3.342898438e+03|3.584410288e+03
2.256678287e+06|4.880466044e+06|4.935987139e+06|4.982688568e+06|4.928252762e+06|2.779250951e+03|2.809767727e+03|2.833049343e+03|2.804317949e+03|1.477543706e+10|1.608770809e+10|1.714004925e+10|1.587897516e+10|3.314004822e+03|3.354185547e+03|3.385952454e+03|3.347281006e+03|3.584410288e+03
2.267231009e+06|4.886291304e+06|4.937297983e+06|4.965757455e+06|4.925568344e+06|2.782421883e+03|2.810347781e+03|2.824014310e+03|2.802970880e+03|1.491394320e+10|1.611799332e+10|1.676079454e+10|1.582340371e+10|3.318312012e+03|3.355093506e+03|3.374585449e+03|3.345729492e+03|3.584410288e+03
2.277808332e+06|4.882376360e+06|4.922581520e+06|4.965949869e+06|4.921182393e+06|2.780290817e+03|2.802796497e+03|2.824116977e+03|2.800739093e+03|1.482082217e+10|1.577197408e+10|1.676519518e+10|1.571684949e+10|3.315416809e+03|3.344735840e+03|3.374713379e+03|3.342418457e+03|3.584410288e+03
2.289637163e+06|4.860080922e+06|4.900270725e+06|4.929018854e+06|4.893777915e+06|2.768099041e+03|2.790030786e+03|2.806551151e+03|2.785694367e+03|1.429480253e+10|1.524980460e+10|1.592562018e+10|1.507278138e+10|3.298869263e+03|3.328653687e+03|3.349328186e+03|3.322520020e+03|3.584410288e+03
2.299887841e+06|4.880389088e+06|4.909089571e+06|4.929486727e+06|4.899902444e+06|2.779209034e+03|2.794927534e+03|2.806824049e+03|2.789507671e+03|1.477351278e+10|1.545965984e+10|1.593690270e+10|1.522819787e+10|3.313947876e+03|3.335111938e+03|3.349661987e+03|3.327605225e+03|3.584410288e+03
2.310764343e+06|4.872599308e+06|4.894352687e+06|4.923632625e+06|4.893732807e+06|2.774968491e+03|2.786809756e+03|2.803409561e+03|2.786140503e+03|1.458848713e+10|1.510701864e+10|1.579693581e+10|1.508137201e+10|3.308186768e+03|3.324274780e+03|3.345486023e+03|3.323077148e+03|3.584410288e+03
2.320516985e+06|4.869164783e+06|4.895683615e+06|4.919592058e+06|4.892050429e+06|2.773098722e+03|2.787534160e+03|2.801052894e+03|2.785071609e+03|1.450778478e+10|1.513905278e+10|1.570160157e+10|1.503924306e+10|3.305648560e+03|3.325260864e+03|3.342603210e+03|3.321725098e+03|3.584410288e+03
2.331465441e+06|4.844523765e+06|4.877830988e+06|4.914719129e+06|4.877240348e+06|2.759046673e+03|2.777816524e+03|2.798210818e+03|2.776665681e+03|1.390908755e+10|1.471294420e+10|1.558835726e+10|1.468230582e+10|3.286712280e+03|3.312055420e+03|3.339125916e+03|3.310467285e+03|3.584410288e+03
2.342455344e+06|4.833296626e+06|4.880698629e+06|4.913171421e+06|4.873722009e+06|2.752514245e+03|2.779377542e+03|2.797308151e+03|2.774534801e+03|1.363520409e+10|1.478101203e+10|1.555275999e+10|1.459535072e+10|3.277941528e+03|3.314176147e+03|3.338022278e+03|3.307624023e+03|3.584410288e+03
2.352894695e+06|4.829078505e+06|4.866252481e+06|4.897437410e+06|4.862707763e+06|2.750060040e+03|2.771513209e+03|2.788488708e+03|2.768639249e+03|1.353316055e+10|1.443995121e+10|1.518134559e+10|1.433559379e+10|3.274646545e+03|3.303493408e+03|3.326556213e+03|3.299631836e+03|3.584410288e+03
2.364718161e+06|4.831081366e+06|4.862904194e+06|4.899748257e+06|4.861610968e+06|2.751225344e+03|2.769690289e+03|2.789746430e+03|2.767883012e+03|1.358151873e+10|1.436258624e+10|1.523715572e+10|1.430691961e+10|3.276210327e+03|3.301018555e+03|3.328266235e+03|3.298658203e+03|3.584410288e+03
2.375188236e+06|4.829977346e+06|4.862486918e+06|4.899846938e+06|4.860460031e+06|2.750583002e+03|2.769463105e+03|2.789800138e+03|2.767037870e+03|1.355484906e+10|1.435300587e+10|1.523954240e+10|1.427492018e+10|3.275348450e+03|3.300709961e+03|3.328338501e+03|3.297522461e+03|3.584410288e+03
2.385033981e+06|4.830271359e+06|4.861037717e+06|4.883180602e+06|4.855095340e+06|2.750754065e+03|2.768655798e+03|2.780728618e+03|2.764188628e+03|1.356195262e+10|1.431873679e+10|1.483987874e+10|1.415018202e+10|3.275579224e+03|3.299617310e+03|3.316011047e+03|3.293751953e+03|3.584410288e+03
2.394572855e+06|4.802023038e+06|4.845209792e+06|4.867210142e+06|4.835786238e+06|2.733628861e+03|2.759445844e+03|2.772034585e+03|2.753093077e+03|1.285823755e+10|1.392594459e+10|1.446215573e+10|1.368132984e+10|3.252737000e+03|3.287248169e+03|3.304201355e+03|3.278864014e+03|3.584410288e+03
2.403599853e+06|4.810676975e+06|4.844283057e+06|4.868002036e+06|4.835433742e+06|2.739018095e+03|2.758906615e+03|2.772465704e+03|2.752487439e+03|1.307803664e+10|1.390317351e+10|1.448064783e+10|1.366598233e+10|3.259896484e+03|3.286523682e+03|3.304788513e+03|3.278155518e+03|3.584410288e+03
2.414746876e+06|4.811065888e+06|4.835387844e+06|4.857677896e+06|4.836701782e+06|2.739260312e+03|2.753730976e+03|2.766700733e+03|2.753561219e+03|1.308797573e+10|1.368588756e+10|1.423476718e+10|1.370251532e+10|3.260218079e+03|3.279574463e+03|3.296991455e+03|3.279482178e+03|3.584410288e+03
2.425365411e+06|4.794154739e+06|4.832873929e+06|4.865791145e+06|4.829924856e+06|2.728729657e+03|2.752268303e+03|2.771262047e+03|2.749260115e+03|1.266055895e+10|1.362489610e+10|1.442922869e+10|1.353066592e+10|3.246231262e+03|3.277609985e+03|3.303153870e+03|3.273793457e+03|3.584410288e+03
2.435472137e+06|4.789636185e+06|4.820998596e+06|4.848595290e+06|4.821994467e+06|2.725916517e+03|2.745359093e+03|2.761415742e+03|2.744575916e+03|1.254799354e+10|1.333927019e+10|1.400934461e+10|1.333688342e+10|3.242495422e+03|3.268338135e+03|3.289893372e+03|3.267583740e+03|3.584410288e+03
2.447024247e+06|4.788258988e+06|4.817850633e+06|4.843993420e+06|4.813453859e+06|2.725059173e+03|2.743486184e+03|2.758738090e+03|2.739618050e+03|1.251386558e+10|1.326221164e+10|1.389608762e+10|1.312816805e+10|3.241356079e+03|3.265831543e+03|3.286296875e+03|3.260925049e+03|3.584410288e+03
2.458715120e+06|4.785990268e+06|4.812874679e+06|4.855646769e+06|4.815241819e+06|2.723646855e+03|2.740386863e+03|2.765518840e+03|2.740518637e+03|1.245771478e+10|1.313427472e+10|1.418412808e+10|1.316945198e+10|3.239483337e+03|3.261714233e+03|3.295404053e+03|3.262165039e+03|3.584410288e+03
2.468756154e+06|4.776136254e+06|4.804729748e+06|4.831383542e+06|4.805273003e+06|2.717402673e+03|2.735314358e+03|2.751401159e+03|2.734653215e+03|1.221045887e+10|1.292668693e+10|1.358884238e+10|1.292476140e+10|3.231211853e+03|3.254976074e+03|3.276448242e+03|3.254293701e+03|3.584410288e+03
2.477539788e+06|4.779104723e+06|4.810602911e+06|4.838478993e+06|4.808793389e+06|2.719346130e+03|2.738971976e+03|2.755529523e+03|2.736432400e+03|1.228765198e+10|1.307616848e+10|1.376113664e+10|1.300526620e+10|3.233776489e+03|3.259834839e+03|3.281988403e+03|3.256738037e+03|3.584410288e+03
2.486248178e+06|4.757912823e+06|4.788292403e+06|4.816166943e+06|4.789008721e+06|2.705229372e+03|2.725079960e+03|2.742437447e+03|2.724080640e+03|1.173247069e+10|1.251465391e+10|1.321882386e+10|1.250747115e+10|3.215205994e+03|3.241384644e+03|3.264438538e+03|3.240347900e+03|3.584410288e+03
2.496187020e+06|4.769209949e+06|4.794620902e+06|4.823038015e+06|4.794067985e+06|2.712774940e+03|2.729019889e+03|2.746545625e+03|2.727546018e+03|1.202721578e+10|1.267220123e+10|1.338802931e+10|1.264037353e+10|3.225126770e+03|3.246617065e+03|3.269929199e+03|3.244886963e+03|3.584410288e+03
2.506745366e+06|4.754264785e+06|4.786288240e+06|4.807543324e+06|4.781286890e+06|2.702793447e+03|2.723832335e+03|2.737066507e+03|2.719330702e+03|1.163840337e+10|1.246505316e+10|1.299814085e+10|1.231435023e+10|3.212004211e+03|3.239727661e+03|3.257304138e+03|3.234026855e+03|3.584410288e+03
2.516715849e+06|4.753338204e+06|4.783268517e+06|4.812851716e+06|4.784128705e+06|2.702174792e+03|2.721952592e+03|2.740372592e+03|2.720561378e+03|1.161460414e+10|1.239055887e+10|1.313377469e+10|1.237640394e+10|3.211191162e+03|3.237232056e+03|3.261695862e+03|3.235755859e+03|3.584410288e+03
2.527022165e+06|4.740742435e+06|4.768915761e+06|4.791805686e+06|4.769449133e+06|2.693749542e+03|2.712578398e+03|2.727267170e+03|2.711874419e+03|1.129353056e+10|1.201945971e+10|1.260197188e+10|1.201544836e+10|3.200123474e+03|3.224869995e+03|3.244290100e+03|3.224140381e+03|3.584410288e+03
2.537961680e+06|4.740806443e+06|4.765545487e+06|4.787826797e+06|4.764667513e+06|2.693809661e+03|2.710327049e+03|2.724790107e+03|2.708762163e+03|1.129596100e+10|1.193106688e+10|1.250311659e+10|1.189245980e+10|3.200198242e+03|3.221909424e+03|3.240999695e+03|3.220031006e+03|3.584410288e+03
2.549979091e+06|4.739669365e+06|4.771113213e+06|4.796479871e+06|4.766437016e+06|2.693001902e+03|2.714046456e+03|2.730177329e+03|2.709000642e+03|1.126501529e+10|1.207735471e+10|1.271877002e+10|1.192167347e+10|3.199145142e+03|3.226800537e+03|3.248152893e+03|3.220513184e+03|3.584410288e+03
2.558709882e+06|4.731270252e+06|4.754676694e+06|4.778702560e+06|4.756827369e+06|2.686946613e+03|2.703068479e+03|2.719108441e+03|2.703335976e+03|1.103406985e+10|1.164900145e+10|1.227841135e+10|1.168574700e+10|3.191263428e+03|3.212366089e+03|3.233458191e+03|3.212932617e+03|3.584410288e+03
2.568031900e+06|4.728680857e+06|4.750008477e+06|4.770542289e+06|4.751446962e+06|2.685080399e+03|2.699951786e+03|2.713665024e+03|2.699813078e+03|1.096358160e+10|1.152935188e+10|1.206229117e+10|1.154756192e+10|3.188834961e+03|3.208270020e+03|3.226297424e+03|3.208287842e+03|3.584410288e+03
2.578121023e+06|4.715935765e+06|4.737708673e+06|4.766078873e+06|4.739570617e+06|2.675898758e+03|2.691588095e+03|2.710683314e+03|2.690881697e+03|1.062130206e+10|1.121079318e+10|1.194499251e+10|1.122098722e+10|3.176884094e+03|3.197304321e+03|3.222378540e+03|3.196717773e+03|3.584410288e+03
2.587423123e+06|4.718849856e+06|4.744964913e+06|4.768480563e+06|4.747289788e+06|2.677997495e+03|2.696585071e+03|2.712287746e+03|2.697127588e+03|1.069886300e+10|1.140100964e+10|1.200814754e+10|1.144135429e+10|3.179614746e+03|3.203845825e+03|3.224487366e+03|3.204741211e+03|3.584410288e+03
2.596977514e+06|4.719639334e+06|4.737945885e+06|4.766878691e+06|4.745019053e+06|2.678566140e+03|2.691759151e+03|2.711217607e+03|2.695223504e+03|1.071994698e+10|1.121736340e+10|1.196599307e+10|1.137491926e+10|3.180356628e+03|3.197527222e+03|3.223080017e+03|3.202306152e+03|3.584410288e+03
2.605311338e+06|4.711438860e+06|4.723574099e+06|4.749601240e+06|4.733302794e+06|2.672660771e+03|2.681400647e+03|2.699679909e+03|2.687322161e+03|1.050243356e+10|1.082547364e+10|1.151893256e+10|1.106968337e+10|3.172671509e+03|3.184044312e+03|3.207913208e+03|3.191933105e+03|3.584410288e+03
2.616536158e+06|4.694505611e+06|4.723013868e+06|4.743482000e+06|4.717449400e+06|2.659824071e+03|2.680997032e+03|2.695595309e+03|2.675352790e+03|1.003315722e+10|1.081040237e+10|1.136346981e+10|1.063305385e+10|3.156066040e+03|3.183519775e+03|3.202547058e+03|3.176435547e+03|3.584410288e+03
2.628312946e+06|4.691591436e+06|4.713092982e+06|4.734860029e+06|4.712559421e+06|2.657548160e+03|2.673851720e+03|2.689534283e+03|2.672115814e+03|9.950770210e+09|1.054604239e+10|1.113234729e+10|1.050714800e+10|3.153131897e+03|3.174220825e+03|3.194632019e+03|3.172176514e+03|3.584410288e+03
2.638615747e+06|4.684681456e+06|4.708090337e+06|4.730566404e+06|4.708205589e+06|2.652153835e+03|2.670250206e+03|2.686439310e+03|2.668984994e+03|9.757511727e+09|1.041454369e+10|1.101487399e+10|1.039024834e+10|3.146178406e+03|3.169535767e+03|3.190601807e+03|3.168102783e+03|3.584410288e+03
2.647789732e+06|4.696069834e+06|4.708379179e+06|4.720983187e+06|4.710824772e+06|2.661045899e+03|2.670458110e+03|2.679534145e+03|2.671242775e+03|1.007757052e+10|1.042208939e+10|1.075590144e+10|1.046749320e+10|3.157642517e+03|3.169804932e+03|3.181614563e+03|3.170982910e+03|3.584410288e+03
2.657959130e+06|4.686704906e+06|4.703021242e+06|4.723052746e+06|4.705045948e+06|2.653733149e+03|2.666477539e+03|2.681025044e+03|2.666937571e+03|9.813815845e+09|1.027662116e+10|1.081145228e+10|1.030908159e+10|3.148214905e+03|3.164646851e+03|3.183555237e+03|3.165400879e+03|3.584410288e+03
2.667140717e+06|4.671553233e+06|4.694595169e+06|4.713592215e+06|4.696943661e+06|2.641888838e+03|2.659893988e+03|2.674211180e+03|2.660625226e+03|9.396871148e+09|1.003566505e+10|1.055922439e+10|1.008264172e+10|3.132953247e+03|3.156157227e+03|3.174688599e+03|3.157260986e+03|3.584410288e+03
2.676635530e+06|4.674506608e+06|4.694371053e+06|4.713899237e+06|4.693131615e+06|2.644216225e+03|2.659718957e+03|2.674432251e+03|2.657541547e+03|9.478030323e+09|1.002932740e+10|1.056734229e+10|9.973892172e+09|3.135949219e+03|3.155931152e+03|3.174976807e+03|3.153297607e+03|3.584410288e+03
2.686364047e+06|4.669622728e+06|4.688689686e+06|4.706623434e+06|4.687495780e+06|2.640248081e+03|2.655282533e+03|2.669194334e+03|2.653255419e+03|9.338447904e+09|9.869281350e+09|1.037619946e+10|9.818736439e+09|3.130855774e+03|3.150210815e+03|3.168163269e+03|3.147756836e+03|3.584410288e+03
2.697124339e+06|4.656042996e+06|4.672498836e+06|4.699074368e+06|4.678355036e+06|2.628716120e+03|2.642650693e+03|2.663393254e+03|2.645997304e+03|8.935226704e+09|9.423595886e+09|1.016332486e+10|9.560374968e+09|3.116117004e+03|3.133930786e+03|3.160668762e+03|3.138417236e+03|3.584410288e+03
2.705983426e+06|4.657015285e+06|4.677177772e+06|4.695613033e+06|4.678643424e+06|2.629541229e+03|2.646299419e+03|2.660689039e+03|2.646364404e+03|8.963645621e+09|9.550811936e+09|1.006455447e+10|9.571170567e+09|3.117171814e+03|3.138634399e+03|3.157181213e+03|3.138868652e+03|3.584410288e+03
2.714141891e+06|4.651428239e+06|4.675885644e+06|4.694888673e+06|4.677629307e+06|2.624801099e+03|2.645291686e+03|2.660123628e+03|2.645142623e+03|8.801242543e+09|9.515581997e+09|1.004434947e+10|9.534222902e+09|3.111113647e+03|3.137335449e+03|3.156452637e+03|3.137354736e+03|3.584410288e+03
2.725361861e+06|4.647150397e+06|4.665144143e+06|4.678323663e+06|4.663611790e+06|2.621173660e+03|2.636442977e+03|2.647193218e+03|2.633856379e+03|8.678375261e+09|9.203958688e+09|9.582162188e+09|9.135524784e+09|3.106479614e+03|3.125990723e+03|3.139786011e+03|3.122848145e+03|3.584410288e+03
2.735690461e+06|4.642478861e+06|4.665605486e+06|4.688903081e+06|4.668293655e+06|2.617214287e+03|2.636834867e+03|2.655449115e+03|2.637477301e+03|8.545685259e+09|9.217749486e+09|9.875243072e+09|9.265930733e+09|3.101421631e+03|3.126492798e+03|3.150427124e+03|3.127524658e+03|3.584410288e+03
2.745122501e+06|4.636770730e+06|4.653880560e+06|4.675602118e+06|4.657044438e+06|2.612015220e+03|2.626881329e+03|2.645070580e+03|2.628446296e+03|8.368751575e+09|8.872262183e+09|9.507867097e+09|8.946213986e+09|3.094819031e+03|3.113771484e+03|3.137048645e+03|3.115913330e+03|3.584410288e+03
2.754251474e+06|4.640857083e+06|4.653298524e+06|4.667647671e+06|4.653138887e+06|2.615814612e+03|2.626387560e+03|2.638569807e+03|2.625131544e+03|8.498781582e+09|8.855370970e+09|9.278957105e+09|8.832161225e+09|3.099635132e+03|3.113140869e+03|3.128710571e+03|3.111674316e+03|3.584410288e+03
2.763428481e+06|4.624655037e+06|4.646586267e+06|4.665904118e+06|4.647952970e+06|2.600763144e+03|2.620695416e+03|2.637088538e+03|2.620421435e+03|7.992331426e+09|8.662263287e+09|9.226674407e+09|8.674596472e+09|3.080556396e+03|3.105868042e+03|3.126816223e+03|3.105696533e+03|3.584410288e+03
2.772594851e+06|4.620679091e+06|4.637561033e+06|4.656661708e+06|4.638678691e+06|2.597074805e+03|2.612749855e+03|2.629241167e+03|2.612502546e+03|7.871752701e+09|8.393777716e+09|8.953305092e+09|8.402442242e+09|3.075883362e+03|3.095751221e+03|3.116788086e+03|3.095579590e+03|3.584410288e+03
2.782916821e+06|4.616334899e+06|4.631906634e+06|4.655710725e+06|4.631990009e+06|2.593047157e+03|2.607495540e+03|2.628434167e+03|2.606011847e+03|7.741600550e+09|8.216001672e+09|8.925531185e+09|8.190687192e+09|3.070779419e+03|3.089089111e+03|3.115755859e+03|3.087379883e+03|3.584410288e+03
2.793190587e+06|4.611830212e+06|4.632161853e+06|4.654102577e+06|4.634250718e+06|2.588769275e+03|2.607732612e+03|2.627069745e+03|2.607918143e+03|7.603698854e+09|8.223961970e+09|8.878753315e+09|8.256627826e+09|3.065369080e+03|3.089389038e+03|3.114013367e+03|3.089821045e+03|3.584410288e+03
2.802745908e+06|4.604109993e+06|4.617735304e+06|4.633237306e+06|4.619642914e+06|2.580822795e+03|2.594345240e+03|2.608731684e+03|2.594739975e+03|7.344151175e+09|7.783363361e+09|8.257571163e+09|7.814201664e+09|3.055379883e+03|3.072423706e+03|3.090656860e+03|3.073072510e+03|3.584410288e+03
2.812366248e+06|4.596821913e+06|4.610394709e+06|4.631430220e+06|4.613412076e+06|2.573331454e+03|2.587290869e+03|2.607053152e+03|2.588767033e+03|7.105758255e+09|7.554899247e+09|8.201247671e+09|7.619307588e+09|3.045964417e+03|3.063510498e+03|3.088529053e+03|3.065522461e+03|3.584410288e+03
2.819833031e+06|4.597213772e+06|4.618730687e+06|4.640318758e+06|4.619259027e+06|2.573733792e+03|2.595268051e+03|2.615313967e+03|2.594181291e+03|7.118291948e+09|7.813155870e+09|8.481563841e+09|7.798555132e+09|3.046468872e+03|3.073591919e+03|3.099000183e+03|3.072387451e+03|3.584410288e+03
2.828443589e+06|4.587510787e+06|4.604195023e+06|4.622195048e+06|4.607371951e+06|2.563767073e+03|2.580910217e+03|2.598480871e+03|2.582466292e+03|6.809658791e+09|7.346945249e+09|7.917566218e+09|7.419884992e+09|3.033944763e+03|3.055489136e+03|3.077663635e+03|3.057609131e+03|3.584410288e+03
2.837465784e+06|4.586724543e+06|4.604680727e+06|4.627950036e+06|4.608816856e+06|2.562931716e+03|2.581409838e+03|2.603821378e+03|2.583943985e+03|6.783808361e+09|7.363069197e+09|8.093365285e+09|7.467403180e+09|3.032898743e+03|3.056116455e+03|3.084431763e+03|3.059469727e+03|3.584410288e+03
2.846736044e+06|4.580424729e+06|4.594021694e+06|4.610134643e+06|4.597419367e+06|2.555717126e+03|2.570455503e+03|2.587023085e+03|2.572453325e+03|6.556032074e+09|7.015659979e+09|7.546093845e+09|7.098775415e+09|3.023895508e+03|3.042348267e+03|3.063173157e+03|3.045001465e+03|3.584410288e+03
2.855953235e+06|4.569729832e+06|4.585614586e+06|4.606221087e+06|4.586277916e+06|2.543493085e+03|2.561659932e+03|2.582994697e+03|2.560109519e+03|6.183393564e+09|6.743284963e+09|7.414437068e+09|6.717709344e+09|3.008642456e+03|3.031311157e+03|3.058109314e+03|3.029560547e+03|3.584410288e+03
2.865698548e+06|4.560243029e+06|4.576394751e+06|4.596233315e+06|4.578933267e+06|2.532165874e+03|2.551107414e+03|2.572726661e+03|2.552223421e+03|5.844623195e+09|6.413561301e+09|7.086646430e+09|6.470561286e+09|2.994546997e+03|3.018143433e+03|3.045203735e+03|3.019680664e+03|3.584410288e+03
2.875437926e+06|4.566478767e+06|4.578161590e+06|4.595885721e+06|4.579021435e+06|2.539783133e+03|2.553127970e+03|2.572369644e+03|2.553049952e+03|6.073573288e+09|6.475757150e+09|7.075448213e+09|6.487822758e+09|3.004015259e+03|3.020663818e+03|3.044755737e+03|3.020650635e+03|3.584410288e+03
2.885766963e+06|4.551404066e+06|4.575931731e+06|4.588089400e+06|4.572328451e+06|2.520795525e+03|2.550578064e+03|2.564368042e+03|2.544493320e+03|5.507050427e+09|6.397355600e+09|6.828075860e+09|6.236565804e+09|2.980456238e+03|3.017482788e+03|3.034699219e+03|3.010044922e+03|3.584410288e+03
2.896265843e+06|4.549086563e+06|4.561483334e+06|4.578228146e+06|4.563608520e+06|2.517819186e+03|2.533763720e+03|2.553204033e+03|2.534095400e+03|5.421255494e+09|5.893349926e+09|6.478070594e+09|5.923023665e+09|2.976767822e+03|2.996528198e+03|3.020757751e+03|2.997101562e+03|3.584410288e+03
2.907534591e+06|4.540821715e+06|4.555391956e+06|4.573756446e+06|4.556648233e+06|2.506853970e+03|2.525921907e+03|2.548091884e+03|2.526080554e+03|5.107797900e+09|5.657277481e+09|6.321645509e+09|5.679071676e+09|2.963203796e+03|2.986807495e+03|3.014380615e+03|2.987104004e+03|3.584410288e+03
2.917863995e+06|4.537643196e+06|4.553960814e+06|4.570162513e+06|4.557937355e+06|2.502175611e+03|2.524081506e+03|2.543987054e+03|2.526633143e+03|4.971109861e+09|5.602974513e+09|6.198134576e+09|5.705945498e+09|2.957442627e+03|2.984526855e+03|3.009259338e+03|2.987865967e+03|3.584410288e+03
2.927549464e+06|4.534700215e+06|4.546307166e+06|4.558327101e+06|4.547211461e+06|2.497848546e+03|2.514252210e+03|2.529698771e+03|2.513270152e+03|4.847211119e+09|5.319776453e+09|5.770016654e+09|5.309831945e+09|2.952115234e+03|2.972348511e+03|2.991490295e+03|2.971270020e+03|3.584410288e+03
2.936040566e+06|4.528106780e+06|4.538567436e+06|4.555554575e+06|4.543576357e+06|2.488171506e+03|2.503535321e+03|2.526131080e+03|2.506911985e+03|4.579364511e+09|5.010479143e+09|5.663476923e+09|5.138670874e+09|2.940201843e+03|2.959117310e+03|2.987067749e+03|2.963500977e+03|3.584410288e+03
2.942840773e+06|4.520231983e+06|4.537227780e+06|4.549498099e+06|4.536265349e+06|2.475592490e+03|2.501564431e+03|2.518347525e+03|2.497385357e+03|4.231320701e+09|4.953395195e+09|5.436385364e+09|4.860671633e+09|2.924771240e+03|2.956690430e+03|2.977422302e+03|2.951697510e+03|3.584410288e+03
2.949779850e+06|4.520387075e+06|4.534989675e+06|4.548741467e+06|4.533139112e+06|2.475859213e+03|2.498273919e+03|2.517376092e+03|2.492805820e+03|4.238762650e+09|4.859271570e+09|5.408540210e+09|4.731311066e+09|2.925097473e+03|2.952639160e+03|2.976218750e+03|2.946056885e+03|3.584410288e+03
2.957482096e+06|4.514910915e+06|4.526850606e+06|4.539341074e+06|4.527440249e+06|2.466452204e+03|2.486330507e+03|2.504674105e+03|2.483790387e+03|3.982217629e+09|4.529802074e+09|5.043801288e+09|4.481970465e+09|2.913588989e+03|2.937936279e+03|2.960519714e+03|2.934988037e+03|3.584410288e+03
2.966970142e+06|4.509139718e+06|4.522294632e+06|4.540855024e+06|4.527077915e+06|2.456564791e+03|2.479141832e+03|2.506903026e+03|2.481589837e+03|3.726684930e+09|4.331427029e+09|5.109248084e+09|4.435362508e+09|2.901496033e+03|2.929113525e+03|2.963263855e+03|2.932379150e+03|3.584410288e+03
2.976556845e+06|4.504471817e+06|4.514100347e+06|4.522387803e+06|4.514478254e+06|2.447223408e+03|2.465061935e+03|2.479302246e+03|2.463270513e+03|3.472995892e+09|3.945457528e+09|4.335999306e+09|3.916410171e+09|2.890122681e+03|2.911888916e+03|2.929309692e+03|2.909802246e+03|3.584410288e+03
2.986276815e+06|4.501365521e+06|4.513248862e+06|4.524760282e+06|4.513809242e+06|2.440857654e+03|2.463601935e+03|2.483268906e+03|2.461272713e+03|3.306090274e+09|3.907094090e+09|4.448352486e+09|3.867833338e+09|2.882378723e+03|2.910103271e+03|2.934167847e+03|2.907394287e+03|3.584410288e+03
2.997236777e+06|4.495281019e+06|4.508732442e+06|4.524050052e+06|4.509686952e+06|2.428423984e+03|2.455868032e+03|2.482165149e+03|2.452804343e+03|2.999556527e+09|3.709196884e+09|4.418147515e+09|3.649484697e+09|2.867253235e+03|2.900643555e+03|2.932812195e+03|2.897004395e+03|3.584410288e+03
3.008914340e+06|4.488412963e+06|4.498028192e+06|4.514639176e+06|4.502073980e+06|2.411116680e+03|2.434032510e+03|2.465986107e+03|2.437553755e+03|2.553906975e+09|3.134963089e+09|3.969884623e+09|3.252134550e+09|2.846302612e+03|2.874075806e+03|2.913019104e+03|2.878521240e+03|3.584410288e+03
3.021921272e+06|4.488816969e+06|4.501194180e+06|4.511691636e+06|4.501610675e+06|2.412139033e+03|2.440506896e+03|2.460933551e+03|2.437582718e+03|2.578629367e+09|3.297103462e+09|3.837881606e+09|3.246381633e+09|2.847539307e+03|2.881951416e+03|2.906838989e+03|2.878520996e+03|3.584410288e+03
3.034701794e+06|4.484195314e+06|4.493713056e+06|4.508291641e+06|4.497245145e+06|2.400436877e+03|2.424556203e+03|2.455068057e+03|2.424509054e+03|2.306946568e+09|2.895986693e+09|3.688329617e+09|2.932372469e+09|2.833378479e+03|2.862568970e+03|2.899667542e+03|2.862754150e+03|3.584410288e+03
3.045025244e+06|4.479376986e+06|4.488469581e+06|4.503651420e+06|4.491531107e+06|2.384431978e+03|2.411259910e+03|2.445540959e+03|2.412418815e+03|1.904590356e+09|2.557344063e+09|3.428197438e+09|2.613363685e+09|2.814098694e+03|2.846475952e+03|2.888076233e+03|2.848020508e+03|3.584410288e+03
3.053179933e+06|4.477660087e+06|4.485218633e+06|4.495621196e+06|4.487914581e+06|2.378733829e+03|2.403045144e+03|2.429117905e+03|2.401176586e+03|1.777256711e+09|2.365723710e+09|3.016007900e+09|2.337531170e+09|2.807235901e+03|2.836534180e+03|2.868097961e+03|2.834120361e+03|3.584410288e+03
3.060883667e+06|4.474054669e+06|4.480707338e+06|4.488334846e+06|4.481461790e+06|2.363953298e+03|2.388855109e+03|2.410919029e+03|2.384255626e+03|1.421348752e+09|2.009074998e+09|2.549143479e+09|1.909951936e+09|2.789482605e+03|2.819426758e+03|2.846063538e+03|2.813749023e+03|3.584410288e+03
3.069031044e+06|4.470396330e+06|4.481477423e+06|4.489737481e+06|4.482110563e+06|2.346128139e+03|2.391418636e+03|2.414469747e+03|2.384953134e+03|1.042375226e+09|2.071994464e+09|2.635794750e+09|1.942566990e+09|2.768114380e+03|2.822514282e+03|2.850360657e+03|2.814869141e+03|3.584410288e+03
3.075778474e+06|4.468090626e+06|4.476310115e+06|4.482006377e+06|4.477083545e+06|2.326634149e+03|2.374261509e+03|2.393180791e+03|2.365030438e+03|5.663191870e+08|1.682791185e+09|2.116266026e+09|1.468992369e+09|2.744830200e+03|2.801849731e+03|2.824636780e+03|2.788332764e+03|3.584410288e+03
3.082117600e+06|4.468090854e+06|4.472150605e+06|4.479800300e+06|4.474650136e+06|2.326171354e+03|2.354660763e+03|2.385838695e+03|2.355138181e+03|4.873702739e+08|1.210196573e+09|1.937300149e+09|1.242029178e+09|2.743952454e+03|2.778343140e+03|2.815793335e+03|2.773895996e+03|3.584410288e+03
3.089295291e+06|4.468059627e+06|4.473654980e+06|4.479922051e+06|4.474664484e+06|2.326359595e+03|2.361999958e+03|2.386243521e+03|2.357000087e+03|5.612688950e+08|1.374328346e+09|1.946885325e+09|1.280359378e+09|2.744502258e+03|2.787140869e+03|2.816280884e+03|2.779337891e+03|3.584410288e+03
3.097151406e+06|4.466774191e+06|4.469897641e+06|4.473671204e+06|4.471757782e+06|2.310722993e+03|2.342692147e+03|2.362079190e+03|2.341573518e+03|2.709684281e+06|9.521836084e+08|1.376176037e+09|9.205140784e+08|2.722882324e+03|2.764005981e+03|2.787236145e+03|2.756577393e+03|3.584410288e+03
3.106491647e+06|4.466273705e+06|4.466751850e+06|4.469926606e+06|4.468661889e+06|2.296943246e+03|2.310106258e+03|2.342949672e+03|2.321054775e+03|3.915915602e+01|1.931311378e+06|9.584101822e+08|4.496117123e+08|2.691686401e+03|2.721857300e+03|2.764313477e+03|2.724122070e+03|3.584410288e+03
3.117373146e+06|4.466273699e+06|4.466538990e+06|4.467029050e+06|4.467505490e+06|2.296943235e+03|2.304237160e+03|2.317208995e+03|2.311909536e+03|3.915915044e+01|1.423464268e+04|3.974308056e+08|2.398270212e+08|2.661900574e+03|2.712105225e+03|2.733548218e+03|2.703013672e+03|3.584410288e+03
3.130694028e+06|4.466273696e+06|4.466273705e+06|4.466385637e+06|4.466584158e+06|2.296943235e+03|2.296943243e+03|2.300017968e+03|2.301893979e+03|3.915915044e+01|3.915915458e+01|4.712068859e+02|6.571590824e+07|2.649644897e+03|2.685197510e+03|2.705100586e+03|2.673950928e+03|3.584410288e+03
3.144612454e+06|4.466273698e+06|4.466273702e+06|4.466288859e+06|4.466473030e+06|2.296943235e+03|2.296943240e+03|2.297359335e+03|2.300626449e+03|3.915915044e+01|3.915915307e+01|6.701926869e+01|4.868524588e+07|2.628869324e+03|2.678435303e+03|2.700282471e+03|2.666311768e+03|3.584410288e+03
3.159819110e+06|4.466273696e+06|4.466273701e+06|4.466273705e+06|4.467073572e+06|2.296943235e+03|2.296943235e+03|2.296943244e+03|2.305153075e+03|3.915915044e+01|3.915915044e+01|3.915915473e+01|1.606229960e+08|2.601830505e+03|2.642582031e+03|2.685879150e+03|2.651377930e+03|3.584410288e+03
3.170969196e+06|4.466273695e+06|4.466273700e+06|4.466273703e+06|4.466282140e+06|2.296943235e+03|2.296943235e+03|2.296943235e+03|2.297175385e+03|3.915915044e+01|3.915915044e+01|3.915915044e+01|3.890187655e+03|2.580458740e+03|2.613140137e+03|2.648394409e+03|2.610726318e+03|3.584410288e+03
3.181539758e+06|4.466273695e+06|4.466273699e+06|4.466273704e+06|4.466577182e+06|2.296943229e+03|2.296943235e+03|2.296943235e+03|2.299876073e+03|3.915914735e+01|3.915915044e+01|3.915915044e+01|6.150868472e+07|2.552978760e+03|2.612278076e+03|2.636867432e+03|2.602729004e+03|3.584410288e+03
3.189991467e+06|4.466273695e+06|4.466273701e+06|4.466273705e+06|4.466310972e+06|2.296943227e+03|2.296943235e+03|2.296943235e+03|2.297970162e+03|3.915914606e+01|3.915915044e+01|3.915915044e+01|2.815866802e+06|2.547281311e+03|2.584046875e+03|2.641779175e+03|2.590895996e+03|3.584410288e+03
3.198331255e+06|4.466273695e+06|4.466273701e+06|4.466273705e+06|4.466293396e+06|2.296943221e+03|2.296943233e+03|2.296943235e+03|2.297433263e+03|3.915914290e+01|3.915914909e+01|3.915915044e+01|8.601044002e+06|2.532657837e+03|2.560692383e+03|2.602015991e+03|2.572663086e+03|3.584410288e+03
3.205400652e+06|4.466273692e+06|4.466273696e+06|4.466273705e+06|4.466274742e+06|2.296943221e+03|2.296943221e+03|2.296943235e+03|2.296971891e+03|3.915914290e+01|3.915914320e+01|3.915915044e+01|4.053128998e+01|2.508266907e+03|2.534657227e+03|2.587565552e+03|2.544547607e+03|3.584410288e+03
3.211055797e+06|4.466273694e+06|4.466273703e+06|4.466273705e+06|4.466635939e+06|2.296943221e+03|2.296943223e+03|2.296943235e+03|2.299465429e+03|3.915914290e+01|3.915914421e+01|3.915915044e+01|5.481984382e+07|2.489990295e+03|2.539118042e+03|2.580443054e+03|2.538753418e+03|3.584410288e+03
3.217530537e+06|4.466273692e+06|4.466273699e+06|4.466273705e+06|4.466273699e+06|2.296943221e+03|2.296943221e+03|2.296943221e+03|2.296943221e+03|3.915914290e+01|3.915914290e+01|3.915914290e+01|3.915914330e+01|2.445863708e+03|2.500851562e+03|2.524440491e+03|2.492047363e+03|3.584410288e+03
3.225637455e+06|4.466273694e+06|4.466273699e+06|4.466273704e+06|4.466273699e+06|2.296943221e+03|2.296943221e+03|2.296943221e+03|2.296943221e+03|3.915914290e+01|3.915914290e+01|3.915914290e+01|3.915914293e+01|2.454489868e+03|2.481560791e+03|2.515350830e+03|2.483346191e+03|3.584410288e+03
3.233884448e+06|4.466273694e+06|4.466273699e+06|4.466273705e+06|4.466273700e+06|2.296943214e+03|2.296943221e+03|2.296943221e+03|2.296943219e+03|3.915913950e+01|3.915914290e+01|3.915914290e+01|3.915914212e+01|2.418040833e+03|2.469262451e+03|2.511261414e+03|2.467230469e+03|3.584410288e+03
3.244157174e+06|4.466273693e+06|4.466273698e+06|4.466273703e+06|4.466273699e+06|2.296943207e+03|2.296943221e+03|2.296943221e+03|2.296943216e+03|3.915913562e+01|3.915914290e+01|3.915914290e+01|3.915914024e+01|2.400377625e+03|2.437507080e+03|2.497307251e+03|2.444373291e+03|3.584410288e+03
3.255105099e+06|4.466273695e+06|4.466273699e+06|4.466273704e+06|4.466273700e+06|2.296943206e+03|2.296943206e+03|2.296943216e+03|2.296943209e+03|3.915913544e+01|3.915913547e+01|3.915914041e+01|3.915913705e+01|2.356962708e+03|2.383647583e+03|2.422139709e+03|2.390607910e+03|3.584410288e+03
3.268668637e+06|4.466273693e+06|4.466273699e+06|4.466273703e+06|4.466273699e+06|2.296943206e+03|2.296943206e+03|2.296943207e+03|2.296943207e+03|3.915913537e+01|3.915913547e+01|3.915913557e+01|3.915913557e+01|2.336326233e+03|2.369733765e+03|2.400448914e+03|2.371454590e+03|3.584410288e+03
3.288167170e+06|4.466273694e+06|4.466273698e+06|4.466273704e+06|4.466273699e+06|2.296943192e+03|2.296943192e+03|2.296943206e+03|2.296943197e+03|3.915912793e+01|3.915912809e+01|3.915913536e+01|3.915913060e+01|2.255090759e+03|2.300737671e+03|2.336133301e+03|2.300639893e+03|3.584410288e+03
3.306912074e+06|4.466273694e+06|4.466273698e+06|4.466273703e+06|4.466273698e+06|2.296943189e+03|2.296943192e+03|2.296943198e+03|2.296943192e+03|3.915912658e+01|3.915912793e+01|3.915913128e+01|3.915912784e+01|2.227256714e+03|2.271900269e+03|2.314988586e+03|2.264492432e+03|3.584410288e+03
3.322285831e+06|4.466273695e+06|4.466273698e+06|4.466273702e+06|4.466273698e+06|2.296943177e+03|2.296943184e+03|2.296943192e+03|2.296943184e+03|3.915912039e+01|3.915912404e+01|3.915912793e+01|3.915912411e+01|2.143832153e+03|2.215820435e+03|2.264059692e+03|2.212866699e+03|3.584410288e+03
3.332303260e+06|4.466273694e+06|4.466273697e+06|4.466273701e+06|4.466273698e+06|2.296943166e+03|2.296943177e+03|2.296943192e+03|2.296943178e+03|3.915911483e+01|3.915912039e+01|3.915912793e+01|3.915912059e+01|2.108350647e+03|2.162740845e+03|2.239570496e+03|2.168719727e+03|3.584410288e+03
3.340275438e+06|4.466273694e+06|4.466273696e+06|4.466273700e+06|4.466273696e+06|2.296943166e+03|2.296943177e+03|2.296943190e+03|2.296943174e+03|3.915911439e+01|3.915912039e+01|3.915912720e+01|3.915911902e+01|2.106371155e+03|2.150341431e+03|2.232435791e+03|2.155865479e+03|3.584410288e+03
3.347164606e+06|4.466273692e+06|4.466273695e+06|4.466273699e+06|4.466273696e+06|2.296943155e+03|2.296943163e+03|2.296943177e+03|2.296943165e+03|3.915910913e+01|3.915911296e+01|3.915912039e+01|3.915911418e+01|2.049670044e+03|2.092505859e+03|2.148627991e+03|2.102852051e+03|3.584410288e+03
3.353056380e+06|4.466273692e+06|4.466273695e+06|4.466273699e+06|4.466273696e+06|2.296943145e+03|2.296943161e+03|2.296943177e+03|2.296943160e+03|3.915910388e+01|3.915911218e+01|3.915912039e+01|3.915911173e+01|1.993027222e+03|2.063194092e+03|2.142457336e+03|2.082218018e+03|3.584410288e+03
3.359395353e+06|4.466273691e+06|4.466273694e+06|4.466273699e+06|4.466273695e+06|2.296943134e+03|2.296943146e+03|2.296943156e+03|2.296943147e+03|3.915909792e+01|3.915910426e+01|3.915910942e+01|3.915910489e+01|1.944407257e+03|1.994740906e+03|2.050928894e+03|2.006699585e+03|3.584410288e+03
3.365387527e+06|4.466273692e+06|4.466273696e+06|4.466273700e+06|4.466273696e+06|2.296943119e+03|2.296943134e+03|2.296943139e+03|2.296943134e+03|3.915909045e+01|3.915909788e+01|3.915910051e+01|3.915909795e+01|1.861485168e+03|1.918588684e+03|1.977909943e+03|1.934232666e+03|3.584410288e+03
3.372580741e+06|4.466273692e+06|4.466273695e+06|4.466273700e+06|4.466273696e+06|2.296943109e+03|2.296943122e+03|2.296943134e+03|2.296943122e+03|3.915908531e+01|3.915909173e+01|3.915909789e+01|3.915909177e+01|1.810544373e+03|1.872362427e+03|1.934898468e+03|1.872995117e+03|3.584410288e+03
3.380332092e+06|4.466273692e+06|4.466273696e+06|4.466273701e+06|4.466273696e+06|2.296943086e+03|2.296943106e+03|2.296943127e+03|2.296943110e+03|3.915907335e+01|3.915908361e+01|3.915909450e+01|3.915908563e+01|1.724225403e+03|1.799564026e+03|1.884774414e+03|1.824950317e+03|3.584410288e+03
3.385007616e+06|4.466273690e+06|4.466273693e+06|4.466273695e+06|4.466273693e+06|2.296943076e+03|2.296943081e+03|2.296943108e+03|2.296943094e+03|3.915906794e+01|3.915907094e+01|3.915908444e+01|3.915907758e+01|1.682926697e+03|1.708114197e+03|1.805792511e+03|1.762651978e+03|3.584410288e+03
