#RRR|U50|U25|U75|Umean|T50|T25|T75|Tmean|P50|P25|P75|Pmean|rho50|rho25|rho75|Pmean|S
1.721336655e+05|3.626353125e+06|3.686701788e+06|3.719895560e+06|3.668807424e+06|5.973593904e+03|6.064094461e+03|6.112994139e+03|6.036119258e+03|5.856951512e+10|6.082120069e+10|6.205811836e+10|6.015120144e+10|7.733783691e+03|7.794654053e+03|7.827560425e+03|7.775858887e+03|2.272663935e+03
2.618396084e+05|3.605738070e+06|3.677459708e+06|3.717594690e+06|3.652308893e+06|5.942162983e+03|6.050343579e+03|6.109635960e+03|6.010859881e+03|5.779915858e+10|6.047646064e+10|6.197247793e+10|5.953436820e+10|7.712664551e+03|7.785405518e+03|7.825293213e+03|7.758877930e+03|2.272663935e+03
3.120992612e+05|3.611363529e+06|3.681881863e+06|3.715536176e+06|3.652488256e+06|5.950754405e+03|6.056941922e+03|6.106630819e+03|6.010832897e+03|5.800937518e+10|6.064149522e+10|6.189586543e+10|5.953984518e+10|7.718436890e+03|7.789840576e+03|7.823268555e+03|7.758861816e+03|2.272663935e+03
3.482971279e+05|3.626688906e+06|3.680647715e+06|3.714754667e+06|3.655288136e+06|5.974100670e+03|6.055100553e+03|6.105482887e+03|6.015134179e+03|5.858203940e+10|6.059543015e+10|6.186673955e+10|5.964443197e+10|7.734122559e+03|7.788605225e+03|7.822496094e+03|7.761752930e+03|2.272663935e+03
3.792835251e+05|3.604735425e+06|3.678573120e+06|3.715565429e+06|3.646835552e+06|5.940631798e+03|6.052005106e+03|6.106671718e+03|6.001566274e+03|5.776168321e+10|6.051800144e+10|6.189694376e+10|5.932526289e+10|7.711630859e+03|7.786522705e+03|7.823298706e+03|7.752637695e+03|2.272663935e+03
4.084821609e+05|3.602237815e+06|3.659037320e+06|3.694932312e+06|3.639510025e+06|5.936816882e+03|6.022848223e+03|6.076240872e+03|5.991725440e+03|5.766839219e+10|5.978937488e+10|6.112776766e+10|5.905627722e+10|7.709064331e+03|7.766913330e+03|7.802832886e+03|7.746004883e+03|2.272663935e+03
4.324425911e+05|3.611350948e+06|3.678062160e+06|3.701117060e+06|3.651112270e+06|5.950735596e+03|6.051242677e+03|6.085366378e+03|6.008983891e+03|5.800886821e+10|6.049893360e+10|6.135823275e+10|5.948853575e+10|7.718425293e+03|7.786012207e+03|7.808976440e+03|7.757614258e+03|2.272663935e+03
4.578533683e+05|3.623968175e+06|3.657033687e+06|3.693047062e+06|3.642471693e+06|5.969979469e+03|6.019857038e+03|6.073458906e+03|5.996466340e+03|5.848048380e+10|5.971469560e+10|6.105753346e+10|5.916743928e+10|7.731354614e+03|7.764899414e+03|7.800961914e+03|7.749189941e+03|2.272663935e+03
4.813788156e+05|3.598230180e+06|3.649317876e+06|3.674174091e+06|3.624167439e+06|5.930695114e+03|6.008266427e+03|6.045440888e+03|5.967990392e+03|5.751873295e+10|5.942675145e+10|6.035385285e+10|5.848055258e+10|7.704949951e+03|7.757104492e+03|7.782109619e+03|7.730049805e+03|2.272663935e+03
5.029492607e+05|3.605897125e+06|3.658057383e+06|3.687531390e+06|3.636456824e+06|5.942406148e+03|6.021385324e+03|6.065318910e+03|5.987209416e+03|5.780508058e+10|5.975284891e+10|6.085209341e+10|5.894249623e+10|7.712827148e+03|7.765925781e+03|7.795473633e+03|7.742966309e+03|2.272663935e+03
5.242132972e+05|3.580870581e+06|3.645995148e+06|3.682686358e+06|3.621034617e+06|5.903988455e+03|6.003250860e+03|6.058142205e+03|5.963423435e+03|5.686963098e+10|5.930263605e+10|6.067152673e+10|5.836541718e+10|7.686996582e+03|7.753735596e+03|7.790644165e+03|7.726977539e+03|2.272663935e+03
5.466387588e+05|3.600099304e+06|3.631006141e+06|3.658388958e+06|3.618039458e+06|5.933550321e+03|5.980620598e+03|6.021880314e+03|5.959470968e+03|5.758852655e+10|5.874308970e+10|5.976520814e+10|5.825503045e+10|7.706870361e+03|7.738514648e+03|7.766257446e+03|7.724312500e+03|2.272663935e+03
5.652794850e+05|3.602515232e+06|3.638260090e+06|3.663525037e+06|3.616602756e+06|5.937240605e+03|5.991573512e+03|6.029547366e+03|5.956736133e+03|5.767875531e+10|5.901381032e+10|5.995667175e+10|5.819850996e+10|7.709350708e+03|7.745885742e+03|7.771420654e+03|7.722478516e+03|2.272663935e+03
5.837583794e+05|3.590204044e+06|3.629888192e+06|3.663823794e+06|3.614887559e+06|5.918386312e+03|5.978932404e+03|6.029993316e+03|5.954595884e+03|5.721880024e+10|5.870138151e+10|5.996781081e+10|5.813653058e+10|7.696666626e+03|7.737378174e+03|7.771722412e+03|7.721033691e+03|2.272663935e+03
6.039277763e+05|3.582355156e+06|3.621819195e+06|3.650193801e+06|3.605607536e+06|5.906278739e+03|5.966718273e+03|6.009588540e+03|5.940529641e+03|5.692515232e+10|5.840024037e+10|5.945947515e+10|5.778990487e+10|7.688534790e+03|7.729159668e+03|7.757991333e+03|7.711575684e+03|2.272663935e+03
6.222019750e+05|3.573004868e+06|3.611794006e+06|3.649080681e+06|3.593107311e+06|5.891850438e+03|5.951412206e+03|6.007908402e+03|5.920873849e+03|5.657554859e+10|5.802542893e+10|5.941789036e+10|5.732095472e+10|7.678832886e+03|7.718880859e+03|7.756861084e+03|7.698366211e+03|2.272663935e+03
6.390854463e+05|3.591539784e+06|3.622508344e+06|3.642360535e+06|3.611698336e+06|5.920446672e+03|5.967773042e+03|5.997764059e+03|5.950258426e+03|5.726878758e+10|5.842602975e+10|5.916690252e+10|5.801921720e+10|7.698053711e+03|7.729868652e+03|7.750048828e+03|7.718113281e+03|2.272663935e+03
6.544083780e+05|3.574275227e+06|3.610893795e+06|3.640359745e+06|3.598208200e+06|5.893812931e+03|5.950037432e+03|5.994743492e+03|5.929297140e+03|5.662304734e+10|5.799178340e+10|5.909219643e+10|5.751401030e+10|7.680150269e+03|7.717956299e+03|7.748012939e+03|7.704024414e+03|2.272663935e+03
6.713461577e+05|3.564004208e+06|3.604012383e+06|3.631781350e+06|3.588562769e+06|5.877860107e+03|5.939527432e+03|5.981791194e+03|5.914428331e+03|5.623851448e+10|5.773467381e+10|5.877201359e+10|5.715325845e+10|7.669431763e+03|7.710888916e+03|7.739304810e+03|7.694029785e+03|2.272663935e+03
6.884348183e+05|3.552345115e+06|3.598537410e+06|3.621456734e+06|3.578312976e+06|5.859715764e+03|5.931164442e+03|5.966166692e+03|5.898667404e+03|5.580212603e+10|5.753020385e+10|5.838669415e+10|5.676977136e+10|7.657235474e+03|7.705262695e+03|7.728787476e+03|7.683433105e+03|2.272663935e+03
7.053036426e+05|3.554800232e+06|3.592686432e+06|3.617874515e+06|3.572081213e+06|5.863541868e+03|5.922215313e+03|5.960697613e+03|5.888717518e+03|5.589402136e+10|5.731170302e+10|5.825273725e+10|5.653469592e+10|7.659805298e+03|7.699239990e+03|7.725116211e+03|7.676746094e+03|2.272663935e+03
7.202864180e+05|3.549248201e+06|3.590099051e+06|3.620151150e+06|3.574722705e+06|5.854874322e+03|5.918224410e+03|5.964173907e+03|5.893179205e+03|5.568611244e+10|5.721486648e+10|5.833787041e+10|5.663525549e+10|7.653985107e+03|7.696557129e+03|7.727451538e+03|7.679743164e+03|2.272663935e+03
7.346117565e+05|3.522029821e+06|3.575160708e+06|3.607021618e+06|3.556935456e+06|5.812058329e+03|5.895179151e+03|5.944123625e+03|5.865106308e+03|5.466574949e+10|5.665614590e+10|5.784709168e+10|5.596750470e+10|7.625218872e+03|7.681071289e+03|7.713978882e+03|7.660879395e+03|2.272663935e+03
7.498253000e+05|3.541163147e+06|3.575076611e+06|3.602938884e+06|3.560133689e+06|5.842191826e+03|5.895049341e+03|5.937887744e+03|5.870529045e+03|5.538305535e+10|5.665300826e+10|5.769457607e+10|5.608838583e+10|7.645465210e+03|7.680983154e+03|7.709784790e+03|7.664518555e+03|2.272663935e+03
7.647209417e+05|3.532127102e+06|3.562165073e+06|3.600993631e+06|3.553155831e+06|5.828012248e+03|5.874999266e+03|5.934916366e+03|5.859529460e+03|5.504455903e+10|5.616965153e+10|5.762192933e+10|5.582717306e+10|7.635934937e+03|7.667511719e+03|7.707790771e+03|7.657129395e+03|2.272663935e+03
7.797313308e+05|3.506039076e+06|3.562423844e+06|3.591086096e+06|3.536832422e+06|5.786700272e+03|5.875401812e+03|5.919746882e+03|5.833230838e+03|5.406579254e+10|5.617933846e+10|5.725180751e+10|5.521086272e+10|7.608179321e+03|7.667781738e+03|7.697584106e+03|7.639458984e+03|2.272663935e+03
7.936400151e+05|3.512919960e+06|3.564313097e+06|3.591704445e+06|3.535791933e+06|5.797645493e+03|5.878340668e+03|5.920700668e+03|5.831724016e+03|5.432412327e+10|5.625007134e+10|5.727494877e+10|5.517330153e+10|7.615530518e+03|7.669758789e+03|7.698220581e+03|7.638446777e+03|2.272663935e+03
8.061436738e+05|3.504451679e+06|3.542475911e+06|3.572831024e+06|3.528567210e+06|5.784167571e+03|5.844251171e+03|5.891584608e+03|5.820626440e+03|5.400614592e+10|5.543224887e+10|5.656906866e+10|5.490264067e+10|7.606481812e+03|7.646849365e+03|7.678650391e+03|7.630985840e+03|2.272663935e+03
8.208451592e+05|3.480233073e+06|3.532620198e+06|3.564430364e+06|3.515850384e+06|5.745387964e+03|5.828780672e+03|5.878523079e+03|5.800353723e+03|5.309616152e+10|5.506299402e+10|5.625446243e+10|5.442466554e+10|7.580433472e+03|7.636452637e+03|7.669877075e+03|7.617365234e+03|2.272663935e+03
8.344042816e+05|3.499853200e+06|3.533122478e+06|3.564923902e+06|3.520493953e+06|5.776830345e+03|5.829577536e+03|5.879290790e+03|5.807885594e+03|5.383342823e+10|5.508185762e+10|5.627294278e+10|5.459916115e+10|7.601550903e+03|7.636987061e+03|7.670396118e+03|7.622422363e+03|2.272663935e+03
8.472080107e+05|3.480095835e+06|3.520280145e+06|3.551573947e+06|3.503503673e+06|5.745167098e+03|5.809290264e+03|5.858512949e+03|5.780979742e+03|5.309099954e+10|5.460011501e+10|5.577325707e+10|5.396204453e+10|7.580286743e+03|7.623361084e+03|7.656428467e+03|7.604348145e+03|2.272663935e+03
8.615647097e+05|3.475683503e+06|3.523462065e+06|3.549870400e+06|3.505827371e+06|5.738065724e+03|5.814324158e+03|5.855850274e+03|5.784798378e+03|5.292513035e+10|5.471948406e+10|5.570944186e+10|5.404971343e+10|7.575511963e+03|7.626738525e+03|7.654639038e+03|7.606911133e+03|2.272663935e+03
8.737655677e+05|3.466828653e+06|3.513740715e+06|3.536098349e+06|3.500014206e+06|5.723769541e+03|5.798944088e+03|5.834246271e+03|5.776000363e+03|5.259206803e+10|5.435489109e+10|5.519331034e+10|5.383486342e+10|7.565910767e+03|7.616406250e+03|7.640122559e+03|7.601000488e+03|2.272663935e+03
8.851030134e+05|3.468665680e+06|3.505008644e+06|3.531872101e+06|3.492774384e+06|5.726752337e+03|5.785056235e+03|5.827615782e+03|5.763989882e+03|5.266129646e+10|5.402706938e+10|5.503504007e+10|5.355904091e+10|7.567910278e+03|7.607078369e+03|7.635665405e+03|7.592929199e+03|2.272663935e+03
8.988908079e+05|3.434969438e+06|3.485635812e+06|3.520693980e+06|3.474389932e+06|5.671823342e+03|5.754083011e+03|5.809944974e+03|5.734326439e+03|5.139159676e+10|5.329935911e+10|5.461563818e+10|5.286704588e+10|7.531024780e+03|7.586270020e+03|7.623796265e+03|7.573005859e+03|2.272663935e+03
9.122423815e+05|3.453735299e+06|3.494195484e+06|3.523770166e+06|3.481822781e+06|5.702508910e+03|5.767802581e+03|5.814811572e+03|5.746676519e+03|5.209902515e+10|5.362102290e+10|5.473104436e+10|5.314851183e+10|7.551629883e+03|7.595484863e+03|7.627066650e+03|7.581297363e+03|2.272663935e+03
9.234483749e+05|3.451064126e+06|3.485672579e+06|3.516156563e+06|3.472261838e+06|5.698171370e+03|5.754142185e+03|5.802766347e+03|5.731201104e+03|5.199851538e+10|5.330074143e+10|5.444546856e+10|5.278791292e+10|7.548715332e+03|7.586311523e+03|7.618974121e+03|7.570903809e+03|2.272663935e+03
9.353826867e+05|3.435386937e+06|3.470935217e+06|3.497274193e+06|3.460770938e+06|5.672507227e+03|5.730422251e+03|5.772715194e+03|5.712384256e+03|5.140733089e+10|5.274669617e+10|5.373659361e+10|5.235267497e+10|7.531485107e+03|7.570376709e+03|7.598790161e+03|7.558260742e+03|2.272663935e+03
9.477782534e+05|3.437421683e+06|3.470714929e+06|3.503806754e+06|3.460862929e+06|5.675840232e+03|5.730067978e+03|5.783138562e+03|5.712850094e+03|5.148402777e+10|5.273842195e+10|5.398191898e+10|5.235983853e+10|7.533722778e+03|7.570136719e+03|7.605786621e+03|7.558581055e+03|2.272663935e+03
9.590322846e+05|3.427513595e+06|3.459906326e+06|3.489573531e+06|3.451869528e+06|5.659576922e+03|5.712529424e+03|5.760418818e+03|5.698214593e+03|5.111042259e+10|5.233132221e+10|5.344750828e+10|5.201979112e+10|7.522793701e+03|7.558366211e+03|7.590520996e+03|7.548747559e+03|2.272663935e+03
9.699903857e+05|3.417726730e+06|3.449048633e+06|3.473089540e+06|3.439472838e+06|5.643421661e+03|5.694880263e+03|5.733890809e+03|5.678108237e+03|5.074091750e+10|5.192254229e+10|5.282764591e+10|5.155355280e+10|7.511948242e+03|7.546503906e+03|7.572707520e+03|7.535245117e+03|2.272663935e+03
9.831332205e+05|3.411697936e+06|3.442465584e+06|3.477881366e+06|3.437610317e+06|5.633439437e+03|5.684102303e+03|5.741603079e+03|5.674894667e+03|5.051312753e+10|5.167421821e+10|5.300774325e+10|5.148152015e+10|7.505241455e+03|7.539273438e+03|7.577889160e+03|7.533084473e+03|2.272663935e+03
9.945916108e+05|3.395524290e+06|3.430428360e+06|3.466441078e+06|3.419090719e+06|5.606486577e+03|5.664374153e+03|5.723140230e+03|5.643637746e+03|4.989990809e+10|5.122040527e+10|5.257746267e+10|5.077217320e+10|7.487149170e+03|7.526018066e+03|7.565488159e+03|7.512078613e+03|2.272663935e+03
1.006203281e+06|3.392312327e+06|3.425729191e+06|3.460231872e+06|3.422901169e+06|5.601131421e+03|5.656631631e+03|5.713058036e+03|5.650897670e+03|4.977820482e+10|5.104302681e+10|5.234358083e+10|5.092746174e+10|7.483546997e+03|7.520818115e+03|7.558720215e+03|7.516970215e+03|2.272663935e+03
1.016100416e+06|3.381946694e+06|3.420786969e+06|3.444362207e+06|3.409735597e+06|5.583711328e+03|5.648474122e+03|5.687209006e+03|5.629187139e+03|4.938329624e+10|5.085642619e+10|5.174575870e+10|5.042866535e+10|7.471855957e+03|7.515343018e+03|7.541354736e+03|7.502388184e+03|2.272663935e+03
1.027269773e+06|3.378562508e+06|3.411484077e+06|3.450639873e+06|3.414070166e+06|5.578018165e+03|5.633082181e+03|5.697477441e+03|5.636494754e+03|4.925434972e+10|5.050500233e+10|5.198251811e+10|5.059512993e+10|7.468032227e+03|7.505003174e+03|7.548248169e+03|7.507299316e+03|2.272663935e+03
1.038001712e+06|3.367118933e+06|3.400677412e+06|3.424843958e+06|3.392357811e+06|5.558694972e+03|5.615078238e+03|5.655170488e+03|5.600065423e+03|4.881739545e+10|5.009525606e+10|5.100959745e+10|4.976690990e+10|7.455053955e+03|7.492920898e+03|7.519839233e+03|7.482827637e+03|2.272663935e+03
1.049140485e+06|3.359081112e+06|3.394033404e+06|3.429297755e+06|3.387760445e+06|5.545050091e+03|5.604000886e+03|5.662521757e+03|5.592060384e+03|4.850954392e+10|4.984341222e+10|5.117780706e+10|4.958820102e+10|7.445893433e+03|7.485477539e+03|7.524770386e+03|7.477445801e+03|2.272663935e+03
1.060758598e+06|3.352957283e+06|3.397605644e+06|3.428586581e+06|3.381690864e+06|5.534654992e+03|5.609956748e+03|5.661347966e+03|5.581586467e+03|4.827517463e+10|4.997879574e+10|5.115094267e+10|4.935343439e+10|7.438904907e+03|7.489479492e+03|7.523984985e+03|7.470406250e+03|2.272663935e+03
1.072912515e+06|3.350957369e+06|3.378467940e+06|3.419869150e+06|3.374737607e+06|5.531232604e+03|5.577859074e+03|5.646959194e+03|5.570194123e+03|4.819817573e+10|4.925074635e+10|5.082178214e+10|4.909171065e+10|7.436607544e+03|7.467928223e+03|7.514324097e+03|7.462753906e+03|2.272663935e+03
1.082118964e+06|3.350778469e+06|3.377806315e+06|3.406023753e+06|3.372513367e+06|5.530926101e+03|5.576746047e+03|5.623992184e+03|5.566645857e+03|4.819128300e+10|4.922554196e+10|5.029803235e+10|4.900928567e+10|7.436402466e+03|7.467176514e+03|7.498903931e+03|7.460379395e+03|2.272663935e+03
1.092007390e+06|3.322457530e+06|3.361975722e+06|3.394020690e+06|3.355349227e+06|5.482228828e+03|5.549963825e+03|5.603979690e+03|5.537196829e+03|4.709873715e+10|4.862037211e+10|4.984293087e+10|4.834777967e+10|7.403697266e+03|7.449192871e+03|7.485465698e+03|7.440590820e+03|2.272663935e+03
1.102038419e+06|3.331686103e+06|3.363328382e+06|3.393748341e+06|3.356032044e+06|5.498185326e+03|5.552260081e+03|5.603525614e+03|5.538534209e+03|4.745593549e+10|4.867217946e+10|4.983261079e+10|4.837614278e+10|7.414414551e+03|7.450736572e+03|7.485156250e+03|7.441491211e+03|2.272663935e+03
1.112949934e+06|3.320218909e+06|3.354239277e+06|3.381659678e+06|3.349811987e+06|5.478358500e+03|5.536831112e+03|5.583228480e+03|5.528395083e+03|4.701216464e+10|4.832422293e+10|4.937235939e+10|4.814313173e+10|7.401098511e+03|7.440368408e+03|7.471533813e+03|7.434694336e+03|2.272663935e+03
1.122869738e+06|3.300415686e+06|3.335732743e+06|3.377544856e+06|3.334682395e+06|5.443883013e+03|5.505150873e+03|5.576306205e+03|5.501937968e+03|4.624301776e+10|4.761213580e+10|4.921558239e+10|4.755396271e+10|7.377929443e+03|7.419090576e+03|7.466881836e+03|7.416907715e+03|2.272663935e+03
1.133084992e+06|3.301248723e+06|3.338073795e+06|3.375822291e+06|3.330583411e+06|5.445336628e+03|5.509161101e+03|5.573408418e+03|5.494653222e+03|4.627538396e+10|4.770218388e+10|4.914997445e+10|4.739289716e+10|7.378906616e+03|7.421785645e+03|7.464933105e+03|7.412005859e+03|2.272663935e+03
1.143453799e+06|3.289329609e+06|3.327036701e+06|3.359649179e+06|3.318935958e+06|5.424415400e+03|5.490146100e+03|5.546014399e+03|5.474538959e+03|4.581024023e+10|4.727591619e+10|4.853129215e+10|4.694253147e+10|7.364843384e+03|7.409015869e+03|7.446541870e+03|7.398490723e+03|2.272663935e+03
1.154094514e+06|3.290627590e+06|3.324956139e+06|3.356365188e+06|3.312834225e+06|5.426702641e+03|5.486548796e+03|5.540439818e+03|5.463538022e+03|4.586102823e+10|4.719539921e+10|4.840558702e+10|4.670080717e+10|7.366382446e+03|7.406600342e+03|7.442796631e+03|7.391076172e+03|2.272663935e+03
1.163279413e+06|3.271465474e+06|3.299657018e+06|3.336201311e+06|3.304231944e+06|5.392827535e+03|5.442559114e+03|5.505953534e+03|5.449219488e+03|4.511029287e+10|4.621352958e+10|4.763016015e+10|4.637490966e+10|7.343608276e+03|7.377036377e+03|7.419631836e+03|7.381481934e+03|2.272663935e+03
1.173169159e+06|3.265774271e+06|3.291845395e+06|3.321161860e+06|3.289422113e+06|5.382703902e+03|5.428848589e+03|5.479988743e+03|5.423075381e+03|4.488652478e+10|4.590867742e+10|4.704862705e+10|4.579515851e+10|7.336800537e+03|7.367824463e+03|7.402194092e+03|7.363895508e+03|2.272663935e+03
1.182714715e+06|3.254492369e+06|3.285363853e+06|3.327185792e+06|3.285888146e+06|5.362543670e+03|5.417427599e+03|5.490403883e+03|5.416878911e+03|4.444186684e+10|4.565515073e+10|4.728168684e+10|4.565733596e+10|7.323239868e+03|7.360145264e+03|7.409189575e+03|7.359732910e+03|2.272663935e+03
1.192544686e+06|3.241672009e+06|3.289809965e+06|3.332554608e+06|3.285775275e+06|5.339509368e+03|5.425261828e+03|5.499687109e+03|5.416750454e+03|4.393510173e+10|4.582902995e+10|4.748957707e+10|4.565380772e+10|7.307735229e+03|7.365413818e+03|7.415420898e+03|7.359647949e+03|2.272663935e+03
1.202909331e+06|3.224392462e+06|3.269194666e+06|3.322551728e+06|3.267835012e+06|5.308181964e+03|5.388787942e+03|5.482391690e+03|5.384377984e+03|4.324841468e+10|4.502097022e+10|4.710238076e+10|4.494274825e+10|7.286645386e+03|7.340891602e+03|7.403805298e+03|7.337853516e+03|2.272663935e+03
1.212345571e+06|3.231971205e+06|3.264223993e+06|3.290883905e+06|3.257760572e+06|5.321924426e+03|5.379946516e+03|5.427154270e+03|5.366697086e+03|4.354941964e+10|4.482561765e+10|4.587105058e+10|4.454966899e+10|7.295902344e+03|7.334941650e+03|7.366685669e+03|7.325962891e+03|2.272663935e+03
1.221195293e+06|3.216433463e+06|3.265992057e+06|3.301878454e+06|3.256071022e+06|5.293613416e+03|5.383091275e+03|5.446435530e+03|5.363780894e+03|4.293016960e+10|4.489508292e+10|4.629986074e+10|4.448436626e+10|7.276838623e+03|7.337058838e+03|7.379645874e+03|7.324007324e+03|2.272663935e+03
1.230589039e+06|3.223995071e+06|3.253843233e+06|3.292706260e+06|3.254225214e+06|5.307460143e+03|5.361377739e+03|5.430365625e+03|5.360905693e+03|4.323261939e+10|4.441618639e+10|4.594237243e+10|4.441689621e+10|7.286156738e+03|7.322452393e+03|7.368843384e+03|7.322091309e+03|2.272663935e+03
1.239686585e+06|3.208464152e+06|3.233806713e+06|3.274030889e+06|3.238190004e+06|5.279021100e+03|5.325252938e+03|5.397391256e+03|5.331749804e+03|4.261179405e+10|4.362238463e+10|4.521121135e+10|4.377858816e+10|7.267005005e+03|7.298144287e+03|7.346676147e+03|7.302455078e+03|2.272663935e+03
1.248705806e+06|3.193300383e+06|3.228878126e+06|3.262450948e+06|3.223226950e+06|5.251014596e+03|5.316315840e+03|5.376793019e+03|5.304050119e+03|4.200268118e+10|4.342652222e+10|4.475597717e+10|4.317679679e+10|7.248131836e+03|7.292126709e+03|7.332818726e+03|7.283778809e+03|2.272663935e+03
1.257849208e+06|3.186382026e+06|3.218994809e+06|3.272992192e+06|3.220108429e+06|5.238174308e+03|5.298304272e+03|5.395543403e+03|5.298497656e+03|4.172407917e+10|4.303258093e+10|4.517033885e+10|4.305412398e+10|7.239470093e+03|7.279997559e+03|7.345431641e+03|7.280043945e+03|2.272663935e+03
1.268013500e+06|3.180626072e+06|3.209244455e+06|3.242711073e+06|3.209639111e+06|5.227420380e+03|5.280449700e+03|5.341386488e+03|5.279810506e+03|4.149121792e+10|4.264294486e+10|4.397631933e+10|4.264172803e+10|7.232225342e+03|7.267966553e+03|7.308995239e+03|7.267477539e+03|2.272663935e+03
1.277868935e+06|3.165431887e+06|3.203103352e+06|3.250501757e+06|3.207127181e+06|5.198921156e+03|5.269145074e+03|5.355376436e+03|5.274729695e+03|4.087559066e+10|4.239673693e+10|4.428405425e+10|4.253534902e+10|7.212991211e+03|7.260349121e+03|7.318418213e+03|7.264033203e+03|2.272663935e+03
1.286749652e+06|3.168030334e+06|3.199600444e+06|3.236077004e+06|3.198608561e+06|5.203824764e+03|5.262665672e+03|5.329370171e+03|5.259468167e+03|4.098127075e+10|4.225583335e+10|4.371265455e+10|4.219906330e+10|7.216302124e+03|7.255988525e+03|7.300913452e+03|7.253765137e+03|2.272663935e+03
1.294399026e+06|3.155388021e+06|3.187853209e+06|3.224414731e+06|3.190421382e+06|5.179961764e+03|5.240923291e+03|5.308223479e+03|5.244437012e+03|4.046724097e+10|4.178364016e+10|4.324932014e+10|4.187136501e+10|7.200191650e+03|7.241325928e+03|7.286671875e+03|7.243635742e+03|2.272663935e+03
1.303278926e+06|3.143339373e+06|3.187543219e+06|3.218865288e+06|3.178076696e+06|5.157012242e+03|5.240344027e+03|5.298067057e+03|5.220538915e+03|3.997443293e+10|4.177108635e+10|4.302740092e+10|4.136187796e+10|7.184688721e+03|7.240934326e+03|7.279838379e+03|7.227458008e+03|2.272663935e+03
1.312878252e+06|3.137295382e+06|3.171629725e+06|3.215444914e+06|3.174918109e+06|5.145485973e+03|5.210604888e+03|5.291803152e+03|5.215123493e+03|3.972746723e+10|4.112761387e+10|4.289066374e+10|4.124021053e+10|7.176897339e+03|7.220873535e+03|7.275621216e+03|7.223840820e+03|2.272663935e+03
1.322006742e+06|3.130759502e+06|3.170027236e+06|3.203536932e+06|3.166699876e+06|5.132887996e+03|5.207594078e+03|5.269947129e+03|5.199616965e+03|3.945806741e+10|4.106259210e+10|4.241418441e+10|4.090606382e+10|7.168383423e+03|7.218844727e+03|7.260894287e+03|7.213370117e+03|2.272663935e+03
1.330355520e+06|3.125505858e+06|3.163099535e+06|3.208138595e+06|3.162188411e+06|5.122764829e+03|5.194518993e+03|5.278425069e+03|5.190451461e+03|3.924187217e+10|4.078064810e+10|4.259879840e+10|4.071448745e+10|7.161538940e+03|7.210020508e+03|7.266603027e+03|7.207137695e+03|2.272663935e+03
1.339091231e+06|3.107795071e+06|3.146015029e+06|3.181141935e+06|3.145899683e+06|5.088371159e+03|5.162113554e+03|5.228384031e+03|5.160181434e+03|3.850962469e+10|4.008384909e+10|4.151206993e+10|4.005794313e+10|7.138264038e+03|7.188139404e+03|7.232874390e+03|7.186730469e+03|2.272663935e+03
1.348057655e+06|3.116052362e+06|3.151570339e+06|3.188304505e+06|3.149723517e+06|5.104450360e+03|5.172707335e+03|5.241766613e+03|5.167717105e+03|3.885156773e+10|4.031127779e+10|4.180191735e+10|4.021740569e+10|7.149148804e+03|7.195291504e+03|7.241892334e+03|7.191838867e+03|2.272663935e+03
1.356526184e+06|3.092666323e+06|3.133826348e+06|3.166934024e+06|3.130980110e+06|5.058666567e+03|5.138799093e+03|5.201753459e+03|5.131303025e+03|3.787999409e+10|3.958445365e+10|4.093663896e+10|3.944224048e+10|7.118143188e+03|7.172381592e+03|7.214901611e+03|7.167187012e+03|2.272663935e+03
1.366060707e+06|3.098808668e+06|3.130214157e+06|3.169770291e+06|3.132350235e+06|5.070755665e+03|5.131837159e+03|5.207109055e+03|5.134370818e+03|3.813598565e+10|3.943562347e+10|4.105212616e+10|3.950395652e+10|7.126334106e+03|7.167676270e+03|7.218515625e+03|7.169290039e+03|2.272663935e+03
1.374205213e+06|3.079266801e+06|3.120051328e+06|3.147156952e+06|3.113442515e+06|5.032106849e+03|5.112240358e+03|5.164290989e+03|5.097816285e+03|3.731924970e+10|3.901742539e+10|4.013057840e+10|3.872423034e+10|7.100136841e+03|7.154416016e+03|7.189611206e+03|7.144554199e+03|2.272663935e+03
1.382187128e+06|3.078628306e+06|3.105156030e+06|3.146561863e+06|3.104886718e+06|5.030836567e+03|5.083233854e+03|5.163156213e+03|5.080665779e+03|3.729246869e+10|3.840051520e+10|4.010622038e+10|3.836379839e+10|7.099274414e+03|7.134783447e+03|7.188842529e+03|7.132906738e+03|2.272663935e+03
1.390337391e+06|3.060835953e+06|3.106061370e+06|3.133620595e+06|3.099506963e+06|4.995197702e+03|5.084996189e+03|5.138402200e+03|5.070627572e+03|3.654333826e+10|3.843794043e+10|3.957593930e+10|3.814646209e+10|7.075082397e+03|7.135977295e+03|7.172109619e+03|7.126145020e+03|2.272663935e+03
1.399250806e+06|3.053391183e+06|3.098422388e+06|3.135843097e+06|3.094547572e+06|4.980168838e+03|5.069995215e+03|5.142686279e+03|5.060451515e+03|3.622849310e+10|3.811987410e+10|3.966757210e+10|3.793462879e+10|7.064870483e+03|7.125818604e+03|7.175004272e+03|7.119220703e+03|2.272663935e+03
1.408410891e+06|3.056247918e+06|3.091032742e+06|3.134654421e+06|3.091669380e+06|4.985968311e+03|5.055452460e+03|5.140395022e+03|5.054847674e+03|3.634987104e+10|3.781201786e+10|3.961856488e+10|3.781543360e+10|7.068807495e+03|7.115963135e+03|7.173458740e+03|7.115426270e+03|2.272663935e+03
1.417099369e+06|3.047241125e+06|3.077993763e+06|3.122879833e+06|3.084804870e+06|4.967658224e+03|5.029574231e+03|5.117705934e+03|5.041429347e+03|3.596700697e+10|3.726585970e+10|3.913393596e+10|3.753050362e+10|7.056368042e+03|7.098417725e+03|7.158114624e+03|7.106338867e+03|2.272663935e+03
1.425031675e+06|3.046296199e+06|3.076637467e+06|3.106147675e+06|3.075204029e+06|4.965736701e+03|5.026876313e+03|5.085164153e+03|5.022236003e+03|3.592689255e+10|3.720900994e+10|3.844150405e+10|3.712671766e+10|7.055063110e+03|7.096585205e+03|7.136087646e+03|7.093310547e+03|2.272663935e+03
1.432800102e+06|3.035821301e+06|3.073062851e+06|3.091317014e+06|3.067128305e+06|4.944333940e+03|5.019767007e+03|5.056011573e+03|5.006331326e+03|3.548059669e+10|3.705930669e+10|3.782382612e+10|3.679006168e+10|7.040501343e+03|7.091757812e+03|7.116342041e+03|7.082528809e+03|2.272663935e+03
1.440610697e+06|3.024427545e+06|3.052272995e+06|3.088753597e+06|3.055699748e+06|4.920885480e+03|4.977894082e+03|5.050968286e+03|4.983278242e+03|3.499331364e+10|3.618093964e+10|3.771718864e+10|3.630682129e+10|7.024529907e+03|7.063322998e+03|7.112920166e+03|7.066866699e+03|2.272663935e+03
1.449613954e+06|3.012604065e+06|3.055999401e+06|3.087906252e+06|3.048749398e+06|4.896298118e+03|4.985473420e+03|5.049298554e+03|4.968346416e+03|3.448405226e+10|3.633949681e+10|3.768190210e+10|3.600161821e+10|7.007775635e+03|7.068472412e+03|7.111789307e+03|7.056647461e+03|2.272663935e+03
1.457819469e+06|2.999054322e+06|3.039536926e+06|3.067603438e+06|3.037438337e+06|4.867852803e+03|4.951979797e+03|5.008810284e+03|4.946355171e+03|3.389718157e+10|3.563984383e+10|3.682899502e+10|3.553360483e+10|6.988368652e+03|7.045698975e+03|7.084322998e+03|7.041776367e+03|2.272663935e+03
1.465046188e+06|2.997851741e+06|3.029071383e+06|3.056030380e+06|3.026191801e+06|4.865321690e+03|4.930450543e+03|4.985535324e+03|4.922376244e+03|3.384509387e+10|3.519190779e+10|3.634079436e+10|3.504200169e+10|6.986640747e+03|7.031051270e+03|7.068515015e+03|7.025379883e+03|2.272663935e+03
1.473530119e+06|2.997994176e+06|3.032531997e+06|3.071004282e+06|3.033181532e+06|4.865621435e+03|4.937567441e+03|5.015652775e+03|4.936778292e+03|3.385125927e+10|3.533982161e+10|3.697276457e+10|3.534130290e+10|6.986846558e+03|7.035896484e+03|7.088967773e+03|7.035188965e+03|2.272663935e+03
1.482424389e+06|2.993259186e+06|3.024144864e+06|3.049016604e+06|3.019518794e+06|4.855635293e+03|4.920305403e+03|4.971269277e+03|4.909015698e+03|3.364592638e+10|3.498126157e+10|3.604243021e+10|3.476111179e+10|6.980023926e+03|7.024136963e+03|7.058821289e+03|7.016310059e+03|2.272663935e+03
1.490558650e+06|2.989854151e+06|3.010195794e+06|3.046315660e+06|3.014590404e+06|4.848377602e+03|4.891290420e+03|4.965776275e+03|4.899209810e+03|3.349686702e+10|3.438058000e+10|3.592772280e+10|3.455439502e+10|6.975066528e+03|7.004361816e+03|7.055090210e+03|7.009664551e+03|2.272663935e+03
1.498099384e+06|2.985354969e+06|3.014606526e+06|3.033015056e+06|3.011195159e+06|4.838791419e+03|4.900462829e+03|4.938561139e+03|4.891539330e+03|3.330015058e+10|3.457016915e+10|3.536049409e+10|3.440062480e+10|6.968515747e+03|7.010620117e+03|7.036573242e+03|7.004384766e+03|2.272663935e+03
1.505557322e+06|2.964259242e+06|2.987120153e+06|3.021174522e+06|2.990001749e+06|4.793473130e+03|4.842551789e+03|4.914128369e+03|4.846875437e+03|3.237419564e+10|3.337727273e+10|3.485314425e+10|3.348073091e+10|6.937495361e+03|6.971086670e+03|7.019932861e+03|6.973885742e+03|2.272663935e+03
1.513778917e+06|2.952283543e+06|2.986627104e+06|3.017065535e+06|2.984618167e+06|4.767335106e+03|4.841501366e+03|4.905578157e+03|4.835341030e+03|3.184297189e+10|3.335572367e+10|3.467602341e+10|3.324469141e+10|6.919578125e+03|6.970369629e+03|7.014107544e+03|6.965991699e+03|2.272663935e+03
1.521406773e+06|2.948110768e+06|2.979646530e+06|3.019626783e+06|2.980483786e+06|4.758184443e+03|4.826635420e+03|4.910907354e+03|4.826780395e+03|3.165746690e+10|3.305117486e+10|3.478639094e+10|3.306715768e+10|6.913303467e+03|6.960199951e+03|7.017736450e+03|6.960161133e+03|2.272663935e+03
1.529182289e+06|2.952317757e+06|2.975483535e+06|3.005540361e+06|2.975851242e+06|4.767409767e+03|4.817670019e+03|4.881510254e+03|4.816517341e+03|3.184448940e+10|3.286788014e+10|3.417867719e+10|3.285983720e+10|6.919633789e+03|6.954070557e+03|6.997692505e+03|6.953109863e+03|2.272663935e+03
1.537758444e+06|2.942257435e+06|2.971853442e+06|3.001630861e+06|2.969504798e+06|4.745248338e+03|4.809841932e+03|4.873277119e+03|4.803103320e+03|3.139574132e+10|3.270797014e+10|3.400890935e+10|3.258385678e+10|6.904424072e+03|6.948710449e+03|6.992073608e+03|6.943947266e+03|2.272663935e+03
1.544980602e+06|2.928521245e+06|2.965148495e+06|2.987613262e+06|2.959218108e+06|4.714707547e+03|4.795391412e+03|4.843602382e+03|4.780869167e+03|3.077965193e+10|3.241326212e+10|3.339882815e+10|3.213050257e+10|6.883433472e+03|6.938811279e+03|6.971804932e+03|6.928718262e+03|2.272663935e+03
1.553251972e+06|2.922329695e+06|2.960898812e+06|2.984549725e+06|2.953441019e+06|4.700861288e+03|4.786134947e+03|4.837076225e+03|4.767113486e+03|3.050133804e+10|3.222487925e+10|3.326498888e+10|3.186002425e+10|6.873900269e+03|6.932472412e+03|6.967342529e+03|6.919181152e+03|2.272663935e+03
1.562003374e+06|2.915843676e+06|2.951433909e+06|2.976599738e+06|2.947765955e+06|4.686190237e+03|4.765481983e+03|4.820077689e+03|4.755599067e+03|3.020699275e+10|3.180537414e+10|3.291708308e+10|3.161927769e+10|6.863800415e+03|6.918306396e+03|6.955715332e+03|6.911362305e+03|2.272663935e+03
1.569715492e+06|2.897141376e+06|2.943781931e+06|2.962099209e+06|2.930340884e+06|4.643508987e+03|4.748616488e+03|4.788755900e+03|4.716102591e+03|2.935463529e+10|3.146382782e+10|3.227818558e+10|3.082837997e+10|6.834358887e+03|6.906735840e+03|6.934267944e+03|6.884134766e+03|2.272663935e+03
1.576874270e+06|2.892483994e+06|2.918817724e+06|2.946521854e+06|2.917358918e+06|4.632785536e+03|4.692931461e+03|4.754671866e+03|4.687637099e+03|2.914147470e+10|3.034212880e+10|3.158633580e+10|3.025109271e+10|6.826949219e+03|6.868441895e+03|6.910890991e+03|6.864607910e+03|2.272663935e+03
1.584413592e+06|2.900318724e+06|2.927853787e+06|2.946370969e+06|2.925856276e+06|4.650801666e+03|4.713214398e+03|4.754338456e+03|4.707042023e+03|2.949982167e+10|3.074962148e+10|3.157959414e+10|3.063858390e+10|6.839394775e+03|6.882402832e+03|6.910664673e+03|6.877996094e+03|2.272663935e+03
1.591354137e+06|2.877079303e+06|2.904436162e+06|2.933427737e+06|2.905380934e+06|4.596839327e+03|4.660257394e+03|4.725688115e+03|4.660262529e+03|2.842923322e+10|2.968842315e+10|3.100079038e+10|2.970461809e+10|6.802083374e+03|6.845919678e+03|6.890977539e+03|6.845716797e+03|2.272663935e+03
1.598271023e+06|2.870542568e+06|2.904541374e+06|2.936367771e+06|2.901802917e+06|4.581420298e+03|4.660499205e+03|4.732241284e+03|4.651883487e+03|2.812486461e+10|2.969325867e+10|3.113298091e+10|2.953889954e+10|6.791400513e+03|6.846085938e+03|6.895482422e+03|6.839915039e+03|2.272663935e+03
1.605695200e+06|2.862404258e+06|2.896971751e+06|2.928942556e+06|2.892077427e+06|4.562084121e+03|4.643119703e+03|4.715650180e+03|4.629083220e+03|2.774443737e+10|2.934688781e+10|3.079861916e+10|2.908799041e+10|6.777989258e+03|6.834091553e+03|6.884078979e+03|6.824120605e+03|2.272663935e+03
1.614025050e+06|2.858324107e+06|2.889636600e+06|2.906792501e+06|2.884758116e+06|4.552327191e+03|4.626154706e+03|4.665671358e+03|4.612658463e+03|2.755282797e+10|2.900969857e+10|2.979657950e+10|2.875789168e+10|6.771217285e+03|6.822366943e+03|6.849648926e+03|6.812824219e+03|2.272663935e+03
1.622278435e+06|2.832974705e+06|2.870093906e+06|2.896446556e+06|2.862608362e+06|4.490752546e+03|4.580362590e+03|4.641914518e+03|4.559563055e+03|2.635090646e+10|2.810402209e+10|2.932291068e+10|2.771643551e+10|6.728372070e+03|6.790671143e+03|6.833258545e+03|6.775935547e+03|2.272663935e+03
1.630992157e+06|2.850421534e+06|2.880470048e+06|2.903552244e+06|2.876310473e+06|4.533325967e+03|4.604826784e+03|4.658226966e+03|4.593052252e+03|2.718065216e+10|2.858712551e+10|2.964789186e+10|2.836875604e+10|6.758012817e+03|6.807612061e+03|6.844520020e+03|6.799267090e+03|2.272663935e+03
1.638847404e+06|2.831173320e+06|2.862982567e+06|2.894549286e+06|2.859466985e+06|4.486324209e+03|4.563467395e+03|4.637561807e+03|4.551647710e+03|2.626493710e+10|2.777161319e+10|2.923638184e+10|2.756384714e+10|6.725286255e+03|6.778950195e+03|6.830251709e+03|6.770388184e+03|2.272663935e+03
1.646120657e+06|2.830553435e+06|2.850744430e+06|2.874456128e+06|2.851617457e+06|4.484800646e+03|4.534109253e+03|4.590650201e+03|4.534390631e+03|2.623537215e+10|2.719596196e+10|2.830697542e+10|2.721436486e+10|6.724220825e+03|6.758559082e+03|6.797799194e+03|6.758569824e+03|2.272663935e+03
1.653418662e+06|2.807219846e+06|2.839089744e+06|2.878105925e+06|2.837276713e+06|4.426356061e+03|4.505796691e+03|4.599262402e+03|4.497417964e+03|2.510671505e+10|2.664345230e+10|2.847711402e+10|2.650756415e+10|6.683377808e+03|6.738856201e+03|6.803760132e+03|6.732609863e+03|2.272663935e+03
1.660859941e+06|2.800996999e+06|2.829402913e+06|2.862846112e+06|2.830243047e+06|4.410508813e+03|4.481973444e+03|4.563140820e+03|4.481005674e+03|2.480272025e+10|2.618053467e+10|2.776518943e+10|2.618248919e+10|6.672269531e+03|6.722250244e+03|6.778723022e+03|6.721264160e+03|2.272663935e+03
1.667571208e+06|2.798688960e+06|2.831138014e+06|2.852696590e+06|2.824281787e+06|4.404566919e+03|4.486237736e+03|4.538846642e+03|4.465986453e+03|2.468878238e+10|2.626327205e+10|2.728867127e+10|2.589301535e+10|6.668104248e+03|6.725222656e+03|6.761850586e+03|6.710749512e+03|2.272663935e+03
1.673500105e+06|2.769776880e+06|2.809079232e+06|2.846267613e+06|2.802853544e+06|4.328938571e+03|4.431064365e+03|4.523251453e+03|4.409543519e+03|2.325034610e+10|2.519717441e+10|2.698378800e+10|2.482172479e+10|6.614911743e+03|6.686673340e+03|6.751006348e+03|6.670985840e+03|2.272663935e+03
1.680753858e+06|2.772405861e+06|2.801868010e+06|2.831680109e+06|2.797094349e+06|4.335912260e+03|4.412751697e+03|4.487571120e+03|4.396641995e+03|2.338220712e+10|2.484575594e+10|2.628917338e+10|2.456238784e+10|6.619830811e+03|6.673845215e+03|6.726156494e+03|6.662140137e+03|2.272663935e+03
1.688791782e+06|2.761741976e+06|2.790366303e+06|2.818503640e+06|2.786415369e+06|4.307354148e+03|4.383131393e+03|4.454824569e+03|4.369050621e+03|2.284323206e+10|2.427933502e+10|2.565515236e+10|2.403529871e+10|6.599674438e+03|6.653057373e+03|6.703292725e+03|6.642762695e+03|2.272663935e+03
1.696745347e+06|2.741882771e+06|2.773706941e+06|2.806899823e+06|2.771498115e+06|4.253007259e+03|4.339365236e+03|4.425545566e+03|4.328482011e+03|2.182491775e+10|2.344755534e+10|2.509113444e+10|2.327345791e+10|6.561189941e+03|6.622260498e+03|6.682809570e+03|6.614054199e+03|2.272663935e+03
1.706388248e+06|2.729994831e+06|2.760038371e+06|2.798122576e+06|2.759236440e+06|4.219655366e+03|4.302760479e+03|4.403109244e+03|4.296210272e+03|2.120492588e+10|2.275680479e+10|2.466085870e+10|2.266085320e+10|6.537489258e+03|6.596426025e+03|6.667085815e+03|6.591328125e+03|2.272663935e+03
1.714432182e+06|2.725744364e+06|2.754854504e+06|2.796913696e+06|2.758403056e+06|4.207590533e+03|4.288723743e+03|4.399998861e+03|4.294633817e+03|2.098165097e+10|2.249309538e+10|2.460132893e+10|2.262704272e+10|6.528899780e+03|6.586497314e+03|6.664900879e+03|6.590291016e+03|2.272663935e+03
1.721746039e+06|2.731735514e+06|2.760538401e+06|2.785015673e+06|2.753715589e+06|4.224600916e+03|4.304108475e+03|4.369143289e+03|4.281033077e+03|2.129674489e+10|2.278215354e+10|2.401270206e+10|2.237675510e+10|6.541010010e+03|6.597381348e+03|6.643225342e+03|6.580563965e+03|2.272663935e+03
1.728743162e+06|2.708834904e+06|2.740829597e+06|2.765832874e+06|2.735774655e+06|4.158645752e+03|4.250069048e+03|4.318393663e+03|4.230586105e+03|2.008074956e+10|2.177011549e+10|2.305126499e+10|2.143970344e+10|6.493963379e+03|6.559105225e+03|6.607470581e+03|6.544690430e+03|2.272663935e+03
1.735648504e+06|2.700370140e+06|2.722964348e+06|2.752939615e+06|2.725949812e+06|4.133632819e+03|4.199693676e+03|4.283459198e+03|4.204320376e+03|1.962349824e+10|2.083600475e+10|2.239437096e+10|2.094380753e+10|6.476046387e+03|6.523268555e+03|6.582771973e+03|6.526166016e+03|2.272663935e+03
1.742517519e+06|2.682248019e+06|2.707308200e+06|2.742036970e+06|2.709239201e+06|4.078721624e+03|4.154151919e+03|4.253437754e+03|4.154746099e+03|1.862734941e+10|1.999841895e+10|2.183296601e+10|2.003821124e+10|6.436581421e+03|6.490745850e+03|6.561496338e+03|6.490633301e+03|2.272663935e+03
1.748641904e+06|2.681844324e+06|2.696963184e+06|2.719450840e+06|2.699548662e+06|4.077482167e+03|4.123414065e+03|4.189529091e+03|4.126992856e+03|1.860497767e+10|1.943724535e+10|2.064830221e+10|1.952570794e+10|6.435689697e+03|6.468722656e+03|6.516025513e+03|6.470848633e+03|2.272663935e+03
1.755786132e+06|2.660989387e+06|2.691598103e+06|2.721833330e+06|2.687915823e+06|4.011588471e+03|4.107307825e+03|4.196416299e+03|4.090721913e+03|1.742352499e+10|1.914464302e+10|2.077544567e+10|1.887287744e+10|6.388055908e+03|6.457149414e+03|6.520937256e+03|6.444665039e+03|2.272663935e+03
1.763584288e+06|2.645283896e+06|2.667578418e+06|2.698031640e+06|2.670571601e+06|3.959965205e+03|4.032693015e+03|4.126617391e+03|4.037361234e+03|1.650879425e+10|1.779991813e+10|1.949557491e+10|1.790881167e+10|6.350526245e+03|6.403347168e+03|6.471017578e+03|6.406225586e+03|2.272663935e+03
1.771622229e+06|2.629561479e+06|2.657177951e+06|2.684075707e+06|2.656796552e+06|3.906172383e+03|3.999202748e+03|4.084320407e+03|3.991806608e+03|1.556573529e+10|1.720299380e+10|1.872843681e+10|1.710276441e+10|6.311208862e+03|6.379068115e+03|6.440612549e+03|6.373068848e+03|2.272663935e+03
1.780329368e+06|2.616960180e+06|2.640177949e+06|2.678396607e+06|2.644674711e+06|3.861392478e+03|3.942675681e+03|4.066732554e+03|3.950456704e+03|1.478860006e+10|1.620441213e+10|1.841103414e+10|1.637717693e+10|6.278307251e+03|6.337910400e+03|6.427939941e+03|6.342845703e+03|2.272663935e+03
1.789437023e+06|2.616072521e+06|2.636575895e+06|2.661095345e+06|2.640619439e+06|3.858157192e+03|3.930469637e+03|4.011933182e+03|3.938526952e+03|1.473258571e+10|1.599047086e+10|1.742967724e+10|1.615875524e+10|6.275927734e+03|6.328993408e+03|6.388305420e+03|6.334314453e+03|2.272663935e+03
1.796344621e+06|2.610984430e+06|2.633608888e+06|2.656162110e+06|2.631688747e+06|3.839633255e+03|3.920208566e+03|3.995904495e+03|3.907499397e+03|1.441400984e+10|1.581052596e+10|1.714442822e+10|1.561705975e+10|6.262263916e+03|6.321487305e+03|6.376673584e+03|6.311574219e+03|2.272663935e+03
1.802682694e+06|2.593954700e+06|2.623929106e+06|2.644466640e+06|2.621212951e+06|3.775024652e+03|3.886337711e+03|3.957222015e+03|3.868693568e+03|1.331080181e+10|1.522033952e+10|1.646044254e+10|1.495074682e+10|6.214399536e+03|6.296654541e+03|6.348521362e+03|6.282902344e+03|2.272663935e+03
1.808842253e+06|2.583592951e+06|2.614249134e+06|2.638150478e+06|2.611391934e+06|3.733798848e+03|3.851516769e+03|3.935801954e+03|3.831009908e+03|1.261509165e+10|1.461798999e+10|1.608377310e+10|1.430926236e+10|6.183675537e+03|6.271032715e+03|6.332892700e+03|6.254927734e+03|2.272663935e+03
1.816356202e+06|2.576187841e+06|2.595922511e+06|2.616567093e+06|2.595702817e+06|3.703301698e+03|3.782720850e+03|3.859959791e+03|3.774030974e+03|1.210486165e+10|1.344166168e+10|1.476379617e+10|1.332593132e+10|6.160848999e+03|6.220117432e+03|6.277252686e+03|6.212931641e+03|2.272663935e+03
1.822893144e+06|2.564740706e+06|2.588419933e+06|2.602494080e+06|2.584350875e+06|3.654179762e+03|3.753266369e+03|3.807876558e+03|3.726693313e+03|1.129031964e+10|1.294334942e+10|1.386982855e+10|1.253573708e+10|6.123907471e+03|6.198198730e+03|6.238781494e+03|6.177433594e+03|2.272663935e+03
1.829563436e+06|2.549999581e+06|2.571432050e+06|2.594868245e+06|2.570612333e+06|3.586816712e+03|3.683193615e+03|3.778622023e+03|3.667046925e+03|1.018883224e+10|1.177038592e+10|1.337201277e+10|1.154911256e+10|6.072880249e+03|6.145752686e+03|6.217071655e+03|6.132501465e+03|2.272663935e+03
1.837979309e+06|2.529248738e+06|2.559736030e+06|2.586608895e+06|2.557362600e+06|3.481188171e+03|3.631942073e+03|3.745993164e+03|3.600938653e+03|8.497387047e+09|1.092503948e+10|1.282037145e+10|1.048604357e+10|5.991972778e+03|6.107109863e+03|6.192776367e+03|6.081936035e+03|2.272663935e+03
1.847316872e+06|2.528768842e+06|2.547912055e+06|2.564377671e+06|2.545832667e+06|3.478540617e+03|3.576904311e+03|3.652573273e+03|3.550731000e+03|8.456118847e+09|1.002890232e+10|1.126380497e+10|9.656145687e+09|5.989927612e+03|6.065335938e+03|6.122698853e+03|6.044099609e+03|2.272663935e+03
1.856620356e+06|2.511990821e+06|2.536577754e+06|2.552258634e+06|2.533165136e+06|3.378983113e+03|3.520276361e+03|3.597485592e+03|3.483637158e+03|6.905487654e+09|9.118617793e+09|1.036187738e+10|8.589283857e+09|5.912568726e+03|6.022045654e+03|6.080994385e+03|5.992484863e+03|2.272663935e+03
1.865114914e+06|2.510854085e+06|2.537490484e+06|2.560653165e+06|2.537412225e+06|3.371490539e+03|3.524978252e+03|3.636117904e+03|3.503983712e+03|6.789501110e+09|9.193558496e+09|1.099385038e+10|8.919074031e+09|5.906701050e+03|6.025652344e+03|6.110268066e+03|6.007981445e+03|2.272663935e+03
1.872113619e+06|2.508063527e+06|2.534656699e+06|2.560607791e+06|2.532140805e+06|3.353051533e+03|3.510165703e+03|3.635911669e+03|3.464392785e+03|6.508994566e+09|8.956956370e+09|1.099044673e+10|8.322505064e+09|5.892236694e+03|6.014281982e+03|6.110113037e+03|5.976629395e+03|2.272663935e+03
1.877786937e+06|2.505018290e+06|2.538745729e+06|2.554968351e+06|2.530786466e+06|3.331594423e+03|3.531346059e+03|3.610180158e+03|3.455627317e+03|6.180910526e+09|9.294990197e+09|1.056938455e+10|8.187087714e+09|5.875346924e+03|6.030534912e+03|6.090629028e+03|5.969753906e+03|2.272663935e+03
1.884496060e+06|2.495476112e+06|2.521575270e+06|2.535042099e+06|2.517479664e+06|3.258657684e+03|3.437906573e+03|3.512199684e+03|3.379179587e+03|5.085795366e+09|7.818691712e+09|8.989363977e+09|6.985232130e+09|5.817558472e+03|5.958486084e+03|6.015843750e+03|5.910114258e+03|2.272663935e+03
1.890750955e+06|2.488581475e+06|2.513904986e+06|2.524883379e+06|2.509822281e+06|3.196084063e+03|3.391110469e+03|3.456893263e+03|3.326312650e+03|4.164318816e+09|7.091215646e+09|8.115137401e+09|6.180689893e+09|5.767447021e+03|5.922051025e+03|5.973203491e+03|5.868883301e+03|2.272663935e+03
1.896840773e+06|2.490772897e+06|2.510892973e+06|2.521410423e+06|2.508310465e+06|3.217348737e+03|3.371747614e+03|3.436837166e+03|3.313800763e+03|4.476588913e+09|6.793457501e+09|7.801524848e+09|5.990941257e+09|5.784534180e+03|5.906903320e+03|5.957654785e+03|5.857629883e+03|2.272663935e+03
1.902998198e+06|2.481807285e+06|2.503480763e+06|2.510728811e+06|2.501196001e+06|3.120124730e+03|3.320832348e+03|3.370664761e+03|3.262606025e+03|3.069592618e+09|6.018636736e+09|6.777048594e+09|5.218593049e+09|5.705935425e+03|5.866867188e+03|5.906053223e+03|5.815283691e+03|2.272663935e+03
1.910903212e+06|2.483272904e+06|2.496298190e+06|2.504794477e+06|2.494190972e+06|3.138643946e+03|3.265547158e+03|3.330251213e+03|3.211297310e+03|3.336233298e+09|5.188710032e+09|6.161069943e+09|4.445211034e+09|5.721006958e+03|5.823045166e+03|5.874296387e+03|5.768801270e+03|2.272663935e+03
1.920837450e+06|2.473409919e+06|2.480343193e+06|2.490388548e+06|2.483804504e+06|2.944976493e+03|3.100279082e+03|3.213872622e+03|3.096753629e+03|6.304073129e+08|2.787370213e+09|4.426553762e+09|2.789720686e+09|5.561012329e+03|5.689738037e+03|5.781744629e+03|5.667092285e+03|2.272663935e+03
1.930786126e+06|2.472947975e+06|2.476487439e+06|2.482552756e+06|2.478764549e+06|2.895798481e+03|3.036155207e+03|3.129735352e+03|3.027710968e+03|8.739867725e+05|1.889931804e+09|3.207766513e+09|1.806490669e+09|5.488676270e+03|5.637018555e+03|5.713763428e+03|5.596995117e+03|2.272663935e+03
1.943105564e+06|2.472947487e+06|2.472947963e+06|2.474361931e+06|2.474496300e+06|2.895416978e+03|2.895749627e+03|2.983208122e+03|2.946927978e+03|2.359955934e+05|7.272062051e+05|1.155989934e+09|6.857339789e+08|5.391013062e+03|5.482378906e+03|5.593033447e+03|5.487198242e+03|2.272663935e+03
1.952330655e+06|2.472947226e+06|2.472947903e+06|2.472985012e+06|2.473289893e+06|2.895413136e+03|2.895515365e+03|2.906842344e+03|2.914149341e+03|2.359907212e+05|3.254695289e+05|2.171426386e+07|2.300166611e+08|5.358850708e+03|5.452311035e+03|5.525320923e+03|5.439997070e+03|2.272663935e+03
1.960040367e+06|2.472946805e+06|2.472947776e+06|2.472947987e+06|2.473128467e+06|2.895406917e+03|2.895421260e+03|2.895842459e+03|2.906604335e+03|2.359828364e+05|2.360010231e+05|9.990017951e+05|1.393107731e+08|5.307531982e+03|5.427373047e+03|5.494338745e+03|5.405928711e+03|2.272663935e+03
1.966316468e+06|2.472946502e+06|2.472947213e+06|2.472947903e+06|2.472958920e+06|2.895402359e+03|2.895412942e+03|2.895515721e+03|2.897275682e+03|2.359770560e+05|2.359904761e+05|3.248758733e+05|1.543794875e+07|5.270475098e+03|5.357248535e+03|5.452358276e+03|5.355531738e+03|2.272663935e+03
1.971858904e+06|2.472946049e+06|2.472946735e+06|2.472947304e+06|2.472953074e+06|2.895395681e+03|2.895405860e+03|2.895414284e+03|2.896528821e+03|2.359685883e+05|2.359814957e+05|2.359921778e+05|1.151180370e+07|5.217234985e+03|5.298913086e+03|5.368409180e+03|5.296595215e+03|2.272663935e+03
1.976967046e+06|2.472945596e+06|2.472946338e+06|2.472946996e+06|2.472946289e+06|2.895389010e+03|2.895399927e+03|2.895409759e+03|2.895402849e+03|2.359601311e+05|2.359739727e+05|2.359864394e+05|2.408618882e+05|5.165125000e+03|5.250956299e+03|5.330846924e+03|5.248113770e+03|2.272663935e+03
1.982002464e+06|2.472945236e+06|2.472946074e+06|2.472946644e+06|2.472945947e+06|2.895383665e+03|2.895396054e+03|2.895404490e+03|2.895395979e+03|2.359533541e+05|2.359690624e+05|2.359797582e+05|2.379864052e+05|5.124069580e+03|5.220196777e+03|5.287765503e+03|5.207927246e+03|2.272663935e+03
1.987601800e+06|2.472944703e+06|2.472945274e+06|2.472945888e+06|2.472945249e+06|2.895375760e+03|2.895384233e+03|2.895393327e+03|2.895383864e+03|2.359433310e+05|2.359540737e+05|2.359656036e+05|2.359536070e+05|5.064546021e+03|5.128389404e+03|5.198686523e+03|5.127363770e+03|2.272663935e+03
1.993014231e+06|2.472943975e+06|2.472944443e+06|2.472944956e+06|2.472944463e+06|2.895364984e+03|2.895371979e+03|2.895379476e+03|2.895372255e+03|2.359296696e+05|2.359385375e+05|2.359480431e+05|2.359388881e+05|4.985608643e+03|5.036568604e+03|5.092311646e+03|5.040129883e+03|2.272663935e+03
1.999262158e+06|2.472942587e+06|2.472943554e+06|2.472944456e+06|2.472943514e+06|2.895344703e+03|2.895358816e+03|2.895372167e+03|2.895358263e+03|2.359039591e+05|2.359218508e+05|2.359387758e+05|2.359211507e+05|4.843511597e+03|4.941528809e+03|5.037954468e+03|4.940780273e+03|2.272663935e+03
2.007256421e+06|2.472941713e+06|2.472942708e+06|2.472943433e+06|2.472942598e+06|2.895331604e+03|2.895346501e+03|2.895357080e+03|2.895344738e+03|2.358873553e+05|2.359062389e+05|2.359196494e+05|2.359040048e+05|4.755932251e+03|4.855814941e+03|4.929265747e+03|4.846763672e+03|2.272663935e+03
2.017063397e+06|2.472940506e+06|2.472941611e+06|2.472942513e+06|2.472941480e+06|2.895313746e+03|2.895330143e+03|2.895343567e+03|2.895328203e+03|2.358647204e+05|2.358855036e+05|2.359025198e+05|2.358830456e+05|4.641480957e+03|4.746367676e+03|4.835806030e+03|4.737458984e+03|2.272663935e+03
2.030452419e+06|2.472939714e+06|2.472940759e+06|2.472941414e+06|2.472940487e+06|2.895302062e+03|2.895317588e+03|2.895327296e+03|2.895313532e+03|2.358499124e+05|2.358695902e+05|2.358818949e+05|2.358644503e+05|4.569536255e+03|4.665587158e+03|4.727774780e+03|4.644412598e+03|2.272663935e+03
2.047732774e+06|2.472938565e+06|2.472939231e+06|2.472939980e+06|2.472939203e+06|2.895285056e+03|2.895294951e+03|2.895305902e+03|2.895294524e+03|2.358283595e+05|2.358408997e+05|2.358547786e+05|2.358403594e+05|4.468676392e+03|4.526828613e+03|4.592880859e+03|4.527233887e+03|2.272663935e+03
2.111219178e+06|2.472934303e+06|2.472936238e+06|2.472937942e+06|2.472935525e+06|2.895222126e+03|2.895250748e+03|2.895275968e+03|2.895240223e+03|2.357486224e+05|2.357848866e+05|2.358168435e+05|2.357715594e+05|4.131196533e+03|4.278221680e+03|4.416614990e+03|4.239469727e+03|2.272663935e+03
2.069010573e+06|5.984429052e+06|6.010046505e+06|6.027414082e+06|6.008018609e+06|3.371836911e+03|3.380052068e+03|3.385583047e+03|3.379287609e+03|3.029223552e+10|3.078411928e+10|3.111833687e+10|3.074471836e+10|3.698028198e+03|3.709477661e+03|3.717197388e+03|3.708447510e+03|3.720538836e+03
2.082178918e+06|5.940063767e+06|5.965384144e+06|5.997584181e+06|5.967728696e+06|3.357196566e+03|3.365557735e+03|3.376078890e+03|3.366194342e+03|2.942991764e+10|2.992043805e+10|3.054551643e+10|2.996566879e+10|3.677753967e+03|3.689330933e+03|3.703933411e+03|3.690254395e+03|3.720538836e+03
2.090450267e+06|5.905735643e+06|5.935434654e+06|5.958537282e+06|5.932855510e+06|3.345721196e+03|3.355666373e+03|3.363298256e+03|3.354648901e+03|2.876551377e+10|2.934067894e+10|2.978739457e+10|2.928974887e+10|3.661909241e+03|3.675636230e+03|3.686200745e+03|3.674279785e+03|3.720538836e+03
2.095227194e+06|5.888619002e+06|5.911508618e+06|5.936714221e+06|5.912856202e+06|3.339850537e+03|3.347699684e+03|3.356089391e+03|3.347956709e+03|2.842996613e+10|2.887914001e+10|2.936533330e+10|2.890169162e+10|3.653850525e+03|3.664628052e+03|3.676221802e+03|3.665042236e+03|3.720538836e+03
2.100913576e+06|5.854093149e+06|5.882081547e+06|5.918096331e+06|5.886680304e+06|3.327988326e+03|3.337606530e+03|3.349930601e+03|3.339015684e+03|2.775951717e+10|2.830236203e+10|2.900771533e+10|2.839209379e+10|3.637575989e+03|3.650771118e+03|3.667700073e+03|3.652758057e+03|3.720538836e+03
2.109782865e+06|5.806324842e+06|5.843527425e+06|5.878844033e+06|5.845514439e+06|3.311040653e+03|3.324332775e+03|3.336494893e+03|3.324636434e+03|2.682101901e+10|2.755498667e+10|2.823927911e+10|2.758734300e+10|3.614490356e+03|3.632567627e+03|3.649243591e+03|3.633103760e+03|3.720538836e+03
2.124222923e+06|5.758884502e+06|5.804806383e+06|5.848572841e+06|5.802211070e+06|3.293807777e+03|3.310497450e+03|3.326089128e+03|3.309147993e+03|2.588849110e+10|2.679128229e+10|2.765309254e+10|2.673755628e+10|3.591144226e+03|3.613750854e+03|3.634971863e+03|3.612049072e+03|3.720538836e+03
2.144095217e+06|5.698326645e+06|5.744947807e+06|5.785362117e+06|5.740474329e+06|3.271049048e+03|3.288618340e+03|3.303536890e+03|3.286351467e+03|2.469006106e+10|2.561198731e+10|2.641213636e+10|2.551864292e+10|3.560549316e+03|3.584151123e+03|3.604291016e+03|3.581284912e+03|3.720538836e+03
2.164051935e+06|5.568401665e+06|5.594726674e+06|5.673434971e+06|5.621216413e+06|3.218798324e+03|3.229814208e+03|3.261369520e+03|3.239933444e+03|2.207617027e+10|2.261190926e+10|2.419165767e+10|2.313774247e+10|3.491386475e+03|3.505839966e+03|3.547635803e+03|3.519393799e+03|3.720538836e+03
2.177657701e+06|5.548089044e+06|5.569189408e+06|5.586339950e+06|5.568900550e+06|3.210138453e+03|3.219134008e+03|3.226394701e+03|3.218831410e+03|2.166059255e+10|2.209237255e+10|2.244479578e+10|2.208453643e+10|3.480074585e+03|3.491825317e+03|3.501328003e+03|3.491483643e+03|3.720538836e+03
2.187543041e+06|5.512566770e+06|5.536507536e+06|5.560055991e+06|5.538861670e+06|3.194745889e+03|3.205197176e+03|3.215241329e+03|3.205960334e+03|2.093380775e+10|2.142566423e+10|2.190486958e+10|2.147043903e+10|3.460043457e+03|3.473622070e+03|3.486740417e+03|3.474689941e+03|3.720538836e+03
2.193322907e+06|5.512956224e+06|5.533514924e+06|5.549909409e+06|5.533631778e+06|3.194920052e+03|3.203919931e+03|3.210914869e+03|3.203756339e+03|2.094194099e+10|2.136520753e+10|2.169765103e+10|2.136404662e+10|3.460268555e+03|3.471954346e+03|3.481087769e+03|3.471803711e+03|3.720538836e+03
2.199006491e+06|5.492496270e+06|5.517282183e+06|5.532353495e+06|5.515153103e+06|3.185767362e+03|3.196854257e+03|3.203424171e+03|3.195691890e+03|2.051666361e+10|2.103251562e+10|2.134177767e+10|2.098459194e+10|3.448437622e+03|3.462769287e+03|3.471307678e+03|3.461325195e+03|3.720538836e+03
2.205848504e+06|5.487198119e+06|5.508781981e+06|5.535305256e+06|5.509443836e+06|3.183395992e+03|3.193053351e+03|3.204684064e+03|3.193073498e+03|2.040736624e+10|2.085476107e+10|2.140136461e+10|2.086533588e+10|3.445374207e+03|3.457854736e+03|3.472950989e+03|3.457960938e+03|3.720538836e+03
2.216584118e+06|5.460518938e+06|5.486739301e+06|5.510104097e+06|5.482031689e+06|3.171311599e+03|3.183190610e+03|3.193644630e+03|3.180829603e+03|1.985586675e+10|2.039791653e+10|2.088235058e+10|2.029829588e+10|3.429805847e+03|3.445109131e+03|3.458618469e+03|3.442135010e+03|3.720538836e+03
2.231888906e+06|5.424478005e+06|5.456402899e+06|5.491849289e+06|5.458565479e+06|3.154318267e+03|3.169371959e+03|3.185477819e+03|3.169788616e+03|1.909532607e+10|1.976811333e+10|2.050329343e+10|1.980414601e+10|3.408101807e+03|3.427326782e+03|3.448064026e+03|3.428027832e+03|3.720538836e+03
2.249547984e+06|5.388015202e+06|5.480578408e+06|5.563434838e+06|5.473265744e+06|3.136535750e+03|3.180432372e+03|3.216681595e+03|3.175413680e+03|1.831739570e+10|2.027129390e+10|2.197412183e+10|2.009536777e+10|3.385557983e+03|3.441545898e+03|3.488621277e+03|3.435576660e+03|3.720538836e+03
2.262281202e+06|5.378457711e+06|5.529137411e+06|5.563764909e+06|5.486823237e+06|3.131784402e+03|3.202051280e+03|3.216822280e+03|3.181580345e+03|1.811270487e+10|2.127695151e+10|2.198089404e+10|2.037731118e+10|3.379559326e+03|3.469516479e+03|3.488805298e+03|3.443514893e+03|3.720538836e+03
2.272809458e+06|5.491982944e+06|5.527861635e+06|5.554968449e+06|5.512098782e+06|3.185537634e+03|3.201506543e+03|3.213072283e+03|3.193684447e+03|2.050605502e+10|2.125130611e+10|2.180082980e+10|2.091200501e+10|3.448142822e+03|3.468802734e+03|3.483905396e+03|3.458920654e+03|3.720538836e+03
2.279862937e+06|5.494787280e+06|5.527766085e+06|5.552718608e+06|5.512612466e+06|3.186792630e+03|3.201465813e+03|3.212112906e+03|3.193922834e+03|2.056402676e+10|2.124934832e+10|2.175491134e+10|2.092268233e+10|3.449762756e+03|3.468750610e+03|3.482652405e+03|3.459225830e+03|3.720538836e+03
2.287192637e+06|5.485753672e+06|5.513529978e+06|5.538661799e+06|5.502325217e+06|3.182749389e+03|3.195176606e+03|3.206116482e+03|3.189647270e+03|2.037762926e+10|2.095394141e+10|2.146926087e+10|2.071436781e+10|3.444540527e+03|3.460600342e+03|3.474823364e+03|3.453605713e+03|3.720538836e+03
2.295167029e+06|5.456890107e+06|5.494861256e+06|5.520958374e+06|5.481657590e+06|3.169601563e+03|3.186825733e+03|3.198497666e+03|3.180109434e+03|1.977848973e+10|2.056555786e+10|2.110966559e+10|2.028220612e+10|3.427621155e+03|3.449806519e+03|3.464894104e+03|3.441368164e+03|3.720538836e+03
2.304396921e+06|5.415218804e+06|5.454747578e+06|5.498032826e+06|5.452128013e+06|3.149949140e+03|3.168591829e+03|3.188244894e+03|3.166587431e+03|1.890277529e+10|1.973288621e+10|2.063123912e+10|1.966680392e+10|3.402524353e+03|3.426329956e+03|3.451639832e+03|3.423988037e+03|3.720538836e+03
2.316962971e+06|5.409121646e+06|5.449228976e+06|5.485535008e+06|5.446566745e+06|3.147024110e+03|3.165990662e+03|3.182651498e+03|3.164079110e+03|1.877440213e+10|1.961571361e+10|2.037313167e+10|1.955107208e+10|3.398803223e+03|3.423007324e+03|3.444414368e+03|3.420752441e+03|3.720538836e+03
2.333341037e+06|5.365735977e+06|5.420139605e+06|5.470402570e+06|5.419884280e+06|3.125458064e+03|3.152271288e+03|3.175875088e+03|3.151210492e+03|1.784245568e+10|1.900495940e+10|2.006315497e+10|1.898549472e+10|3.371577515e+03|3.405487427e+03|3.435660522e+03|3.404402100e+03|3.720538836e+03
2.347281392e+06|5.353584225e+06|5.450099240e+06|5.491461184e+06|5.425983080e+06|3.119325358e+03|3.166400878e+03|3.185304122e+03|3.153794148e+03|1.758256141e+10|1.963417373e+10|2.049527865e+10|1.910947358e+10|3.363861694e+03|3.423530640e+03|3.447840027e+03|3.407785889e+03|3.720538836e+03
2.357937121e+06|5.390046795e+06|5.454384021e+06|5.482086759e+06|5.429515539e+06|3.137545550e+03|3.168420483e+03|3.181107728e+03|3.155511103e+03|1.836110149e+10|1.972515450e+10|2.030225213e+10|1.918450599e+10|3.386832947e+03|3.426110107e+03|3.442418823e+03|3.409965332e+03|3.720538836e+03
2.367326274e+06|5.424654531e+06|5.465246979e+06|5.488834792e+06|5.452861395e+06|3.154401569e+03|3.173539300e+03|3.184128595e+03|3.167143203e+03|1.909899273e+10|1.995695064e+10|2.044109342e+10|1.968529065e+10|3.408206604e+03|3.432652466e+03|3.446321411e+03|3.424639404e+03|3.720538836e+03
2.374042597e+06|5.428257937e+06|5.456821102e+06|5.490680805e+06|5.451092910e+06|3.156101518e+03|3.169569025e+03|3.184954852e+03|3.166271592e+03|1.917424854e+10|1.977703555e+10|2.047916934e+10|1.964710352e+10|3.410378418e+03|3.427578735e+03|3.447389038e+03|3.423536865e+03|3.720538836e+03
2.381862572e+06|5.427464078e+06|5.457141169e+06|5.481732068e+06|5.448616623e+06|3.155727032e+03|3.169719881e+03|3.180948912e+03|3.165095332e+03|1.915764680e+10|1.978383637e+10|2.029497536e+10|1.959489253e+10|3.409899658e+03|3.427772583e+03|3.442214600e+03|3.422037842e+03|3.720538836e+03
2.390103306e+06|5.367886923e+06|5.420622174e+06|5.451056592e+06|5.406034065e+06|3.126527863e+03|3.152498998e+03|3.166852115e+03|3.144404615e+03|1.788796255e+10|1.901499441e+10|1.965450577e+10|1.868938009e+10|3.372925598e+03|3.405777954e+03|3.424107483e+03|3.395791992e+03|3.720538836e+03
2.399161267e+06|5.355268399e+06|5.412324067e+06|5.453747848e+06|5.401582089e+06|3.120197459e+03|3.148582903e+03|3.168120648e+03|3.142102565e+03|1.761941960e+10|1.884282846e+10|1.971162900e+10|1.859276011e+10|3.364953003e+03|3.400780762e+03|3.425728638e+03|3.392910400e+03|3.720538836e+03
2.411824559e+06|5.330253990e+06|5.368099633e+06|5.421379772e+06|5.372059996e+06|3.107212731e+03|3.126633653e+03|3.152856481e+03|3.127580784e+03|1.707497894e+10|1.789246679e+10|1.903075210e+10|1.796277733e+10|3.348716614e+03|3.373061157e+03|3.406234924e+03|3.374539062e+03|3.720538836e+03
2.426023541e+06|5.315452771e+06|5.365178430e+06|5.422363041e+06|5.370245783e+06|3.099321982e+03|3.125180781e+03|3.153320402e+03|3.126564272e+03|1.674924450e+10|1.783063732e+10|1.905124418e+10|1.792213960e+10|3.338904358e+03|3.371228149e+03|3.406825989e+03|3.373288086e+03|3.720538836e+03
2.439605961e+06|5.370586495e+06|5.407661364e+06|5.437286226e+06|5.396737525e+06|3.127870318e+03|3.146298650e+03|3.160359798e+03|3.140166615e+03|1.794531382e+10|1.874256121e+10|1.936356679e+10|1.849597875e+10|3.374622192e+03|3.397887451e+03|3.415815247e+03|3.390337891e+03|3.720538836e+03
2.450342914e+06|5.341157425e+06|5.408136731e+06|5.431651568e+06|5.378810079e+06|3.112889801e+03|3.146534793e+03|3.157702314e+03|3.130435044e+03|1.731168797e+10|1.875294519e+10|1.924527968e+10|1.810010088e+10|3.355810120e+03|3.398186279e+03|3.412420349e+03|3.378281006e+03|3.720538836e+03
2.458288775e+06|5.352254806e+06|5.402296260e+06|5.434601244e+06|5.385719838e+06|3.118636979e+03|3.143633046e+03|3.159093545e+03|3.134239372e+03|1.755343153e+10|1.862586464e+10|1.930714363e+10|1.825314266e+10|3.363000854e+03|3.394519409e+03|3.414198303e+03|3.382980225e+03|3.720538836e+03
2.466116537e+06|5.366787375e+06|5.408562531e+06|5.434013318e+06|5.389995901e+06|3.125981017e+03|3.146746349e+03|3.158816260e+03|3.136513845e+03|1.786466896e+10|1.876220663e+10|1.929480159e+10|1.834704393e+10|3.372237366e+03|3.398452881e+03|3.413844055e+03|3.385811035e+03|3.720538836e+03
2.474429885e+06|5.348128573e+06|5.394009953e+06|5.424462895e+06|5.378945569e+06|3.116500218e+03|3.139515314e+03|3.154311162e+03|3.130969487e+03|1.746330110e+10|1.844649419e+10|1.909499086e+10|1.810978384e+10|3.360328796e+03|3.389318970e+03|3.408092773e+03|3.378826904e+03|3.720538836e+03
2.483256711e+06|5.348121327e+06|5.392498405e+06|5.413965119e+06|5.375607098e+06|3.116496456e+03|3.138764077e+03|3.149357452e+03|3.129527265e+03|1.746315859e+10|1.841389049e+10|1.887679846e+10|1.804157198e+10|3.360322083e+03|3.388372314e+03|3.401767395e+03|3.376946289e+03|3.720538836e+03
2.492579224e+06|5.310425861e+06|5.358940566e+06|5.403540920e+06|5.352421442e+06|3.096641631e+03|3.122061657e+03|3.144251479e+03|3.117582743e+03|1.663951559e+10|1.769837098e+10|1.865289675e+10|1.753883157e+10|3.335571533e+03|3.367296631e+03|3.395301636e+03|3.361984619e+03|3.720538836e+03
2.505013037e+06|5.293452606e+06|5.347640125e+06|5.392574363e+06|5.341355788e+06|3.087267243e+03|3.116247269e+03|3.138801828e+03|3.111700515e+03|1.625842513e+10|1.745264252e+10|1.841552836e+10|1.729578827e+10|3.323995483e+03|3.360010986e+03|3.388420410e+03|3.354666016e+03|3.720538836e+03
2.517868362e+06|5.258877898e+06|5.318161553e+06|5.380317238e+06|5.318090988e+06|3.067992448e+03|3.100766211e+03|3.132708932e+03|3.099068287e+03|1.549197172e+10|1.680857013e+10|1.815241985e+10|1.678200946e+10|3.300251770e+03|3.340698608e+03|3.380725769e+03|3.339015625e+03|3.720538836e+03
2.530169893e+06|5.288320880e+06|5.346423883e+06|5.372922919e+06|5.327390440e+06|3.084408455e+03|3.115617392e+03|3.129032294e+03|3.104120009e+03|1.614320089e+10|1.742615216e+10|1.799482713e+10|1.698766807e+10|3.320473755e+03|3.359222778e+03|3.376088318e+03|3.345273193e+03|3.720538836e+03
2.539698411e+06|5.277821448e+06|5.343609023e+06|5.368102096e+06|5.324614859e+06|3.078559003e+03|3.114159564e+03|3.126634886e+03|3.102882074e+03|1.590919716e+10|1.736491422e+10|1.789251081e+10|1.693002033e+10|3.313264160e+03|3.357398804e+03|3.373061646e+03|3.343670898e+03|3.720538836e+03
2.548391087e+06|5.255738194e+06|5.327519872e+06|5.357396816e+06|5.305438832e+06|3.066157838e+03|3.105755273e+03|3.121295631e+03|3.092254357e+03|1.541995701e+10|1.701451367e+10|1.766594248e+10|1.650377206e+10|3.298009766e+03|3.346904297e+03|3.366328918e+03|3.330557861e+03|3.720538836e+03
2.555730593e+06|5.305558228e+06|5.330312976e+06|5.359659757e+06|5.327208738e+06|3.094010604e+03|3.107244175e+03|3.122435704e+03|3.104823085e+03|1.653214048e+10|1.707628274e+10|1.771421749e+10|1.699563292e+10|3.332308960e+03|3.348755615e+03|3.367764282e+03|3.345941650e+03|3.720538836e+03
2.562742571e+06|5.305460028e+06|5.343628725e+06|5.367757383e+06|5.330462806e+06|3.093955902e+03|3.114169771e+03|3.126463446e+03|3.106341410e+03|1.652992160e+10|1.736533668e+10|1.788520957e+10|1.706359733e+10|3.332241516e+03|3.357412476e+03|3.372844543e+03|3.347885254e+03|3.720538836e+03
2.572239860e+06|5.267981559e+06|5.319372743e+06|5.351987357e+06|5.303401545e+06|3.073076519e+03|3.101411960e+03|3.118498498e+03|3.091366115e+03|1.569188276e+10|1.683512953e+10|1.754756402e+10|1.646148598e+10|3.306510010e+03|3.341502319e+03|3.362827698e+03|3.329402832e+03|3.720538836e+03
2.583673825e+06|5.266610969e+06|5.308252049e+06|5.336710412e+06|5.298076704e+06|3.072312845e+03|3.095478836e+03|3.110586379e+03|3.088484896e+03|1.566171194e+10|1.659205744e+10|1.721540173e+10|1.634400649e+10|3.305571106e+03|3.334126953e+03|3.352928650e+03|3.325827881e+03|3.720538836e+03
2.594553213e+06|5.241828877e+06|5.318075810e+06|5.349128773e+06|5.292911441e+06|3.057920505e+03|3.100720462e+03|3.117018195e+03|3.085247073e+03|1.509873864e+10|1.680676310e+10|1.748510943e+10|1.622385419e+10|3.287974915e+03|3.340641968e+03|3.360976562e+03|3.321924316e+03|3.720538836e+03
2.605949090e+06|5.230353297e+06|5.296389149e+06|5.320670933e+06|5.277877132e+06|3.051124722e+03|3.088903099e+03|3.102104071e+03|3.077210224e+03|1.483704609e+10|1.632451652e+10|1.686364305e+10|1.589338999e+10|3.279696594e+03|3.326013428e+03|3.342361816e+03|3.311936768e+03|3.720538836e+03
2.616463557e+06|5.217842718e+06|5.280152077e+06|5.311983310e+06|5.264551443e+06|3.043716275e+03|3.079857493e+03|3.097472089e+03|3.069907894e+03|1.455516060e+10|1.596093821e+10|1.667345919e+10|1.559792884e+10|3.270676697e+03|3.314865234e+03|3.336602722e+03|3.302907715e+03|3.720538836e+03
2.626197651e+06|5.210558630e+06|5.273060470e+06|5.303809373e+06|5.255194229e+06|3.039337307e+03|3.075906396e+03|3.093036461e+03|3.064149555e+03|1.438984014e+10|1.580378409e+10|1.649240689e+10|1.538143872e+10|3.265359558e+03|3.309996582e+03|3.331107727e+03|3.295938232e+03|3.720538836e+03
2.634278747e+06|5.237699011e+06|5.280766907e+06|5.302771007e+06|5.265540908e+06|3.055474792e+03|3.080200035e+03|3.092458065e+03|3.070581994e+03|1.500421339e+10|1.597461213e+10|1.646884758e+10|1.562112967e+10|3.284996338e+03|3.315286743e+03|3.330394592e+03|3.303707520e+03|3.720538836e+03
2.644107837e+06|5.218260303e+06|5.272874159e+06|5.295699809e+06|5.249567784e+06|3.043963554e+03|3.075802591e+03|3.088519095e+03|3.060799388e+03|1.456451687e+10|1.579966247e+10|1.630897853e+10|1.525211564e+10|3.270978210e+03|3.309868042e+03|3.325538391e+03|3.291859131e+03|3.720538836e+03
2.652069663e+06|5.215456357e+06|5.262945675e+06|5.293411875e+06|5.249790762e+06|3.042280766e+03|3.070270517e+03|3.087244562e+03|3.061263760e+03|1.450094250e+10|1.558134117e+10|1.625747385e+10|1.526216572e+10|3.268935059e+03|3.303053833e+03|3.323968140e+03|3.292352295e+03|3.720538836e+03
2.660258069e+06|5.223992456e+06|5.255339146e+06|5.282605992e+06|5.245138688e+06|3.047357960e+03|3.065921509e+03|3.081224639e+03|3.058755948e+03|1.469328078e+10|1.541064604e+10|1.601555060e+10|1.515927097e+10|3.275111023e+03|3.297723145e+03|3.316550171e+03|3.289240723e+03|3.720538836e+03
2.669894154e+06|5.221199244e+06|5.250656585e+06|5.275981516e+06|5.241198399e+06|3.045703899e+03|3.063148383e+03|3.077533890e+03|3.056525747e+03|1.463044865e+10|1.530206696e+10|1.586839184e+10|1.507077793e+10|3.273096436e+03|3.294343628e+03|3.312001770e+03|3.286500732e+03|3.720538836e+03
2.680596357e+06|5.202987530e+06|5.243653595e+06|5.271502766e+06|5.232391408e+06|3.034565711e+03|3.059001114e+03|3.075038489e+03|3.051127211e+03|1.420990856e+10|1.514061386e+10|1.576939028e+10|1.486810022e+10|3.259608582e+03|3.289290527e+03|3.308928101e+03|3.279965332e+03|3.720538836e+03
2.691225626e+06|5.176360179e+06|5.221579103e+06|5.251353363e+06|5.209848953e+06|3.017788573e+03|3.045928839e+03|3.063561030e+03|3.037054487e+03|1.358900659e+10|1.463897588e+10|1.531820472e+10|1.434288006e+10|3.239395081e+03|3.273370605e+03|3.294845398e+03|3.262973633e+03|3.720538836e+03
2.701499884e+06|5.169413909e+06|5.210443862e+06|5.250167865e+06|5.204581853e+06|3.013380685e+03|3.039264972e+03|3.062858954e+03|3.034064389e+03|1.342876020e+10|1.438710091e+10|1.529076164e+10|1.422532887e+10|3.234092224e+03|3.265272705e+03|3.293990234e+03|3.259307129e+03|3.720538836e+03
2.712367506e+06|5.169769952e+06|5.207354406e+06|5.240069784e+06|5.200736227e+06|3.013637332e+03|3.037317817e+03|3.056878763e+03|3.032130846e+03|1.343819684e+10|1.431351066e+10|1.505841916e+10|1.414271467e+10|3.234394836e+03|3.262924927e+03|3.286704468e+03|3.256879150e+03|3.720538836e+03
2.722889611e+06|5.161614873e+06|5.207399390e+06|5.237415585e+06|5.195590636e+06|3.008212774e+03|3.037346164e+03|3.055306947e+03|3.028668997e+03|1.324086073e+10|1.431457003e+10|1.499773591e+10|1.401894978e+10|3.227913574e+03|3.262959351e+03|3.284791626e+03|3.252749756e+03|3.720538836e+03
2.731590928e+06|5.168117275e+06|5.209652863e+06|5.234356914e+06|5.191952576e+06|3.012553161e+03|3.038766428e+03|3.053495619e+03|3.026053747e+03|1.339876268e+10|1.436823240e+10|1.492800690e+10|1.392909552e+10|3.233097351e+03|3.264671631e+03|3.282585266e+03|3.249658447e+03|3.720538836e+03
2.739659042e+06|5.161757840e+06|5.199415714e+06|5.229996555e+06|5.189002007e+06|3.008308910e+03|3.032314810e+03|3.050913464e+03|3.024355590e+03|1.324434838e+10|1.412554774e+10|1.482895566e+10|1.386291698e+10|3.228028809e+03|3.256895874e+03|3.279439819e+03|3.247582764e+03|3.720538836e+03
2.747092464e+06|5.144110463e+06|5.180474451e+06|5.208284334e+06|5.173240669e+06|2.996445350e+03|3.020380406e+03|3.037903902e+03|3.014485158e+03|1.281869199e+10|1.368373604e+10|1.433563561e+10|1.349572281e+10|3.213881042e+03|3.242517212e+03|3.263631958e+03|3.235676270e+03|3.720538836e+03
2.755184929e+06|5.132704890e+06|5.179798052e+06|5.209893772e+06|5.167914308e+06|2.988781292e+03|3.019954291e+03|3.038918272e+03|3.010832526e+03|1.254876623e+10|1.366813627e+10|1.437399632e+10|1.336704675e+10|3.204743469e+03|3.242003540e+03|3.264853455e+03|3.231332764e+03|3.720538836e+03
2.763715387e+06|5.138789393e+06|5.172649949e+06|5.198444330e+06|5.166713033e+06|2.992869489e+03|3.015451413e+03|3.031702677e+03|3.010367287e+03|1.269227222e+10|1.350395840e+10|1.410265050e+10|1.334329210e+10|3.209617065e+03|3.236580444e+03|3.256156616e+03|3.230715820e+03|3.720538836e+03
2.774063329e+06|5.127297146e+06|5.162442955e+06|5.190654978e+06|5.156100737e+06|2.985136679e+03|3.008769608e+03|3.026794457e+03|3.003314577e+03|1.242147835e+10|1.326106557e+10|1.392003158e+10|1.309003940e+10|3.200401978e+03|3.228578369e+03|3.250242859e+03|3.222288330e+03|3.720538836e+03
2.785706183e+06|5.112998322e+06|5.155841185e+06|5.185863558e+06|5.145247393e+06|2.974877285e+03|3.004330705e+03|3.023775585e+03|2.995817148e+03|1.206342955e+10|1.310057145e+10|1.380848362e+10|1.282665549e+10|3.188278687e+03|3.223282837e+03|3.246605896e+03|3.213380615e+03|3.720538836e+03
2.797012725e+06|5.104412388e+06|5.134782940e+06|5.164445102e+06|5.130716405e+06|2.968698107e+03|2.990177435e+03|3.010115986e+03|2.986008760e+03|1.185105447e+10|1.259761944e+10|1.331000472e+10|1.247761738e+10|3.180982361e+03|3.206409058e+03|3.230183899e+03|3.201689697e+03|3.720538836e+03
2.806480850e+06|5.107320228e+06|5.140359673e+06|5.163153411e+06|5.133361958e+06|2.970790584e+03|2.993924663e+03|3.009247388e+03|2.988004965e+03|1.192270510e+10|1.272945274e+10|1.327846381e+10|1.254437528e+10|3.183453796e+03|3.210876465e+03|3.229148376e+03|3.204031494e+03|3.720538836e+03
2.814895858e+06|5.088252696e+06|5.132276693e+06|5.162585021e+06|5.122761595e+06|2.957046943e+03|2.988493529e+03|3.008865145e+03|2.980278123e+03|1.145740425e+10|1.253858107e+10|1.326454064e+10|1.228116169e+10|3.167235718e+03|3.204401855e+03|3.228693542e+03|3.194922119e+03|3.720538836e+03
2.824674856e+06|5.093152616e+06|5.129932298e+06|5.154930856e+06|5.124763067e+06|2.960598346e+03|2.986918525e+03|3.003718692e+03|2.982178149e+03|1.157656455e+10|1.248358621e+10|1.307855528e+10|1.233788418e+10|3.171421570e+03|3.202522949e+03|3.222554016e+03|3.197092285e+03|3.720538836e+03
2.833178284e+06|5.081881395e+06|5.120393095e+06|5.153422780e+06|5.114493784e+06|2.952176933e+03|2.980201172e+03|3.002704835e+03|2.974395190e+03|1.129313040e+10|1.224847357e+10|1.304211371e+10|1.207782586e+10|3.161528442e+03|3.194566284e+03|3.221344299e+03|3.187962158e+03|3.720538836e+03
2.841464395e+06|5.078097940e+06|5.109035508e+06|5.139130115e+06|5.107179717e+06|2.949245929e+03|2.972024996e+03|2.993098415e+03|2.969543801e+03|1.119474388e+10|1.196507785e+10|1.270029775e+10|1.190352355e+10|3.158100769e+03|3.184911377e+03|3.209890137e+03|3.182167725e+03|3.720538836e+03
2.849895261e+06|5.072934030e+06|5.104073215e+06|5.123771417e+06|5.096042746e+06|2.945246681e+03|2.968454072e+03|2.982634011e+03|2.961381164e+03|1.106146141e+10|1.184273261e+10|1.233367193e+10|1.162600779e+10|3.153421570e+03|3.180694336e+03|3.197440186e+03|3.172550293e+03|3.720538836e+03
2.858439218e+06|5.056859656e+06|5.088413947e+06|5.122889717e+06|5.087644313e+06|2.932806390e+03|2.957190835e+03|2.981999042e+03|2.955117266e+03|1.065389754e+10|1.146240342e+10|1.231140552e+10|1.141571150e+10|3.138877075e+03|3.167401123e+03|3.196689453e+03|3.165189697e+03|3.720538836e+03
2.868085150e+06|5.046305990e+06|5.079158444e+06|5.104453470e+06|5.078347739e+06|2.924368202e+03|2.950067415e+03|2.968727670e+03|2.948254524e+03|1.038076668e+10|1.122225730e+10|1.185206684e+10|1.118349559e+10|3.129047180e+03|3.159061890e+03|3.181017395e+03|3.157114746e+03|3.720538836e+03
2.878960941e+06|5.056015081e+06|5.085534801e+06|5.108018695e+06|5.077845971e+06|2.932153196e+03|2.955007957e+03|2.971293214e+03|2.947632967e+03|1.063285165e+10|1.138877705e+10|1.193993145e+10|1.116656147e+10|3.138111267e+03|3.164841309e+03|3.184046509e+03|3.156418213e+03|3.720538836e+03
2.888093488e+06|5.043191987e+06|5.062945845e+06|5.092246889e+06|5.066391965e+06|2.921766173e+03|2.937515057e+03|2.959947016e+03|2.939092937e+03|1.029648505e+10|1.080690279e+10|1.155470830e+10|1.087910168e+10|3.126028625e+03|3.144380615e+03|3.170652832e+03|3.146382812e+03|3.720538836e+03
2.899339057e+06|5.043225077e+06|5.068759095e+06|5.092129165e+06|5.067974159e+06|2.921793821e+03|2.942014356e+03|2.959862330e+03|2.940502635e+03|1.029737932e+10|1.095454999e+10|1.155183729e+10|1.092244243e+10|3.126061279e+03|3.149642944e+03|3.170553406e+03|3.148005615e+03|3.720538836e+03
2.908897011e+06|5.038874367e+06|5.056942376e+06|5.087431560e+06|5.056892429e+06|2.918159593e+03|2.932870366e+03|2.956477904e+03|2.931458166e+03|1.018045600e+10|1.065595880e+10|1.143855571e+10|1.063214254e+10|3.121847900e+03|3.138950317e+03|3.166559326e+03|3.137490234e+03|3.720538836e+03
2.917400810e+06|5.018091087e+06|5.049163845e+06|5.079417790e+06|5.048091440e+06|2.900818094e+03|2.926756820e+03|2.950268318e+03|2.924461245e+03|9.635171288e+09|1.045856192e+10|1.122899381e+10|1.040484357e+10|3.101750305e+03|3.131815063e+03|3.159295654e+03|3.129335938e+03|3.720538836e+03
2.924772166e+06|5.023142623e+06|5.043043493e+06|5.072002616e+06|5.044213067e+06|2.905030159e+03|2.921642112e+03|2.944525475e+03|2.921119201e+03|9.765667418e+09|1.029247886e+10|1.103753767e+10|1.029943333e+10|3.106630310e+03|3.125885986e+03|3.152580139e+03|3.125470703e+03|3.720538836e+03
2.933399567e+06|5.021041722e+06|5.041034250e+06|5.066354022e+06|5.039622519e+06|2.903278157e+03|2.919963608e+03|2.940152676e+03|2.917477167e+03|9.711234296e+09|1.023838305e+10|1.089328101e+10|1.018086596e+10|3.104600586e+03|3.123938354e+03|3.147465210e+03|3.121225342e+03|3.720538836e+03
2.942378895e+06|5.007927465e+06|5.030533419e+06|5.055207240e+06|5.031230180e+06|2.891743902e+03|2.911196135e+03|2.931528287e+03|2.911043664e+03|9.351883159e+09|9.958959985e+09|1.061261606e+10|9.967792874e+09|3.091302368e+03|3.113776123e+03|3.137381104e+03|3.113694336e+03|3.720538836e+03
2.952580776e+06|4.995966162e+06|5.022239171e+06|5.046348366e+06|5.022605247e+06|2.880923550e+03|2.904276704e+03|2.924403628e+03|2.903116572e+03|9.020463624e+09|9.742231246e+09|1.038192562e+10|9.727229972e+09|3.078864258e+03|3.105758179e+03|3.129087708e+03|3.104593750e+03|3.720538836e+03
2.961655231e+06|4.990188486e+06|5.012994039e+06|5.036220581e+06|5.014569728e+06|2.875702235e+03|2.896331617e+03|2.915943525e+03|2.896262721e+03|8.863510271e+09|9.494995724e+09|1.010960503e+10|9.512358543e+09|3.072863647e+03|3.096577148e+03|3.119279114e+03|3.096667480e+03|3.720538836e+03
2.970925395e+06|4.990929483e+06|5.007261142e+06|5.028243829e+06|5.008814942e+06|2.876371691e+03|2.891140755e+03|2.909285573e+03|2.891436337e+03|8.883528762e+09|9.333186314e+09|9.898794658e+09|9.358982269e+09|3.073631592e+03|3.090608398e+03|3.111562073e+03|3.091074463e+03|3.720538836e+03
2.979854386e+06|4.984714260e+06|5.002110503e+06|5.025112542e+06|5.002187936e+06|2.870758329e+03|2.886479958e+03|2.906673226e+03|2.885344839e+03|8.716708059e+09|9.189590023e+09|9.816912990e+09|9.174466560e+09|3.067180725e+03|3.085249512e+03|3.108533569e+03|3.084079102e+03|3.720538836e+03
2.990302392e+06|4.980344535e+06|4.999885756e+06|5.021592534e+06|5.000089714e+06|2.866486259e+03|2.884467652e+03|2.903737465e+03|2.883734605e+03|8.587631054e+09|9.128097845e+09|9.725484833e+09|9.121620101e+09|3.062303589e+03|3.082936157e+03|3.105133179e+03|3.082198242e+03|3.720538836e+03
2.999426721e+06|4.967194700e+06|4.983401186e+06|5.008889222e+06|4.985696883e+06|2.853519817e+03|2.869491348e+03|2.892614554e+03|2.869671149e+03|8.202917974e+09|8.678471256e+09|9.378920287e+09|8.706705439e+09|3.047514587e+03|3.065733521e+03|3.092303894e+03|3.066141602e+03|3.720538836e+03
3.007890046e+06|4.967774245e+06|4.983484156e+06|5.002641058e+06|4.986796542e+06|2.854090356e+03|2.869571953e+03|2.886959942e+03|2.871267785e+03|8.219362363e+09|8.680904653e+09|9.204311410e+09|8.746666151e+09|3.048165039e+03|3.065824951e+03|3.085801819e+03|3.067912598e+03|3.720538836e+03
3.017151260e+06|4.961220889e+06|4.973464690e+06|4.991156070e+06|4.974466698e+06|2.847636966e+03|2.859698988e+03|2.876576430e+03|2.859576124e+03|8.032387155e+09|8.384471462e+09|8.889666992e+09|8.397310990e+09|3.040804565e+03|3.054560913e+03|3.073867004e+03|3.054531006e+03|3.720538836e+03
3.026765697e+06|4.956694236e+06|4.975006088e+06|4.996670549e+06|4.974363292e+06|2.843182819e+03|2.861219047e+03|2.881560336e+03|2.859487366e+03|7.905059015e+09|8.429652815e+09|9.039735180e+09|8.394625847e+09|3.035727051e+03|3.056293701e+03|3.079595276e+03|3.054428223e+03|3.720538836e+03
3.036178129e+06|4.942571672e+06|4.969454273e+06|4.989200691e+06|4.964409564e+06|2.828089617e+03|2.855745783e+03|2.874809912e+03|2.849194868e+03|7.470328368e+09|8.267860049e+09|8.836886933e+09|8.098554704e+09|3.018621826e+03|3.050051270e+03|3.071837463e+03|3.042733154e+03|3.720538836e+03
3.044187247e+06|4.936507329e+06|4.955582476e+06|4.978361100e+06|4.960381815e+06|2.821527287e+03|2.842089356e+03|2.864528670e+03|2.845256617e+03|7.286077474e+09|7.874040409e+09|8.528587182e+09|7.982104215e+09|3.011194031e+03|3.034479980e+03|3.060070862e+03|3.038239990e+03|3.720538836e+03
3.052844076e+06|4.944328323e+06|4.969780460e+06|4.981202168e+06|4.961336047e+06|2.829991900e+03|2.856067294e+03|2.867332580e+03|2.845535132e+03|7.524405081e+09|8.277332150e+09|8.613085069e+09|7.998538458e+09|3.020774536e+03|3.050419189e+03|3.063268250e+03|3.038610107e+03|3.720538836e+03
3.061717247e+06|4.933227486e+06|4.949116387e+06|4.967786546e+06|4.949993040e+06|2.817980917e+03|2.835180036e+03|2.854102485e+03|2.835145578e+03|7.187847421e+09|7.673410073e+09|8.219721338e+09|7.683717673e+09|3.007180298e+03|3.026648560e+03|3.048177795e+03|3.026694092e+03|3.720538836e+03
3.070793447e+06|4.928499376e+06|4.945422806e+06|4.961207895e+06|4.946717143e+06|2.812872480e+03|2.831177428e+03|2.847624123e+03|2.831254682e+03|7.048191852e+09|7.558256471e+09|8.031991389e+09|7.577595677e+09|3.001399292e+03|3.022118164e+03|3.040788879e+03|3.022319092e+03|3.720538836e+03
3.080620944e+06|4.920438057e+06|4.937649812e+06|4.957899253e+06|4.938619032e+06|2.803324371e+03|2.822762941e+03|2.844368245e+03|2.822277257e+03|6.781860543e+09|7.320461093e+09|7.938807434e+09|7.326206582e+09|2.990657776e+03|3.012592773e+03|3.037078064e+03|3.012169922e+03|3.720538836e+03
3.090460377e+06|4.921417542e+06|4.934537139e+06|4.950198327e+06|4.937433593e+06|2.804500649e+03|2.819396827e+03|2.836352916e+03|2.821490778e+03|6.814453513e+09|7.226986488e+09|7.707358479e+09|7.298784498e+09|2.991979065e+03|3.008783203e+03|3.027977234e+03|3.011240234e+03|3.720538836e+03
3.099009947e+06|4.913287583e+06|4.929669989e+06|4.936283755e+06|4.925357843e+06|2.794744879e+03|2.814136841e+03|2.821285364e+03|2.808048143e+03|6.547619493e+09|7.082561655e+09|7.279290099e+09|6.923191080e+09|2.981014587e+03|3.002830200e+03|3.010919922e+03|2.996052490e+03|3.720538836e+03
3.108647714e+06|4.910489998e+06|4.924513725e+06|4.939701653e+06|4.923347886e+06|2.791391978e+03|2.808220699e+03|2.824982966e+03|2.805288284e+03|6.457789835e+09|6.918326056e+09|7.382644623e+09|6.851840543e+09|2.977245728e+03|2.996160278e+03|3.015105286e+03|2.992975098e+03|3.720538836e+03
3.117389162e+06|4.901511920e+06|4.919792584e+06|4.933941403e+06|4.918833066e+06|2.780480959e+03|2.802549372e+03|2.818752642e+03|2.799954514e+03|6.169700895e+09|6.760459839e+09|7.209124898e+09|6.707049256e+09|2.964995911e+03|2.989786011e+03|3.008054016e+03|2.986974609e+03|3.720538836e+03
3.126601515e+06|4.897827386e+06|4.912485074e+06|4.933584672e+06|4.915304091e+06|2.775531923e+03|2.793782875e+03|2.818367245e+03|2.795449580e+03|6.035924651e+09|6.521757141e+09|7.198603260e+09|6.586936136e+09|2.959467896e+03|2.979932983e+03|3.007616699e+03|2.981928223e+03|3.720538836e+03
3.135739739e+06|4.893797162e+06|4.909044890e+06|4.924070691e+06|4.908655051e+06|2.770124400e+03|2.789660841e+03|2.807688239e+03|2.787847389e+03|5.892307615e+09|6.411778365e+09|6.903392920e+09|6.377388976e+09|2.953429138e+03|2.975300415e+03|2.995562500e+03|2.973355957e+03|3.720538836e+03
3.144977206e+06|4.890902262e+06|4.900262088e+06|4.913033606e+06|4.903372450e+06|2.766243938e+03|2.778801625e+03|2.794440410e+03|2.781481629e+03|5.790868213e+09|6.124055805e+09|6.539427269e+09|6.204469967e+09|2.949096558e+03|2.963119507e+03|2.980671021e+03|2.966203369e+03|3.720538836e+03
3.153200920e+06|4.888603507e+06|4.901408305e+06|4.913463897e+06|4.901464473e+06|2.763164835e+03|2.780341716e+03|2.794956429e+03|2.778896201e+03|5.711333393e+09|6.165906727e+09|6.553395013e+09|6.137714588e+09|2.945658936e+03|2.964839844e+03|2.981251282e+03|2.963318115e+03|3.720538836e+03
3.160872483e+06|4.885423902e+06|4.895316748e+06|4.909749068e+06|4.896898833e+06|2.758909099e+03|2.772162575e+03|2.790504319e+03|2.772722369e+03|5.602770654e+09|5.946126493e+09|6.434162307e+09|5.976433665e+09|2.940906860e+03|2.955705688e+03|2.976248474e+03|2.956426514e+03|3.720538836e+03
3.168964904e+06|4.879029134e+06|4.889903226e+06|4.905028604e+06|4.892855065e+06|2.750116595e+03|2.764905528e+03|2.784852577e+03|2.767927996e+03|5.380081355e+09|5.756199644e+09|6.285300200e+09|5.846458913e+09|2.931104126e+03|2.947602051e+03|2.969897827e+03|2.951034912e+03|3.720538836e+03
3.179523082e+06|4.873084599e+06|4.888493817e+06|4.902209497e+06|4.887469162e+06|2.741084577e+03|2.763017946e+03|2.781418513e+03|2.760112152e+03|5.146739465e+09|5.707554423e+09|6.195296985e+09|5.648192313e+09|2.921078552e+03|2.945494629e+03|2.966042542e+03|2.942341309e+03|3.720538836e+03
3.188729395e+06|4.868670335e+06|4.878847837e+06|4.892340330e+06|4.879454378e+06|2.734389700e+03|2.749840846e+03|2.768171198e+03|2.748894097e+03|4.978944653e+09|5.372831192e+09|5.841079211e+09|5.360111988e+09|2.913649109e+03|2.930798218e+03|2.951248535e+03|2.929841309e+03|3.720538836e+03
3.198178338e+06|4.861055372e+06|4.872623457e+06|4.883613381e+06|4.873943145e+06|2.722864737e+03|2.740384697e+03|2.756487512e+03|2.740843469e+03|4.700202294e+09|5.128989823e+09|5.541725990e+09|5.155960223e+09|2.900859802e+03|2.920302368e+03|2.938203979e+03|2.920890381e+03|3.720538836e+03
3.206761653e+06|4.860350116e+06|4.869842672e+06|4.879863241e+06|4.871299951e+06|2.721752787e+03|2.736166710e+03|2.751385411e+03|2.737323524e+03|4.673266394e+09|5.023055015e+09|5.413510993e+09|5.064035332e+09|2.899627258e+03|2.915620239e+03|2.932513123e+03|2.916957764e+03|3.720538836e+03
3.215480387e+06|4.854405422e+06|4.863485370e+06|4.873684092e+06|4.866215116e+06|2.711360855e+03|2.726539126e+03|2.741994621e+03|2.729050705e+03|4.413089153e+09|4.787703734e+09|5.169898391e+09|4.861098872e+09|2.888157776e+03|2.904936279e+03|2.922089172e+03|2.907803711e+03|3.720538836e+03
3.224585001e+06|4.852190000e+06|4.860894130e+06|4.871019014e+06|4.861995728e+06|2.707494970e+03|2.722621030e+03|2.737950533e+03|2.722563343e+03|4.319376779e+09|4.694442520e+09|5.067646865e+09|4.699179647e+09|2.883891052e+03|2.900588745e+03|2.917600586e+03|2.900605713e+03|3.720538836e+03
3.234448146e+06|4.846417619e+06|4.854546407e+06|4.866371518e+06|4.856108901e+06|2.697439865e+03|2.711606987e+03|2.730907322e+03|2.712344162e+03|4.082998044e+09|4.419105415e+09|4.893395655e+09|4.452913810e+09|2.872794739e+03|2.888429443e+03|2.909783691e+03|2.889323975e+03|3.720538836e+03
3.243176183e+06|4.842330413e+06|4.852447914e+06|4.864845887e+06|4.854918530e+06|2.690049886e+03|2.707944827e+03|2.728597709e+03|2.710559748e+03|3.911398606e+09|4.330200855e+09|4.837279829e+09|4.408661361e+09|2.864650818e+03|2.884387207e+03|2.907220947e+03|2.887343506e+03|3.720538836e+03
3.251527054e+06|4.835729671e+06|4.846999935e+06|4.858056781e+06|4.848858767e+06|2.676499927e+03|2.698453065e+03|2.717740902e+03|2.699569162e+03|3.588536069e+09|4.106332550e+09|4.571506421e+09|4.146929980e+09|2.849774536e+03|2.873913086e+03|2.895199585e+03|2.875229736e+03|3.720538836e+03
3.259442485e+06|4.834888242e+06|4.844527715e+06|4.855828172e+06|4.845333558e+06|2.674776231e+03|2.694153317e+03|2.713845493e+03|2.693097813e+03|3.549126129e+09|4.008043355e+09|4.474178304e+09|3.993162115e+09|2.847882324e+03|2.869169067e+03|2.890899841e+03|2.868097412e+03|3.720538836e+03
3.267592695e+06|4.831927983e+06|4.838826339e+06|4.847748987e+06|4.840256427e+06|2.668718682e+03|2.682850541e+03|2.699756759e+03|2.683111832e+03|3.413607842e+09|3.736941778e+09|4.136516639e+09|3.759987370e+09|2.841232483e+03|2.856746582e+03|2.875351501e+03|2.857120361e+03|3.720538836e+03
3.276226692e+06|4.827939461e+06|4.835062195e+06|4.847773796e+06|4.837151249e+06|2.660356634e+03|2.675132516e+03|2.699799968e+03|2.677216397e+03|3.229762125e+09|3.557243752e+09|4.137528926e+09|3.621695494e+09|2.832060242e+03|2.848273071e+03|2.875399109e+03|2.850632080e+03|3.720538836e+03
3.285760284e+06|4.825780265e+06|4.833654151e+06|4.843083593e+06|4.834060336e+06|2.654955396e+03|2.672249620e+03|2.691599184e+03|2.670449253e+03|3.101488947e+09|3.492021519e+09|3.949826622e+09|3.468088530e+09|2.826159241e+03|2.845108521e+03|2.866351929e+03|2.843214355e+03|3.720538836e+03
3.295528943e+06|4.818436608e+06|4.827363745e+06|4.839265661e+06|4.830068843e+06|2.636649207e+03|2.658915640e+03|2.683752372e+03|2.661445831e+03|2.699000320e+09|3.195097935e+09|3.758422352e+09|3.263730855e+09|2.806164124e+03|2.830485718e+03|2.857736511e+03|2.833355957e+03|3.720538836e+03
3.305589339e+06|4.813391704e+06|4.821487330e+06|4.829466267e+06|4.822678960e+06|2.622205850e+03|2.644242024e+03|2.663688570e+03|2.644674594e+03|2.381211392e+09|2.860070028e+09|3.304256741e+09|2.884613566e+09|2.790430786e+03|2.814457031e+03|2.835710876e+03|2.814991211e+03|3.720538836e+03
3.314761497e+06|4.811627315e+06|4.816466962e+06|4.823837138e+06|4.817861588e+06|2.616619231e+03|2.631734524e+03|2.650101999e+03|2.632059173e+03|2.259607814e+09|2.598657594e+09|2.990027790e+09|2.608360224e+09|2.784356079e+03|2.800797485e+03|2.820857788e+03|2.801223389e+03|3.720538836e+03
3.324115922e+06|4.809302353e+06|4.815651723e+06|4.822333121e+06|4.816741551e+06|2.609272690e+03|2.629376264e+03|2.646350212e+03|2.628383019e+03|2.108015166e+09|2.545731519e+09|2.906301917e+09|2.530262531e+09|2.776367371e+03|2.798228394e+03|2.816760254e+03|2.797228516e+03|3.720538836e+03
3.333094493e+06|4.806072889e+06|4.811654145e+06|4.819422207e+06|4.813212336e+06|2.598623617e+03|2.616704210e+03|2.639100365e+03|2.618161221e+03|1.894969110e+09|2.261471888e+09|2.750115900e+09|2.309794202e+09|2.764795898e+03|2.784448120e+03|2.808841797e+03|2.785993652e+03|3.720538836e+03
3.341560472e+06|4.804023084e+06|4.808289453e+06|4.814876251e+06|4.810325313e+06|2.589759659e+03|2.606077426e+03|2.626914080e+03|2.608425653e+03|1.696388914e+09|2.044919290e+09|2.488146514e+09|2.103653804e+09|2.755194641e+03|2.772893066e+03|2.795550415e+03|2.775514648e+03|3.720538836e+03
3.350568789e+06|4.802333387e+06|4.806101697e+06|4.810331201e+06|4.807052395e+06|2.582472747e+03|2.598748380e+03|2.612521766e+03|2.598429339e+03|1.547440440e+09|1.897909666e+09|2.174013507e+09|1.890359312e+09|2.747302490e+03|2.764930542e+03|2.779900208e+03|2.764637207e+03|3.720538836e+03
3.360479592e+06|4.797965648e+06|4.803054681e+06|4.808698676e+06|4.804286558e+06|2.560302347e+03|2.585581150e+03|2.607367967e+03|2.586262220e+03|1.095871268e+09|1.609449236e+09|2.070201203e+09|1.639627573e+09|2.723328125e+03|2.750669556e+03|2.774296082e+03|2.751460938e+03|3.720538836e+03
3.368235420e+06|4.797968498e+06|4.800599933e+06|4.805037552e+06|4.801656008e+06|2.560322290e+03|2.575015885e+03|2.594143212e+03|2.575413018e+03|1.096984922e+09|1.407467887e+09|1.792113615e+09|1.415669529e+09|2.723349304e+03|2.739226929e+03|2.759942993e+03|2.739703125e+03|3.720538836e+03
3.376089483e+06|4.796570270e+06|4.799137012e+06|4.804772025e+06|4.800946084e+06|2.550866050e+03|2.568248519e+03|2.592995196e+03|2.570147781e+03|9.099682321e+08|1.279359783e+09|1.766553923e+09|1.306705030e+09|2.713145081e+03|2.731903442e+03|2.758699280e+03|2.733912598e+03|3.720538836e+03
3.385559736e+06|4.794639410e+06|4.797559004e+06|4.800724437e+06|4.798548988e+06|2.536761805e+03|2.557549052e+03|2.575550843e+03|2.557706015e+03|6.432362932e+08|1.038216911e+09|1.417114067e+09|1.051324088e+09|2.697932068e+03|2.720356934e+03|2.739806458e+03|2.720455078e+03|3.720538836e+03
3.396041339e+06|4.793866982e+06|4.795993677e+06|4.799295844e+06|4.797158701e+06|2.524665181e+03|2.546976170e+03|2.569284763e+03|2.548227286e+03|3.309187144e+08|8.422961879e+08|1.304699042e+09|8.598945988e+08|2.684920166e+03|2.708947632e+03|2.733021912e+03|2.709546143e+03|3.720538836e+03
3.406125216e+06|4.793106674e+06|4.794178586e+06|4.797261714e+06|4.795444632e+06|2.512812764e+03|2.529538404e+03|2.555537929e+03|2.534376207e+03|1.695725367e+08|4.336491742e+08|9.979426332e+08|5.875185582e+08|2.672172363e+03|2.690162231e+03|2.718186829e+03|2.692332275e+03|3.720538836e+03
3.415658908e+06|4.792768949e+06|4.793615881e+06|4.794680497e+06|4.794237726e+06|2.506670301e+03|2.520744796e+03|2.537406831e+03|2.524049723e+03|2.535645013e+07|2.657133929e+08|6.662309634e+08|3.906425816e+08|2.662373840e+03|2.680703491e+03|2.698626038e+03|2.678880371e+03|3.720538836e+03
3.424295312e+06|4.792724302e+06|4.792760981e+06|4.793570557e+06|4.793307648e+06|2.501180623e+03|2.505689675e+03|2.520037851e+03|2.512268216e+03|4.572238485e+03|5.438253313e+06|2.554884180e+08|1.702404344e+08|2.639447510e+03|2.658267578e+03|2.679942993e+03|2.658937744e+03|3.720538836e+03
3.432500376e+06|4.792712328e+06|4.792746930e+06|4.793202094e+06|4.793128918e+06|2.499710601e+03|2.503961415e+03|2.514297341e+03|2.508984323e+03|4.365591478e+02|3.660145403e+05|1.846075415e+08|1.180669736e+08|2.625710022e+03|2.651041992e+03|2.673768860e+03|2.650507812e+03|3.720538836e+03
3.441574959e+06|4.792712325e+06|4.792721849e+06|4.792762286e+06|4.792906995e+06|2.499710586e+03|2.500879356e+03|2.505850208e+03|2.505280788e+03|4.365590809e+02|2.769821392e+03|6.948189670e+06|6.283624241e+07|2.613411987e+03|2.638193237e+03|2.658938843e+03|2.637010010e+03|3.720538836e+03
3.451025636e+06|4.792712323e+06|4.792712327e+06|4.792736837e+06|4.792788997e+06|2.499710574e+03|2.499710594e+03|2.502720752e+03|2.502358749e+03|4.365590243e+02|4.365591175e+02|5.049122014e+04|2.662244866e+07|2.603050659e+03|2.620126465e+03|2.645864563e+03|2.624474609e+03|3.720538836e+03
3.459703640e+06|4.792712321e+06|4.792712325e+06|4.792712329e+06|4.792718104e+06|2.499710566e+03|2.499710582e+03|2.499710604e+03|2.500420685e+03|4.365589866e+02|4.365590616e+02|4.365591622e+02|1.545532366e+06|2.596130249e+03|2.609866089e+03|2.628352966e+03|2.611488525e+03|3.720538836e+03
3.468737479e+06|4.792712317e+06|4.792712320e+06|4.792712325e+06|4.792714460e+06|2.499710538e+03|2.499710560e+03|2.499710585e+03|2.499973372e+03|4.365588553e+02|4.365589560e+02|4.365590732e+02|1.806452933e+06|2.572002991e+03|2.590492065e+03|2.611998413e+03|2.592279541e+03|3.720538836e+03
3.479641057e+06|4.792712316e+06|4.792712319e+06|4.792712323e+06|4.792712562e+06|2.499710528e+03|2.499710548e+03|2.499710572e+03|2.499740350e+03|4.365588079e+02|4.365589017e+02|4.365590154e+02|5.893757253e+02|2.562407349e+03|2.580504639e+03|2.601432922e+03|2.580028320e+03|3.720538836e+03
3.490233283e+06|4.792712317e+06|4.792712319e+06|4.792712320e+06|4.792712319e+06|2.499710506e+03|2.499710522e+03|2.499710549e+03|2.499710527e+03|4.365587055e+02|4.365587807e+02|4.365589058e+02|4.365588043e+02|2.538508728e+03|2.556037476e+03|2.581266907e+03|2.559720215e+03|3.720538836e+03
3.500117165e+06|4.792712317e+06|4.792712318e+06|4.792712320e+06|4.792712369e+06|2.499710493e+03|2.499710508e+03|2.499710525e+03|2.499716695e+03|4.365586433e+02|4.365587132e+02|4.365587918e+02|4.437760843e+02|2.525976746e+03|2.540308838e+03|2.558638794e+03|2.542540039e+03|3.720538836e+03
3.509590434e+06|4.792712318e+06|4.792712319e+06|4.792712320e+06|4.792712318e+06|2.499710461e+03|2.499710492e+03|2.499710518e+03|2.499710490e+03|4.365584920e+02|4.365586369e+02|4.365587604e+02|4.365586311e+02|2.498220337e+03|2.524799805e+03|2.551300415e+03|2.525584961e+03|3.720538836e+03
3.520326356e+06|4.792712318e+06|4.792712319e+06|4.792712320e+06|4.792712319e+06|2.499710443e+03|2.499710463e+03|2.499710490e+03|2.499710465e+03|4.365584077e+02|4.365585012e+02|4.365586286e+02|4.365585131e+02|2.482706848e+03|2.499924683e+03|2.523259888e+03|2.502708740e+03|3.720538836e+03
3.527975605e+06|4.792712318e+06|4.792712319e+06|4.792712320e+06|4.792712319e+06|2.499710431e+03|2.499710467e+03|2.499710494e+03|2.499710463e+03|4.365583524e+02|4.365585235e+02|4.365586468e+02|4.365585044e+02|2.472561768e+03|2.504000854e+03|2.526620056e+03|2.501323242e+03|3.720538836e+03
3.536703675e+06|4.792712318e+06|4.792712319e+06|4.792712320e+06|4.792712318e+06|2.499710397e+03|2.499710431e+03|2.499710469e+03|2.499710433e+03|4.365581955e+02|4.365583552e+02|4.365585325e+02|4.365583633e+02|2.443738831e+03|2.473082397e+03|2.505633911e+03|2.475151367e+03|3.720538836e+03
3.543920189e+06|4.792712318e+06|4.792712319e+06|4.792712320e+06|4.792712318e+06|2.499710389e+03|2.499710417e+03|2.499710440e+03|2.499710414e+03|4.365581563e+02|4.365582886e+02|4.365583972e+02|4.365582731e+02|2.436569885e+03|2.460854858e+03|2.480770996e+03|2.458881836e+03|3.720538836e+03
3.551078326e+06|4.792712314e+06|4.792712318e+06|4.792712320e+06|4.792712317e+06|2.499710360e+03|2.499710402e+03|2.499710427e+03|2.499710395e+03|4.365580194e+02|4.365582157e+02|4.365583333e+02|4.365581821e+02|2.415240417e+03|2.447443604e+03|2.469069824e+03|2.443327637e+03|3.720538836e+03
3.558758058e+06|4.792712313e+06|4.792712316e+06|4.792712319e+06|4.792712316e+06|2.499710332e+03|2.499710374e+03|2.499710413e+03|2.499710371e+03|4.365578905e+02|4.365580872e+02|4.365582686e+02|4.365580729e+02|2.394850891e+03|2.425515869e+03|2.457163452e+03|2.424607910e+03|3.720538836e+03
3.568468048e+06|4.792712312e+06|4.792712313e+06|4.792712316e+06|4.792712314e+06|2.499710313e+03|2.499710345e+03|2.499710375e+03|2.499710341e+03|4.365578020e+02|4.365579521e+02|4.365580914e+02|4.365579309e+02|2.378584045e+03|2.405074219e+03|2.426162415e+03|2.400792236e+03|3.720538836e+03
3.578954535e+06|4.792712310e+06|4.792712313e+06|4.792712314e+06|4.792712311e+06|2.499710256e+03|2.499710307e+03|2.499710338e+03|2.499710301e+03|4.365575317e+02|4.365577702e+02|4.365579183e+02|4.365577443e+02|2.334757751e+03|2.372756104e+03|2.399930725e+03|2.370092285e+03|3.720538836e+03
3.591145881e+06|4.792712301e+06|4.792712312e+06|4.792712313e+06|4.792712308e+06|2.499710216e+03|2.499710274e+03|2.499710309e+03|2.499710264e+03|4.365573459e+02|4.365576162e+02|4.365577824e+02|4.365575699e+02|2.306564575e+03|2.347850952e+03|2.374994019e+03|2.342005371e+03|3.720538836e+03
3.608297105e+06|4.792712297e+06|4.792712302e+06|4.792712312e+06|4.792712304e+06|2.499710138e+03|2.499710217e+03|2.499710271e+03|2.499710207e+03|4.365569796e+02|4.365573505e+02|4.365576020e+02|4.365573052e+02|2.250194702e+03|2.307261719e+03|2.345644836e+03|2.301085205e+03|3.720538836e+03
3.624821057e+06|4.792712297e+06|4.792712300e+06|4.792712308e+06|4.792712302e+06|2.499710136e+03|2.499710208e+03|2.499710244e+03|2.499710187e+03|4.365569697e+02|4.365573059e+02|4.365574781e+02|4.365572110e+02|2.248696289e+03|2.300544800e+03|2.326573364e+03|2.286332275e+03|3.720538836e+03
3.635728425e+06|4.792712296e+06|4.792712297e+06|4.792712301e+06|4.792712299e+06|2.499710116e+03|2.499710164e+03|2.499710204e+03|2.499710151e+03|4.365568757e+02|4.365570991e+02|4.365572910e+02|4.365570421e+02|2.234522705e+03|2.268390625e+03|2.298222351e+03|2.260571045e+03|3.720538836e+03
3.644657871e+06|4.792712295e+06|4.792712297e+06|4.792712298e+06|4.792712296e+06|2.499710044e+03|2.499710113e+03|2.499710150e+03|2.499710093e+03|4.365565383e+02|4.365568644e+02|4.365570343e+02|4.365567708e+02|2.185888611e+03|2.232897949e+03|2.258494629e+03|2.220577393e+03|3.720538836e+03
3.652950551e+06|4.792712290e+06|4.792712296e+06|4.792712299e+06|4.792712295e+06|2.499709984e+03|2.499710039e+03|2.499710072e+03|2.499710025e+03|4.365562584e+02|4.365565154e+02|4.365566686e+02|4.365564482e+02|2.143572876e+03|2.181685059e+03|2.207052368e+03|2.173887939e+03|3.720538836e+03
3.660000988e+06|4.792712290e+06|4.792712295e+06|4.792712299e+06|4.792712294e+06|2.499709910e+03|2.499709999e+03|2.499710041e+03|2.499709976e+03|4.365559085e+02|4.365563283e+02|4.365565230e+02|4.365562192e+02|2.097830505e+03|2.152771362e+03|2.183080444e+03|2.141771973e+03|3.720538836e+03
3.667686370e+06|4.792712282e+06|4.792712284e+06|4.792712295e+06|4.792712287e+06|2.499709797e+03|2.499709853e+03|2.499709939e+03|2.499709868e+03|4.365553810e+02|4.365556447e+02|4.365560452e+02|4.365557131e+02|2.033185669e+03|2.067687866e+03|2.115464844e+03|2.076157959e+03|3.720538836e+03
3.674545474e+06|4.792712278e+06|4.792712283e+06|4.792712290e+06|4.792712284e+06|2.499709737e+03|2.499709813e+03|2.499709886e+03|2.499709812e+03|4.365551002e+02|4.365554544e+02|4.365557984e+02|4.365554518e+02|2.001032227e+03|2.042721069e+03|2.085197388e+03|2.043668457e+03|3.720538836e+03
3.682562669e+06|4.792712271e+06|4.792712276e+06|4.792712280e+06|4.792712276e+06|2.499709606e+03|2.499709671e+03|2.499709780e+03|2.499709695e+03|4.365544852e+02|4.365547904e+02|4.365553034e+02|4.365549009e+02|1.930390198e+03|1.964951660e+03|2.024219360e+03|1.979045288e+03|3.720538836e+03
3.689471926e+06|4.792712264e+06|4.792712269e+06|4.792712277e+06|4.792712270e+06|2.499709482e+03|2.499709586e+03|2.499709701e+03|2.499709594e+03|4.365539045e+02|4.365543929e+02|4.365549318e+02|4.365544279e+02|1.867477478e+03|1.920857605e+03|1.981357880e+03|1.926641724e+03|3.720538836e+03
3.697072098e+06|4.792712256e+06|4.792712261e+06|4.792712272e+06|4.792712263e+06|2.499709358e+03|2.499709486e+03|2.499709615e+03|2.499709484e+03|4.365533237e+02|4.365539213e+02|4.365545263e+02|4.365539143e+02|1.811595764e+03|1.869346802e+03|1.934763306e+03|1.873424805e+03|3.720538836e+03
3.706472549e+06|4.792712246e+06|4.792712253e+06|4.792712261e+06|4.792712252e+06|2.499709163e+03|2.499709265e+03|2.499709466e+03|2.499709292e+03|4.365524085e+02|4.365528860e+02|4.365538286e+02|4.365530142e+02|1.726927399e+03|1.770211121e+03|1.860282898e+03|1.785859253e+03|3.720538836e+03
3.711198488e+06|4.792712222e+06|4.792712237e+06|4.792712252e+06|4.792712238e+06|2.499708904e+03|2.499709081e+03|2.499709266e+03|2.499709089e+03|4.365511963e+02|4.365520223e+02|4.365528895e+02|4.365520635e+02|1.629030182e+03|1.697122314e+03|1.770779419e+03|1.702687256e+03|3.720538836e+03
