#RRR|U50|U25|U75|Umean|T50|T25|T75|Tmean|P50|P25|P75|Pmean|rho50|rho25|rho75|Pmean|S
1.785242232e+05|2.503294676e+06|2.510594959e+06|2.519077934e+06|2.511240662e+06|3.980846807e+03|3.990386891e+03|4.001466320e+03|3.991195515e+03|4.594605895e+10|4.628679113e+10|4.668332380e+10|4.631690423e+10|7.921289429e+03|7.931217773e+03|7.942732666e+03|7.932055176e+03|2.011868525e+03
2.712270920e+05|2.492749298e+06|2.502132231e+06|2.508589203e+06|2.500748788e+06|3.966942245e+03|3.979327262e+03|3.987766247e+03|3.977433852e+03|4.545240887e+10|4.589184688e+10|4.619312504e+10|4.582639249e+10|7.906831177e+03|7.919705322e+03|7.928489624e+03|7.917741699e+03|2.011868525e+03
3.228072981e+05|2.487077698e+06|2.494416512e+06|2.502821565e+06|2.494444615e+06|3.959414948e+03|3.969154412e+03|3.980228378e+03|3.969123240e+03|4.518643157e+10|4.553065234e+10|4.592399321e+10|4.553136034e+10|7.899007690e+03|7.909128174e+03|7.920644287e+03|7.909096680e+03|2.011868525e+03
3.625769579e+05|2.482226108e+06|2.487874416e+06|2.494687418e+06|2.488150126e+06|3.952973719e+03|3.960472529e+03|3.969513845e+03|3.960804701e+03|4.495914756e+10|4.522377548e+10|4.554336908e+10|4.523661774e+10|7.892302856e+03|7.900105225e+03|7.909500000e+03|7.900445801e+03|2.011868525e+03
3.971088457e+05|2.477193809e+06|2.483459919e+06|2.489565681e+06|2.483033066e+06|3.946290349e+03|3.954611989e+03|3.962717335e+03|3.953997999e+03|4.472363787e+10|4.501692724e+10|4.530307123e+10|4.499662972e+10|7.885343384e+03|7.894007324e+03|7.902440918e+03|7.893368164e+03|2.011868525e+03
4.305776665e+05|2.469021767e+06|2.475442793e+06|2.482208407e+06|2.475378384e+06|3.935288019e+03|3.943942520e+03|3.952950216e+03|3.943765981e+03|4.433874247e+10|4.464129221e+10|4.495831871e+10|4.463724443e+10|7.873917114e+03|7.882903320e+03|7.892279297e+03|7.882728027e+03|2.011868525e+03
4.617253942e+05|2.465144941e+06|2.471570699e+06|2.475691396e+06|2.470221721e+06|3.930061026e+03|3.938723988e+03|3.944277524e+03|3.936869167e+03|4.415628227e+10|4.445878973e+10|4.465301630e+10|4.439506918e+10|7.868484009e+03|7.877487061e+03|7.883252930e+03|7.875557617e+03|2.011868525e+03
4.898586927e+05|2.456721465e+06|2.464652573e+06|2.469832646e+06|2.463544656e+06|3.918699543e+03|3.929397093e+03|3.936381155e+03|3.927850370e+03|4.376036595e+10|4.413312042e+10|4.437692518e+10|4.408070849e+10|7.856662842e+03|7.867791992e+03|7.875054810e+03|7.866182617e+03|2.011868525e+03
5.173123811e+05|2.453143681e+06|2.459128281e+06|2.465523645e+06|2.459490344e+06|3.913842455e+03|3.921946440e+03|3.930571677e+03|3.922383135e+03|4.359179849e+10|4.387341653e+10|4.417409877e+10|4.389000788e+10|7.851610107e+03|7.860042725e+03|7.869012573e+03|7.860497070e+03|2.011868525e+03
5.417293499e+05|2.446731824e+06|2.454056888e+06|2.458798609e+06|2.452739200e+06|3.905062281e+03|3.915092704e+03|3.921501727e+03|3.913223060e+03|4.328850034e+10|4.363503160e+10|4.385792813e+10|4.357187737e+10|7.842496704e+03|7.852908936e+03|7.859576050e+03|7.850973633e+03|2.011868525e+03
5.672308784e+05|2.438607372e+06|2.446800156e+06|2.452016146e+06|2.445467423e+06|3.893932236e+03|3.905155871e+03|3.912298684e+03|3.903290466e+03|4.290488006e+10|4.329172987e+10|4.353843050e+10|4.322864654e+10|7.830923462e+03|7.842592773e+03|7.850013062e+03|7.840649902e+03|2.011868525e+03
5.906030373e+05|2.436002379e+06|2.440657857e+06|2.445474581e+06|2.440603325e+06|3.890362445e+03|3.896741791e+03|3.903340274e+03|3.896631157e+03|4.278203027e+10|4.300162776e+10|4.322908863e+10|4.299885269e+10|7.827209961e+03|7.833845703e+03|7.840704468e+03|7.833729980e+03|2.011868525e+03
6.143175435e+05|2.428313687e+06|2.436618666e+06|2.442366436e+06|2.435579509e+06|3.879726040e+03|3.891207036e+03|3.899082604e+03|3.889701497e+03|4.241780222e+10|4.281108680e+10|4.308227921e+10|4.276120718e+10|7.816161255e+03|7.828088867e+03|7.836278198e+03|7.826526367e+03|2.011868525e+03
6.349329754e+05|2.421587861e+06|2.430026108e+06|2.433755737e+06|2.428434656e+06|3.870365238e+03|3.882108806e+03|3.887283282e+03|3.879844122e+03|4.209860035e+10|4.249915316e+10|4.267614071e+10|4.242315575e+10|7.806435425e+03|7.818630127e+03|7.824003906e+03|7.816280762e+03|2.011868525e+03
6.572978632e+05|2.418200478e+06|2.424388763e+06|2.430262373e+06|2.424456959e+06|3.865649507e+03|3.874263858e+03|3.882437540e+03|3.874292123e+03|4.193804494e+10|4.223146514e+10|4.251038036e+10|4.223428235e+10|7.801533813e+03|7.810487305e+03|7.818973267e+03|7.810513184e+03|2.011868525e+03
6.773308440e+05|2.414293208e+06|2.419324793e+06|2.427012397e+06|2.419358425e+06|3.860208959e+03|3.867214812e+03|3.877915207e+03|3.867205170e+03|4.175302864e+10|4.199132211e+10|4.235600345e+10|4.199259333e+10|7.795875732e+03|7.803158691e+03|7.814278442e+03|7.803147461e+03|2.011868525e+03
6.973847900e+05|2.403350579e+06|2.412043361e+06|2.418601323e+06|2.411309117e+06|3.844786654e+03|3.857075720e+03|3.866207585e+03|3.855922636e+03|4.123194650e+10|4.164657632e+10|4.195703813e+10|4.161014743e+10|7.779855591e+03|7.792610352e+03|7.802110474e+03|7.791423340e+03|2.011868525e+03
7.174065508e+05|2.400148617e+06|2.407157360e+06|2.412940499e+06|2.406429391e+06|3.840256758e+03|3.850171293e+03|3.858325158e+03|3.849071890e+03|4.107940488e+10|4.141346263e+10|4.168901810e+10|4.137816214e+10|7.775148438e+03|7.785445557e+03|7.793909912e+03|7.784305176e+03|2.011868525e+03
7.358893825e+05|2.394713269e+06|2.400871131e+06|2.406033524e+06|2.399395521e+06|3.832565640e+03|3.841278981e+03|3.848581745e+03|3.839124436e+03|4.082075413e+10|4.111381424e+10|4.135985747e+10|4.104309934e+10|7.767154297e+03|7.776210205e+03|7.783798340e+03|7.773970703e+03|2.011868525e+03
7.538633476e+05|2.388979202e+06|2.395079350e+06|2.404524945e+06|2.396542773e+06|3.824406642e+03|3.833083715e+03|3.846447885e+03|3.835072934e+03|4.054736786e+10|4.083816311e+10|4.128792444e+10|4.090712506e+10|7.758671875e+03|7.767692139e+03|7.781579346e+03|7.769759277e+03|2.011868525e+03
7.719110497e+05|2.384702562e+06|2.390483797e+06|2.397270751e+06|2.390945082e+06|3.818255113e+03|3.826570588e+03|3.836184772e+03|3.827106744e+03|4.034232576e+10|4.061956027e+10|4.094240977e+10|4.064002841e+10|7.752289795e+03|7.760915039e+03|7.770916992e+03|7.761483887e+03|2.011868525e+03
7.894309637e+05|2.374096184e+06|2.385171727e+06|2.389993748e+06|2.383400997e+06|3.802994031e+03|3.818930015e+03|3.825865801e+03|3.816303246e+03|3.983482005e+10|4.036480844e+10|4.059604435e+10|4.027939409e+10|7.736431641e+03|7.752990723e+03|7.760186646e+03|7.750259766e+03|2.011868525e+03
8.056923688e+05|2.371788031e+06|2.380459539e+06|2.386182176e+06|2.378496777e+06|3.799672008e+03|3.812150828e+03|3.820383518e+03|3.809249817e+03|3.972457216e+10|4.013912631e+10|4.041323948e+10|4.004466606e+10|7.732973877e+03|7.745950439e+03|7.754502441e+03|7.742933105e+03|2.011868525e+03
8.233401723e+05|2.367796853e+06|2.374841828e+06|2.381564391e+06|2.374495796e+06|3.793867729e+03|3.804067134e+03|3.813740446e+03|3.803460646e+03|3.953279587e+10|3.987045063e+10|4.019201551e+10|3.985283373e+10|7.726951538e+03|7.737548828e+03|7.747604126e+03|7.736920410e+03|2.011868525e+03
8.399589546e+05|2.364013516e+06|2.369850542e+06|2.375587707e+06|2.369542519e+06|3.788331592e+03|3.796872562e+03|3.805140540e+03|3.796306204e+03|3.935048563e+10|3.963184765e+10|3.990609973e+10|3.961551336e+10|7.721205933e+03|7.730067627e+03|7.738662109e+03|7.729487305e+03|2.011868525e+03
8.574055113e+05|2.353207641e+06|2.364195321e+06|2.367556482e+06|2.360222197e+06|3.772515170e+03|3.788597645e+03|3.793516020e+03|3.782663527e+03|3.883086312e+10|3.935924173e+10|3.952120676e+10|3.916710639e+10|7.704772949e+03|7.721482422e+03|7.726588379e+03|7.715316895e+03|2.011868525e+03
8.733878477e+05|2.350686224e+06|2.356655873e+06|2.362764250e+06|2.356227881e+06|3.768823699e+03|3.777562989e+03|3.786503379e+03|3.776873893e+03|3.870985011e+10|3.899650190e+10|3.929032986e+10|3.897548001e+10|7.700933105e+03|7.710019043e+03|7.719307007e+03|7.709303223e+03|2.011868525e+03
8.883850329e+05|2.345533119e+06|2.353366892e+06|2.359844189e+06|2.351657239e+06|3.761185756e+03|3.772748310e+03|3.782229747e+03|3.770123955e+03|3.846074510e+10|3.883850883e+10|3.914980326e+10|3.875504933e+10|7.693009399e+03|7.705015625e+03|7.714868652e+03|7.702291016e+03|2.011868525e+03
9.029829109e+05|2.338065432e+06|2.347863245e+06|2.355396026e+06|2.346325076e+06|3.750096808e+03|3.764645280e+03|3.775718788e+03|3.762244968e+03|3.810005429e+10|3.857346398e+10|3.893596535e+10|3.849781156e+10|7.681486206e+03|7.696597168e+03|7.708104736e+03|7.694107910e+03|2.011868525e+03
9.185787082e+05|2.331959069e+06|2.341767192e+06|2.349520860e+06|2.340013369e+06|3.740958120e+03|3.755593967e+03|3.767106177e+03|3.752865130e+03|3.780417283e+10|3.827874363e+10|3.865369832e+10|3.819278396e+10|7.671996582e+03|7.687199951e+03|7.699150879e+03|7.684366211e+03|2.011868525e+03
9.346015161e+05|2.323885266e+06|2.334385691e+06|2.340144722e+06|2.331721602e+06|3.728824012e+03|3.744604572e+03|3.753184659e+03|3.740487587e+03|3.741273198e+10|3.792201580e+10|3.820039981e+10|3.779153209e+10|7.659394531e+03|7.675780518e+03|7.684694336e+03|7.671509766e+03|2.011868525e+03
9.497584186e+05|2.319097690e+06|2.329771573e+06|2.335091404e+06|2.327569763e+06|3.721571923e+03|3.737670799e+03|3.745664989e+03|3.734252383e+03|3.717983625e+10|3.769801668e+10|3.795630430e+10|3.759019107e+10|7.651869385e+03|7.668589111e+03|7.676883789e+03|7.665035645e+03|2.011868525e+03
9.649026501e+05|2.311629191e+06|2.324055903e+06|2.329548996e+06|2.321474564e+06|3.710200493e+03|3.729080490e+03|3.737336301e+03|3.725055213e+03|3.681598262e+10|3.742099418e+10|3.768722098e+10|3.729418422e+10|7.640059937e+03|7.659662598e+03|7.668241333e+03|7.655484375e+03|2.011868525e+03
9.781558762e+05|2.308617789e+06|2.319999872e+06|2.328637621e+06|2.318381176e+06|3.705613794e+03|3.722945444e+03|3.735966645e+03|3.720318690e+03|3.666950358e+10|3.722385098e+10|3.764301712e+10|3.714319460e+10|7.635293823e+03|7.653293457e+03|7.666816162e+03|7.650566895e+03|2.011868525e+03
9.921199450e+05|2.306623069e+06|2.315267611e+06|2.322350013e+06|2.313458848e+06|3.702549708e+03|3.715740535e+03|3.726516379e+03|3.712826035e+03|3.657196457e+10|3.699312892e+10|3.733841284e+10|3.690344087e+10|7.632113281e+03|7.645811768e+03|7.656997559e+03|7.642786133e+03|2.011868525e+03
1.006524588e+06|2.299283291e+06|2.308368066e+06|2.313665447e+06|2.305924607e+06|3.691244587e+03|3.705231714e+03|3.713301053e+03|3.701349528e+03|3.621295427e+10|3.665732465e+10|3.691509682e+10|3.653639766e+10|7.620375244e+03|7.634892822e+03|7.643281860e+03|7.630868164e+03|2.011868525e+03
1.022260871e+06|2.284060831e+06|2.300567827e+06|2.306566104e+06|2.296513369e+06|3.667567149e+03|3.693223205e+03|3.702461975e+03|3.686801843e+03|3.546614145e+10|3.627571902e+10|3.656917432e+10|3.607563617e+10|7.595789917e+03|7.622430176e+03|7.632024536e+03|7.615763672e+03|2.011868525e+03
1.035627926e+06|2.285686871e+06|2.297345926e+06|2.304959498e+06|2.294382563e+06|3.670107336e+03|3.688260310e+03|3.699987515e+03|3.683480822e+03|3.554596663e+10|3.611834482e+10|3.649051456e+10|3.597100640e+10|7.598433350e+03|7.617275879e+03|7.629454834e+03|7.612316406e+03|2.011868525e+03
1.047196336e+06|2.286483017e+06|2.294216540e+06|2.303977407e+06|2.292996994e+06|3.671351052e+03|3.683431517e+03|3.698474887e+03|3.681345506e+03|3.558506831e+10|3.596547365e+10|3.644245235e+10|3.590326800e+10|7.599725342e+03|7.612257812e+03|7.627884888e+03|7.610099609e+03|2.011868525e+03
1.060661929e+06|2.275150551e+06|2.288030315e+06|2.296330796e+06|2.285435926e+06|3.653535309e+03|3.673768159e+03|3.686696583e+03|3.669490600e+03|3.502696083e+10|3.566109379e+10|3.606879758e+10|3.553124682e+10|7.581227661e+03|7.602232666e+03|7.615653320e+03|7.597789551e+03|2.011868525e+03
1.074936840e+06|2.268901135e+06|2.279533833e+06|2.288429316e+06|2.279024021e+06|3.643655566e+03|3.660464617e+03|3.674391452e+03|3.659455441e+03|3.471892433e+10|3.524344573e+10|3.568070534e+10|3.521598356e+10|7.570964966e+03|7.588413086e+03|7.602879395e+03|7.587370605e+03|2.011868525e+03
1.088743519e+06|2.260328917e+06|2.273140327e+06|2.279042836e+06|2.270161548e+06|3.629940684e+03|3.650357379e+03|3.659688436e+03|3.645400057e+03|3.429380740e+10|3.492779869e+10|3.521917847e+10|3.477810672e+10|7.556728394e+03|7.577927734e+03|7.587608643e+03|7.572776855e+03|2.011868525e+03
1.101775613e+06|2.257962210e+06|2.268209282e+06|2.277010439e+06|2.266324088e+06|3.626148139e+03|3.642561785e+03|3.656475538e+03|3.639300735e+03|3.417654391e+10|3.468486645e+10|3.511877503e+10|3.458837764e+10|7.552787964e+03|7.569828125e+03|7.584278320e+03|7.566444336e+03|2.011868525e+03
1.114338555e+06|2.253390239e+06|2.264820935e+06|2.269894286e+06|2.262715571e+06|3.618791767e+03|3.637138924e+03|3.645225672e+03|3.633573778e+03|3.394963855e+10|3.451666044e+10|3.476783120e+10|3.441009339e+10|7.545147339e+03|7.564198242e+03|7.572592285e+03|7.560498047e+03|2.011868525e+03
1.124630601e+06|2.247757514e+06|2.258137415e+06|2.269968983e+06|2.256991259e+06|3.609646086e+03|3.626428897e+03|3.645343765e+03|3.624290739e+03|3.366872725e+10|3.418522000e+10|3.477150926e+10|3.412488288e+10|7.535659790e+03|7.553083252e+03|7.572719971e+03|7.550860840e+03|2.011868525e+03
1.137222986e+06|2.247719172e+06|2.254002484e+06|2.260533411e+06|2.252205579e+06|3.609583832e+03|3.619785865e+03|3.630268376e+03|3.616670810e+03|3.366681813e+10|3.398021083e+10|3.430393783e+10|3.388814907e+10|7.535592529e+03|7.546180420e+03|7.557069946e+03|7.542948242e+03|2.011868525e+03
1.151232116e+06|2.231344427e+06|2.246794343e+06|2.258444748e+06|2.244351235e+06|3.582788648e+03|3.608082241e+03|3.626921385e+03|3.603746023e+03|3.284891811e+10|3.362075273e+10|3.420044729e+10|3.349436985e+10|7.507765503e+03|7.534034180e+03|7.553595093e+03|7.529529785e+03|2.011868525e+03
1.164981252e+06|2.225024970e+06|2.240258874e+06|2.245832647e+06|2.236473341e+06|3.572280236e+03|3.597440792e+03|3.606520797e+03|3.590935110e+03|3.253040756e+10|3.329502361e+10|3.357287067e+10|3.310137948e+10|7.496865479e+03|7.522981445e+03|7.532411743e+03|7.516228027e+03|2.011868525e+03
1.176819156e+06|2.220312221e+06|2.233190025e+06|2.248178475e+06|2.233213518e+06|3.564415646e+03|3.585831887e+03|3.610329578e+03|3.585509411e+03|3.229264166e+10|3.294139119e+10|3.368969982e+10|3.293714684e+10|7.488699951e+03|7.510927734e+03|7.536368286e+03|7.510595703e+03|2.011868525e+03
1.189143643e+06|2.219866307e+06|2.231142951e+06|2.241796280e+06|2.229840483e+06|3.563671544e+03|3.582455868e+03|3.599965674e+03|3.579906123e+03|3.227017121e+10|3.283881240e+10|3.337207732e+10|3.276723173e+10|7.487926514e+03|7.507422852e+03|7.525602539e+03|7.504776367e+03|2.011868525e+03
1.199310731e+06|2.212844860e+06|2.222882319e+06|2.240553646e+06|2.223570638e+06|3.551875473e+03|3.568704520e+03|3.597924903e+03|3.569510720e+03|3.191455649e+10|3.242224323e+10|3.330979426e+10|3.245163276e+10|7.475675171e+03|7.493153809e+03|7.523482178e+03|7.493983887e+03|2.011868525e+03
1.209554032e+06|2.208878515e+06|2.222616317e+06|2.234033938e+06|2.220007239e+06|3.545172431e+03|3.568260618e+03|3.587217774e+03|3.563444264e+03|3.171301503e+10|3.240882286e+10|3.298355740e+10|3.226972212e+10|7.468718750e+03|7.492689209e+03|7.512369141e+03|7.487683105e+03|2.011868525e+03
1.221939396e+06|2.201298445e+06|2.213992473e+06|2.221954654e+06|2.211072235e+06|3.532288056e+03|3.553815046e+03|3.567156457e+03|3.548472627e+03|3.132664166e+10|3.197295056e+10|3.237545354e+10|3.181768921e+10|7.455336304e+03|7.477690186e+03|7.491546509e+03|7.472136719e+03|2.011868525e+03
1.236044904e+06|2.193421006e+06|2.207219201e+06|2.221092003e+06|2.205139175e+06|3.518769899e+03|3.542368361e+03|3.565716894e+03|3.538165512e+03|3.092290646e+10|3.162878519e+10|3.233194715e+10|3.151133107e+10|7.441296143e+03|7.465803223e+03|7.490052002e+03|7.461428711e+03|2.011868525e+03
1.248336823e+06|2.179505679e+06|2.196621482e+06|2.205575584e+06|2.193544817e+06|3.494597636e+03|3.524261690e+03|3.539590952e+03|3.518469055e+03|3.020464732e+10|3.108673218e+10|3.154543537e+10|3.092031211e+10|7.416185791e+03|7.447002686e+03|7.462918823e+03|7.440976074e+03|2.011868525e+03
1.259936835e+06|2.181771244e+06|2.197107673e+06|2.206692069e+06|2.192768902e+06|3.498545957e+03|3.525096023e+03|3.541477587e+03|3.517061092e+03|3.032165038e+10|3.111165138e+10|3.160204244e+10|3.087915977e+10|7.420290894e+03|7.447870850e+03|7.464881836e+03|7.439511230e+03|2.011868525e+03
1.269235715e+06|2.177459085e+06|2.194017623e+06|2.209086014e+06|2.191120150e+06|3.490985028e+03|3.519793594e+03|3.545523045e+03|3.514081867e+03|3.009771491e+10|3.095341731e+10|3.172352460e+10|3.079202179e+10|7.412434204e+03|7.442358643e+03|7.469080933e+03|7.436413574e+03|2.011868525e+03
1.279503242e+06|2.172260080e+06|2.188617029e+06|2.200415414e+06|2.185061367e+06|3.481809388e+03|3.510449914e+03|3.530772561e+03|3.503582955e+03|2.982664206e+10|3.067514348e+10|3.128130600e+10|3.047961854e+10|7.402904663e+03|7.432654297e+03|7.453765381e+03|7.425507324e+03|2.011868525e+03
1.290374344e+06|2.169138245e+06|2.183969150e+06|2.196964156e+06|2.178991314e+06|3.476300787e+03|3.502367493e+03|3.524849734e+03|3.492977389e+03|2.966427225e+10|3.043502100e+10|3.110429264e+10|3.016516006e+10|7.397175659e+03|7.424260742e+03|7.447616455e+03|7.414488281e+03|2.011868525e+03
1.302203947e+06|2.155985208e+06|2.174164074e+06|2.184624593e+06|2.168901657e+06|3.452768735e+03|3.485169460e+03|3.503507194e+03|3.474891643e+03|2.897341368e+10|2.992581992e+10|3.046884836e+10|2.963448008e+10|7.372711548e+03|7.406395020e+03|7.425446899e+03|7.395683594e+03|2.011868525e+03
1.314965874e+06|2.145375374e+06|2.168378343e+06|2.176638501e+06|2.160876445e+06|3.433496896e+03|3.474960018e+03|3.489536649e+03|3.460699348e+03|2.841099393e+10|2.962478949e+10|3.005487711e+10|2.921577119e+10|7.352669556e+03|7.395778809e+03|7.410932129e+03|7.380933594e+03|2.011868525e+03
1.328507143e+06|2.142797976e+06|2.158790434e+06|2.172788382e+06|2.155834905e+06|3.428756695e+03|3.457799093e+03|3.482741679e+03|3.451442578e+03|2.827316921e+10|2.912073066e+10|2.985415049e+10|2.894674518e+10|7.347742310e+03|7.377946777e+03|7.403868530e+03|7.371301758e+03|2.011868525e+03
1.339034367e+06|2.142360776e+06|2.156555087e+06|2.175086485e+06|2.154571464e+06|3.427949404e+03|3.453796843e+03|3.486797501e+03|3.449301912e+03|2.824970545e+10|2.900350707e+10|2.997394817e+10|2.888248276e+10|7.346906372e+03|7.373780762e+03|7.408085205e+03|7.369082520e+03|2.011868525e+03
1.347634878e+06|2.141368917e+06|2.160883677e+06|2.183540157e+06|2.158641659e+06|3.426118013e+03|3.461547207e+03|3.501621569e+03|3.456287823e+03|2.819649636e+10|2.923059973e+10|3.041288485e+10|2.909105695e+10|7.345001587e+03|7.381844971e+03|7.423489136e+03|7.376332520e+03|2.011868525e+03
1.356592778e+06|2.135363830e+06|2.154563943e+06|2.169007522e+06|2.147789076e+06|3.415032914e+03|3.450186389e+03|3.476070128e+03|3.436720206e+03|2.787513734e+10|2.889784732e+10|2.965747554e+10|2.851829932e+10|7.333468994e+03|7.370029785e+03|7.396932129e+03|7.355986328e+03|2.011868525e+03
1.365944371e+06|2.122681341e+06|2.141960138e+06|2.156177275e+06|2.136822390e+06|3.391338652e+03|3.427209638e+03|3.453117432e+03|3.416268762e+03|2.719157484e+10|2.822820792e+10|2.898362196e+10|2.792750333e+10|7.308801147e+03|7.346135254e+03|7.373076294e+03|7.334695801e+03|2.011868525e+03
1.377374073e+06|2.102557834e+06|2.132701454e+06|2.148681188e+06|2.122114208e+06|3.352792342e+03|3.410100461e+03|3.439500257e+03|3.388004803e+03|2.608952506e+10|2.773248246e+10|2.858581488e+10|2.712045724e+10|7.268648193e+03|7.328329346e+03|7.358922485e+03|7.305230469e+03|2.011868525e+03
1.389083493e+06|2.095469823e+06|2.132238773e+06|2.145084807e+06|2.119299388e+06|3.338934468e+03|3.409233954e+03|3.432964644e+03|3.382633080e+03|2.569629011e+10|2.770744701e+10|2.839552294e+10|2.696664757e+10|7.254195068e+03|7.327429443e+03|7.352117188e+03|7.299631348e+03|2.011868525e+03
1.402234130e+06|2.094970569e+06|2.116536363e+06|2.139298197e+06|2.108710866e+06|3.337953002e+03|3.379655242e+03|3.422295020e+03|3.361964340e+03|2.566838341e+10|2.685615533e+10|2.808553049e+10|2.637985446e+10|7.253173096e+03|7.296642334e+03|7.341027100e+03|7.278063965e+03|2.011868525e+03
1.414019899e+06|2.101377541e+06|2.121611230e+06|2.138477214e+06|2.115558772e+06|3.350512187e+03|3.389315536e+03|3.420779467e+03|3.376243508e+03|2.602471438e+10|2.713341447e+10|2.804157974e+10|2.677552932e+10|7.266263794e+03|7.306693848e+03|7.339446777e+03|7.293006348e+03|2.011868525e+03
1.422857000e+06|2.096531508e+06|2.119515604e+06|2.136476646e+06|2.115291762e+06|3.341019924e+03|3.385328698e+03|3.417086749e+03|3.375957723e+03|2.575525991e+10|2.701887346e+10|2.793458585e+10|2.676493590e+10|7.256371460e+03|7.302546143e+03|7.335607544e+03|7.292720215e+03|2.011868525e+03
1.430976684e+06|2.090051294e+06|2.117169816e+06|2.131584325e+06|2.107523707e+06|3.328287881e+03|3.380861429e+03|3.408008527e+03|3.360554746e+03|2.539528565e+10|2.689072440e+10|2.767199792e+10|2.633028668e+10|7.243086670e+03|7.297897461e+03|7.326155640e+03|7.276644531e+03|2.011868525e+03
1.440330487e+06|2.085476133e+06|2.107721966e+06|2.127912247e+06|2.104692858e+06|3.319157763e+03|3.362771612e+03|3.401133519e+03|3.355309911e+03|2.513785696e+10|2.637362678e+10|2.747352901e+10|2.617849723e+10|7.233562134e+03|7.279049805e+03|7.319001953e+03|7.271187988e+03|2.011868525e+03
1.450497377e+06|2.073129707e+06|2.103243076e+06|2.119232735e+06|2.096093217e+06|3.294297448e+03|3.354116174e+03|3.384789943e+03|3.338787371e+03|2.444031464e+10|2.612716227e+10|2.700340432e+10|2.570668119e+10|7.207599243e+03|7.270025879e+03|7.301986206e+03|7.253971191e+03|2.011868525e+03
1.462575507e+06|2.040478545e+06|2.077143794e+06|2.106339195e+06|2.072373163e+06|3.225957526e+03|3.302444492e+03|3.360099054e+03|3.289782295e+03|2.254939763e+10|2.466836273e+10|2.629746423e+10|2.434425457e+10|7.136082764e+03|7.216110840e+03|7.276263184e+03|7.202708008e+03|2.011868525e+03
1.473012434e+06|2.024017268e+06|2.057996240e+06|2.088333335e+06|2.053589037e+06|3.189942410e+03|3.263135879e+03|3.324862715e+03|3.250072992e+03|2.156795148e+10|2.357340825e+10|2.529864278e+10|2.324897165e+10|7.098294678e+03|7.175017090e+03|7.239511597e+03|7.161101074e+03|2.011868525e+03
1.483140795e+06|2.019813938e+06|2.064866783e+06|2.096717272e+06|2.057001650e+06|3.180472979e+03|3.277369192e+03|3.341384928e+03|3.256322670e+03|2.131248097e+10|2.396834910e+10|2.576560279e+10|2.343058282e+10|7.088342041e+03|7.189907471e+03|7.256751343e+03|7.167587891e+03|2.011868525e+03
1.492051103e+06|2.042835690e+06|2.071875383e+06|2.101673170e+06|2.063178494e+06|3.231039457e+03|3.291752808e+03|3.351083262e+03|3.269538343e+03|2.268851482e+10|2.436929300e+10|2.604093897e+10|2.379351308e+10|7.141410522e+03|7.204940674e+03|7.266862061e+03|7.181436035e+03|2.011868525e+03
1.500279838e+06|2.052099799e+06|2.081796310e+06|2.106173933e+06|2.073166604e+06|3.250752086e+03|3.311808275e+03|3.359779707e+03|3.291717561e+03|2.323097341e+10|2.493113521e+10|2.628837654e+10|2.439502272e+10|7.162057495e+03|7.225887451e+03|7.275929688e+03|7.204742676e+03|2.011868525e+03
1.509268508e+06|2.058182191e+06|2.082120056e+06|2.097593291e+06|2.071978638e+06|3.263518610e+03|3.312454739e+03|3.343106387e+03|3.288949744e+03|2.358408611e+10|2.494929477e+10|2.581441771e+10|2.432087216e+10|7.175414062e+03|7.226562012e+03|7.258544922e+03|7.201808594e+03|2.011868525e+03
1.520386624e+06|2.047394060e+06|2.065179313e+06|2.083536074e+06|2.060327295e+06|3.240801337e+03|3.278015344e+03|3.315282931e+03|3.265843489e+03|2.295679921e+10|2.398632972e+10|2.502885079e+10|2.366923295e+10|7.151638062e+03|7.190583984e+03|7.229518555e+03|7.177714844e+03|2.011868525e+03
1.532921001e+06|2.022015113e+06|2.048527282e+06|2.064056348e+06|2.040431247e+06|3.185469628e+03|3.243229236e+03|3.275693774e+03|3.222817182e+03|2.144697643e+10|2.302369530e+10|2.392175238e+10|2.249180873e+10|7.093596802e+03|7.154176025e+03|7.188152832e+03|7.132575684e+03|2.011868525e+03
1.545513166e+06|1.998403721e+06|2.026525624e+06|2.050475764e+06|2.024384953e+06|3.131418575e+03|3.195509238e+03|3.247343239e+03|3.188058582e+03|1.999599088e+10|2.171892523e+10|2.313704108e+10|2.154143468e+10|7.036716431e+03|7.104141602e+03|7.158488159e+03|7.096127930e+03|2.011868525e+03
1.556824173e+06|1.996659054e+06|2.022862401e+06|2.050399699e+06|2.021562600e+06|3.127313077e+03|3.187380196e+03|3.247183587e+03|3.181275049e+03|1.988676074e+10|2.149858472e+10|2.313264342e+10|2.136210107e+10|7.032387573e+03|7.095603271e+03|7.158319702e+03|7.088963867e+03|2.011868525e+03
1.564781076e+06|1.991543739e+06|2.023747703e+06|2.058310901e+06|2.020039028e+06|3.115187589e+03|3.189344107e+03|3.263797058e+03|3.177017878e+03|1.956496105e+10|2.155171707e+10|2.359174481e+10|2.125447179e+10|7.019596436e+03|7.097664551e+03|7.175709961e+03|7.084425781e+03|2.011868525e+03
1.571970285e+06|1.976380939e+06|2.027866318e+06|2.058215979e+06|2.013958508e+06|3.078361164e+03|3.198485709e+03|3.263595645e+03|3.161084487e+03|1.859522263e+10|2.179980737e+10|2.358615593e+10|2.084398775e+10|6.980682007e+03|7.107263916e+03|7.175495972e+03|7.067500488e+03|2.011868525e+03
1.578390988e+06|1.963712577e+06|2.007526658e+06|2.048123338e+06|2.003883425e+06|3.046390465e+03|3.152632542e+03|3.242363727e+03|3.136624867e+03|1.776195623e+10|2.056250052e+10|2.299983690e+10|2.019919550e+10|6.946819214e+03|7.059062988e+03|7.153268921e+03|7.041634766e+03|2.011868525e+03
1.584266997e+06|1.937279067e+06|2.011245654e+06|2.046948584e+06|1.998623781e+06|2.976024384e+03|3.161205145e+03|3.239823615e+03|3.122663432e+03|1.595762457e+10|2.079282169e+10|2.292994563e+10|1.984063831e+10|6.871976318e+03|7.068078857e+03|7.150614868e+03|7.026776367e+03|2.011868525e+03
1.591637116e+06|1.953466639e+06|2.009176352e+06|2.043647967e+06|1.996266913e+06|3.019810055e+03|3.156434449e+03|3.232778594e+03|3.116562618e+03|1.707567682e+10|2.066453360e+10|2.273625131e+10|1.968266316e+10|6.918594849e+03|7.063062500e+03|7.143229858e+03|7.020284180e+03|2.011868525e+03
1.602456251e+06|1.950327573e+06|1.988956687e+06|2.022147714e+06|1.984347945e+06|3.011470671e+03|3.108986229e+03|3.185794845e+03|3.090461470e+03|1.686129031e+10|1.940076561e+10|2.145570584e+10|1.897171550e+10|6.909730103e+03|7.013053223e+03|7.093934204e+03|6.992897461e+03|2.011868525e+03
1.625451773e+06|1.951917019e+06|1.975390503e+06|2.001491243e+06|1.973185339e+06|3.015725837e+03|3.075882398e+03|3.138688489e+03|3.064792084e+03|1.697078240e+10|1.853019980e+10|2.018995067e+10|1.828371967e+10|6.914254395e+03|6.978060059e+03|7.044376221e+03|6.965880859e+03|2.011868525e+03
1.643002662e+06|1.969983718e+06|1.992578970e+06|2.025746721e+06|1.993396023e+06|3.062361115e+03|3.117670321e+03|3.193780453e+03|3.114620517e+03|1.817713351e+10|1.963086689e+10|2.167201648e+10|1.959105611e+10|6.963748047e+03|7.022214111e+03|7.102327271e+03|7.018619141e+03|2.011868525e+03
1.649572143e+06|1.969360674e+06|2.007443542e+06|2.027447410e+06|1.999816227e+06|3.060804429e+03|3.152441208e+03|3.197555581e+03|3.131204905e+03|1.813662833e+10|2.055739727e+10|2.177451541e+10|2.002016910e+10|6.962096313e+03|7.058864502e+03|7.106289062e+03|7.036225098e+03|2.011868525e+03
1.653220542e+06|1.970529786e+06|2.000886511e+06|2.024139040e+06|1.995160486e+06|3.063725659e+03|3.137264157e+03|3.190212420e+03|3.120305296e+03|1.821265852e+10|2.015191949e+10|2.157523739e+10|1.972960631e+10|6.965193848e+03|7.042874023e+03|7.098577759e+03|7.024734863e+03|2.011868525e+03
1.656367342e+06|1.963891450e+06|2.000839524e+06|2.028000196e+06|1.996855542e+06|3.046866551e+03|3.137153981e+03|3.198783022e+03|3.124269645e+03|1.777400315e+10|2.014901126e+10|2.180790018e+10|1.983536962e+10|6.947322388e+03|7.042758301e+03|7.107577881e+03|7.028917480e+03|2.011868525e+03
1.659734970e+06|1.960852721e+06|1.993359024e+06|2.026094461e+06|1.991548515e+06|3.039089811e+03|3.119524785e+03|3.194551997e+03|3.111000811e+03|1.757290822e+10|1.968008198e+10|2.169291084e+10|1.948868904e+10|6.939070923e+03|7.024172607e+03|7.103138306e+03|7.014859375e+03|2.011868525e+03
1.664900928e+06|1.954805152e+06|1.975309975e+06|2.009759053e+06|1.976979889e+06|3.023307764e+03|3.075680748e+03|3.157777534e+03|3.074828747e+03|1.716555690e+10|1.852489953e+10|2.070060512e+10|1.854172530e+10|6.922314453e+03|6.977848145e+03|7.064476685e+03|6.976562012e+03|2.011868525e+03
1.672179170e+06|1.926047761e+06|1.952180502e+06|1.982201089e+06|1.952840221e+06|2.944250077e+03|3.016431075e+03|3.092641855e+03|3.011162252e+03|1.515577918e+10|1.698891006e+10|1.896982723e+10|1.690379041e+10|6.838029175e+03|6.915004639e+03|6.995786133e+03|6.908841309e+03|2.011868525e+03
1.682335512e+06|1.896720336e+06|1.915392905e+06|1.935257411e+06|1.917833935e+06|2.854677138e+03|2.912964936e+03|2.970389844e+03|2.914610431e+03|1.294153510e+10|1.437509022e+10|1.581460145e+10|1.445121384e+10|6.741782104e+03|6.804509766e+03|6.865962891e+03|6.805836426e+03|2.011868525e+03
1.696980706e+06|1.868602780e+06|1.887411115e+06|1.911187005e+06|1.889868069e+06|2.755973347e+03|2.823606138e+03|2.900187352e+03|2.825146783e+03|1.057734157e+10|1.218781152e+10|1.405803252e+10|1.226222355e+10|6.634654907e+03|6.708190186e+03|6.790789917e+03|6.709327637e+03|2.011868525e+03
1.727126784e+06|1.858851453e+06|1.875527456e+06|1.889556706e+06|1.874300723e+06|2.717417139e+03|2.781749989e+03|2.830850500e+03|2.770299390e+03|9.675544507e+09|1.118634681e+10|1.236292054e+10|1.094891897e+10|6.592467041e+03|6.662748047e+03|6.716028564e+03|6.649743164e+03|2.011868525e+03
1.743643035e+06|1.840169100e+06|1.866444992e+06|1.895764313e+06|1.867542660e+06|2.634177638e+03|2.747643763e+03|2.851519562e+03|2.739006101e+03|7.773050878e+09|1.038109155e+10|1.286438892e+10|1.023783156e+10|6.500674927e+03|6.625558594e+03|6.738370117e+03|6.615148926e+03|2.011868525e+03
1.747174892e+06|1.859728330e+06|1.879610362e+06|1.887587330e+06|1.870554104e+06|2.721007288e+03|2.796482656e+03|2.824205707e+03|2.754463304e+03|9.758731279e+09|1.153777820e+10|1.220225550e+10|1.058301529e+10|6.596407471e+03|6.678764404e+03|6.708837036e+03|6.632320801e+03|2.011868525e+03
1.749896928e+06|1.830692731e+06|1.866056538e+06|1.873781464e+06|1.856642897e+06|2.584647031e+03|2.746133582e+03|2.775429041e+03|2.697125978e+03|6.667229907e+09|1.034552092e+10|1.103723174e+10|9.253026730e+09|6.445552124e+03|6.623907471e+03|6.655862671e+03|6.569378906e+03|2.011868525e+03
1.752154497e+06|1.831653194e+06|1.869690145e+06|1.881244973e+06|1.860117670e+06|2.589994332e+03|2.760063333e+03|2.802229874e+03|2.711245566e+03|6.786788982e+09|1.067321901e+10|1.167475303e+10|9.581290864e+09|6.451520020e+03|6.639115967e+03|6.685009888e+03|6.584861816e+03|2.011868525e+03
1.754009268e+06|1.828752922e+06|1.851410094e+06|1.870698015e+06|1.849632087e+06|2.573722016e+03|2.685987545e+03|2.763858094e+03|2.664623415e+03|6.427024150e+09|8.949610487e+09|1.076272147e+10|8.513884741e+09|6.433338989e+03|6.557931152e+03|6.643256958e+03|6.533431641e+03|2.011868525e+03
1.756575018e+06|1.818654795e+06|1.835004112e+06|1.854004526e+06|1.838086089e+06|2.509453247e+03|2.607939710e+03|2.697243980e+03|2.610686094e+03|5.030273887e+09|7.183877204e+09|9.209816700e+09|7.289869595e+09|6.361089111e+03|6.471525879e+03|6.570311523e+03|6.473766113e+03|2.011868525e+03
1.759685603e+06|1.821297391e+06|1.829145181e+06|1.847628256e+06|1.835557772e+06|2.527639972e+03|2.576009828e+03|2.669197168e+03|2.598719151e+03|5.421477385e+09|6.477868301e+09|8.565856208e+09|7.018768161e+09|6.381606812e+03|6.435895996e+03|6.539416504e+03|6.460517578e+03|2.011868525e+03
1.763313597e+06|1.817409465e+06|1.822764914e+06|1.833074856e+06|1.825527528e+06|2.500463083e+03|2.537261923e+03|2.597804315e+03|2.547420144e+03|4.838468033e+09|5.630453262e+09|6.959786088e+09|5.870811716e+09|6.350921265e+03|6.392437012e+03|6.460234131e+03|6.403470215e+03|2.011868525e+03
1.770930028e+06|1.813210154e+06|1.817852673e+06|1.824243240e+06|1.819866604e+06|2.467384045e+03|2.503706245e+03|2.546629203e+03|2.508297376e+03|4.135495843e+09|4.907703858e+09|5.833464294e+09|5.027498237e+09|6.313395020e+03|6.354591553e+03|6.402969116e+03|6.359297363e+03|2.011868525e+03
1.784490425e+06|1.806689921e+06|1.812135981e+06|1.816160718e+06|1.812215892e+06|2.402773138e+03|2.457986781e+03|2.491079944e+03|2.446273404e+03|2.795715738e+09|3.938458692e+09|4.637685776e+09|3.711533999e+09|6.239475708e+03|6.302687500e+03|6.340297119e+03|6.287166016e+03|2.011868525e+03
1.795022077e+06|1.800794112e+06|1.801494303e+06|1.803693450e+06|1.803153675e+06|2.269039652e+03|2.310279701e+03|2.360004832e+03|2.324491419e+03|8.287298082e+06|9.329495060e+08|1.920038644e+09|1.222680210e+09|6.080558716e+03|6.132158936e+03|6.190083496e+03|6.128895508e+03|2.011868525e+03
1.807759666e+06|1.800756930e+06|1.800756939e+06|1.800757198e+06|1.801252746e+06|2.261702503e+03|2.261702642e+03|2.261868891e+03|2.276790091e+03|1.103865195e+03|1.103867052e+03|1.337956504e+03|2.850340816e+08|5.770042236e+03|5.918632080e+03|6.057690918e+03|5.894284180e+03|2.011868525e+03
1.869707276e+06|4.835116471e+06|4.853462179e+06|4.876671657e+06|4.855544097e+06|3.018343132e+03|3.027663751e+03|3.039378336e+03|3.028619281e+03|2.487773610e+10|2.527001662e+10|2.576750747e+10|2.531378659e+10|3.665156799e+03|3.674994629e+03|3.687358704e+03|3.676008545e+03|3.373718741e+03
1.876500223e+06|4.815949010e+06|4.834624278e+06|4.853495062e+06|4.835617093e+06|3.008279908e+03|3.018084800e+03|3.027680355e+03|3.018371387e+03|2.445807606e+10|2.486690800e+10|2.527071874e+10|2.488371394e+10|3.654570190e+03|3.664886841e+03|3.675010620e+03|3.665207275e+03|3.373718741e+03
1.880529254e+06|4.806917720e+06|4.828762582e+06|4.848663813e+06|4.829405581e+06|3.003536131e+03|3.015007944e+03|3.025240525e+03|3.015168606e+03|2.426182106e+10|2.473814735e+10|2.516773284e+10|2.474942282e+10|3.649577332e+03|3.661648315e+03|3.672434814e+03|3.661831787e+03|3.373718741e+03
1.884769177e+06|4.782241768e+06|4.812685355e+06|4.845963592e+06|4.811907898e+06|2.990567582e+03|3.006565786e+03|3.023876688e+03|3.005944735e+03|2.372888897e+10|2.438705743e+10|2.511025788e+10|2.436902359e+10|3.635922302e+03|3.652765747e+03|3.670996155e+03|3.652134766e+03|3.373718741e+03
1.889735275e+06|4.759398623e+06|4.809217484e+06|4.832678006e+06|4.800737852e+06|2.978208999e+03|3.004744220e+03|3.017063252e+03|3.000008334e+03|2.322612609e+10|2.431171942e+10|2.482410980e+10|2.412601811e+10|3.622983276e+03|3.650849121e+03|3.663812073e+03|3.645903320e+03|3.373718741e+03
1.907419642e+06|4.749095914e+06|4.775466094e+06|4.799724074e+06|4.775929800e+06|2.972592549e+03|2.986964956e+03|2.999756577e+03|2.986922811e+03|2.299981130e+10|2.358179865e+10|2.410592614e+10|2.358683878e+10|3.617109375e+03|3.632137085e+03|3.645598450e+03|3.632146973e+03|3.373718741e+03
1.925325718e+06|4.727421197e+06|4.750618876e+06|4.768892916e+06|4.747358111e+06|2.960771563e+03|2.973422880e+03|2.983383367e+03|2.971469364e+03|2.252819164e+10|2.303317944e+10|2.343589030e+10|2.296230193e+10|3.604739746e+03|3.617976562e+03|3.628393250e+03|3.615966797e+03|3.373718741e+03
1.975609759e+06|4.470940319e+06|4.490945760e+06|4.508559803e+06|4.512366712e+06|2.803120795e+03|2.816833777e+03|2.828826902e+03|2.829592181e+03|1.667949030e+10|1.715719553e+10|1.758048402e+10|1.763994619e+10|3.441948914e+03|3.456016724e+03|3.468318909e+03|3.469214111e+03|3.373718741e+03
1.990247398e+06|4.447496526e+06|4.479012185e+06|4.495837911e+06|4.472493006e+06|2.786631855e+03|2.808653071e+03|2.820188031e+03|2.803921032e+03|1.611212544e+10|1.687134043e+10|1.727514439e+10|1.671261084e+10|3.425053894e+03|3.447625854e+03|3.459456787e+03|3.442782227e+03|3.373718741e+03
1.995254780e+06|4.442778573e+06|4.473351468e+06|4.489178794e+06|4.467285714e+06|2.783221033e+03|2.804773245e+03|2.815622360e+03|2.800236897e+03|1.599556454e+10|1.673666991e+10|1.711470535e+10|1.658597638e+10|3.421564575e+03|3.443645752e+03|3.454774292e+03|3.439009277e+03|3.373718741e+03
2.000201000e+06|4.442987978e+06|4.470154004e+06|4.489532671e+06|4.466877846e+06|2.783372391e+03|2.802581923e+03|2.815864976e+03|2.799976853e+03|1.600071094e+10|1.666086685e+10|1.712321633e+10|1.657700740e+10|3.421719177e+03|3.441396973e+03|3.455023560e+03|3.438740723e+03|3.373718741e+03
2.007901122e+06|4.427682043e+06|4.456848268e+06|4.478420805e+06|4.455493583e+06|2.772310727e+03|2.793394342e+03|2.808247722e+03|2.791937228e+03|1.562576952e+10|1.634463295e+10|1.685724533e+10|1.630091503e+10|3.410400574e+03|3.431970215e+03|3.447209961e+03|3.430503418e+03|3.373718741e+03
2.024275270e+06|4.411616096e+06|4.425901542e+06|4.453973222e+06|4.434948318e+06|2.760622777e+03|2.771024338e+03|2.791315089e+03|2.777211340e+03|1.523436481e+10|1.558249012e+10|1.627295007e+10|1.579946147e+10|3.398434509e+03|3.409083618e+03|3.429843079e+03|3.415425537e+03|3.373718741e+03
2.044004562e+06|4.397736662e+06|4.414036294e+06|4.431257413e+06|4.416568607e+06|2.750027388e+03|2.762453848e+03|2.774894137e+03|2.763899310e+03|1.488082454e+10|1.529581121e+10|1.571289778e+10|1.534835827e+10|3.387607727e+03|3.400306763e+03|3.413044922e+03|3.401798828e+03|3.373718741e+03
2.074308185e+06|4.452875293e+06|4.481635876e+06|4.499088971e+06|4.472204942e+06|2.790521119e+03|2.810451490e+03|2.822417273e+03|2.803446388e+03|1.624562784e+10|1.693396113e+10|1.735376905e+10|1.670155730e+10|3.429031738e+03|3.449471436e+03|3.461740601e+03|3.442307129e+03|3.373718741e+03
2.087650629e+06|4.452475266e+06|4.477072298e+06|4.489388478e+06|4.471048607e+06|2.790231864e+03|2.807323431e+03|2.815766114e+03|2.802922904e+03|1.623569471e+10|1.682512265e+10|1.711974305e+10|1.667792952e+10|3.428737000e+03|3.446260742e+03|3.454922668e+03|3.441758545e+03|3.373718741e+03
2.095560230e+06|4.425747661e+06|4.455255170e+06|4.477038416e+06|4.450764681e+06|2.770913159e+03|2.792242185e+03|2.807300208e+03|2.788523171e+03|1.557874858e+10|1.630489787e+10|1.682431609e+10|1.618495281e+10|3.408969788e+03|3.430792969e+03|3.446237671e+03|3.427008057e+03|3.373718741e+03
2.104483749e+06|4.417766413e+06|4.453056575e+06|4.469052952e+06|4.445568466e+06|2.765147817e+03|2.790652208e+03|2.801827373e+03|2.784803848e+03|1.538561757e+10|1.625013443e+10|1.663481026e+10|1.605840507e+10|3.403064514e+03|3.429166626e+03|3.440621216e+03|3.423198242e+03|3.373718741e+03
2.117490020e+06|4.399758050e+06|4.426314695e+06|4.447652331e+06|4.423621118e+06|2.751570033e+03|2.771322825e+03|2.786744515e+03|2.769007815e+03|1.493201447e+10|1.559252322e+10|1.611599365e+10|1.552149442e+10|3.389183472e+03|3.409389648e+03|3.425169128e+03|3.407027832e+03|3.373718741e+03
2.135227847e+06|4.383713118e+06|4.402412517e+06|4.425348807e+06|4.403237668e+06|2.739329476e+03|2.753596056e+03|2.770625006e+03|2.753857879e+03|1.452852220e+10|1.499939049e+10|1.556906424e+10|1.501534504e+10|3.376668152e+03|3.391255371e+03|3.408674133e+03|3.391538330e+03|3.373718741e+03
2.161502024e+06|4.364611065e+06|4.393262402e+06|4.426034460e+06|4.393750033e+06|2.724613449e+03|2.746613383e+03|2.771120362e+03|2.746396218e+03|1.404946110e+10|1.476789713e+10|1.558571426e+10|1.477373479e+10|3.361660767e+03|3.384117065e+03|3.409181213e+03|3.383925537e+03|3.373718741e+03
2.178880398e+06|4.389753398e+06|4.417277076e+06|4.435464432e+06|4.412947225e+06|2.743936394e+03|2.764794372e+03|2.777934360e+03|2.761058727e+03|1.467965599e+10|1.537380520e+10|1.581577457e+10|1.525657984e+10|3.381379211e+03|3.402703369e+03|3.416155701e+03|3.398902588e+03|3.373718741e+03
2.186947351e+06|4.371372871e+06|4.406489583e+06|4.429467740e+06|4.400268328e+06|2.729910597e+03|2.756708407e+03|2.773600958e+03|2.751423950e+03|1.422207882e+10|1.510322254e+10|1.566925252e+10|1.493827879e+10|3.367032959e+03|3.394436768e+03|3.411721741e+03|3.389060303e+03|3.373718741e+03
2.193873273e+06|4.365353490e+06|4.400827179e+06|4.422256900e+06|4.395014842e+06|2.725197498e+03|2.752386026e+03|2.768391364e+03|2.747465399e+03|1.406844610e+10|1.495913826e+10|1.549410015e+10|1.480716240e+10|3.362252441e+03|3.390017578e+03|3.406387451e+03|3.385008789e+03|3.373718741e+03
2.204042288e+06|4.356580959e+06|4.395536145e+06|4.418957626e+06|4.391205914e+06|2.718297930e+03|2.748348215e+03|2.766008188e+03|2.744364172e+03|1.384535213e+10|1.482521459e+10|1.541434271e+10|1.470812341e+10|3.355263000e+03|3.385889771e+03|3.403946655e+03|3.381850098e+03|3.373718741e+03
2.219826367e+06|4.337733977e+06|4.360235384e+06|4.391514729e+06|4.366817328e+06|2.702935811e+03|2.721171687e+03|2.745280030e+03|2.725596890e+03|1.335517925e+10|1.393794981e+10|1.472390332e+10|1.409226231e+10|3.339520691e+03|3.358175903e+03|3.382753906e+03|3.362670410e+03|3.373718741e+03
2.240182566e+06|4.329839665e+06|4.351780013e+06|4.370147309e+06|4.353216219e+06|2.696365358e+03|2.714523527e+03|2.728964609e+03|2.714941932e+03|1.314708622e+10|1.372443489e+10|1.419133117e+10|1.374569992e+10|3.332752075e+03|3.351438721e+03|3.366069763e+03|3.351786865e+03|3.373718741e+03
2.262863336e+06|4.331607423e+06|4.365590940e+06|4.395921090e+06|4.364416607e+06|2.697849889e+03|2.725384302e+03|2.748641944e+03|2.723582431e+03|1.319424468e+10|1.407452364e+10|1.483493235e+10|1.402829823e+10|3.334275330e+03|3.362442505e+03|3.386191284e+03|3.360610352e+03|3.373718741e+03
2.276833727e+06|4.340814486e+06|4.370431291e+06|4.398883918e+06|4.367318890e+06|2.705493986e+03|2.729192825e+03|2.750902908e+03|2.725847614e+03|1.343641314e+10|1.419886149e+10|1.490986352e+10|1.410268480e+10|3.342157349e+03|3.366299316e+03|3.388501587e+03|3.362928711e+03|3.373718741e+03
2.285142226e+06|4.328938020e+06|4.357846337e+06|4.389255377e+06|4.357274696e+06|2.695593565e+03|2.719292932e+03|2.743556510e+03|2.717931011e+03|1.312235872e+10|1.387736602e+10|1.466716658e+10|1.384572235e+10|3.331968201e+03|3.356271851e+03|3.380990417e+03|3.354838867e+03|3.373718741e+03
2.293059184e+06|4.318186616e+06|4.341220319e+06|4.377956308e+06|4.349236942e+06|2.686394895e+03|2.705831057e+03|2.734940061e+03|2.711375230e+03|1.283022079e+10|1.344713258e+10|1.438533408e+10|1.363622195e+10|3.322609192e+03|3.342504883e+03|3.372175659e+03|3.348147461e+03|3.373718741e+03
2.303551192e+06|4.322019836e+06|4.354862497e+06|4.383758447e+06|4.351281867e+06|2.689673537e+03|2.716946831e+03|2.739364030e+03|2.712907065e+03|1.293376817e+10|1.380200841e+10|1.452964424e+10|1.368701340e+10|3.325946655e+03|3.353894653e+03|3.376703186e+03|3.349715576e+03|3.373718741e+03
2.318746122e+06|4.294749088e+06|4.322373359e+06|4.356409317e+06|4.328058591e+06|2.666372044e+03|2.689975967e+03|2.718162982e+03|2.693865450e+03|1.221169681e+10|1.294335063e+10|1.384102355e+10|1.308124000e+10|3.302221802e+03|3.326253174e+03|3.355126709e+03|3.330293945e+03|3.373718741e+03
2.338149258e+06|4.286016322e+06|4.311278455e+06|4.337083916e+06|4.313836519e+06|2.658572235e+03|2.680488986e+03|2.702396052e+03|2.681957547e+03|1.197204235e+10|1.264534088e+10|1.333806346e+10|1.270598543e+10|3.294311890e+03|3.316598999e+03|3.338962280e+03|3.318157227e+03|3.373718741e+03
2.358117738e+06|4.286988861e+06|4.319028738e+06|4.340190041e+06|4.316455224e+06|2.659456638e+03|2.687115088e+03|2.704975380e+03|2.684246738e+03|1.199928110e+10|1.285291090e+10|1.341993158e+10|1.277704018e+10|3.295206421e+03|3.323342407e+03|3.341621948e+03|3.320488770e+03|3.373718741e+03
2.372000656e+06|4.286197160e+06|4.319604246e+06|4.347337258e+06|4.318010478e+06|2.658736676e+03|2.687607311e+03|2.710912764e+03|2.685514340e+03|1.197710358e+10|1.286844374e+10|1.360908822e+10|1.281817356e+10|3.294478638e+03|3.323845337e+03|3.347742737e+03|3.321789795e+03|3.373718741e+03
2.381592066e+06|4.281980071e+06|4.316826030e+06|4.350654808e+06|4.314227653e+06|2.654902761e+03|2.685231455e+03|2.713639072e+03|2.682114678e+03|1.185942432e+10|1.279365353e+10|1.369621585e+10|1.271469057e+10|3.290594849e+03|3.321426147e+03|3.350541626e+03|3.318341309e+03|3.373718741e+03
2.391287103e+06|4.284302134e+06|4.307230474e+06|4.345998037e+06|4.309912922e+06|2.657013629e+03|2.677029911e+03|2.709799998e+03|2.678337580e+03|1.192413258e+10|1.253799776e+10|1.357357123e+10|1.259779467e+10|3.292733521e+03|3.313078979e+03|3.346596313e+03|3.314495605e+03|3.373718741e+03
2.402532815e+06|4.274071336e+06|4.294832387e+06|4.323459959e+06|4.297229808e+06|2.647717415e+03|2.666443137e+03|2.690905689e+03|2.667454477e+03|1.164027474e+10|1.221385224e+10|1.297290694e+10|1.225915886e+10|3.283314392e+03|3.302293457e+03|3.327200134e+03|3.303421875e+03|3.373718741e+03
2.414968713e+06|4.263847832e+06|4.293075278e+06|4.324548921e+06|4.291451596e+06|2.638438112e+03|2.664941281e+03|2.691837312e+03|2.662257457e+03|1.136139508e+10|1.216837948e+10|1.300245292e+10|1.210085055e+10|3.273910095e+03|3.300763672e+03|3.328148010e+03|3.298137451e+03|3.373718741e+03
2.431740240e+06|4.242955939e+06|4.271481847e+06|4.306891763e+06|4.274926885e+06|2.618595513e+03|2.645366070e+03|2.676740520e+03|2.647205614e+03|1.077105437e+10|1.156908610e+10|1.252904230e+10|1.164495281e+10|3.253820190e+03|3.280931152e+03|3.312783264e+03|3.282857910e+03|3.373718741e+03
2.449925886e+06|4.246194764e+06|4.265446882e+06|4.301589112e+06|4.273705507e+06|2.621753888e+03|2.639888788e+03|2.672211302e+03|2.646497628e+03|1.086463338e+10|1.140463780e+10|1.238964246e+10|1.161826243e+10|3.257016418e+03|3.275380127e+03|3.308170959e+03|3.282121338e+03|3.373718741e+03
2.464451921e+06|4.247795085e+06|4.271867888e+06|4.299927434e+06|4.273672976e+06|2.623315004e+03|2.645716590e+03|2.670792480e+03|2.646503933e+03|1.091108345e+10|1.157968872e+10|1.234625416e+10|1.161762592e+10|3.258593506e+03|3.281288330e+03|3.306725891e+03|3.282120850e+03|3.373718741e+03
2.476782721e+06|4.247104709e+06|4.271954631e+06|4.302167700e+06|4.273153344e+06|2.622641527e+03|2.645795357e+03|2.672705398e+03|2.645896505e+03|1.089103928e+10|1.158207390e+10|1.240479235e+10|1.160094405e+10|3.257912537e+03|3.281367310e+03|3.308674072e+03|3.281510254e+03|3.373718741e+03
2.486600005e+06|4.236432330e+06|4.263386300e+06|4.305983073e+06|4.266738147e+06|2.612238202e+03|2.638019486e+03|2.675964236e+03|2.639825452e+03|1.058421467e+10|1.134895736e+10|1.250507322e+10|1.141997246e+10|3.247385010e+03|3.273485352e+03|3.311991455e+03|3.275357178e+03|3.373718741e+03
2.496755381e+06|4.233472501e+06|4.251857756e+06|4.286506879e+06|4.257596540e+06|2.609355731e+03|2.627279532e+03|2.659018345e+03|2.631595275e+03|1.050017932e+10|1.102953990e+10|1.198578585e+10|1.116984778e+10|3.244467346e+03|3.262604614e+03|3.294761230e+03|3.267004150e+03|3.373718741e+03
2.509461208e+06|4.221670489e+06|4.252686849e+06|4.281386628e+06|4.252341095e+06|2.597832491e+03|2.628088874e+03|2.654363594e+03|2.626239381e+03|1.016792104e+10|1.105382191e+10|1.184301693e+10|1.101608515e+10|3.232797546e+03|3.263422363e+03|3.290048950e+03|3.261587158e+03|3.373718741e+03
2.525027776e+06|4.212835914e+06|4.240814337e+06|4.284916930e+06|4.243617031e+06|2.588528911e+03|2.616507874e+03|2.657572585e+03|2.617821777e+03|9.897605881e+09|1.070947394e+10|1.194129817e+10|1.076791145e+10|3.223401245e+03|3.251708374e+03|3.293298889e+03|3.253060547e+03|3.373718741e+03
2.540598903e+06|4.210509533e+06|4.229769815e+06|4.257819452e+06|4.234959757e+06|2.586081221e+03|2.605751392e+03|2.632971382e+03|2.609532045e+03|9.827206765e+09|1.039565949e+10|1.119960165e+10|1.052208208e+10|3.220927795e+03|3.240817017e+03|3.268365479e+03|3.244668213e+03|3.373718741e+03
2.555530787e+06|4.205750474e+06|4.228357379e+06|4.263369242e+06|4.233905570e+06|2.581077208e+03|2.604376966e+03|2.638003976e+03|2.608662466e+03|9.684331221e+09|1.035597898e+10|1.134847724e+10|1.049511638e+10|3.215871399e+03|3.239426147e+03|3.273470154e+03|3.243783447e+03|3.373718741e+03
2.566700029e+06|4.201163300e+06|4.222840709e+06|4.253259151e+06|4.225328142e+06|2.576257736e+03|2.599011304e+03|2.628647618e+03|2.600097555e+03|9.547967236e+09|1.020197541e+10|1.107061245e+10|1.024574310e+10|3.210998352e+03|3.233989990e+03|3.263987305e+03|3.235116943e+03|3.373718741e+03
2.577533683e+06|4.196159195e+06|4.223639105e+06|4.253960824e+06|4.225509139e+06|2.571004501e+03|2.599787598e+03|2.629332720e+03|2.600248443e+03|9.400722680e+09|1.022416826e+10|1.109121860e+10|1.025086402e+10|3.205684326e+03|3.234776855e+03|3.264679199e+03|3.235270996e+03|3.373718741e+03
2.587577563e+06|4.188374676e+06|4.209769071e+06|4.238296285e+06|4.212889144e+06|2.562610542e+03|2.585302380e+03|2.614054236e+03|2.587142548e+03|9.165975038e+09|9.804881958e+09|1.063744252e+10|9.876072212e+09|3.197199402e+03|3.220140625e+03|3.249224792e+03|3.222015381e+03|3.373718741e+03
2.600483035e+06|4.191062920e+06|4.207972411e+06|4.226437792e+06|4.211034662e+06|2.565653975e+03|2.583413101e+03|2.602509465e+03|2.585657448e+03|9.252186193e+09|9.750892458e+09|1.030221567e+10|9.828571423e+09|3.200271729e+03|3.218230469e+03|3.237533447e+03|3.220509766e+03|3.373718741e+03
2.614003080e+06|4.183195042e+06|4.202166948e+06|4.220590608e+06|4.203712847e+06|2.556693846e+03|2.577311957e+03|2.596694549e+03|2.578037436e+03|8.999293249e+09|9.577713517e+09|1.013461769e+10|9.610451879e+09|3.191227661e+03|3.212063843e+03|3.231648499e+03|3.212804932e+03|3.373718741e+03
2.627553722e+06|4.176561175e+06|4.197036244e+06|4.231004720e+06|4.203146992e+06|2.549125322e+03|2.571924889e+03|2.606953289e+03|2.576882090e+03|8.788946109e+09|9.426414869e+09|1.043043840e+10|9.583868965e+09|3.183583191e+03|3.206614868e+03|3.242033936e+03|3.211643066e+03|3.373718741e+03
2.643412916e+06|4.175405907e+06|4.188330407e+06|4.216571866e+06|4.192954330e+06|2.547808219e+03|2.562559956e+03|2.592461524e+03|2.566171382e+03|8.752626540e+09|9.164545020e+09|1.001131994e+10|9.278942476e+09|3.182253845e+03|3.197148193e+03|3.227373901e+03|3.200812500e+03|3.373718741e+03
2.657386490e+06|4.170170586e+06|4.184278370e+06|4.200902398e+06|4.187077447e+06|2.541844036e+03|2.557930784e+03|2.575983765e+03|2.559763608e+03|8.589543805e+09|9.033971272e+09|9.540262077e+09|9.098942862e+09|3.176227051e+03|3.192476440e+03|3.210721130e+03|3.194335938e+03|3.373718741e+03
2.668995197e+06|4.160695658e+06|4.179793680e+06|4.203394948e+06|4.186274399e+06|2.530935867e+03|2.552811949e+03|2.578601923e+03|2.558520569e+03|8.294885838e+09|8.891004039e+09|9.614140333e+09|9.068360196e+09|3.165201477e+03|3.187307983e+03|3.213368652e+03|3.193083008e+03|3.373718741e+03
2.679844596e+06|4.153071836e+06|4.169440929e+06|4.192164406e+06|4.173235314e+06|2.521426627e+03|2.541013352e+03|2.566814058e+03|2.544254890e+03|8.035219334e+09|8.566999161e+09|9.284314292e+09|8.668509482e+09|3.155602905e+03|3.175386597e+03|3.201445984e+03|3.178663818e+03|3.373718741e+03
2.691199832e+06|4.152391981e+06|4.171604671e+06|4.199627425e+06|4.172996219e+06|2.520579565e+03|2.543477109e+03|2.574644919e+03|2.543261250e+03|8.012360565e+09|8.633994944e+09|9.502605599e+09|8.648364865e+09|3.154748169e+03|3.177877441e+03|3.209367615e+03|3.177660889e+03|3.373718741e+03
2.702256288e+06|4.146877505e+06|4.162622457e+06|4.187160121e+06|4.166553273e+06|2.513713914e+03|2.533256423e+03|2.561222601e+03|2.536011837e+03|7.828574492e+09|8.358184509e+09|9.126704158e+09|8.447317641e+09|3.147813293e+03|3.167543701e+03|3.195798584e+03|3.170336914e+03|3.373718741e+03
2.714624970e+06|4.147386285e+06|4.159290393e+06|4.178675815e+06|4.162966533e+06|2.514346959e+03|2.529181692e+03|2.551536676e+03|2.532417866e+03|7.845404066e+09|8.246578263e+09|8.855589049e+09|8.343320185e+09|3.148452942e+03|3.163432129e+03|3.186020630e+03|3.166705078e+03|3.373718741e+03
2.728423892e+06|4.136965294e+06|4.152584578e+06|4.177158279e+06|4.157464004e+06|2.501397185e+03|2.520819609e+03|2.549806100e+03|2.525301148e+03|7.505907538e+09|8.018861640e+09|8.807727568e+09|8.156398763e+09|3.135365845e+03|3.154990845e+03|3.184271912e+03|3.159515381e+03|3.373718741e+03
2.742399132e+06|4.130238724e+06|4.145686428e+06|4.163885788e+06|4.147745935e+06|2.492370672e+03|2.512232263e+03|2.534692809e+03|2.513608144e+03|7.267023150e+09|7.789282260e+09|8.396601777e+09|7.839657393e+09|3.126250061e+03|3.146317017e+03|3.168996399e+03|3.147701904e+03|3.373718741e+03
2.755909659e+06|4.129968262e+06|4.142504749e+06|4.167555634e+06|4.148010541e+06|2.491999364e+03|2.508276598e+03|2.538868030e+03|2.513698924e+03|7.257211740e+09|7.685024928e+09|8.509082439e+09|7.844474495e+09|3.125875793e+03|3.142320923e+03|3.173218811e+03|3.147793701e+03|3.373718741e+03
2.767776995e+06|4.127777265e+06|4.138509011e+06|4.155591442e+06|4.142292826e+06|2.488992554e+03|2.503313337e+03|2.524567358e+03|2.506930419e+03|7.178087137e+09|7.555514482e+09|8.120396687e+09|7.660340851e+09|3.122840698e+03|3.137302856e+03|3.158774780e+03|3.140956055e+03|3.373718741e+03
2.779395565e+06|4.117514547e+06|4.129770938e+06|4.143248030e+06|4.132269743e+06|2.474935619e+03|2.491728483e+03|2.509200397e+03|2.493896541e+03|6.815877774e+09|7.250059292e+09|7.709287441e+09|7.317406684e+09|3.108636230e+03|3.125603760e+03|3.143254150e+03|3.127788330e+03|3.373718741e+03
2.790038615e+06|4.110641499e+06|4.124926307e+06|4.143890058e+06|4.126680580e+06|2.465444128e+03|2.485083099e+03|2.509998561e+03|2.486176582e+03|6.577160768e+09|7.076080841e+09|7.730310573e+09|7.118283124e+09|3.099038635e+03|3.118890503e+03|3.144061584e+03|3.119985840e+03|3.373718741e+03
2.802083847e+06|4.110988434e+06|4.120836244e+06|4.134461948e+06|4.125045029e+06|2.465974571e+03|2.479480527e+03|2.498172652e+03|2.484029484e+03|6.590988910e+09|6.931613560e+09|7.421496515e+09|7.062019367e+09|3.099573486e+03|3.113229492e+03|3.132107544e+03|3.117817139e+03|3.373718741e+03
2.815194749e+06|4.104430150e+06|4.120716042e+06|4.135107369e+06|4.123418096e+06|2.455958623e+03|2.479315927e+03|2.499059998e+03|2.481440325e+03|6.333101111e+09|6.927384480e+09|7.445308461e+09|6.998229775e+09|3.089455017e+03|3.113064331e+03|3.133002991e+03|3.115198242e+03|3.373718741e+03
2.828882258e+06|4.102236201e+06|4.113202636e+06|4.125691631e+06|4.115518978e+06|2.452613522e+03|2.469042898e+03|2.486132230e+03|2.470056158e+03|6.248546295e+09|6.667801503e+09|7.103357475e+09|6.708256874e+09|3.086072937e+03|3.102676758e+03|3.119950928e+03|3.103688965e+03|3.373718741e+03
2.842692525e+06|4.094884315e+06|4.107281698e+06|4.115758248e+06|4.107126111e+06|2.441424354e+03|2.460310505e+03|2.472534448e+03|2.458417706e+03|5.971388032e+09|6.444279873e+09|6.755262501e+09|6.409172284e+09|3.074756165e+03|3.093852905e+03|3.106208618e+03|3.091926270e+03|3.373718741e+03
2.853804803e+06|4.091817049e+06|4.103866400e+06|4.122896867e+06|4.107372504e+06|2.436765401e+03|2.455098849e+03|2.482302278e+03|2.457788368e+03|5.858562061e+09|6.311303933e+09|7.004121725e+09|6.401682401e+09|3.070040771e+03|3.088585571e+03|3.116081360e+03|3.091280273e+03|3.373718741e+03
2.865253660e+06|4.084675942e+06|4.094336164e+06|4.106175192e+06|4.099666199e+06|2.424926860e+03|2.440591356e+03|2.458621783e+03|2.446569976e+03|5.565527401e+09|5.951105103e+09|6.401128934e+09|6.116766589e+09|3.058063965e+03|3.073913940e+03|3.092144958e+03|3.079940674e+03|3.373718741e+03
2.875034897e+06|4.079384880e+06|4.090935418e+06|4.111848815e+06|4.095589510e+06|2.415847059e+03|2.435427165e+03|2.467151078e+03|2.439186545e+03|5.344119990e+09|5.826401687e+09|6.620316890e+09|5.940793879e+09|3.048873596e+03|3.068687500e+03|3.100764038e+03|3.072461182e+03|3.373718741e+03
2.885259404e+06|4.078685052e+06|4.087303902e+06|4.098221066e+06|4.091716466e+06|2.414647845e+03|2.429444902e+03|2.446498862e+03|2.434214026e+03|5.315369920e+09|5.678073915e+09|6.096008487e+09|5.809371959e+09|3.047660034e+03|3.062635254e+03|3.079890320e+03|3.067439697e+03|3.373718741e+03
2.895939754e+06|4.074019969e+06|4.084207917e+06|4.098566478e+06|4.088288340e+06|2.406663375e+03|2.424122794e+03|2.447024510e+03|2.428306332e+03|5.126630751e+09|5.545661794e+09|6.109014859e+09|5.666973078e+09|3.039570801e+03|3.057251831e+03|3.080422852e+03|3.061457275e+03|3.373718741e+03
2.907442495e+06|4.065423201e+06|4.078454283e+06|4.088906932e+06|4.080469333e+06|2.390681296e+03|2.414252382e+03|2.432203565e+03|2.414971315e+03|4.745978906e+09|5.305883240e+09|5.747574466e+09|5.344600336e+09|3.023375793e+03|3.047260132e+03|3.065425476e+03|3.047953857e+03|3.373718741e+03
2.920669675e+06|4.060585911e+06|4.074611037e+06|4.087700136e+06|4.077329872e+06|2.381188951e+03|2.407673928e+03|2.430126747e+03|2.409023601e+03|4.523605298e+09|5.150215918e+09|5.695241606e+09|5.203857528e+09|3.013749146e+03|3.040595459e+03|3.063324646e+03|3.041927734e+03|3.373718741e+03
2.934858256e+06|4.053442835e+06|4.064716917e+06|4.072680746e+06|4.064687486e+06|2.367144809e+03|2.389293665e+03|2.404374332e+03|2.386146021e+03|4.207357869e+09|4.712981839e+09|5.073383749e+09|4.659294630e+09|2.999492615e+03|3.021968994e+03|3.037252197e+03|3.018751465e+03|3.373718741e+03
2.952730580e+06|4.046228921e+06|4.056074236e+06|4.066784358e+06|4.057720131e+06|2.350604320e+03|2.372359427e+03|2.393357077e+03|2.372458486e+03|3.820325956e+09|4.323654889e+09|4.810057646e+09|4.339267146e+09|2.982716003e+03|3.004787476e+03|3.026088440e+03|3.004876465e+03|3.373718741e+03
2.968253839e+06|4.043610897e+06|4.055020209e+06|4.070908927e+06|4.059143071e+06|2.344622938e+03|2.370300058e+03|2.401348163e+03|2.373982624e+03|3.688623610e+09|4.277989274e+09|5.003622489e+09|4.381415551e+09|2.976641235e+03|3.002697510e+03|3.034184021e+03|3.006414795e+03|3.373718741e+03
2.979026095e+06|4.036496588e+06|4.047390407e+06|4.058306329e+06|4.049469878e+06|2.327099495e+03|2.353261580e+03|2.376724846e+03|2.353948657e+03|3.299328833e+09|3.880202295e+09|4.421689469e+09|3.918274498e+09|2.958874146e+03|2.985412231e+03|3.009218872e+03|2.986106445e+03|3.373718741e+03
2.987996395e+06|4.036198675e+06|4.049391884e+06|4.072762279e+06|4.053950382e+06|2.326282664e+03|2.357846073e+03|2.404513609e+03|2.361827756e+03|3.280493226e+09|3.985629055e+09|5.076600951e+09|4.106105453e+09|2.958046997e+03|2.990063599e+03|3.037392883e+03|2.994091309e+03|3.373718741e+03
2.996766500e+06|4.032099052e+06|4.044146062e+06|4.054345724e+06|4.046357589e+06|2.315065310e+03|2.345844698e+03|2.368937353e+03|2.346884405e+03|3.030191092e+09|3.715180094e+09|4.247475671e+09|3.758289776e+09|2.946693604e+03|2.977882324e+03|3.001314209e+03|2.978943848e+03|3.373718741e+03
3.005577355e+06|4.028223343e+06|4.039465462e+06|4.055072523e+06|4.042142101e+06|2.304499705e+03|2.335175146e+03|2.370402150e+03|2.335434557e+03|2.809928183e+09|3.489078582e+09|4.280219084e+09|3.504695255e+09|2.935989746e+03|2.967041992e+03|3.002799988e+03|2.967323730e+03|3.373718741e+03
3.014891629e+06|4.022170439e+06|4.036945979e+06|4.054060075e+06|4.041205845e+06|2.284299211e+03|2.328332073e+03|2.368266653e+03|2.329857028e+03|2.360987130e+09|3.327918187e+09|4.230955525e+09|3.390745875e+09|2.915486755e+03|2.960120605e+03|3.000633850e+03|2.960615967e+03|3.373718741e+03
3.023707449e+06|4.018461633e+06|4.030290619e+06|4.044914142e+06|4.035961324e+06|2.271559138e+03|2.310130673e+03|2.347599773e+03|2.315069326e+03|2.105290095e+09|2.925424735e+09|3.753916717e+09|3.063650158e+09|2.902535889e+03|2.941694946e+03|2.979664734e+03|2.946605713e+03|3.373718741e+03
3.035033303e+06|4.012213585e+06|4.021839897e+06|4.036233513e+06|4.026279435e+06|2.243275837e+03|2.283161322e+03|2.326378173e+03|2.287755764e+03|1.502553333e+09|2.337094107e+09|3.282691098e+09|2.457780545e+09|2.873698730e+03|2.914329956e+03|2.958144348e+03|2.918799316e+03|3.373718741e+03
3.047291572e+06|4.009716781e+06|4.015745871e+06|4.029333707e+06|4.019943562e+06|2.228989358e+03|2.259748302e+03|2.307522864e+03|2.267570573e+03|1.186378757e+09|1.839137457e+09|2.871409043e+09|2.009009937e+09|2.859088440e+03|2.890503906e+03|2.939053467e+03|2.896718506e+03|3.373718741e+03
3.066476228e+06|4.009516815e+06|4.016894603e+06|4.023044860e+06|4.018975685e+06|2.227531799e+03|2.265128193e+03|2.287311602e+03|2.263920756e+03|1.151431775e+09|1.962874996e+09|2.425227826e+09|1.918254139e+09|2.857594299e+03|2.895988159e+03|2.918546936e+03|2.893743164e+03|3.373718741e+03
3.085801313e+06|4.006427781e+06|4.011438563e+06|4.025112927e+06|4.017201108e+06|2.205128475e+03|2.239675725e+03|2.294449376e+03|2.252490775e+03|7.225015526e+08|1.436790698e+09|2.583520396e+09|1.668146488e+09|2.834618225e+03|2.870022949e+03|2.925793884e+03|2.880368164e+03|3.373718741e+03
3.102101131e+06|4.002103622e+06|4.007677613e+06|4.015895279e+06|4.010660561e+06|2.185004045e+03|2.214167732e+03|2.260447380e+03|2.230382449e+03|6.465226341e+07|8.734602664e+08|1.854805389e+09|1.169458822e+09|2.802603149e+03|2.843894897e+03|2.891217529e+03|2.846303223e+03|3.373718741e+03
3.114684942e+06|3.997227561e+06|4.004077257e+06|4.008987103e+06|4.004848723e+06|2.178849002e+03|2.193959927e+03|2.223675171e+03|2.207067181e+03|5.878354880e+06|2.045779331e+08|1.063731604e+09|6.333803958e+08|2.776422607e+03|2.817177246e+03|2.853643127e+03|2.815297119e+03|3.373718741e+03
3.124987249e+06|3.994728127e+06|4.001942453e+06|4.010588574e+06|4.004520782e+06|2.176580409e+03|2.184274075e+03|2.235151583e+03|2.209199230e+03|1.083475264e+04|5.866219844e+07|1.341655339e+09|7.013712982e+08|2.752504822e+03|2.801416260e+03|2.865397217e+03|2.803785889e+03|3.373718741e+03
3.132412351e+06|3.994905847e+06|4.002774030e+06|4.009560759e+06|4.003445368e+06|2.176688398e+03|2.188042519e+03|2.227852044e+03|2.204424481e+03|5.060627446e+04|9.575259330e+07|1.159036678e+09|6.099697253e+08|2.756565491e+03|2.807546021e+03|2.857923096e+03|2.803704590e+03|3.373718741e+03
3.140625204e+06|3.994320739e+06|3.996719492e+06|4.002727976e+06|3.999044136e+06|2.176332868e+03|2.178337629e+03|2.187834621e+03|2.186926783e+03|3.162084981e+02|4.520082142e+06|9.727715547e+07|2.091551336e+08|2.743217529e+03|2.773783203e+03|2.807208862e+03|2.772404297e+03|3.373718741e+03
3.149104728e+06|3.993885649e+06|3.995294524e+06|4.003916735e+06|3.998674613e+06|2.176068497e+03|2.176924575e+03|2.193230301e+03|2.186511352e+03|7.295279867e+00|1.481025693e+06|1.864495874e+08|1.929608757e+08|2.721097107e+03|2.765467407e+03|2.815989380e+03|2.759838379e+03|3.373718741e+03
3.157420292e+06|3.993885649e+06|3.994318196e+06|4.002650128e+06|3.998255593e+06|2.176068497e+03|2.176331322e+03|2.187481044e+03|2.187037842e+03|7.295279867e+00|3.107259910e+02|9.051046428e+07|2.235263619e+08|2.694878357e+03|2.743160156e+03|2.806633240e+03|2.749491455e+03|3.373718741e+03
3.165954656e+06|3.993885649e+06|3.993885649e+06|3.998741625e+06|3.996370800e+06|2.176068497e+03|2.176068497e+03|2.180373169e+03|2.180622585e+03|7.295279867e+00|7.295279867e+00|1.205285706e+07|7.507397943e+07|2.658767944e+03|2.699999878e+03|2.784296021e+03|2.711027832e+03|3.373718741e+03
3.175062646e+06|3.993885649e+06|3.993885649e+06|3.994629175e+06|3.996437341e+06|2.176068497e+03|2.176068497e+03|2.176545651e+03|2.182228793e+03|7.295279867e+00|7.295279867e+00|6.595057410e+05|1.112977675e+08|2.653393311e+03|2.696145996e+03|2.749143127e+03|2.706612549e+03|3.373718741e+03
3.187477790e+06|3.993885646e+06|3.993885649e+06|3.993885649e+06|3.994374684e+06|2.176068496e+03|2.176068497e+03|2.176068497e+03|2.176567867e+03|7.295279847e+00|7.295279867e+00|7.295279867e+00|2.768848802e+06|2.589386780e+03|2.664842407e+03|2.704463989e+03|2.649393066e+03|3.373718741e+03
3.211900579e+06|3.993885642e+06|3.993885649e+06|3.993885649e+06|3.994258785e+06|2.176068496e+03|2.176068497e+03|2.176068497e+03|2.176608435e+03|7.295279803e+00|7.295279867e+00|7.295279867e+00|5.141119127e+06|2.552527161e+03|2.608321533e+03|2.684053223e+03|2.613641602e+03|3.373718741e+03
3.241206543e+06|3.993885644e+06|3.993885645e+06|3.993885649e+06|3.993963806e+06|2.176068496e+03|2.176068496e+03|2.176068497e+03|2.176124833e+03|7.295279803e+00|7.295279803e+00|7.295279867e+00|8.690892947e+04|2.480978516e+03|2.544785034e+03|2.615098328e+03|2.551435059e+03|3.373718741e+03
3.257895444e+06|3.993885644e+06|3.993885645e+06|3.993885649e+06|3.994050234e+06|2.176068496e+03|2.176068496e+03|2.176068497e+03|2.176199315e+03|7.295279803e+00|7.295279803e+00|7.295279867e+00|2.718346625e+05|2.478915039e+03|2.548575562e+03|2.633166687e+03|2.562353027e+03|3.373718741e+03
3.268600145e+06|3.993885644e+06|3.993885645e+06|3.993885645e+06|3.994167323e+06|2.176068496e+03|2.176068496e+03|2.176068496e+03|2.176301093e+03|7.295279803e+00|7.295279803e+00|7.295279823e+00|5.916740815e+05|2.392682251e+03|2.461935303e+03|2.577417175e+03|2.490293701e+03|3.373718741e+03
3.277638833e+06|3.993885644e+06|3.993885645e+06|3.993885645e+06|3.993885645e+06|2.176068496e+03|2.176068496e+03|2.176068496e+03|2.176068496e+03|7.295279803e+00|7.295279803e+00|7.295279803e+00|7.295279806e+00|2.337923889e+03|2.391922485e+03|2.506871826e+03|2.425142578e+03|3.373718741e+03
3.285901175e+06|3.993885644e+06|3.993885645e+06|3.993885645e+06|3.993885644e+06|2.176068496e+03|2.176068496e+03|2.176068496e+03|2.176068496e+03|7.295279770e+00|7.295279803e+00|7.295279803e+00|7.295279794e+00|2.270278809e+03|2.375058350e+03|2.473204712e+03|2.383321045e+03|3.373718741e+03
3.292846681e+06|3.993885644e+06|3.993885645e+06|3.993885645e+06|3.993887790e+06|2.176068496e+03|2.176068496e+03|2.176068496e+03|2.176069800e+03|7.295279770e+00|7.295279786e+00|7.295279803e+00|7.523427057e+00|2.250081055e+03|2.316174683e+03|2.418811340e+03|2.332334961e+03|3.373718741e+03
3.299585876e+06|3.993885644e+06|3.993885645e+06|3.993885645e+06|3.994221775e+06|2.176068496e+03|2.176068496e+03|2.176068496e+03|2.176460477e+03|7.295279770e+00|7.295279770e+00|7.295279803e+00|3.015202603e+06|2.173411804e+03|2.298159546e+03|2.362682434e+03|2.321632080e+03|3.373718741e+03
3.305326247e+06|3.993885639e+06|3.993885644e+06|3.993885645e+06|3.993885643e+06|2.176068495e+03|2.176068496e+03|2.176068496e+03|2.176068496e+03|7.295279705e+00|7.295279770e+00|7.295279770e+00|7.295279754e+00|2.131836304e+03|2.203400757e+03|2.262273254e+03|2.210011719e+03|3.373718741e+03
3.312592881e+06|3.993885639e+06|3.993885644e+06|3.993885646e+06|3.993885643e+06|2.176068495e+03|2.176068495e+03|2.176068496e+03|2.176068495e+03|7.295279705e+00|7.295279705e+00|7.295279770e+00|7.295279739e+00|2.041005371e+03|2.119162354e+03|2.204110718e+03|2.144537109e+03|3.373718741e+03
3.322137149e+06|3.993885639e+06|3.993885644e+06|3.993885648e+06|3.993885643e+06|2.176068495e+03|2.176068495e+03|2.176068495e+03|2.176068495e+03|7.295279705e+00|7.295279705e+00|7.295279705e+00|7.295279708e+00|1.892791351e+03|1.996669312e+03|2.109609070e+03|2.015868896e+03|3.373718741e+03
3.328602152e+06|3.993885641e+06|3.993885644e+06|3.993885647e+06|3.993885644e+06|2.176068495e+03|2.176068495e+03|2.176068495e+03|2.176068495e+03|7.295279641e+00|7.295279705e+00|7.295279705e+00|7.295279690e+00|1.820945404e+03|1.907823669e+03|2.043990967e+03|1.942895508e+03|3.373718741e+03
