#PHASE|Nmant|Nmant/Nmanttot|Mmant|Mmant/Mmanttot|RRRminmant|RRRminmantEq|RRRmaxmant|RRRmaxmantEq|Ncore|Ncore/Ncoretot|Mcore|Mcore/Mcoretot|RRRmincore|RRRmaxcore|
0.000000000e+00|0.000000000e+00|0.000000000e+00|0.000000000e+00|0.000000000e+00|inf|inf|-inf|inf|0.000000000e+00|0.000000000e+00|0.000000000e+00|0.000000000e+00|inf|-inf
1.000000000e+00|5.612000000e+03|3.963696719e-02|1.918618850e+21|3.970073776e-02|9.151653829e+05|9.151653829e+05|1.628946682e+06|inf|5.612000000e+03|0.000000000e+00|0.000000000e+00|0.000000000e+00|inf|-inf
2.000000000e+00|2.951000000e+03|2.084260338e-02|1.010254343e+21|2.090453910e-02|1.498919868e+06|1.526383453e+06|8.347220935e+07|inf|2.951000000e+03|0.000000000e+00|0.000000000e+00|0.000000000e+00|inf|-inf
3.000000000e+00|1.267940000e+05|8.955327189e-01|4.327029452e+22|8.953641917e-01|8.414711784e+05|8.414711784e+05|1.633781945e+06|inf|1.267940000e+05|0.000000000e+00|0.000000000e+00|0.000000000e+00|inf|-inf
4.000000000e+00|5.815000000e+03|4.107073489e-02|1.986598637e+21|4.110739948e-02|1.010612985e+06|1.010612985e+06|1.652502634e+06|inf|5.815000000e+03|9.993962831e-01|2.090697782e+22|9.993924051e-01|1.997738796e+04|1.171452870e+06
5.000000000e+00|4.130000000e+02|2.916975668e-03|1.412662935e+20|2.923131957e-03|1.627388509e+06|1.629549157e+06|8.161793281e+07|inf|4.130000000e+02|6.037169383e-04|1.271069523e+19|6.075948607e-04|1.064402328e+06|1.593207969e+06
6.000000000e+00|0.000000000e+00|0.000000000e+00|0.000000000e+00|0.000000000e+00|inf|inf|-inf|inf|0.000000000e+00|0.000000000e+00|0.000000000e+00|0.000000000e+00|inf|-inf
7.000000000e+00|0.000000000e+00|0.000000000e+00|0.000000000e+00|0.000000000e+00|inf|inf|-inf|inf|0.000000000e+00|0.000000000e+00|0.000000000e+00|0.000000000e+00|inf|-inf
8.000000000e+00|0.000000000e+00|0.000000000e+00|0.000000000e+00|0.000000000e+00|inf|inf|-inf|inf|0.000000000e+00|0.000000000e+00|0.000000000e+00|0.000000000e+00|inf|-inf
