#RRR|P25fit|P50fit|P75fit|P25model|P50model|P75model
8.781192835e+04|7.760569374e+09|7.810985514e+09|7.848988723e+09|0.000000|0.000000|0.000000
1.330898734e+05|7.677175031e+09|7.738462315e+09|7.786239877e+09|0.000000|0.000000|0.000000
1.578206979e+05|7.631185223e+09|7.697375827e+09|7.750426729e+09|0.000000|0.000000|0.000000
1.779940443e+05|7.593021717e+09|7.662588053e+09|7.719688894e+09|0.000000|0.000000|0.000000
1.924638597e+05|7.565138606e+09|7.636761035e+09|7.696563139e+09|0.000000|0.000000|0.000000
2.061064405e+05|7.538367200e+09|7.611640765e+09|7.673800223e+09|0.000000|0.000000|0.000000
2.192785593e+05|7.512002480e+09|7.586602211e+09|7.650840975e+09|0.000000|0.000000|0.000000
2.302235889e+05|7.489660343e+09|7.565161129e+09|7.630967855e+09|0.000000|0.000000|0.000000
2.412077877e+05|7.466799930e+09|7.543022537e+09|7.610248176e+09|0.000000|0.000000|0.000000
2.527392523e+05|7.442285912e+09|7.519071841e+09|7.587613207e+09|0.000000|0.000000|0.000000
2.626012869e+05|7.420869692e+09|7.497982077e+09|7.567503158e+09|0.000000|0.000000|0.000000
2.719608486e+05|7.400133427e+09|7.477426148e+09|7.547750596e+09|0.000000|0.000000|0.000000
2.821744667e+05|7.377020009e+09|7.454369561e+09|7.525428852e+09|0.000000|0.000000|0.000000
2.908495944e+05|7.356968745e+09|7.434255513e+09|7.505822486e+09|0.000000|0.000000|0.000000
3.000211191e+05|7.335329505e+09|7.412443168e+09|7.484431131e+09|0.000000|0.000000|0.000000
3.083845782e+05|7.315184011e+09|7.392048167e+09|7.464317495e+09|0.000000|0.000000|0.000000
3.170191586e+05|7.293954418e+09|7.370473662e+09|7.442932663e+09|0.000000|0.000000|0.000000
3.256203799e+05|7.272353869e+09|7.348446129e+09|7.420994647e+09|0.000000|0.000000|0.000000
3.335189310e+05|7.252104643e+09|7.327735974e+09|7.400281891e+09|0.000000|0.000000|0.000000
3.404419447e+05|7.234019911e+09|7.309196601e+09|7.381675739e+09|0.000000|0.000000|0.000000
3.482859615e+05|7.213137468e+09|7.287746013e+09|7.360079549e+09|0.000000|0.000000|0.000000
3.566233282e+05|7.190471111e+09|7.264419265e+09|7.336520451e+09|0.000000|0.000000|0.000000
3.634123534e+05|7.171645319e+09|7.245016902e+09|7.316873086e+09|0.000000|0.000000|0.000000
3.703050889e+05|7.152183886e+09|7.224938337e+09|7.296497699e+09|0.000000|0.000000|0.000000
3.772055005e+05|7.132340716e+09|7.204449162e+09|7.275666103e+09|0.000000|0.000000|0.000000
3.848579142e+05|7.109903091e+09|7.181267082e+09|7.252055606e+09|0.000000|0.000000|0.000000
3.917064582e+05|7.089427840e+09|7.160105149e+09|7.230470952e+09|0.000000|0.000000|0.000000
3.980774186e+05|7.070037965e+09|7.140063103e+09|7.210005953e+09|0.000000|0.000000|0.000000
4.047327422e+05|7.049422523e+09|7.118756642e+09|7.188230852e+09|0.000000|0.000000|0.000000
4.113709324e+05|7.028485985e+09|7.097125158e+09|7.166108671e+09|0.000000|0.000000|0.000000
4.171072833e+05|7.010086920e+09|7.078124358e+09|7.146668418e+09|0.000000|0.000000|0.000000
4.239262010e+05|6.987838297e+09|7.055163250e+09|7.123170534e+09|0.000000|0.000000|0.000000
4.304441195e+05|6.966181510e+09|7.032832720e+09|7.100316761e+09|0.000000|0.000000|0.000000
4.363662004e+05|6.946167623e+09|7.012216775e+09|7.079220770e+09|0.000000|0.000000|0.000000
4.419429492e+05|6.927022616e+09|6.992516884e+09|7.059068163e+09|0.000000|0.000000|0.000000
4.480121678e+05|6.905852973e+09|6.970760283e+09|7.036821905e+09|0.000000|0.000000|0.000000
4.540614988e+05|6.884400770e+09|6.948744487e+09|7.014325287e+09|0.000000|0.000000|0.000000
4.600080580e+05|6.862965094e+09|6.926779618e+09|6.991899002e+09|0.000000|0.000000|0.000000
4.656143326e+05|6.842435327e+09|6.905777074e+09|6.970475489e+09|0.000000|0.000000|0.000000
4.709131936e+05|6.822741041e+09|6.885662392e+09|6.949978839e+09|0.000000|0.000000|0.000000
4.765532729e+05|6.801464370e+09|6.863969870e+09|6.927900409e+09|0.000000|0.000000|0.000000
4.821329389e+05|6.780092484e+09|6.842222156e+09|6.905795697e+09|0.000000|0.000000|0.000000
4.882254847e+05|6.756383928e+09|6.818147874e+09|6.881364423e+09|0.000000|0.000000|0.000000
4.936588597e+05|6.734908273e+09|6.796389153e+09|6.859320421e+09|0.000000|0.000000|0.000000
4.986533364e+05|6.714887552e+09|6.776147159e+09|6.838847159e+09|0.000000|0.000000|0.000000
5.038665364e+05|6.693700716e+09|6.754772183e+09|6.817265854e+09|0.000000|0.000000|0.000000
5.090585927e+05|6.672302640e+09|6.733233314e+09|6.795560599e+09|0.000000|0.000000|0.000000
5.140164861e+05|6.651589656e+09|6.712432215e+09|6.774640375e+09|0.000000|0.000000|0.000000
5.191917268e+05|6.629673609e+09|6.690475578e+09|6.752604364e+09|0.000000|0.000000|0.000000
5.242176566e+05|6.608098261e+09|6.668914106e+09|6.731013278e+09|0.000000|0.000000|0.000000
5.290205737e+05|6.587208903e+09|6.648089914e+09|6.710207752e+09|0.000000|0.000000|0.000000
5.349870551e+05|6.560885396e+09|6.621922138e+09|6.684131858e+09|0.000000|0.000000|0.000000
5.399135018e+05|6.538835138e+09|6.600066401e+09|6.662413398e+09|0.000000|0.000000|0.000000
5.441042130e+05|6.519851174e+09|6.581297274e+09|6.643807588e+09|0.000000|0.000000|0.000000
5.484861728e+05|6.499775861e+09|6.561497300e+09|6.624226671e+09|0.000000|0.000000|0.000000
5.537196540e+05|6.475495261e+09|6.537616467e+09|6.600675670e+09|0.000000|0.000000|0.000000
5.586474251e+05|6.452327456e+09|6.514898840e+09|6.578340237e+09|0.000000|0.000000|0.000000
5.637628680e+05|6.427960721e+09|6.491078607e+09|6.554994369e+09|0.000000|0.000000|0.000000
5.684826276e+05|6.405190019e+09|6.468886770e+09|6.533313998e+09|0.000000|0.000000|0.000000
5.729471715e+05|6.383393252e+09|6.447706181e+09|6.512685594e+09|0.000000|0.000000|0.000000
5.777453852e+05|6.359686054e+09|6.424738469e+09|6.490388886e+09|0.000000|0.000000|0.000000
5.817088078e+05|6.339881774e+09|6.405607541e+09|6.471875392e+09|0.000000|0.000000|0.000000
5.862283482e+05|6.317052015e+09|6.383617067e+09|6.450661633e+09|0.000000|0.000000|0.000000
5.910070385e+05|6.292625016e+09|6.360163126e+09|6.428116547e+09|0.000000|0.000000|0.000000
5.955248512e+05|6.269256890e+09|6.337798725e+09|6.406697599e+09|0.000000|0.000000|0.000000
6.002637999e+05|6.244455730e+09|6.314140973e+09|6.384125291e+09|0.000000|0.000000|0.000000
6.046793079e+05|6.221078665e+09|6.291915481e+09|6.363000855e+09|0.000000|0.000000|0.000000
6.087381764e+05|6.199359441e+09|6.271330470e+09|6.343507080e+09|0.000000|0.000000|0.000000
6.136016423e+05|6.173042006e+09|6.246470486e+09|6.320058051e+09|0.000000|0.000000|0.000000
6.178851483e+05|6.149596566e+09|6.224400226e+09|6.299327116e+09|0.000000|0.000000|0.000000
6.216508303e+05|6.128777895e+09|6.204863343e+09|6.281044897e+09|0.000000|0.000000|0.000000
6.254205346e+05|6.107741257e+09|6.185179911e+09|6.262692029e+09|0.000000|0.000000|0.000000
6.298751468e+05|6.082628435e+09|6.161758842e+09|6.240942306e+09|0.000000|0.000000|0.000000
6.344480028e+05|6.056560728e+09|6.137535083e+09|6.218549342e+09|0.000000|0.000000|0.000000
6.392624749e+05|6.028797725e+09|6.111834323e+09|6.194906300e+09|0.000000|0.000000|0.000000
6.434205205e+05|6.004555699e+09|6.089475924e+09|6.174435958e+09|0.000000|0.000000|0.000000
6.468375760e+05|5.984449156e+09|6.070990274e+09|6.157581043e+09|0.000000|0.000000|0.000000
6.508274338e+05|5.960760121e+09|6.049279039e+09|6.137866635e+09|0.000000|0.000000|0.000000
6.547560562e+05|5.937210171e+09|6.027768215e+09|6.118422077e+09|0.000000|0.000000|0.000000
6.588760035e+05|5.912272574e+09|6.005069058e+09|6.097999330e+09|0.000000|0.000000|0.000000
6.626925132e+05|5.888950414e+09|5.983913901e+09|6.079055535e+09|0.000000|0.000000|0.000000
6.666181652e+05|5.864737988e+09|5.962026293e+09|6.059548101e+09|0.000000|0.000000|0.000000
6.708426162e+05|5.838428170e+09|5.938329241e+09|6.038534997e+09|0.000000|0.000000|0.000000
6.748010183e+05|5.813534471e+09|5.915990505e+09|6.018829425e+09|0.000000|0.000000|0.000000
6.789746455e+05|5.787033390e+09|5.892297667e+09|5.998039955e+09|0.000000|0.000000|0.000000
6.830615800e+05|5.760828765e+09|5.868959195e+09|5.977674018e+09|0.000000|0.000000|0.000000
6.868682072e+05|5.736194030e+09|5.847099703e+09|5.958701188e+09|0.000000|0.000000|0.000000
6.905789901e+05|5.711967294e+09|5.825678421e+09|5.940205926e+09|0.000000|0.000000|0.000000
6.945056739e+05|5.686101574e+09|5.802891106e+09|5.920637992e+09|0.000000|0.000000|0.000000
6.983807294e+05|5.660343419e+09|5.780283663e+09|5.901334447e+09|0.000000|0.000000|0.000000
7.022517015e+05|5.634380546e+09|5.757582245e+09|5.882062020e+09|0.000000|0.000000|0.000000
7.055791746e+05|5.611876801e+09|5.737974830e+09|5.865506983e+09|0.000000|0.000000|0.000000
7.091427871e+05|5.587584251e+09|5.716880980e+09|5.847791733e+09|0.000000|0.000000|0.000000
7.134114813e+05|5.558222847e+09|5.691485385e+09|5.826595471e+09|0.000000|0.000000|0.000000
7.174163944e+05|5.530414346e+09|5.667533202e+09|5.806737238e+09|0.000000|0.000000|0.000000
7.216272144e+05|5.500901613e+09|5.642219424e+09|5.785892372e+09|0.000000|0.000000|0.000000
7.249098281e+05|5.477698315e+09|5.622394006e+09|5.769670079e+09|0.000000|0.000000|0.000000
7.279449852e+05|5.456090551e+09|5.603992299e+09|5.754694588e+09|0.000000|0.000000|0.000000
7.313018459e+05|5.432019907e+09|5.583561587e+09|5.738160985e+09|0.000000|0.000000|0.000000
7.352162123e+05|5.403721628e+09|5.559634494e+09|5.718923654e+09|0.000000|0.000000|0.000000
7.390895322e+05|5.375475178e+09|5.535849989e+09|5.699936749e+09|0.000000|0.000000|0.000000
7.429695632e+05|5.346934329e+09|5.511917436e+09|5.680969754e+09|0.000000|0.000000|0.000000
7.465681704e+05|5.320242948e+09|5.489626218e+09|5.663429431e+09|0.000000|0.000000|0.000000
7.502717734e+05|5.292550046e+09|5.466590685e+09|5.645432289e+09|0.000000|0.000000|0.000000
7.535026477e+05|5.268206532e+09|5.446418438e+09|5.629780770e+09|0.000000|0.000000|0.000000
7.569336663e+05|5.242165111e+09|5.424918901e+09|5.613212105e+09|0.000000|0.000000|0.000000
7.608362456e+05|5.212305755e+09|5.400368313e+09|5.594435720e+09|0.000000|0.000000|0.000000
7.642437631e+05|5.186025473e+09|5.378849409e+09|5.578105123e+09|0.000000|0.000000|0.000000
7.675683717e+05|5.160196264e+09|5.357780694e+09|5.562232375e+09|0.000000|0.000000|0.000000
7.710762731e+05|5.132740507e+09|5.335472766e+09|5.545552533e+09|0.000000|0.000000|0.000000
7.745616460e+05|5.105254269e+09|5.313230117e+09|5.529052289e+09|0.000000|0.000000|0.000000
7.777457228e+05|5.079963201e+09|5.292843160e+09|5.514044446e+09|0.000000|0.000000|0.000000
7.813177766e+05|5.051384031e+09|5.269896814e+09|5.497286260e+09|0.000000|0.000000|0.000000
7.850274195e+05|5.021472071e+09|5.245983528e+09|5.479974109e+09|0.000000|0.000000|0.000000
7.882251983e+05|4.995496973e+09|5.225302857e+09|5.465128735e+09|0.000000|0.000000|0.000000
7.913965479e+05|4.969561725e+09|5.204732698e+09|5.450480202e+09|0.000000|0.000000|0.000000
7.950862536e+05|4.939167412e+09|5.180725716e+09|5.433533840e+09|0.000000|0.000000|0.000000
7.984656320e+05|4.911121082e+09|5.158668484e+09|5.418107242e+09|0.000000|0.000000|0.000000
8.016857488e+05|4.884210431e+09|5.137589976e+09|5.403494790e+09|0.000000|0.000000|0.000000
8.047631005e+05|4.858322574e+09|5.117391389e+09|5.389612319e+09|0.000000|0.000000|0.000000
8.081678170e+05|4.829486164e+09|5.094982869e+09|5.374349660e+09|0.000000|0.000000|0.000000
8.113059280e+05|4.802726066e+09|5.074272961e+09|5.360374883e+09|0.000000|0.000000|0.000000
8.141824897e+05|4.778042663e+09|5.055242625e+09|5.347645381e+09|0.000000|0.000000|0.000000
8.177324896e+05|4.747377258e+09|5.031696715e+09|5.332045147e+09|0.000000|0.000000|0.000000
8.217914595e+05|4.712039020e+09|5.004694806e+09|5.314361183e+09|0.000000|0.000000|0.000000
8.251331978e+05|4.682723046e+09|4.982401278e+09|5.299928516e+09|0.000000|0.000000|0.000000
8.283368376e+05|4.654429538e+09|4.960976735e+09|5.286202884e+09|0.000000|0.000000|0.000000
8.315314142e+05|4.626031183e+09|4.939562778e+09|5.272626916e+09|0.000000|0.000000|0.000000
8.343824814e+05|4.600530050e+09|4.920410029e+09|5.260606662e+09|0.000000|0.000000|0.000000
8.371966481e+05|4.575213840e+09|4.901467558e+09|5.248832867e+09|0.000000|0.000000|0.000000
8.405165144e+05|4.545162404e+09|4.879074033e+09|5.235062275e+09|0.000000|0.000000|0.000000
8.437646236e+05|4.515565073e+09|4.857116155e+09|5.221717042e+09|0.000000|0.000000|0.000000
8.473670964e+05|4.482511840e+09|4.832708014e+09|5.207067562e+09|0.000000|0.000000|0.000000
8.506908137e+05|4.451803862e+09|4.810138727e+09|5.193696860e+09|0.000000|0.000000|0.000000
8.535493838e+05|4.425229830e+09|4.790690609e+09|5.182311599e+09|0.000000|0.000000|0.000000
8.565373023e+05|4.397291154e+09|4.770326387e+09|5.170526664e+09|0.000000|0.000000|0.000000
8.598928884e+05|4.365716348e+09|4.747413373e+09|5.157435488e+09|0.000000|0.000000|0.000000
8.631902619e+05|4.334511339e+09|4.724854717e+09|5.144702427e+09|1.000000|0.000000|1.000000
8.661124209e+05|4.306582120e+09|4.704828251e+09|5.133627395e+09|1.000000|0.000000|1.000000
8.690518994e+05|4.278487366e+09|4.684650946e+09|5.122486722e+09|1.000000|0.000000|1.000000
8.723713030e+05|4.246761388e+09|4.661828027e+09|5.109906126e+09|1.000000|0.000000|1.000000
8.752205128e+05|4.219529398e+09|4.642206954e+09|5.099107572e+09|1.000000|0.000000|1.000000
8.779741578e+05|4.193210791e+09|4.623217519e+09|5.088671211e+09|1.000000|0.000000|1.000000
8.809843531e+05|4.164440144e+09|4.602429956e+09|5.077262520e+09|1.000000|0.000000|1.000000
8.840398570e+05|4.135236449e+09|4.581299527e+09|5.065682108e+09|1.000000|0.000000|1.000000
8.872090891e+05|4.104945771e+09|4.559351736e+09|5.053670665e+09|1.000000|0.000000|1.000000
8.907692306e+05|4.070918884e+09|4.534660647e+09|5.040177668e+09|1.000000|0.000000|1.000000
8.939660642e+05|4.040364399e+09|4.512457909e+09|5.028061615e+09|1.000000|0.000000|1.000000
8.968782631e+05|4.012530375e+09|4.492207215e+09|5.017024331e+09|1.000000|0.000000|1.000000
8.998880982e+05|3.983763171e+09|4.471253686e+09|5.005617005e+09|1.000000|0.000000|1.000000
9.028828742e+05|3.955139897e+09|4.450381838e+09|4.994266753e+09|1.000000|0.000000|1.000000
9.058087991e+05|3.927174685e+09|4.429968465e+09|4.983177448e+09|1.000000|0.000000|1.000000
9.083543205e+05|3.902845267e+09|4.412192587e+09|4.973529879e+09|1.000000|0.000000|1.000000
9.110408935e+05|3.877167716e+09|4.393415788e+09|4.963347722e+09|1.000000|0.000000|1.000000
9.138225665e+05|3.850581225e+09|4.373957832e+09|4.952805134e+09|1.000000|0.000000|1.000000
9.166203723e+05|3.823840541e+09|4.354370899e+09|4.942201402e+09|1.000000|0.000000|1.000000
9.195400966e+05|3.795934592e+09|4.333914072e+09|4.931135598e+09|1.000000|0.000000|1.000000
9.226029828e+05|3.766660339e+09|4.312437238e+09|4.919527207e+09|1.000000|0.000000|1.000000
9.258632174e+05|3.735499883e+09|4.289558733e+09|4.907170863e+09|1.000000|0.000000|1.000000
9.291945230e+05|3.703660149e+09|4.266163804e+09|4.894545158e+09|1.000000|0.000000|1.000000
9.321580461e+05|3.675335583e+09|4.245337835e+09|4.883313355e+09|1.000000|0.000000|1.000000
9.350023104e+05|3.648150861e+09|4.225338632e+09|4.872533545e+09|1.000000|0.000000|1.000000
9.375425739e+05|3.623871697e+09|4.207468355e+09|4.862905903e+09|1.000000|0.000000|1.000000
9.401749846e+05|3.598711814e+09|4.188941965e+09|4.852929022e+09|1.000000|0.000000|1.000000
9.430283429e+05|3.571440174e+09|4.168852365e+09|4.842114746e+09|1.000000|0.000000|1.000000
9.456039115e+05|3.546823574e+09|4.150711997e+09|4.832353297e+09|1.000000|0.000000|1.000000
9.483361554e+05|3.520709512e+09|4.131462072e+09|4.821998046e+09|1.000000|0.000000|1.000000
9.515436384e+05|3.490053243e+09|4.108857007e+09|4.809841631e+09|1.000000|0.000000|1.000000
9.542590811e+05|3.464099763e+09|4.089714796e+09|4.799550058e+09|1.000000|0.000000|1.000000
9.571440531e+05|3.436525966e+09|4.069373605e+09|4.788615964e+09|1.000000|0.000000|1.000000
9.605463802e+05|3.404007428e+09|4.045380834e+09|4.775721087e+09|1.000000|0.000000|1.000000
9.639946275e+05|3.371049997e+09|4.021061585e+09|4.762652171e+09|1.000000|0.000000|1.000000
9.669727949e+05|3.342585464e+09|4.000056799e+09|4.751364867e+09|1.000000|0.000000|1.000000
9.696619825e+05|3.316882923e+09|3.981090470e+09|4.741172800e+09|1.000000|0.000000|1.000000
9.725482547e+05|3.289296700e+09|3.960735435e+09|4.730233779e+09|1.000000|0.000000|1.000000
9.751191955e+05|3.264724331e+09|3.942606172e+09|4.720489870e+09|1.000000|0.000000|1.000000
9.773726273e+05|3.243186629e+09|3.926717960e+09|4.711949325e+09|1.000000|0.000000|1.000000
9.797465437e+05|3.220497367e+09|3.909982944e+09|4.702952142e+09|1.000000|0.000000|1.000000
9.822602757e+05|3.196471785e+09|3.892265939e+09|4.693425055e+09|1.000000|0.000000|1.000000
9.846338289e+05|3.173785994e+09|3.875540980e+09|4.684429248e+09|1.000000|0.000000|1.000000
9.875012602e+05|3.146379847e+09|3.855342072e+09|4.673561635e+09|1.000000|0.000000|1.000000
9.903945488e+05|3.118726563e+09|3.834968784e+09|4.662596022e+09|1.000000|0.000000|1.000000
9.937063986e+05|3.087072783e+09|3.811659124e+09|4.650044055e+09|1.000000|0.000000|1.000000
9.966080883e+05|3.059339204e+09|3.791247108e+09|4.639046602e+09|1.000000|0.000000|1.000000
9.994746972e+05|3.031940917e+09|3.771092927e+09|4.628182105e+09|1.000000|0.000000|1.000000
1.001933479e+06|3.008440537e+09|3.753815614e+09|4.618863281e+09|1.000000|0.000000|1.000000
1.004497230e+06|2.983936888e+09|3.735810885e+09|4.609146623e+09|1.000000|0.000000|1.000000
1.007098106e+06|2.959078399e+09|3.717556826e+09|4.599289255e+09|1.000000|0.000000|1.000000
1.009885970e+06|2.932432739e+09|3.698004077e+09|4.588723205e+09|1.000000|0.000000|1.000000
1.012067337e+06|2.911583811e+09|3.682715496e+09|4.580455786e+09|1.000000|0.000000|1.000000
1.014059508e+06|2.892543171e+09|3.668761433e+09|4.572905425e+09|1.000000|0.000000|1.000000
1.016268999e+06|2.871425443e+09|3.653295107e+09|4.564531416e+09|1.000000|0.000000|1.000000
1.018550859e+06|2.849616035e+09|3.637333703e+09|4.555883130e+09|1.000000|0.000000|1.000000
1.021139057e+06|2.824878725e+09|3.619244330e+09|4.546073815e+09|1.000000|0.000000|1.000000
1.023417641e+06|2.803100621e+09|3.603332585e+09|4.537437942e+09|1.000000|0.000000|1.000000
1.026884645e+06|2.769963916e+09|3.579147795e+09|4.524297937e+09|1.000000|0.000000|1.000000
1.031364599e+06|2.727145713e+09|3.547946155e+09|4.507318838e+09|1.000000|0.000000|1.000000
1.036158897e+06|2.681323084e+09|3.514621165e+09|4.489148366e+09|1.000000|0.000000|1.000000
1.040639063e+06|2.638502851e+09|3.483545986e+09|4.472168462e+09|1.000000|0.000000|1.000000
1.043902565e+06|2.607311163e+09|3.460952693e+09|4.459799733e+09|1.000000|0.000000|1.000000
1.047356558e+06|2.574298813e+09|3.437082158e+09|4.446709040e+09|1.000000|0.000000|1.000000
1.050476308e+06|2.544481071e+09|3.415559961e+09|4.434885134e+09|1.000000|0.000000|1.000000
1.052923009e+06|2.521096159e+09|3.398707442e+09|4.425612099e+09|1.000000|0.000000|1.000000
1.055465089e+06|2.496799631e+09|3.381223511e+09|4.415977571e+09|1.000000|0.000000|1.000000
1.058100707e+06|2.471609090e+09|3.363124615e+09|4.405988532e+09|1.000000|0.000000|1.000000
1.060731949e+06|2.446460386e+09|3.345085508e+09|4.396016083e+09|1.000000|0.000000|1.000000
1.064800938e+06|2.407570063e+09|3.317250226e+09|4.380594544e+09|1.000000|0.000000|1.000000
1.069571923e+06|2.361970257e+09|3.284710690e+09|4.362512430e+09|1.000000|0.000000|1.000000
1.075436007e+06|2.305922903e+09|3.244868707e+09|4.340287453e+09|1.000000|0.000000|1.000000
1.080834367e+06|2.254326812e+09|3.208348439e+09|4.319827577e+09|1.000000|0.000000|1.000000
1.086496843e+06|2.200206366e+09|3.170212968e+09|4.298366695e+09|1.000000|0.000000|1.000000
1.092566812e+06|2.142191220e+09|3.129539070e+09|4.275361411e+09|1.000000|0.000000|1.000000
1.098560625e+06|2.084903948e+09|3.089596102e+09|4.252644758e+09|1.000000|0.000000|1.000000
1.103780714e+06|2.035011724e+09|3.054997056e+09|4.232860532e+09|1.000000|0.000000|1.000000
1.107390131e+06|2.000513873e+09|3.031180209e+09|4.219180780e+09|1.000000|0.000000|1.000000
1.110626813e+06|1.969578524e+09|3.009899435e+09|4.206913699e+09|1.000000|0.000000|1.000000
1.113722552e+06|1.939990276e+09|2.989614902e+09|4.195180797e+09|1.000000|0.000000|1.000000
1.116875220e+06|1.909857915e+09|2.969028988e+09|4.183232132e+09|1.000000|0.000000|1.000000
1.119737385e+06|1.882502098e+09|2.950404045e+09|4.172384477e+09|1.000000|0.000000|1.000000
1.122775955e+06|1.853460257e+09|2.930699465e+09|4.160868246e+09|1.000000|0.000000|1.000000
1.125926184e+06|1.823351202e+09|2.910346708e+09|4.148928824e+09|1.000000|0.000000|1.000000
1.129252824e+06|1.791556069e+09|2.888940074e+09|4.136320805e+09|1.000000|0.000000|1.000000
1.133121402e+06|1.754581223e+09|2.864159790e+09|4.121658826e+09|1.000000|0.000000|1.000000
1.137302814e+06|1.714616401e+09|2.837516818e+09|4.105811205e+09|1.000000|0.000000|1.000000
1.142178787e+06|1.668013142e+09|2.806639035e+09|4.087331183e+09|1.000000|0.000000|1.000000
1.146999170e+06|1.621941205e+09|2.776321546e+09|4.069061851e+09|1.000000|0.000000|1.000000
1.151045038e+06|1.583271874e+09|2.751040012e+09|4.053727943e+09|1.000000|0.000000|1.000000
1.154582873e+06|1.549458185e+09|2.729059527e+09|4.048314413e+09|1.000000|0.000000|2.000000
1.158446239e+06|1.512533163e+09|3.663908141e+09|4.015619147e+09|1.000000|3.000000|2.000000
1.161863740e+06|1.479869592e+09|3.634257269e+09|3.986697183e+09|1.000000|3.000000|2.000000
1.164628917e+06|1.453440763e+09|3.610352077e+09|3.963295773e+09|1.000000|3.000000|2.000000
1.166902311e+06|1.431712269e+09|3.590758159e+09|3.943422787e+09|1.000000|3.000000|3.000000
1.169428906e+06|1.407563744e+09|3.569047211e+09|3.921805405e+09|1.000000|3.000000|3.000000
1.172058468e+06|1.382431092e+09|3.546526569e+09|3.899287979e+09|1.000000|3.000000|3.000000
1.174632540e+06|1.357828798e+09|3.524557494e+09|3.877231195e+09|1.000000|3.000000|3.000000
1.177550018e+06|1.329944316e+09|3.499751454e+09|3.852219761e+09|1.000000|3.000000|3.000000
1.180631498e+06|1.300492351e+09|3.473662472e+09|3.825794793e+09|1.000000|3.000000|3.000000
1.184708763e+06|1.261522935e+09|3.439324450e+09|3.790830165e+09|1.000000|3.000000|3.000000
1.188414570e+06|1.226103817e+09|3.408300080e+09|3.759062599e+09|1.000000|3.000000|3.000000
1.192189613e+06|1.190022954e+09|3.376883315e+09|3.726725064e+09|1.000000|3.000000|3.000000
1.196132993e+06|1.152333177e+09|3.344273374e+09|3.692983532e+09|1.000000|3.000000|3.000000
1.200219194e+06|1.113278351e+09|3.310712692e+09|3.658074556e+09|1.000000|3.000000|3.000000
1.203674314e+06|1.080255238e+09|3.282522829e+09|3.628610609e+09|1.000000|3.000000|3.000000
1.206509852e+06|1.053153921e+09|3.259519306e+09|3.604473084e+09|1.000000|3.000000|3.000000
1.209364695e+06|1.025868085e+09|3.236480869e+09|3.580215076e+09|1.000000|3.000000|3.000000
1.211988171e+06|1.000793605e+09|3.215418921e+09|3.557965628e+09|1.000000|3.000000|3.000000
1.214848840e+06|9.734520903e+08|3.192573877e+09|3.533755105e+09|1.000000|3.000000|3.000000
1.217811363e+06|9.451370806e+08|3.169050579e+09|3.508742556e+09|1.000000|3.000000|3.000000
1.222309613e+06|9.021440018e+08|3.133600444e+09|3.470890796e+09|1.000000|3.000000|3.000000
1.226593735e+06|8.611974990e+08|3.100142794e+09|3.434995776e+09|1.000000|3.000000|3.000000
1.231597718e+06|2.708033350e+09|3.061447267e+09|3.393278318e+09|3.000000|3.000000|3.000000
1.237004765e+06|2.669511271e+09|3.020108739e+09|3.348475526e+09|3.000000|3.000000|3.000000
1.242785681e+06|2.629527365e+09|2.976466593e+09|3.300917118e+09|3.000000|3.000000|3.000000
1.247573260e+06|2.597323443e+09|2.940764742e+09|3.261817792e+09|3.000000|3.000000|3.000000
1.252140511e+06|2.567345557e+09|2.907083834e+09|3.224774984e+09|3.000000|3.000000|3.000000
1.256466186e+06|2.539603947e+09|2.875528630e+09|3.189934394e+09|3.000000|3.000000|3.000000
1.260276246e+06|2.515679263e+09|2.848014837e+09|3.159450620e+09|3.000000|3.000000|3.000000
1.264091977e+06|2.492185599e+09|2.820725198e+09|3.129119725e+09|3.000000|3.000000|3.000000
1.267730344e+06|2.470208259e+09|2.794952871e+09|3.100389211e+09|3.000000|3.000000|3.000000
1.271650571e+06|2.446980392e+09|2.767457627e+09|3.069647260e+09|3.000000|3.000000|3.000000
1.275655856e+06|2.423720409e+09|2.739660662e+09|3.038474174e+09|3.000000|3.000000|3.000000
1.280228248e+06|2.397733782e+09|2.708294257e+09|3.003186781e+09|3.000000|3.000000|3.000000
1.284725144e+06|2.372748145e+09|2.677828578e+09|2.968801721e+09|3.000000|3.000000|3.000000
1.289350321e+06|2.347622902e+09|2.646891593e+09|2.933774958e+09|3.000000|3.000000|3.000000
1.294173122e+06|2.322023111e+09|2.615063836e+09|2.897626568e+09|3.000000|3.000000|3.000000
1.298330697e+06|2.300429546e+09|2.587980372e+09|2.866778029e+09|3.000000|3.000000|3.000000
1.302146429e+06|2.280986836e+09|2.563412866e+09|2.838726244e+09|3.000000|3.000000|3.000000
1.306333133e+06|2.260055139e+09|2.536775541e+09|2.808238419e+09|3.000000|3.000000|3.000000
1.310119619e+06|2.241475544e+09|2.512971827e+09|2.780931118e+09|3.000000|3.000000|3.000000
1.314004474e+06|2.222749771e+09|2.488833232e+09|2.753180483e+09|3.000000|3.000000|3.000000
1.318140684e+06|2.203175962e+09|2.463448221e+09|2.723934057e+09|3.000000|3.000000|3.000000
1.322882598e+06|2.181182189e+09|2.434745453e+09|2.690789493e+09|3.000000|3.000000|3.000000
1.326754105e+06|2.163567538e+09|2.411627126e+09|2.664036689e+09|3.000000|3.000000|3.000000
1.330398132e+06|2.147259803e+09|2.390125912e+09|2.639110897e+09|3.000000|3.000000|3.000000
1.334341380e+06|2.129901064e+09|2.367141000e+09|2.612419108e+09|3.000000|3.000000|3.000000
1.338396940e+06|2.112350518e+09|2.343805924e+09|2.585273476e+09|3.000000|3.000000|3.000000
1.342560537e+06|2.094641144e+09|2.320169098e+09|2.557729890e+09|3.000000|3.000000|3.000000
1.346371816e+06|2.078695413e+09|2.298815155e+09|2.532807289e+09|3.000000|3.000000|3.000000
1.350835263e+06|2.060332080e+09|2.274148974e+09|2.503974344e+09|3.000000|3.000000|3.000000
1.354716415e+06|2.044627665e+09|2.252998616e+09|2.479214631e+09|3.000000|3.000000|3.000000
1.358126920e+06|2.031022951e+09|2.234640402e+09|2.457697388e+09|3.000000|3.000000|3.000000
1.362442267e+06|2.014061715e+09|2.211714352e+09|2.430793712e+09|3.000000|3.000000|3.000000
1.366817720e+06|1.997142378e+09|2.188811769e+09|2.403883339e+09|3.000000|3.000000|3.000000
1.370881551e+06|1.981669253e+09|2.167846903e+09|2.379221597e+09|3.000000|3.000000|3.000000
1.375434687e+06|1.964598027e+09|2.144705294e+09|2.351970168e+09|3.000000|3.000000|3.000000
1.379715206e+06|1.948793979e+09|2.123280973e+09|2.326715896e+09|3.000000|3.000000|3.000000
1.383723079e+06|1.934203034e+09|2.103509688e+09|2.303390628e+09|3.000000|3.000000|3.000000
1.387215023e+06|1.921646905e+09|2.086508663e+09|2.283319979e+09|3.000000|3.000000|3.000000
1.390673794e+06|1.909348542e+09|2.069873801e+09|2.263670633e+09|3.000000|3.000000|3.000000
1.394837254e+06|1.894720481e+09|2.050117131e+09|2.240321300e+09|3.000000|3.000000|3.000000
1.398373599e+06|1.882440958e+09|2.033563214e+09|2.220748146e+09|3.000000|3.000000|3.000000
1.402124610e+06|1.869555974e+09|2.016229601e+09|2.200245814e+09|3.000000|3.000000|3.000000
1.406038317e+06|1.856259567e+09|1.998388345e+09|2.179136904e+09|3.000000|3.000000|3.000000
1.410014394e+06|1.842898947e+09|1.980514858e+09|2.157985419e+09|3.000000|3.000000|3.000000
1.414310995e+06|1.828621069e+09|1.961482173e+09|2.135459426e+09|3.000000|3.000000|3.000000
1.418373043e+06|1.815268128e+09|1.943753557e+09|2.114476463e+09|3.000000|3.000000|3.000000
1.422421608e+06|1.802093454e+09|1.926336170e+09|2.093863589e+09|3.000000|3.000000|3.000000
1.426479544e+06|1.789015983e+09|1.909127315e+09|2.073501279e+09|3.000000|3.000000|3.000000
1.430368880e+06|1.776595984e+09|1.892863503e+09|2.054262591e+09|3.000000|3.000000|3.000000
1.433942949e+06|1.765276484e+09|1.878113349e+09|2.036820614e+09|3.000000|3.000000|3.000000
1.437233398e+06|1.754930956e+09|1.864696508e+09|2.020961692e+09|3.000000|3.000000|3.000000
1.440497863e+06|1.744735652e+09|1.851537521e+09|2.005414676e+09|3.000000|3.000000|3.000000
1.443789074e+06|1.734522847e+09|1.838421558e+09|1.989926671e+09|3.000000|3.000000|3.000000
1.447978277e+06|1.721614676e+09|1.821942297e+09|1.970480535e+09|3.000000|3.000000|3.000000
1.452232634e+06|1.708604425e+09|1.805448803e+09|1.951034899e+09|3.000000|3.000000|3.000000
1.456129612e+06|1.696769085e+09|1.790550380e+09|1.933486874e+09|3.000000|3.000000|3.000000
1.460359191e+06|1.684006802e+09|1.774602200e+09|1.914722685e+09|3.000000|3.000000|3.000000
1.464366808e+06|1.671989086e+09|1.759699251e+09|1.897209468e+09|3.000000|3.000000|3.000000
1.468573126e+06|1.659448533e+09|1.744270256e+09|1.879102014e+09|3.000000|3.000000|3.000000
1.471807161e+06|1.649854257e+09|1.732552553e+09|1.865367929e+09|3.000000|3.000000|3.000000
1.475478185e+06|1.639010401e+09|1.719400740e+09|1.849972815e+09|3.000000|3.000000|3.000000
1.479210813e+06|1.628032281e+09|1.706187261e+09|1.834528284e+09|3.000000|3.000000|3.000000
1.482580619e+06|1.618159740e+09|1.694392693e+09|1.820762923e+09|3.000000|3.000000|3.000000
1.486035109e+06|1.608074327e+09|1.682431106e+09|1.806823905e+09|3.000000|3.000000|3.000000
1.489503210e+06|1.597982468e+09|1.670551020e+09|1.793002385e+09|3.000000|3.000000|3.000000
1.493229026e+06|1.587174958e+09|1.657928102e+09|1.778342741e+09|3.000000|3.000000|3.000000
1.497178844e+06|1.575753119e+09|1.644700272e+09|1.763011192e+09|3.000000|3.000000|3.000000
1.500947911e+06|1.564884787e+09|1.632221258e+09|1.748577965e+09|3.000000|3.000000|3.000000
1.504804139e+06|1.553793123e+09|1.619594272e+09|1.734005353e+09|3.000000|3.000000|3.000000
1.509026347e+06|1.541677659e+09|1.605926745e+09|1.718269838e+09|3.000000|3.000000|3.000000
1.513218028e+06|1.529675904e+09|1.592515576e+09|1.702869890e+09|3.000000|3.000000|3.000000
1.517090362e+06|1.518608437e+09|1.580260591e+09|1.688834347e+09|3.000000|3.000000|3.000000
1.520524588e+06|1.508806818e+09|1.569496344e+09|1.676536378e+09|3.000000|3.000000|3.000000
1.524046038e+06|1.498767562e+09|1.558556938e+09|1.664068407e+09|3.000000|3.000000|3.000000
1.527374453e+06|1.489287403e+09|1.548305537e+09|1.652413093e+09|3.000000|3.000000|3.000000
1.530581911e+06|1.480158301e+09|1.538505112e+09|1.641297145e+09|3.000000|3.000000|3.000000
1.533601019e+06|1.471569889e+09|1.529348142e+09|1.630935227e+09|3.000000|3.000000|3.000000
1.536957703e+06|1.462025030e+09|1.519241936e+09|1.619527049e+09|3.000000|3.000000|3.000000
1.540599004e+06|1.451673769e+09|1.508364291e+09|1.607281616e+09|3.000000|3.000000|3.000000
1.544261535e+06|1.441263422e+09|1.497509181e+09|1.595097163e+09|3.000000|3.000000|3.000000
1.547673436e+06|1.431565032e+09|1.487471020e+09|1.583862144e+09|3.000000|3.000000|3.000000
1.551507948e+06|1.420663106e+09|1.476270821e+09|1.571364172e+09|3.000000|3.000000|3.000000
1.555708919e+06|1.408714404e+09|1.464093932e+09|1.557822361e+09|3.000000|3.000000|3.000000
1.559408667e+06|1.398185255e+09|1.453446502e+09|1.546021520e+09|3.000000|3.000000|3.000000
1.563521855e+06|1.386470873e+09|1.441688408e+09|1.533033922e+09|3.000000|3.000000|3.000000
1.567416756e+06|1.375368059e+09|1.430626388e+09|1.520858195e+09|3.000000|3.000000|3.000000
1.571034593e+06|1.365044784e+09|1.420409954e+09|1.509650694e+09|3.000000|3.000000|3.000000
1.574111763e+06|1.356255547e+09|1.411761975e+09|1.500192210e+09|3.000000|3.000000|3.000000
1.577468398e+06|1.346658044e+09|1.402369472e+09|1.489949146e+09|3.000000|3.000000|3.000000
1.580743302e+06|1.337283316e+09|1.393244080e+09|1.480027172e+09|3.000000|3.000000|3.000000
1.584123609e+06|1.327594712e+09|1.383861902e+09|1.469856722e+09|3.000000|3.000000|3.000000
1.587432171e+06|1.318099016e+09|1.374712385e+09|1.459968535e+09|3.000000|3.000000|3.000000
1.591076814e+06|1.307623306e+09|1.364668569e+09|1.449148020e+09|3.000000|3.000000|3.000000
1.594404356e+06|1.298044143e+09|1.355527775e+09|1.439331385e+09|3.000000|3.000000|3.000000
1.597519302e+06|1.289063520e+09|1.346993710e+09|1.430192929e+09|3.000000|3.000000|3.000000
1.601033958e+06|1.278914218e+09|1.337388091e+09|1.419937581e+09|3.000000|3.000000|3.000000
1.604998696e+06|1.267443681e+09|1.326578531e+09|1.408435247e+09|3.000000|3.000000|3.000000
1.609027182e+06|1.255764461e+09|1.315619104e+09|1.396814501e+09|3.000000|3.000000|3.000000
1.612596627e+06|1.245394965e+09|1.305924924e+09|1.386569352e+09|3.000000|3.000000|3.000000
1.615902051e+06|1.235774296e+09|1.296958657e+09|1.377121487e+09|3.000000|3.000000|3.000000
1.619409829e+06|1.225545102e+09|1.287452036e+09|1.367133156e+09|3.000000|3.000000|3.000000
1.623036644e+06|1.214947170e+09|1.277628978e+09|1.356843043e+09|3.000000|3.000000|3.000000
1.626199171e+06|1.205687686e+09|1.269066047e+09|1.347897910e+09|3.000000|3.000000|3.000000
1.629364974e+06|1.196401324e+09|1.260494472e+09|1.338966514e+09|3.000000|3.000000|3.000000
1.632691473e+06|1.186624721e+09|1.251485765e+09|1.329603631e+09|3.000000|3.000000|3.000000
1.635715629e+06|1.177719754e+09|1.243292064e+09|1.321108636e+09|3.000000|3.000000|3.000000
1.639130682e+06|1.167644154e+09|1.234032630e+09|1.311531977e+09|3.000000|3.000000|3.000000
1.642377003e+06|1.158046968e+09|1.225221979e+09|1.302441736e+09|3.000000|3.000000|3.000000
1.646162817e+06|1.146830831e+09|1.214933536e+09|1.291853382e+09|3.000000|3.000000|3.000000
1.649792316e+06|1.136053400e+09|1.205053269e+09|1.281711078e+09|3.000000|3.000000|3.000000
1.653372078e+06|1.125400197e+09|1.195289644e+09|1.271712520e+09|3.000000|3.000000|3.000000
1.656364981e+06|1.116475564e+09|1.187110415e+09|1.263354128e+09|3.000000|3.000000|3.000000
1.660014995e+06|1.105569428e+09|1.177113026e+09|1.253158680e+09|3.000000|3.000000|3.000000
1.663481678e+06|1.095188705e+09|1.167592725e+09|1.243470228e+09|3.000000|3.000000|3.000000
1.666626587e+06|1.085752731e+09|1.158933051e+09|1.234674112e+09|3.000000|3.000000|3.000000
1.670170386e+06|1.075098629e+09|1.149146625e+09|1.224751472e+09|3.000000|3.000000|3.000000
1.673476048e+06|1.065140259e+09|1.139988781e+09|1.215482543e+09|3.000000|3.000000|3.000000
1.676740958e+06|1.055285671e+09|1.130914504e+09|1.206312941e+09|3.000000|3.000000|3.000000
1.680158839e+06|1.044949344e+09|1.121381992e+09|1.196695176e+09|3.000000|3.000000|3.000000
1.683409538e+06|1.035099817e+09|1.112282676e+09|1.187527827e+09|3.000000|3.000000|3.000000
1.686563105e+06|1.025527305e+09|1.103422925e+09|1.178613549e+09|3.000000|3.000000|3.000000
1.690032280e+06|1.014977381e+09|1.093638060e+09|1.168780962e+09|3.000000|3.000000|3.000000
1.693683233e+06|1.003853059e+09|1.083295110e+09|1.158400737e+09|3.000000|3.000000|3.000000
1.697019112e+06|9.936697364e+08|1.073802409e+09|1.148884740e+09|3.000000|3.000000|3.000000
1.700117079e+06|9.841967180e+08|1.064949202e+09|1.140018400e+09|3.000000|3.000000|3.000000
1.703343452e+06|9.743150424e+08|1.055689412e+09|1.130752951e+09|3.000000|3.000000|3.000000
1.706862162e+06|9.635197758e+08|1.045543116e+09|1.120609001e+09|3.000000|3.000000|3.000000
1.710153413e+06|9.534055382e+08|1.036006581e+09|1.111081922e+09|3.000000|3.000000|3.000000
1.713468157e+06|9.432031146e+08|1.026355729e+09|1.101446921e+09|3.000000|3.000000|3.000000
1.716548989e+06|9.337066402e+08|1.017343332e+09|1.092454291e+09|3.000000|3.000000|3.000000
1.719407116e+06|9.248848992e+08|1.008944984e+09|1.084078079e+09|3.000000|3.000000|3.000000
1.722840537e+06|9.142729873e+08|9.988076489e+08|1.073971472e+09|3.000000|3.000000|3.000000
1.726127521e+06|9.040993299e+08|9.890521615e+08|1.064248912e+09|3.000000|3.000000|3.000000
1.729225733e+06|8.944975456e+08|9.798109432e+08|1.055041213e+09|3.000000|3.000000|3.000000
1.732601668e+06|8.840218724e+08|9.696897825e+08|1.044958598e+09|3.000000|3.000000|3.000000
1.736014353e+06|8.734187541e+08|9.594030600e+08|1.034712215e+09|3.000000|3.000000|3.000000
1.738949700e+06|8.642883889e+08|9.505100938e+08|1.025854446e+09|3.000000|3.000000|3.000000
1.742258983e+06|8.539839749e+08|9.404337654e+08|1.015817694e+09|3.000000|3.000000|3.000000
1.745830191e+06|8.428516380e+08|9.294993623e+08|1.004925080e+09|3.000000|3.000000|3.000000
1.749352943e+06|8.318585088e+08|9.186512696e+08|9.941164291e+08|3.000000|3.000000|3.000000
1.752615765e+06|8.216666810e+08|9.085483166e+08|9.840476903e+08|3.000000|3.000000|3.000000
1.755967445e+06|8.111880837e+08|8.981146107e+08|9.736460924e+08|3.000000|3.000000|3.000000
1.758929071e+06|8.019216981e+08|8.888481084e+08|9.644048341e+08|3.000000|3.000000|3.000000
1.761814768e+06|7.928868112e+08|8.797766914e+08|9.553547065e+08|3.000000|3.000000|3.000000
1.764745879e+06|7.837040517e+08|8.705195809e+08|9.461154163e+08|3.000000|3.000000|3.000000
1.768126500e+06|7.731065377e+08|8.597891730e+08|9.354002015e+08|3.000000|3.000000|3.000000
1.771327025e+06|7.630677849e+08|8.495775983e+08|9.251971160e+08|3.000000|3.000000|3.000000
1.774451829e+06|7.532617060e+08|8.395582872e+08|9.151799916e+08|3.000000|3.000000|3.000000
1.777606208e+06|7.433585720e+08|8.293949972e+08|9.050122449e+08|3.000000|3.000000|3.000000
1.780920752e+06|7.329486738e+08|8.186628532e+08|8.942676111e+08|3.000000|3.000000|3.000000
1.784181682e+06|7.227039164e+08|8.080519860e+08|8.836360577e+08|3.000000|3.000000|3.000000
1.787069858e+06|7.136280952e+08|7.986111614e+08|8.741694876e+08|3.000000|3.000000|3.000000
1.790124865e+06|7.040264034e+08|7.885816973e+08|8.641047438e+08|3.000000|3.000000|3.000000
1.793250624e+06|6.942012053e+08|7.782744975e+08|8.537524144e+08|3.000000|3.000000|3.000000
1.796641155e+06|6.835431666e+08|7.670430638e+08|8.424611423e+08|3.000000|3.000000|3.000000
1.799941353e+06|6.731692440e+08|7.560607016e+08|8.314090984e+08|3.000000|3.000000|3.000000
1.802896761e+06|6.638798880e+08|7.461845894e+08|8.214605595e+08|3.000000|3.000000|3.000000
1.805805334e+06|6.547389638e+08|7.364278515e+08|8.116229099e+08|3.000000|3.000000|3.000000
1.808649629e+06|6.458017138e+08|7.268519150e+08|8.019582670e+08|3.000000|3.000000|3.000000
1.812180330e+06|6.347106869e+08|7.149184369e+08|7.899010047e+08|3.000000|3.000000|3.000000
1.815581316e+06|6.240310995e+08|7.033760743e+08|7.782245637e+08|3.000000|3.000000|3.000000
1.818415780e+06|6.151340488e+08|6.937221320e+08|7.684473692e+08|3.000000|3.000000|3.000000
1.821782455e+06|6.045713786e+08|6.822165637e+08|7.567813849e+08|3.000000|3.000000|3.000000
1.824561339e+06|5.958574197e+08|6.726891077e+08|7.471097331e+08|3.000000|3.000000|3.000000
1.827531866e+06|5.865476245e+08|6.624752525e+08|7.367296390e+08|3.000000|3.000000|3.000000
1.831005549e+06|5.756683329e+08|6.504947084e+08|7.245384426e+08|3.000000|3.000000|3.000000
1.834324346e+06|5.652823813e+08|6.390135236e+08|7.128392208e+08|3.000000|3.000000|3.000000
1.837262495e+06|5.560949881e+08|6.288225133e+08|7.024411817e+08|3.000000|3.000000|3.000000
1.840196744e+06|5.469272292e+08|6.186216837e+08|6.920202080e+08|3.000000|3.000000|3.000000
1.843232029e+06|5.374521760e+08|6.080467985e+08|6.812032573e+08|3.000000|3.000000|3.000000
1.845985471e+06|5.288647896e+08|5.984353547e+08|6.713593953e+08|3.000000|3.000000|3.000000
1.848802257e+06|5.200880472e+08|5.885861748e+08|6.612596232e+08|3.000000|3.000000|3.000000
1.852286365e+06|5.092441626e+08|5.763827995e+08|6.487280659e+08|3.000000|3.000000|3.000000
1.855827560e+06|4.982372071e+08|5.639589835e+08|6.359497232e+08|3.000000|3.000000|3.000000
1.858832346e+06|4.889097636e+08|5.534035016e+08|6.250766020e+08|3.000000|3.000000|3.000000
1.861593701e+06|4.803483653e+08|5.436942153e+08|6.150616328e+08|3.000000|3.000000|3.000000
1.864299955e+06|4.719678695e+08|5.341721388e+08|6.052270415e+08|3.000000|3.000000|3.000000
1.867366128e+06|4.624853482e+08|5.233780919e+08|5.940633067e+08|3.000000|3.000000|3.000000
1.870186443e+06|4.537754075e+08|5.134465039e+08|5.837769101e+08|3.000000|3.000000|3.000000
1.873280149e+06|4.442351694e+08|5.025514091e+08|5.724762167e+08|3.000000|3.000000|3.000000
1.876476872e+06|4.343932402e+08|4.912956541e+08|5.607832145e+08|3.000000|3.000000|3.000000
1.879259498e+06|4.258399239e+08|4.815022545e+08|5.505941099e+08|3.000000|3.000000|3.000000
1.882317016e+06|4.164568499e+08|4.707487961e+08|5.393895755e+08|3.000000|3.000000|3.000000
1.884931810e+06|4.084454611e+08|4.615608333e+08|5.298022822e+08|3.000000|3.000000|3.000000
1.887857209e+06|3.994970784e+08|4.512932041e+08|5.190730196e+08|3.000000|3.000000|3.000000
1.891438452e+06|3.885642754e+08|4.387445973e+08|5.059378721e+08|3.000000|3.000000|3.000000
1.894963481e+06|3.778271700e+08|4.264203602e+08|4.930132639e+08|3.000000|3.000000|3.000000
1.898110089e+06|3.682635304e+08|4.154464546e+08|4.814841420e+08|3.000000|3.000000|3.000000
1.901464324e+06|3.580910729e+08|4.037813293e+08|4.692071581e+08|3.000000|3.000000|3.000000
1.904926329e+06|3.476164985e+08|3.917820381e+08|4.565547668e+08|3.000000|3.000000|3.000000
1.908031675e+06|3.382429299e+08|3.810584869e+08|4.452268289e+08|3.000000|3.000000|3.000000
1.911412183e+06|3.280629088e+08|3.694322111e+08|4.329227651e+08|3.000000|3.000000|3.000000
1.914157848e+06|3.198135609e+08|3.600293343e+08|4.229542618e+08|3.000000|3.000000|3.000000
1.916765148e+06|3.119959272e+08|3.511364324e+08|4.135117822e+08|3.000000|3.000000|3.000000
1.918829154e+06|3.058185164e+08|3.441232862e+08|4.060550345e+08|3.000000|3.000000|3.000000
1.920886744e+06|2.996703232e+08|3.371568477e+08|3.986389161e+08|3.000000|3.000000|3.000000
1.923108260e+06|2.930436757e+08|3.296648429e+08|3.906531104e+08|3.000000|3.000000|3.000000
1.925431603e+06|2.861260684e+08|3.218639262e+08|3.823266239e+08|3.000000|3.000000|3.000000
1.928123477e+06|2.781277482e+08|3.128722867e+08|3.727144908e+08|3.000000|3.000000|3.000000
1.930554015e+06|2.709214115e+08|3.047990977e+08|3.640705140e+08|3.000000|3.000000|3.000000
1.933520277e+06|2.621468740e+08|2.950085077e+08|3.535699701e+08|3.000000|3.000000|3.000000
1.936949417e+06|2.520311275e+08|2.837804997e+08|3.415032283e+08|3.000000|3.000000|3.000000
1.940608360e+06|2.412711389e+08|2.719143490e+08|3.287213021e+08|3.000000|3.000000|3.000000
1.944209862e+06|2.307145283e+08|2.603578773e+08|3.162429441e+08|3.000000|3.000000|3.000000
1.948066036e+06|2.194498885e+08|2.481294938e+08|3.030055967e+08|3.000000|3.000000|3.000000
1.951752057e+06|2.087199839e+08|2.365906423e+08|2.904818167e+08|3.000000|3.000000|3.000000
1.955716625e+06|1.972208901e+08|2.243544331e+08|2.771647200e+08|3.000000|3.000000|3.000000
1.960003385e+06|1.848364511e+08|2.113411116e+08|2.629586308e+08|3.000000|3.000000|3.000000
1.964276205e+06|1.725436988e+08|1.986100277e+08|2.490150478e+08|3.000000|3.000000|3.000000
1.967700412e+06|1.627297889e+08|1.885911110e+08|2.380083477e+08|3.000000|3.000000|3.000000
1.970302628e+06|1.552941584e+08|1.810921986e+08|2.297496932e+08|3.000000|3.000000|3.000000
1.972494928e+06|1.490449393e+08|1.748546755e+08|2.228663014e+08|3.000000|3.000000|3.000000
1.974744152e+06|1.426478738e+08|1.685338897e+08|2.158775955e+08|3.000000|3.000000|3.000000
1.976723204e+06|1.370313229e+08|1.630402350e+08|2.097920129e+08|3.000000|3.000000|3.000000
1.978101348e+06|1.331268627e+08|1.592531440e+08|2.055904735e+08|3.000000|3.000000|3.000000
1.979656338e+06|1.287280082e+08|1.550188862e+08|2.008864486e+08|3.000000|3.000000|3.000000
1.981137731e+06|1.245439039e+08|1.510240546e+08|1.964420520e+08|3.000000|3.000000|3.000000
1.982550263e+06|1.205602525e+08|1.472510707e+08|1.922386231e+08|3.000000|3.000000|3.000000
1.984313882e+06|1.155946412e+08|1.425908605e+08|1.870386464e+08|3.000000|3.000000|3.000000
1.986036736e+06|1.107525897e+08|1.380937264e+08|1.820118366e+08|3.000000|3.000000|3.000000
1.988323775e+06|1.043383291e+08|1.322105177e+08|1.754220723e+08|3.000000|3.000000|3.000000
1.990727991e+06|9.761195693e+07|1.261352872e+08|1.686001739e+08|3.000000|3.000000|3.000000
1.993342063e+06|9.031769198e+07|1.196608963e+08|1.613098033e+08|3.000000|3.000000|3.000000
1.996538562e+06|8.142545721e+07|1.119359064e+08|1.525818482e+08|3.000000|3.000000|3.000000
1.999713374e+06|7.262317937e+07|1.044799354e+08|1.441249074e+08|3.000000|3.000000|3.000000
2.003230379e+06|6.290657200e+07|9.648225200e+07|1.350138777e+08|3.000000|3.000000|3.000000
2.006367052e+06|5.427116255e+07|8.959059081e+07|1.271263003e+08|3.000000|3.000000|3.000000
2.009442241e+06|4.583277990e+07|8.306293029e+07|1.196204788e+08|3.000000|3.000000|3.000000
2.012452802e+06|3.759824298e+07|7.689958373e+07|1.124987271e+08|3.000000|3.000000|3.000000
2.015401713e+06|2.955763094e+07|7.108755573e+07|1.057480194e+08|3.000000|3.000000|3.000000
2.018284414e+06|2.172160101e+07|6.562823583e+07|9.937202621e+07|3.000000|3.000000|3.000000
2.020975883e+06|1.442672733e+07|6.073541109e+07|9.362491059e+07|3.000000|3.000000|3.000000
2.022947168e+06|9.096798429e+06|5.728030557e+07|8.954548076e+07|3.000000|3.000000|3.000000
