#PHASE|Nmant|Nmant/Nmanttot|Mmant|Mmant/Mmanttot|RRRminmant|RRRminmantEq|RRRmaxmant|RRRmaxmantEq|Ncore|Ncore/Ncoretot|Mcore|Mcore/Mcoretot|RRRmincore|RRRmaxcore|
0.000000000e+00|0.000000000e+00|0.000000000e+00|0.000000000e+00|0.000000000e+00|inf|inf|-inf|inf|0.000000000e+00|0.000000000e+00|0.000000000e+00|0.000000000e+00|inf|-inf
1.000000000e+00|4.940600000e+04|3.562769970e-01|1.915075268e+22|3.568603724e-01|8.348305493e+05|9.190500111e+05|6.176913550e+07|inf|4.940600000e+04|0.000000000e+00|0.000000000e+00|0.000000000e+00|inf|-inf
2.000000000e+00|9.871000000e+03|7.118184506e-02|3.803913676e+21|7.088316965e-02|1.360823255e+06|1.637586337e+06|6.196624693e+07|inf|9.871000000e+03|0.000000000e+00|0.000000000e+00|0.000000000e+00|inf|-inf
3.000000000e+00|7.836400000e+04|5.650991902e-01|3.031216157e+22|5.648451236e-01|8.724943881e+05|9.223210376e+05|3.803607481e+07|inf|7.836400000e+04|0.000000000e+00|0.000000000e+00|0.000000000e+00|inf|-inf
4.000000000e+00|1.014000000e+03|7.312166031e-03|3.907956788e+20|7.282193750e-03|1.237323461e+06|1.237323461e+06|1.855666795e+06|inf|1.014000000e+03|9.940738342e-01|2.375418811e+22|9.941182894e-01|2.070150327e+04|1.863086108e+07
5.000000000e+00|1.800000000e+01|1.298017639e-04|6.930267969e+18|1.291405121e-04|1.571560371e+06|1.853416219e+06|1.267020525e+07|inf|1.800000000e+01|5.926165803e-03|1.405418863e+20|5.881710581e-03|1.159979064e+06|1.875531838e+07
6.000000000e+00|0.000000000e+00|0.000000000e+00|0.000000000e+00|0.000000000e+00|inf|inf|-inf|inf|0.000000000e+00|0.000000000e+00|0.000000000e+00|0.000000000e+00|inf|-inf
7.000000000e+00|0.000000000e+00|0.000000000e+00|0.000000000e+00|0.000000000e+00|inf|inf|-inf|inf|0.000000000e+00|0.000000000e+00|0.000000000e+00|0.000000000e+00|inf|-inf
8.000000000e+00|0.000000000e+00|0.000000000e+00|0.000000000e+00|0.000000000e+00|inf|inf|-inf|inf|0.000000000e+00|0.000000000e+00|0.000000000e+00|0.000000000e+00|inf|-inf
