#RRR|U50|U25|U75|Umean|T50|T25|T75|Tmean|P50|P25|P75|Pmean|rho50|rho25|rho75|Pmean|S
8.747141505e+04|1.785509233e+06|1.786526229e+06|1.787535323e+06|1.786702845e+06|2.576052595e+03|2.580634939e+03|2.585187146e+03|2.581398560e+03|8.193958225e+09|8.301504162e+09|8.409211233e+09|8.320105689e+09|6.569343384e+03|6.574609619e+03|6.579831177e+03|6.575480469e+03|1.985958280e+03
1.329927821e+05|1.784754649e+06|1.785818508e+06|1.786421476e+06|1.785646612e+06|2.572580688e+03|2.577445530e+03|2.580162691e+03|2.576607288e+03|8.112049737e+09|8.226549526e+09|8.290376812e+09|8.206933645e+09|6.565352173e+03|6.570946289e+03|6.574067627e+03|6.569978027e+03|1.985958280e+03
1.580001573e+05|1.784760730e+06|1.785578225e+06|1.786202302e+06|1.785455616e+06|2.572609301e+03|2.576363283e+03|2.579174798e+03|2.575722483e+03|8.112731034e+09|8.201219959e+09|8.267132333e+09|8.186101344e+09|6.565384521e+03|6.569700684e+03|6.572929932e+03|6.568961426e+03|1.985958280e+03
1.784756271e+05|1.784269403e+06|1.785007747e+06|1.785857550e+06|1.785007841e+06|2.570297912e+03|2.573771911e+03|2.577621404e+03|2.573672067e+03|8.057796249e+09|8.140460231e+09|8.230670821e+09|8.137711054e+09|6.562732422e+03|6.566721680e+03|6.571147583e+03|6.566605469e+03|1.985958280e+03
1.962858588e+05|1.783533680e+06|1.784328460e+06|1.785090055e+06|1.784375082e+06|2.566839481e+03|2.570575661e+03|2.574159103e+03|2.570745355e+03|7.976079896e+09|8.064384172e+09|8.149705954e+09|8.068696903e+09|6.558755615e+03|6.563051514e+03|6.567167847e+03|6.563241699e+03|1.985958280e+03
2.134030988e+05|1.782955617e+06|1.783877482e+06|1.784628113e+06|1.783716158e+06|2.564124431e+03|2.568455196e+03|2.571985280e+03|2.567656942e+03|7.912329758e+09|8.014184931e+09|8.097874496e+09|7.996064413e+09|6.555632446e+03|6.560611572e+03|6.564670532e+03|6.559689453e+03|1.985958280e+03
2.279365642e+05|1.782993512e+06|1.783798760e+06|1.784202533e+06|1.783566498e+06|2.564302354e+03|2.568085172e+03|2.569983441e+03|2.566967461e+03|7.916496233e+09|8.005446482e+09|8.050342177e+09|7.979672902e+09|6.555837769e+03|6.560190186e+03|6.562370850e+03|6.558897949e+03|1.985958280e+03
2.429595983e+05|1.782699918e+06|1.783332291e+06|1.783931604e+06|1.783267923e+06|2.562924093e+03|2.565893367e+03|2.568709608e+03|2.565556448e+03|7.884257863e+09|7.953824101e+09|8.020195699e+09|7.946560542e+09|6.554251831e+03|6.557668701e+03|6.560908325e+03|6.557274414e+03|1.985958280e+03
2.563813748e+05|1.781834167e+06|1.783063809e+06|1.783523552e+06|1.782706323e+06|2.558862882e+03|2.564632432e+03|2.566791890e+03|2.562895513e+03|7.789792552e+09|7.924230520e+09|7.974958666e+09|7.884140005e+09|6.549574463e+03|6.556214600e+03|6.558702881e+03|6.554211426e+03|1.985958280e+03
2.684188133e+05|1.781960504e+06|1.782491683e+06|1.783056576e+06|1.782416575e+06|2.559455246e+03|2.561946859e+03|2.564598471e+03|2.561566292e+03|7.803521765e+09|7.861454867e+09|7.923434448e+09|7.852928445e+09|6.550255981e+03|6.553123291e+03|6.556176270e+03|6.552683594e+03|1.985958280e+03
2.815107180e+05|1.781585565e+06|1.782208869e+06|1.782646410e+06|1.782035815e+06|2.557697518e+03|2.560620050e+03|2.562672962e+03|2.559752167e+03|7.762830264e+09|7.830568190e+09|7.878393552e+09|7.810476262e+09|6.548229492e+03|6.551596191e+03|6.553959351e+03|6.550595215e+03|1.985958280e+03
2.931166773e+05|1.780957909e+06|1.781817978e+06|1.782234604e+06|1.781417381e+06|2.554719176e+03|2.558786987e+03|2.560740762e+03|2.556795793e+03|7.693738554e+09|7.788035379e+09|7.833374476e+09|7.741488183e+09|6.544797607e+03|6.549485352e+03|6.551738159e+03|6.547188965e+03|1.985958280e+03
3.035419056e+05|1.780842081e+06|1.781423126e+06|1.781865100e+06|1.781237028e+06|2.554143256e+03|2.556936256e+03|2.559007905e+03|2.555965712e+03|7.680089039e+09|7.745252833e+09|7.793151650e+09|7.722238357e+09|6.544133179e+03|6.547351074e+03|6.549739624e+03|6.546232910e+03|1.985958280e+03
3.154826838e+05|1.780494374e+06|1.780958725e+06|1.781366478e+06|1.780845560e+06|2.552414966e+03|2.554723225e+03|2.556670816e+03|2.554080471e+03|7.639217194e+09|7.693832814e+09|7.739130342e+09|7.678308058e+09|6.542146729e+03|6.544801514e+03|6.547044434e+03|6.544060547e+03|1.985958280e+03
3.262768046e+05|1.779752045e+06|1.780454594e+06|1.780899312e+06|1.780242618e+06|2.548727990e+03|2.552217290e+03|2.554427804e+03|2.551130123e+03|7.552444794e+09|7.634550492e+09|7.686830293e+09|7.609205167e+09|6.537894409e+03|6.541916504e+03|6.544462280e+03|6.540661133e+03|1.985958280e+03
3.353443465e+05|1.779296735e+06|1.780251891e+06|1.780644239e+06|1.779813841e+06|2.546468602e+03|2.551210191e+03|2.553159775e+03|2.549017564e+03|7.499496830e+09|7.610800676e+09|7.656815491e+09|7.559875149e+09|6.535290527e+03|6.540754150e+03|6.543000000e+03|6.538224609e+03|1.985958280e+03
3.458597607e+05|1.779132267e+06|1.779780098e+06|1.780310465e+06|1.779603540e+06|2.545652587e+03|2.548867246e+03|2.551501180e+03|2.547982142e+03|7.480394217e+09|7.555714567e+09|7.617658441e+09|7.535448163e+09|6.534347534e+03|6.538054932e+03|6.541093384e+03|6.537031738e+03|1.985958280e+03
3.563218674e+05|1.778380164e+06|1.779381405e+06|1.779909474e+06|1.779004518e+06|2.541924130e+03|2.546888513e+03|2.549509583e+03|2.544981027e+03|7.393685582e+09|7.509293525e+09|7.570793691e+09|7.465353627e+09|6.530045532e+03|6.535772949e+03|6.538797119e+03|6.533568848e+03|1.985958280e+03
3.655740025e+05|1.778146677e+06|1.779015470e+06|1.779396109e+06|1.778701212e+06|2.540767434e+03|2.545073324e+03|2.546961473e+03|2.543482313e+03|7.366929553e+09|7.466876143e+09|7.511002082e+09|7.430287803e+09|6.528712158e+03|6.533680664e+03|6.535859863e+03|6.531839844e+03|1.985958280e+03
3.744139556e+05|1.777925464e+06|1.778638179e+06|1.779052223e+06|1.778300743e+06|2.539671893e+03|2.543202766e+03|2.545255595e+03|2.541479470e+03|7.341651354e+09|7.423341161e+09|7.471127810e+09|7.383635342e+09|6.527447510e+03|6.531522705e+03|6.533889526e+03|6.529529297e+03|1.985958280e+03
3.836505274e+05|1.777857445e+06|1.778272397e+06|1.778770739e+06|1.778032987e+06|2.539335104e+03|2.541390204e+03|2.543859869e+03|2.540152890e+03|7.333892496e+09|7.381326465e+09|7.438614139e+09|7.352768849e+09|6.527057739e+03|6.529430908e+03|6.532282227e+03|6.527997559e+03|1.985958280e+03
3.936018055e+05|1.776386591e+06|1.777404510e+06|1.778276751e+06|1.777250821e+06|2.531840967e+03|2.537093239e+03|2.541411777e+03|2.536201646e+03|7.159460010e+09|7.282392969e+09|7.381825918e+09|7.261173932e+09|6.518397827e+03|6.524465088e+03|6.529453247e+03|6.523431641e+03|1.985958280e+03
4.015099026e+05|1.776911592e+06|1.777553572e+06|1.778048719e+06|1.777216016e+06|2.534564422e+03|2.537830882e+03|2.540282264e+03|2.536028665e+03|7.223241954e+09|7.299309528e+09|7.355727230e+09|7.257292633e+09|6.521545776e+03|6.525317627e+03|6.528147095e+03|6.523231934e+03|1.985958280e+03
4.090106007e+05|1.776066842e+06|1.777117069e+06|1.777638988e+06|1.776815837e+06|2.530183305e+03|2.535630916e+03|2.538253643e+03|2.534018506e+03|7.120837367e+09|7.248328715e+09|7.309017386e+09|7.210575004e+09|6.516480591e+03|6.522774170e+03|6.525806641e+03|6.520910156e+03|1.985958280e+03
4.173715694e+05|1.775913340e+06|1.776802117e+06|1.777332432e+06|1.776556535e+06|2.529387790e+03|2.533996343e+03|2.536736605e+03|2.532694437e+03|7.102354489e+09|7.209903893e+09|7.274223707e+09|7.179874200e+09|6.515559814e+03|6.520886963e+03|6.524051392e+03|6.519381348e+03|1.985958280e+03
4.263327587e+05|1.775458621e+06|1.776334203e+06|1.776775917e+06|1.775866006e+06|2.527032294e+03|2.531569319e+03|2.533860400e+03|2.529106936e+03|7.047831362e+09|7.153120188e+09|7.206714760e+09|7.096778638e+09|6.512837769e+03|6.518081787e+03|6.520729736e+03|6.515231934e+03|1.985958280e+03
4.343763856e+05|1.774991060e+06|1.776013685e+06|1.776519123e+06|1.775545240e+06|2.524611943e+03|2.529907800e+03|2.532528280e+03|2.527433893e+03|6.992121332e+09|7.114431997e+09|7.175517975e+09|7.057901175e+09|6.510039062e+03|6.516163574e+03|6.519192261e+03|6.513296875e+03|1.985958280e+03
4.413328729e+05|1.774464035e+06|1.775666782e+06|1.776092512e+06|1.775206014e+06|2.521885786e+03|2.528110394e+03|2.530316357e+03|2.525675640e+03|6.929751583e+09|7.072748951e+09|7.123931202e+09|7.017164628e+09|6.506879028e+03|6.514083984e+03|6.516637817e+03|6.511264160e+03|1.985958280e+03
4.484152942e+05|1.774593315e+06|1.775367639e+06|1.775791224e+06|1.774965414e+06|2.522554319e+03|2.526561190e+03|2.528755056e+03|2.524402203e+03|6.945009077e+09|7.036962809e+09|7.087678837e+09|6.987620927e+09|6.507653564e+03|6.512292969e+03|6.514832397e+03|6.509789551e+03|1.985958280e+03
4.562597436e+05|1.773647209e+06|1.774921351e+06|1.775386042e+06|1.774478357e+06|2.517660214e+03|2.524251237e+03|2.526656478e+03|2.521848108e+03|6.833809958e+09|6.983846167e+09|7.039160200e+09|6.928767087e+09|6.501984375e+03|6.509619873e+03|6.512401489e+03|6.506833984e+03|1.985958280e+03
4.646284350e+05|1.773046795e+06|1.774582952e+06|1.775075543e+06|1.773992125e+06|2.514346435e+03|2.522500725e+03|2.525049150e+03|2.519255989e+03|6.756393777e+09|6.943785357e+09|7.002160809e+09|6.869175504e+09|6.498145874e+03|6.507595215e+03|6.510545166e+03|6.503831055e+03|1.985958280e+03
4.716925553e+05|1.772842493e+06|1.773922405e+06|1.774627775e+06|1.773430046e+06|2.513217829e+03|2.519086301e+03|2.522732549e+03|2.516253189e+03|6.730077936e+09|6.866121869e+09|6.949082827e+09|6.800330264e+09|6.496841919e+03|6.503638672e+03|6.507861816e+03|6.500350586e+03|1.985958280e+03
4.782545570e+05|1.772905911e+06|1.774013571e+06|1.774575180e+06|1.773536581e+06|2.513568112e+03|2.519557351e+03|2.522460531e+03|2.516854766e+03|6.738242819e+09|6.876798912e+09|6.942867825e+09|6.814172352e+09|6.497246826e+03|6.504185059e+03|6.507549683e+03|6.501048340e+03|1.985958280e+03
4.846864166e+05|1.772320224e+06|1.773597367e+06|1.774026522e+06|1.772969998e+06|2.510334395e+03|2.517389796e+03|2.519624268e+03|2.513803374e+03|6.663120162e+09|6.827531692e+09|6.878316674e+09|6.744247067e+09|6.493496460e+03|6.501670654e+03|6.504259277e+03|6.497512695e+03|1.985958280e+03
4.924654952e+05|1.771371195e+06|1.773074393e+06|1.773800425e+06|1.772315413e+06|2.505101161e+03|2.514498937e+03|2.518456144e+03|2.510162422e+03|6.542847351e+09|6.759950081e+09|6.851857236e+09|6.660645795e+09|6.487430542e+03|6.498324219e+03|6.502906250e+03|6.493285645e+03|1.985958280e+03
5.002092754e+05|1.771838994e+06|1.772861857e+06|1.773392759e+06|1.772388928e+06|2.507679732e+03|2.513324770e+03|2.516258475e+03|2.510645190e+03|6.601909984e+09|6.732568412e+09|6.801033666e+09|6.671475598e+09|6.490421997e+03|6.496966553e+03|6.500362427e+03|6.493851074e+03|1.985958280e+03
5.071384484e+05|1.770935434e+06|1.772300382e+06|1.773042438e+06|1.771701378e+06|2.502700923e+03|2.510224897e+03|2.514322361e+03|2.506762935e+03|6.488210562e+09|6.660587312e+09|6.755833087e+09|6.582330782e+09|6.484640869e+03|6.493371582e+03|6.498119751e+03|6.489341797e+03|1.985958280e+03
5.131337501e+05|1.770865800e+06|1.772352650e+06|1.772820708e+06|1.771540355e+06|2.502317541e+03|2.510513339e+03|2.513097493e+03|2.505893140e+03|6.479517053e+09|6.667260573e+09|6.727271511e+09|6.562235052e+09|6.484199341e+03|6.493707764e+03|6.496699951e+03|6.488335449e+03|1.985958280e+03
5.190626548e+05|1.769961737e+06|1.771638942e+06|1.772381205e+06|1.770987967e+06|2.497261038e+03|2.506576754e+03|2.510670957e+03|2.502846944e+03|6.364288026e+09|6.576594614e+09|6.670913477e+09|6.492164294e+09|6.478322998e+03|6.489142090e+03|6.493890747e+03|6.484801758e+03|1.985958280e+03
5.259666152e+05|1.770745156e+06|1.771832461e+06|1.772278362e+06|1.771159192e+06|2.501653409e+03|2.507643691e+03|2.510103379e+03|2.503812277e+03|6.464476124e+09|6.601078343e+09|6.657776226e+09|6.514091017e+09|6.483427124e+03|6.490378174e+03|6.493229492e+03|6.485924316e+03|1.985958280e+03
5.331271397e+05|1.769709492e+06|1.771306137e+06|1.771803190e+06|1.770583264e+06|2.495799721e+03|2.504742686e+03|2.507482288e+03|2.500502913e+03|6.330451210e+09|6.534662448e+09|6.597370223e+09|6.438475519e+09|6.476625366e+03|6.487013672e+03|6.490192749e+03|6.482077637e+03|1.985958280e+03
5.401767688e+05|1.769047033e+06|1.770843314e+06|1.771434076e+06|1.770099330e+06|2.491965001e+03|2.502193738e+03|2.505447627e+03|2.497793260e+03|6.242293759e+09|6.476709308e+09|6.550755824e+09|6.376474560e+09|6.472168091e+03|6.484052002e+03|6.487829956e+03|6.478931641e+03|1.985958280e+03
5.457964223e+05|1.768875662e+06|1.770600103e+06|1.771425611e+06|1.769867021e+06|2.490973684e+03|2.500855053e+03|2.505400979e+03|2.496443274e+03|6.219644925e+09|6.446424263e+09|6.549689864e+09|6.345814958e+09|6.471018921e+03|6.482496582e+03|6.487775635e+03|6.477359863e+03|1.985958280e+03
5.515236422e+05|1.768828407e+06|1.770448778e+06|1.771078580e+06|1.769543419e+06|2.490700387e+03|2.500022410e+03|2.503489193e+03|2.494532378e+03|6.213412869e+09|6.427641899e+09|6.506115375e+09|6.302374411e+09|6.470698364e+03|6.481528809e+03|6.485554932e+03|6.475135742e+03|1.985958280e+03
5.571629515e+05|1.768109869e+06|1.769817134e+06|1.770679880e+06|1.769126815e+06|2.486547676e+03|2.496423237e+03|2.501294105e+03|2.492209221e+03|6.119306762e+09|6.344872558e+09|6.456345477e+09|6.249426722e+09|6.465865234e+03|6.477347900e+03|6.483007568e+03|6.472437500e+03|1.985958280e+03
5.633381470e+05|1.768339640e+06|1.769721656e+06|1.770406476e+06|1.769064155e+06|2.487875026e+03|2.495870158e+03|2.499789673e+03|2.491897976e+03|6.149266368e+09|6.332076485e+09|6.422396277e+09|6.242265349e+09|6.467412109e+03|6.476708252e+03|6.481259033e+03|6.472077637e+03|1.985958280e+03
5.699103577e+05|1.767617860e+06|1.769358152e+06|1.770041619e+06|1.768671639e+06|2.483707155e+03|2.493765365e+03|2.497723950e+03|2.489561866e+03|6.055544986e+09|6.283562151e+09|6.375035706e+09|6.188989911e+09|6.462562134e+03|6.474262207e+03|6.478861694e+03|6.469357910e+03|1.985958280e+03
5.766900888e+05|1.767381993e+06|1.769128248e+06|1.769894943e+06|1.768144651e+06|2.482346300e+03|2.492434842e+03|2.496874016e+03|2.486450118e+03|6.025176266e+09|6.253037834e+09|6.355313050e+09|6.118351817e+09|6.460975708e+03|6.472715088e+03|6.477873047e+03|6.465735840e+03|1.985958280e+03
5.817818748e+05|1.766924140e+06|1.768527699e+06|1.769649592e+06|1.767975452e+06|2.479669814e+03|2.488961833e+03|2.495452778e+03|2.485501099e+03|5.965255106e+09|6.173882121e+09|6.322433914e+09|6.096544332e+09|6.457855835e+03|6.468676514e+03|6.476222534e+03|6.464633789e+03|1.985958280e+03
5.870379777e+05|1.766883430e+06|1.768510269e+06|1.769170922e+06|1.767637731e+06|2.479415860e+03|2.488861090e+03|2.492681771e+03|2.483376299e+03|5.959364539e+09|6.171598096e+09|6.258694262e+09|6.048554347e+09|6.457559448e+03|6.468560547e+03|6.473002808e+03|6.462153809e+03|1.985958280e+03
5.926283953e+05|1.766166296e+06|1.768032825e+06|1.769001606e+06|1.767073002e+06|2.474945978e+03|2.486102699e+03|2.491702161e+03|2.479874544e+03|5.856108336e+09|6.109281856e+09|6.236276021e+09|5.969218469e+09|6.452352661e+03|6.465348633e+03|6.471865723e+03|6.458069336e+03|1.985958280e+03
5.980619346e+05|1.766108861e+06|1.767449152e+06|1.768617149e+06|1.767023226e+06|2.474588262e+03|2.482733727e+03|2.489478895e+03|2.479792919e+03|5.847903583e+09|6.033811913e+09|6.185619158e+09|5.967139488e+09|6.451938232e+03|6.461424805e+03|6.469278198e+03|6.457983887e+03|1.985958280e+03
6.043153908e+05|1.765915591e+06|1.767467030e+06|1.768512333e+06|1.766847136e+06|2.473384841e+03|2.482836861e+03|2.488873016e+03|2.478789799e+03|5.820369499e+09|6.036110151e+09|6.171867881e+09|5.944228066e+09|6.450534424e+03|6.461548096e+03|6.468574219e+03|6.456818359e+03|1.985958280e+03
6.107436014e+05|1.765752852e+06|1.767004534e+06|1.768028697e+06|1.766481025e+06|2.472371853e+03|2.480169687e+03|2.486078859e+03|2.476566493e+03|5.797262936e+09|5.976839921e+09|6.108744579e+09|5.893993274e+09|6.449350830e+03|6.458438721e+03|6.465322998e+03|6.454225586e+03|1.985958280e+03
6.160138962e+05|1.765570853e+06|1.766637497e+06|1.767845735e+06|1.766011949e+06|2.471239441e+03|2.477882227e+03|2.485022429e+03|2.473570528e+03|5.771533677e+09|5.923780529e+09|6.085004782e+09|5.826535599e+09|6.448033936e+03|6.455777344e+03|6.464093750e+03|6.450725586e+03|1.985958280e+03
6.216045282e+05|1.764990218e+06|1.766381850e+06|1.767672420e+06|1.765900158e+06|2.467629100e+03|2.476288845e+03|2.484022025e+03|2.472921378e+03|5.690020396e+09|5.886983608e+09|6.062589030e+09|5.811573481e+09|6.443820190e+03|6.453920410e+03|6.462925537e+03|6.449972656e+03|1.985958280e+03
6.263840332e+05|1.764292273e+06|1.766110133e+06|1.767048303e+06|1.765114067e+06|2.463294820e+03|2.474596195e+03|2.480422009e+03|2.467744498e+03|5.593337047e+09|5.848087772e+09|5.982428502e+09|5.695716096e+09|6.438760864e+03|6.451947021e+03|6.458733643e+03|6.443915039e+03|1.985958280e+03
6.313506758e+05|1.764082265e+06|1.766025786e+06|1.767034095e+06|1.765091481e+06|2.461991812e+03|2.474070916e+03|2.480340106e+03|2.467727740e+03|5.564515655e+09|5.836052233e+09|5.980614856e+09|5.694948393e+09|6.437235229e+03|6.451333740e+03|6.458638550e+03|6.443902344e+03|1.985958280e+03
6.372717182e+05|1.763847901e+06|1.765669794e+06|1.766609938e+06|1.764638106e+06|2.460481047e+03|2.471854975e+03|2.477710421e+03|2.464746011e+03|5.530280539e+09|5.785501067e+09|5.919804693e+09|5.627814898e+09|6.435473511e+03|6.448750000e+03|6.455575562e+03|6.440413574e+03|1.985958280e+03
6.427803080e+05|1.763716897e+06|1.765469368e+06|1.766578988e+06|1.764746578e+06|2.459619196e+03|2.470608061e+03|2.477517514e+03|2.465617867e+03|5.510513044e+09|5.757201818e+09|5.915348094e+09|5.647104092e+09|6.434466309e+03|6.447297363e+03|6.455348511e+03|6.441441895e+03|1.985958280e+03
6.491193985e+05|1.763749846e+06|1.764933035e+06|1.766144254e+06|1.764594943e+06|2.459835922e+03|2.467273795e+03|2.474808688e+03|2.464887620e+03|5.515474847e+09|5.682053153e+09|5.852957461e+09|5.629818487e+09|6.434719238e+03|6.443405762e+03|6.452193604e+03|6.440602539e+03|1.985958280e+03
6.542532773e+05|1.763217142e+06|1.764663233e+06|1.765766625e+06|1.763813207e+06|2.456333846e+03|2.465597763e+03|2.472457567e+03|2.459532560e+03|5.435716809e+09|5.644549687e+09|5.799214618e+09|5.510207949e+09|6.430625610e+03|6.441450684e+03|6.449454346e+03|6.434327637e+03|1.985958280e+03
6.587334387e+05|1.763126511e+06|1.764678903e+06|1.766017946e+06|1.764112890e+06|2.455738411e+03|2.465695082e+03|2.474022115e+03|2.461672384e+03|5.422245258e+09|5.646721897e+09|5.834939413e+09|5.557596347e+09|6.429929688e+03|6.441563965e+03|6.451276489e+03|6.436840820e+03|1.985958280e+03
6.633575810e+05|1.762197906e+06|1.764497223e+06|1.765628902e+06|1.763101271e+06|2.449644181e+03|2.464566952e+03|2.471600532e+03|2.454133329e+03|5.285848856e+09|5.621582018e+09|5.779717733e+09|5.390499538e+09|6.422800659e+03|6.440242676e+03|6.448454102e+03|6.427977539e+03|1.985958280e+03
6.686025459e+05|1.762162991e+06|1.763809156e+06|1.764978993e+06|1.763136185e+06|2.449415262e+03|2.460226087e+03|2.467559340e+03|2.455135318e+03|5.280776031e+09|5.524417797e+09|5.688453564e+09|5.410985327e+09|6.422534058e+03|6.435173828e+03|6.443736938e+03|6.429187500e+03|1.985958280e+03
6.737395986e+05|1.761723319e+06|1.763519214e+06|1.764916091e+06|1.762695828e+06|2.446534249e+03|2.458319233e+03|2.467168490e+03|2.451905910e+03|5.217296086e+09|5.480822926e+09|5.679686853e+09|5.339517024e+09|6.419158203e+03|6.432947998e+03|6.443280518e+03|6.425393555e+03|1.985958280e+03
6.797119966e+05|1.761659089e+06|1.763144278e+06|1.764441749e+06|1.762609065e+06|2.446113496e+03|2.455855135e+03|2.464222579e+03|2.451643489e+03|5.208052835e+09|5.424885667e+09|5.613926686e+09|5.332741434e+09|6.418666138e+03|6.430068604e+03|6.439844727e+03|6.425102539e+03|1.985958280e+03
6.854157744e+05|1.761206982e+06|1.762295274e+06|1.763694731e+06|1.762066249e+06|2.443154066e+03|2.450282615e+03|2.459473413e+03|2.448107735e+03|5.143323204e+09|5.300010068e+09|5.507178218e+09|5.253416513e+09|6.415197998e+03|6.423547607e+03|6.434294922e+03|6.420967285e+03|1.985958280e+03
6.903299275e+05|1.760759940e+06|1.762095358e+06|1.763181208e+06|1.761559807e+06|2.439981997e+03|2.448971941e+03|2.456097748e+03|2.444498842e+03|5.070865966e+09|5.270974874e+09|5.430371199e+09|5.173233788e+09|6.411482910e+03|6.422013916e+03|6.430349976e+03|6.416731934e+03|1.985958280e+03
6.944357913e+05|1.761113382e+06|1.762558673e+06|1.763315366e+06|1.761656592e+06|2.442511857e+03|2.452010403e+03|2.456979309e+03|2.445125909e+03|5.128901489e+09|5.338489217e+09|5.450354339e+09|5.187266598e+09|6.414443726e+03|6.425570068e+03|6.431380127e+03|6.417464355e+03|1.985958280e+03
6.986064990e+05|1.759963952e+06|1.761680830e+06|1.763243095e+06|1.761252363e+06|2.434292212e+03|2.446255887e+03|2.456504374e+03|2.442562636e+03|4.942226154e+09|5.211174314e+09|5.439580331e+09|5.129554018e+09|6.404812988e+03|6.418832520e+03|6.430827515e+03|6.414471680e+03|1.985958280e+03
7.032728526e+05|1.758829296e+06|1.761508505e+06|1.763169633e+06|1.760180148e+06|2.426200021e+03|2.445127489e+03|2.456021769e+03|2.433475920e+03|4.763698194e+09|5.186477686e+09|5.428668247e+09|4.930959230e+09|6.395310791e+03|6.417513184e+03|6.430260254e+03|6.403736816e+03|1.985958280e+03
7.076074839e+05|1.759882659e+06|1.762310039e+06|1.763694332e+06|1.761172039e+06|2.433711692e+03|2.450379451e+03|2.459470781e+03|2.441492080e+03|4.929239547e+09|5.302162201e+09|5.507117020e+09|5.106836409e+09|6.404129272e+03|6.423660400e+03|6.434290771e+03|6.413191895e+03|1.985958280e+03
7.126720155e+05|1.759634794e+06|1.761494145e+06|1.763146273e+06|1.760768293e+06|2.431942420e+03|2.445033481e+03|2.455868235e+03|2.438589296e+03|4.889839235e+09|5.184416596e+09|5.425179467e+09|5.042278863e+09|6.402055420e+03|6.417401855e+03|6.430083374e+03|6.409784180e+03|1.985958280e+03
7.186982937e+05|1.759568642e+06|1.761477392e+06|1.763116130e+06|1.760794699e+06|2.431470427e+03|2.444923808e+03|2.455670216e+03|2.438841514e+03|4.879375963e+09|5.182012585e+09|5.420703309e+09|5.047764003e+09|6.401500244e+03|6.417274414e+03|6.429849609e+03|6.410082031e+03|1.985958280e+03
7.241616004e+05|1.759445639e+06|1.760923336e+06|1.762458896e+06|1.760527665e+06|2.430592951e+03|2.441151232e+03|2.451355791e+03|2.437522597e+03|4.859961862e+09|5.097608876e+09|5.323884461e+09|5.017018349e+09|6.400469604e+03|6.412850098e+03|6.424802856e+03|6.408562500e+03|1.985958280e+03
7.286028347e+05|1.758846055e+06|1.760437196e+06|1.761792132e+06|1.759951905e+06|2.426319392e+03|2.437673644e+03|2.446984906e+03|2.433133572e+03|4.766296222e+09|5.018346330e+09|5.227170013e+09|4.920177220e+09|6.395449463e+03|6.408777100e+03|6.419685181e+03|6.403396484e+03|1.985958280e+03
7.326583680e+05|1.758822376e+06|1.760207862e+06|1.761714140e+06|1.759555505e+06|2.426150790e+03|2.436034885e+03|2.446474043e+03|2.429723158e+03|4.762641031e+09|4.981427616e+09|5.215956135e+09|4.845588435e+09|6.395253052e+03|6.406854736e+03|6.419089600e+03|6.399365723e+03|1.985958280e+03
7.369628967e+05|1.757256987e+06|1.760422980e+06|1.762054259e+06|1.759315182e+06|2.414358683e+03|2.437572143e+03|2.448702536e+03|2.428270878e+03|4.500506727e+09|5.016080863e+09|5.265016476e+09|4.812702200e+09|6.381387085e+03|6.408658447e+03|6.421696411e+03|6.397674316e+03|1.985958280e+03
7.414638834e+05|1.755895256e+06|1.758770825e+06|1.760132561e+06|1.757542795e+06|2.403827688e+03|2.425783606e+03|2.435496486e+03|2.413805865e+03|4.270741605e+09|4.754652132e+09|4.969220879e+09|4.494896763e+09|6.368977783e+03|6.394822021e+03|6.406225952e+03|6.380610840e+03|1.985958280e+03
7.465161171e+05|1.755419710e+06|1.758406569e+06|1.760165197e+06|1.757128823e+06|2.399826068e+03|2.423111731e+03|2.435729804e+03|2.410163623e+03|4.180650075e+09|4.695562566e+09|4.974504516e+09|4.415468134e+09|6.364260132e+03|6.391681885e+03|6.406498047e+03|6.376301270e+03|1.985958280e+03
7.512050958e+05|1.755357446e+06|1.757483782e+06|1.759344874e+06|1.756955377e+06|2.399302575e+03|2.416083463e+03|2.429874320e+03|2.410483548e+03|4.168988108e+09|4.538413428e+09|4.844110168e+09|4.419039175e+09|6.363641724e+03|6.383418701e+03|6.399625732e+03|6.376752441e+03|1.985958280e+03
7.561170860e+05|1.755725555e+06|1.758021137e+06|1.759709878e+06|1.757247700e+06|2.402398991e+03|2.420174126e+03|2.432478256e+03|2.412275530e+03|4.238379602e+09|4.629358203e+09|4.901742896e+09|4.459692326e+09|6.367296021e+03|6.388230225e+03|6.402685059e+03|6.378839844e+03|1.985958280e+03
7.606693703e+05|1.756027781e+06|1.757787809e+06|1.759439079e+06|1.757277419e+06|2.404943735e+03|2.418397169e+03|2.430546168e+03|2.412765014e+03|4.296116867e+09|4.589666732e+09|4.858929956e+09|4.469696631e+09|6.370292480e+03|6.386139160e+03|6.400416870e+03|6.379428711e+03|1.985958280e+03
7.643634883e+05|1.755632831e+06|1.757517107e+06|1.758595058e+06|1.756622250e+06|2.401618636e+03|2.416336982e+03|2.424532194e+03|2.406764749e+03|4.220783690e+09|4.544006854e+09|4.727547497e+09|4.337231439e+09|6.366375366e+03|6.383717285e+03|6.393349731e+03|6.372313965e+03|1.985958280e+03
7.678575191e+05|1.755769164e+06|1.757876239e+06|1.759907810e+06|1.757197211e+06|2.402766024e+03|2.419070502e+03|2.433891243e+03|2.411813191e+03|4.246663693e+09|4.604675431e+09|4.933242286e+09|4.449656429e+09|6.367728027e+03|6.386930176e+03|6.404343018e+03|6.378292969e+03|1.985958280e+03
7.720488298e+05|1.753905533e+06|1.757203268e+06|1.759032048e+06|1.755989957e+06|2.387104130e+03|2.413950339e+03|2.427644419e+03|2.401096592e+03|3.904371497e+09|4.491578776e+09|4.795184208e+09|4.215896181e+09|6.349230347e+03|6.380905762e+03|6.397009277e+03|6.365614258e+03|1.985958280e+03
7.762965659e+05|1.752584817e+06|1.756049508e+06|1.758759532e+06|1.755043980e+06|2.375118380e+03|2.405126565e+03|2.425703186e+03|2.391494981e+03|3.641939832e+09|4.300233203e+09|4.752906770e+09|4.008801277e+09|6.335046509e+03|6.370507324e+03|6.394725586e+03|6.354205078e+03|1.985958280e+03
7.848785134e+05|1.750144459e+06|1.754853759e+06|1.756958321e+06|1.753469981e+06|2.350937036e+03|2.395071288e+03|2.412088870e+03|2.374170599e+03|3.121115521e+09|4.075713731e+09|4.451010624e+09|3.634205355e+09|6.306335938e+03|6.358648193e+03|6.378714966e+03|6.332773926e+03|1.985958280e+03
7.945702055e+05|1.754346545e+06|1.756611103e+06|1.758143085e+06|1.756126688e+06|2.390816651e+03|2.409452265e+03|2.421103231e+03|2.402209946e+03|3.983641915e+09|4.393933839e+09|4.650212124e+09|4.237674379e+09|6.353621582e+03|6.375608398e+03|6.389319946e+03|6.366719238e+03|1.985958280e+03
7.979877884e+05|1.754214912e+06|1.755752024e+06|1.758139685e+06|1.755799849e+06|2.389713549e+03|2.402621665e+03|2.421077385e+03|2.399013740e+03|3.960061410e+09|4.243376719e+09|4.649646913e+09|4.171288753e+09|6.352318481e+03|6.367555420e+03|6.389290527e+03|6.361484375e+03|1.985958280e+03
7.999369971e+05|1.754782798e+06|1.756939795e+06|1.758971566e+06|1.756850993e+06|2.394475645e+03|2.411948169e+03|2.427213468e+03|2.409963412e+03|4.062713719e+09|4.447965804e+09|4.785771502e+09|4.406901501e+09|6.357946289e+03|6.378546143e+03|6.396499512e+03|6.376153809e+03|1.985958280e+03
8.015525366e+05|1.755469431e+06|1.757673539e+06|1.759685275e+06|1.757479929e+06|2.400244184e+03|2.417527371e+03|2.432302680e+03|2.413929119e+03|4.189986005e+09|4.570353443e+09|4.897842698e+09|4.496511025e+09|6.364754517e+03|6.385113770e+03|6.402476929e+03|6.379859375e+03|1.985958280e+03
8.030498864e+05|1.755193002e+06|1.757498064e+06|1.759870084e+06|1.756970288e+06|2.397920466e+03|2.416192112e+03|2.433621938e+03|2.406774244e+03|4.138334562e+09|4.540810232e+09|4.927242929e+09|4.344696147e+09|6.362010132e+03|6.383546631e+03|6.404026489e+03|6.371740234e+03|1.985958280e+03
8.048215348e+05|1.756669223e+06|1.759169051e+06|1.761014161e+06|1.758180013e+06|2.409893437e+03|2.428620826e+03|2.441801385e+03|2.417937371e+03|4.403462630e+09|4.816563295e+09|5.112536318e+09|4.587951656e+09|6.376127319e+03|6.398155518e+03|6.413612305e+03|6.385436035e+03|1.985958280e+03
8.067344350e+05|1.752786777e+06|1.757962292e+06|1.760695202e+06|1.756789103e+06|2.376947708e+03|2.419725866e+03|2.439518787e+03|2.405078131e+03|3.681080227e+09|4.619317153e+09|5.060280661e+09|4.308478502e+09|6.337217163e+03|6.387702637e+03|6.410937988e+03|6.369934570e+03|1.985958280e+03
8.099552109e+05|1.749045348e+06|1.753803850e+06|1.759166865e+06|1.754077115e+06|2.338599951e+03|2.386179542e+03|2.428605240e+03|2.378236689e+03|2.855405125e+09|3.883599922e+09|4.816221198e+09|3.724433698e+09|6.291642090e+03|6.348138184e+03|6.398137451e+03|6.338330078e+03|1.985958280e+03
8.218604893e+05|1.746067478e+06|1.748673159e+06|1.752079794e+06|1.749606383e+06|2.298543048e+03|2.334415326e+03|2.370548525e+03|2.331766930e+03|2.007995884e+09|2.768582048e+09|3.545315000e+09|2.719556911e+09|6.243700928e+03|6.286648438e+03|6.329631714e+03|6.281215820e+03|1.985958280e+03
8.414321898e+05|1.745149741e+06|1.746545495e+06|1.747766050e+06|1.746539240e+06|2.282263706e+03|2.305773476e+03|2.322821351e+03|2.301361635e+03|1.663084380e+09|2.156711562e+09|2.516643952e+09|2.070479690e+09|6.224117065e+03|6.252380615e+03|6.272801025e+03|6.243960449e+03|1.985958280e+03
8.438037259e+05|1.745206574e+06|1.746633041e+06|1.748191758e+06|1.746622777e+06|2.283316590e+03|2.307080774e+03|2.328428650e+03|2.302909936e+03|1.684184068e+09|2.184102004e+09|2.638473949e+09|2.099559264e+09|6.225386963e+03|6.253950439e+03|6.279500000e+03|6.248016113e+03|1.985958280e+03
8.450795708e+05|1.745085131e+06|1.746103655e+06|1.747861013e+06|1.746343373e+06|2.281066858e+03|2.299183939e+03|2.324071103e+03|2.296635671e+03|1.639158803e+09|2.022111612e+09|2.543354034e+09|1.972694818e+09|6.222674194e+03|6.244474854e+03|6.274293091e+03|6.237315430e+03|1.985958280e+03
8.459475079e+05|1.745217675e+06|1.746002988e+06|1.747966059e+06|1.746465002e+06|2.283522402e+03|2.297685020e+03|2.325454443e+03|2.300806868e+03|1.688390113e+09|1.992489575e+09|2.573285192e+09|2.057349047e+09|6.225636108e+03|6.242669434e+03|6.275946289e+03|6.242780762e+03|1.985958280e+03
8.467687801e+05|1.744801408e+06|1.745730727e+06|1.747203225e+06|1.745824755e+06|2.275389350e+03|2.293050169e+03|2.315426566e+03|2.289060585e+03|1.521355898e+09|1.892285336e+09|2.363560073e+09|1.810204943e+09|6.215828735e+03|6.237101074e+03|6.263952759e+03|6.229343750e+03|1.985958280e+03
8.476605538e+05|1.745217941e+06|1.745969711e+06|1.747263377e+06|1.746179030e+06|2.283527430e+03|2.297189712e+03|2.316215854e+03|2.297012635e+03|1.688542870e+09|1.982775924e+09|2.379493460e+09|1.973602965e+09|6.225641235e+03|6.242073242e+03|6.264896729e+03|6.241771484e+03|1.985958280e+03
8.484009361e+05|1.745014211e+06|1.746087847e+06|1.747477012e+06|1.746252385e+06|2.279754023e+03|2.298948453e+03|2.319021179e+03|2.296985497e+03|1.613407518e+09|2.017414100e+09|2.436937143e+09|1.974279948e+09|6.221093994e+03|6.244187012e+03|6.268253296e+03|6.238453613e+03|1.985958280e+03
8.491542881e+05|1.744843283e+06|1.745701869e+06|1.747011039e+06|1.745940246e+06|2.276325866e+03|2.292513210e+03|2.312714128e+03|2.292049958e+03|1.542187841e+09|1.880181847e+09|2.305813199e+09|1.869978031e+09|6.216962769e+03|6.236453857e+03|6.260699951e+03|6.233556152e+03|1.985958280e+03
8.500768736e+05|1.744795363e+06|1.745678996e+06|1.746906202e+06|1.745815833e+06|2.275254259e+03|2.292087733e+03|2.311165261e+03|2.287627693e+03|1.518418188e+09|1.870665152e+09|2.271984031e+09|1.778344118e+09|6.215666870e+03|6.235943848e+03|6.258845215e+03|6.219532715e+03|1.985958280e+03
8.514640673e+05|1.744343262e+06|1.745416642e+06|1.747262523e+06|1.745702277e+06|2.265167186e+03|2.287213019e+03|2.316204831e+03|2.284542802e+03|1.309569895e+09|1.764869036e+09|2.379341131e+09|1.719513900e+09|6.203488037e+03|6.230081299e+03|6.264883423e+03|6.211326172e+03|1.985958280e+03
8.532202628e+05|1.743270727e+06|1.744814597e+06|1.745834800e+06|1.744999946e+06|2.229812394e+03|2.275684281e+03|2.294942596e+03|2.266337529e+03|5.739471490e+08|1.527892971e+09|1.934751493e+09|1.331079961e+09|6.160604614e+03|6.216187012e+03|6.239375610e+03|6.177769531e+03|1.985958280e+03
8.553728025e+05|1.742971591e+06|1.743782250e+06|1.745530728e+06|1.744469801e+06|2.200009096e+03|2.249575175e+03|2.289331781e+03|2.251213109e+03|5.365911429e+02|9.782836841e+08|1.810251142e+09|1.018695482e+09|6.076873901e+03|6.184610840e+03|6.232630859e+03|6.136069336e+03|1.985958280e+03
8.591039410e+05|1.742971581e+06|1.742971586e+06|1.743190212e+06|1.743438756e+06|2.200009010e+03|2.200009080e+03|2.226219950e+03|2.218420042e+03|5.365905788e+02|5.365910405e+02|5.126373699e+08|3.577020064e+08|5.885159058e+03|6.051904541e+03|6.156227539e+03|6.000926758e+03|1.985958280e+03
9.572900869e+05|1.742971579e+06|1.742971582e+06|1.742971585e+06|1.742971580e+06|2.200008852e+03|2.200008970e+03|2.200009017e+03|2.200008873e+03|5.365895469e+02|5.365903182e+02|5.365906279e+02|5.365896831e+02|5.573459106e+03|5.812071289e+03|5.904524902e+03|5.660451172e+03|1.985958280e+03
1.202598634e+06|1.742971523e+06|1.742971549e+06|1.742971577e+06|1.742971546e+06|2.200007232e+03|2.200007955e+03|2.200008909e+03|2.200007862e+03|5.365789609e+02|5.365836850e+02|5.365899178e+02|5.365830785e+02|3.579339355e+03|4.259521973e+03|5.678763184e+03|4.369064941e+03|1.985958280e+03
9.048149962e+05|3.139648172e+06|3.142607490e+06|3.145271480e+06|3.146146222e+06|2.399658646e+03|2.405764766e+03|2.411269875e+03|2.411892932e+03|4.958450108e+09|5.104686894e+09|5.239193744e+09|5.270637463e+09|3.206840637e+03|3.212699097e+03|3.217975464e+03|3.218797607e+03|2.948898796e+03
9.089738640e+05|3.138864540e+06|3.141497516e+06|3.143612219e+06|3.141191508e+06|2.398043370e+03|2.403473353e+03|2.407840100e+03|2.402769824e+03|4.920281453e+09|5.049446857e+09|5.155095895e+09|5.034456059e+09|3.205290955e+03|3.210500488e+03|3.214687805e+03|3.209832520e+03|2.948898796e+03
9.105850142e+05|3.139004792e+06|3.141217570e+06|3.142423756e+06|3.140528607e+06|2.398332418e+03|2.402895653e+03|2.405385374e+03|2.401414284e+03|4.927096406e+09|5.035588512e+09|5.095510476e+09|5.000867689e+09|3.205568359e+03|3.209946899e+03|3.212333130e+03|3.208531006e+03|2.948898796e+03
9.119815543e+05|3.137924285e+06|3.140434320e+06|3.142033503e+06|3.139980723e+06|2.396106158e+03|2.401279796e+03|2.404579665e+03|2.400301555e+03|4.874789217e+09|4.996974487e+09|5.076062448e+09|4.974538967e+09|3.203430481e+03|3.208395996e+03|3.211561401e+03|3.207461182e+03|2.948898796e+03
9.136398951e+05|3.136478526e+06|3.139271789e+06|3.141108537e+06|3.138626877e+06|2.393129371e+03|2.398882735e+03|2.402670676e+03|2.397339161e+03|4.805483258e+09|4.940089321e+09|5.030199233e+09|4.903776877e+09|3.200572876e+03|3.206094727e+03|3.209731262e+03|3.204638672e+03|2.948898796e+03
9.164195770e+05|3.135741567e+06|3.138186941e+06|3.140523227e+06|3.138234971e+06|2.391428453e+03|2.396647209e+03|2.401463178e+03|2.396513592e+03|4.764279749e+09|4.887463607e+09|5.001345362e+09|4.884362415e+09|3.198961304e+03|3.203949707e+03|3.208573181e+03|3.203849121e+03|2.948898796e+03
9.199712958e+05|3.133174077e+06|3.136010135e+06|3.139045747e+06|3.135790591e+06|2.385093807e+03|2.392091751e+03|2.398416826e+03|2.390913632e+03|4.609387711e+09|4.780723018e+09|4.929086992e+09|4.750501440e+09|3.193007751e+03|3.199584229e+03|3.205648804e+03|3.198538086e+03|2.948898796e+03
9.531788474e+05|3.112366811e+06|3.120338060e+06|3.128339868e+06|3.119907497e+06|2.329339388e+03|2.352848480e+03|2.373198054e+03|2.348832594e+03|3.337214628e+09|3.867417396e+09|4.328829695e+09|3.786865648e+09|3.140520325e+03|3.162645508e+03|3.181814758e+03|3.159189453e+03|2.948898796e+03
9.656897230e+05|3.108709022e+06|3.112247038e+06|3.115480330e+06|3.112706450e+06|2.317792307e+03|2.328987479e+03|2.338500944e+03|2.329307578e+03|3.084753103e+09|3.329736360e+09|3.536527904e+09|3.340194584e+09|3.129645081e+03|3.140188843e+03|3.149151550e+03|3.140487793e+03|2.948898796e+03
9.679346611e+05|3.108141197e+06|3.110376168e+06|3.112292729e+06|3.109633968e+06|2.315692944e+03|2.323495926e+03|2.329121718e+03|2.319756087e+03|3.035669565e+09|3.214802145e+09|3.332586465e+09|3.107033518e+09|3.127669861e+03|3.135010376e+03|3.140316406e+03|3.131573730e+03|2.948898796e+03
9.696547191e+05|3.108173173e+06|3.110473441e+06|3.113349491e+06|3.109287734e+06|2.315811170e+03|2.323781210e+03|2.332228023e+03|2.316842366e+03|3.038436476e+09|3.220693869e+09|3.399069048e+09|3.063524707e+09|3.127780762e+03|3.135279053e+03|3.143243286e+03|3.129500000e+03|2.948898796e+03
9.716627662e+05|3.106225608e+06|3.108820196e+06|3.111643923e+06|3.108989903e+06|2.308621822e+03|2.318203516e+03|2.327216106e+03|2.317399393e+03|2.875020389e+09|3.094442771e+09|3.292313162e+09|3.073455312e+09|3.121017639e+03|3.130029907e+03|3.138519226e+03|3.129404785e+03|2.948898796e+03
9.743258028e+05|3.104507304e+06|3.107550735e+06|3.109978735e+06|3.107067466e+06|2.302293642e+03|2.313511497e+03|2.322330607e+03|2.310046458e+03|2.737227441e+09|2.985345208e+09|3.190829074e+09|2.900021834e+09|3.115059631e+03|3.125619141e+03|3.133912354e+03|3.122915039e+03|2.948898796e+03
9.788458424e+05|3.103377363e+06|3.107189477e+06|3.110970930e+06|3.106205962e+06|2.298139818e+03|2.312177662e+03|2.325240676e+03|2.306732553e+03|2.649754582e+09|2.954918334e+09|3.250971277e+09|2.805187867e+09|3.111145935e+03|3.124364990e+03|3.136656555e+03|3.119719727e+03|2.948898796e+03
1.001169895e+06|3.110210273e+06|3.115769658e+06|3.119103067e+06|3.114795367e+06|2.323009454e+03|2.339353649e+03|2.349194638e+03|2.335449049e+03|3.204778587e+09|3.555544361e+09|3.780922350e+09|3.477297029e+09|3.134551514e+03|3.149953857e+03|3.159210327e+03|3.146270264e+03|2.948898796e+03
1.013536652e+06|3.111512286e+06|3.114287303e+06|3.118002639e+06|3.114477137e+06|2.326829615e+03|2.334987281e+03|2.345942516e+03|2.334879010e+03|3.284192165e+09|3.459004307e+09|3.705233246e+09|3.449509905e+09|3.138153503e+03|3.145841919e+03|3.156153564e+03|3.145733398e+03|2.948898796e+03
1.016959396e+06|3.110963364e+06|3.112557427e+06|3.114814623e+06|3.112458312e+06|2.325218482e+03|2.329899500e+03|2.336539831e+03|2.329155274e+03|3.250511562e+09|3.349136502e+09|3.493087905e+09|3.334159598e+09|3.136634460e+03|3.141048218e+03|3.147303833e+03|3.140345947e+03|2.948898796e+03
1.019791200e+06|3.109724067e+06|3.112295703e+06|3.114637669e+06|3.112326649e+06|2.321537813e+03|2.329130450e+03|2.336018768e+03|2.328756418e+03|3.173790470e+09|3.332770350e+09|3.481624740e+09|3.325352155e+09|3.133163269e+03|3.140323242e+03|3.146814575e+03|3.139970703e+03|2.948898796e+03
1.023230980e+06|3.108191838e+06|3.111122543e+06|3.113540708e+06|3.111560817e+06|2.315880112e+03|2.325685599e+03|2.332790429e+03|2.326258786e+03|3.040019644e+09|3.260246978e+09|3.411217030e+09|3.270573638e+09|3.127847717e+03|3.137074707e+03|3.143772034e+03|3.137619141e+03|2.948898796e+03
1.028780529e+06|3.105840917e+06|3.108952409e+06|3.111217407e+06|3.108182811e+06|2.307203869e+03|2.318692642e+03|2.325964015e+03|2.315008014e+03|2.843659467e+09|3.106009701e+09|3.266061785e+09|2.996842881e+09|3.119683899e+03|3.130490479e+03|3.137338867e+03|3.127023438e+03|2.948898796e+03
1.041802514e+06|3.104957636e+06|3.108530467e+06|3.113642683e+06|3.110156367e+06|2.303950772e+03|2.317132007e+03|2.333090435e+03|2.320568017e+03|2.772769411e+09|3.069253260e+09|3.417724748e+09|3.147745145e+09|3.116620850e+03|3.129022461e+03|3.144056091e+03|3.132260986e+03|2.948898796e+03
1.053948240e+06|3.105295054e+06|3.108442050e+06|3.111368221e+06|3.108517073e+06|2.305193048e+03|2.316805068e+03|2.326406689e+03|2.315855514e+03|2.799670126e+09|3.061591109e+09|3.275323148e+09|3.021912680e+09|3.117790039e+03|3.128716431e+03|3.137754822e+03|3.127819336e+03|2.948898796e+03
1.059568033e+06|3.105732208e+06|3.108017603e+06|3.109803402e+06|3.107792145e+06|2.306803300e+03|2.315236192e+03|2.321816622e+03|2.313825122e+03|2.834850755e+09|3.025075689e+09|3.180291864e+09|2.997180980e+09|3.119306763e+03|3.127240723e+03|3.133425232e+03|3.125910400e+03|2.948898796e+03
1.062752118e+06|3.106378512e+06|3.107894443e+06|3.109309794e+06|3.107817708e+06|2.309185610e+03|2.314781116e+03|2.320015147e+03|2.313959406e+03|2.887568354e+09|3.014550804e+09|3.137433023e+09|2.999369177e+09|3.121548279e+03|3.126812378e+03|3.131732422e+03|3.126037109e+03|2.948898796e+03
1.066266443e+06|3.104558956e+06|3.106982265e+06|3.108730699e+06|3.106203242e+06|2.302483648e+03|2.311412858e+03|2.317872481e+03|2.308197373e+03|2.741277819e+09|2.937581262e+09|3.086641187e+09|2.858848170e+09|3.115237793e+03|3.123643555e+03|3.129719727e+03|3.120611328e+03|2.948898796e+03
1.070858836e+06|3.103955246e+06|3.106292948e+06|3.108097853e+06|3.105547216e+06|2.300263438e+03|2.308870147e+03|2.315532753e+03|2.305736273e+03|2.694178382e+09|2.880559231e+09|3.031950563e+09|2.807502091e+09|3.113146667e+03|3.121251953e+03|3.127519226e+03|3.118292480e+03|2.948898796e+03
1.077753534e+06|3.102403754e+06|3.106158710e+06|3.108525959e+06|3.105454081e+06|2.294565499e+03|2.308375308e+03|2.317115322e+03|2.305051486e+03|2.576339320e+09|2.869596195e+09|3.068855348e+09|2.806255161e+09|3.107776184e+03|3.120785522e+03|3.129008789e+03|3.117647705e+03|2.948898796e+03
1.092595017e+06|3.103213262e+06|3.105725562e+06|3.109152882e+06|3.105763764e+06|2.297537200e+03|2.306778815e+03|2.319434404e+03|2.305802540e+03|2.637311935e+09|2.834314731e+09|3.123595831e+09|2.800764918e+09|3.110577637e+03|3.119284058e+03|3.131186768e+03|3.118354980e+03|2.948898796e+03
1.100612342e+06|3.103572978e+06|3.106256918e+06|3.108750443e+06|3.105976045e+06|2.298858489e+03|2.308737261e+03|2.317945511e+03|2.307279319e+03|2.664718500e+09|2.877587459e+09|3.088360860e+09|2.842861480e+09|3.111823059e+03|3.121127808e+03|3.129789246e+03|3.119745850e+03|2.948898796e+03
1.105119198e+06|3.103519199e+06|3.105555324e+06|3.107902596e+06|3.105141426e+06|2.298660911e+03|2.306151636e+03|2.314811248e+03|2.304264125e+03|2.660603809e+09|2.820568620e+09|3.015249391e+09|2.786825766e+09|3.111638123e+03|3.118692871e+03|3.126841919e+03|3.116909180e+03|2.948898796e+03
1.108630767e+06|3.102663567e+06|3.105563044e+06|3.107638268e+06|3.104526942e+06|2.295518892e+03|2.306180110e+03|2.313834779e+03|2.302057305e+03|2.595755593e+09|2.821204831e+09|2.992759488e+09|2.713166572e+09|3.108676331e+03|3.118719604e+03|3.125923645e+03|3.114828857e+03|2.948898796e+03
1.112563559e+06|3.103703045e+06|3.105356367e+06|3.106876090e+06|3.103934002e+06|2.299336557e+03|2.305418834e+03|2.311021045e+03|2.300236169e+03|2.674754909e+09|2.804578834e+09|2.928728679e+09|2.663060971e+09|3.112273315e+03|3.118003540e+03|3.123276978e+03|3.113240967e+03|2.948898796e+03
1.117619729e+06|3.101552926e+06|3.104493374e+06|3.105951130e+06|3.103624696e+06|2.291445579e+03|2.302242412e+03|2.307610037e+03|2.298683389e+03|2.513636335e+09|2.736140544e+09|2.852613493e+09|2.658059461e+09|3.104833679e+03|3.115011719e+03|3.120065430e+03|3.111704102e+03|2.948898796e+03
1.124756767e+06|3.100690133e+06|3.103158408e+06|3.105539029e+06|3.102614085e+06|2.288285262e+03|2.297335597e+03|2.306091613e+03|2.294394364e+03|2.451418537e+09|2.633086035e+09|2.819256098e+09|2.536950794e+09|3.101851379e+03|3.110389160e+03|3.118637085e+03|3.107919434e+03|2.948898796e+03
1.135980019e+06|3.100880661e+06|3.103493487e+06|3.106120317e+06|3.102800119e+06|2.288982946e+03|2.298566425e+03|2.308233656e+03|2.294550369e+03|2.465079607e+09|2.658627876e+09|2.866407255e+09|2.557621553e+09|3.102512207e+03|3.111547974e+03|3.120652039e+03|3.107361328e+03|2.948898796e+03
1.144937707e+06|3.100418711e+06|3.103113847e+06|3.105376734e+06|3.102366498e+06|2.287291761e+03|2.297171959e+03|2.305493841e+03|2.293928706e+03|2.432112307e+09|2.629706490e+09|2.806212077e+09|2.517851372e+09|3.100916260e+03|3.110234253e+03|3.118074097e+03|3.107185059e+03|2.948898796e+03
1.149780737e+06|3.100802088e+06|3.103674326e+06|3.104942417e+06|3.102843985e+06|2.288695125e+03|2.299230918e+03|2.303894754e+03|2.295646333e+03|2.459407312e+09|2.672505521e+09|2.771562445e+09|2.589231613e+09|3.102239746e+03|3.112173340e+03|3.116567932e+03|3.108793213e+03|2.948898796e+03
1.153318633e+06|3.101079751e+06|3.103103137e+06|3.104664194e+06|3.102576465e+06|2.289711945e+03|2.297132639e+03|2.302870844e+03|2.295011137e+03|2.479341661e+09|2.628899488e+09|2.749559459e+09|2.577159179e+09|3.103199707e+03|3.110197266e+03|3.115604309e+03|3.108212158e+03|2.948898796e+03
1.157449039e+06|3.100012937e+06|3.102637006e+06|3.104441934e+06|3.101747906e+06|2.285627747e+03|2.295421412e+03|2.302053152e+03|2.291480283e+03|2.396581030e+09|2.593764865e+09|2.732092686e+09|2.478245710e+09|3.099347534e+03|3.108583008e+03|3.114833923e+03|3.104933105e+03|2.948898796e+03
1.162798161e+06|3.099816241e+06|3.101922525e+06|3.103941105e+06|3.100996031e+06|2.284657726e+03|2.292800454e+03|2.300211495e+03|2.289079061e+03|2.373175350e+09|2.540710454e+09|2.693100048e+09|2.400932718e+09|3.098433594e+03|3.106112671e+03|3.113097534e+03|3.102601318e+03|2.948898796e+03
1.168533346e+06|3.099246615e+06|3.102021035e+06|3.103275813e+06|3.100840942e+06|2.281850738e+03|2.293161681e+03|2.297766846e+03|2.287856859e+03|2.306636704e+09|2.547969697e+09|2.642031370e+09|2.370042087e+09|3.095793579e+03|3.106453369e+03|3.110795532e+03|3.101451172e+03|2.948898796e+03
1.176958150e+06|3.098799363e+06|3.101066049e+06|3.103159050e+06|3.100078515e+06|2.279648816e+03|2.289661763e+03|2.297337957e+03|2.285319014e+03|2.255547351e+09|2.478355944e+09|2.633134715e+09|2.328920005e+09|3.093719055e+03|3.103150757e+03|3.110389465e+03|3.099058350e+03|2.948898796e+03
1.185335460e+06|3.098366981e+06|3.100963716e+06|3.102917193e+06|3.100467804e+06|2.277521860e+03|2.289286973e+03|2.296449928e+03|2.286016205e+03|2.207135941e+09|2.470994045e+09|2.614849348e+09|2.380808374e+09|3.091716675e+03|3.102797485e+03|3.109554321e+03|3.099953125e+03|2.948898796e+03
1.192391324e+06|3.099212221e+06|3.100834841e+06|3.102675991e+06|3.100209316e+06|2.281681361e+03|2.288815053e+03|2.295564487e+03|2.285667693e+03|2.302679718e+09|2.461752389e+09|2.596686770e+09|2.350374813e+09|3.095632568e+03|3.102352905e+03|3.108718628e+03|3.099525391e+03|2.948898796e+03
1.197415210e+06|3.099229099e+06|3.101194506e+06|3.102820365e+06|3.100060788e+06|2.281764457e+03|2.290132294e+03|2.296094420e+03|2.285641503e+03|2.304609643e+09|2.487622647e+09|2.607534434e+09|2.301628279e+09|3.095711548e+03|3.103595703e+03|3.109218262e+03|3.099369385e+03|2.948898796e+03
1.201301891e+06|3.098190765e+06|3.100336947e+06|3.102373341e+06|3.099041725e+06|2.276655477e+03|2.286992556e+03|2.294453932e+03|2.281031439e+03|2.187655080e+09|2.426326779e+09|2.574079815e+09|2.236777673e+09|3.090902832e+03|3.100632935e+03|3.107671570e+03|3.095455322e+03|2.948898796e+03
1.206219887e+06|3.096956744e+06|3.099635484e+06|3.100986838e+06|3.097942404e+06|2.270596295e+03|2.283766689e+03|2.289371663e+03|2.276451939e+03|2.055544664e+09|2.351882562e+09|2.472660299e+09|2.080924330e+09|3.085191833e+03|3.097594849e+03|3.102877808e+03|3.090445557e+03|2.948898796e+03
1.212212144e+06|3.098045280e+06|3.099477829e+06|3.101715022e+06|3.099147149e+06|2.275940408e+03|2.282989759e+03|2.292039715e+03|2.281346597e+03|2.171694030e+09|2.333445041e+09|2.525480845e+09|2.261124617e+09|3.090228394e+03|3.096865601e+03|3.105394775e+03|3.095316162e+03|2.948898796e+03
1.218977243e+06|3.097188901e+06|3.099408399e+06|3.101154683e+06|3.098520810e+06|2.271735163e+03|2.282647671e+03|2.289986416e+03|2.278114017e+03|2.079841847e+09|2.325362290e+09|2.484745685e+09|2.158566612e+09|3.086265930e+03|3.096543945e+03|3.103457886e+03|3.092840332e+03|2.948898796e+03
1.225219021e+06|3.096512370e+06|3.099114136e+06|3.100338659e+06|3.097841944e+06|2.268417759e+03|2.281198317e+03|2.286998824e+03|2.275750538e+03|2.009756984e+09|2.291392519e+09|2.426448461e+09|2.073042337e+09|3.083138000e+03|3.095178955e+03|3.100639282e+03|3.090222900e+03|2.948898796e+03
1.233889002e+06|3.096097485e+06|3.098258576e+06|3.099840767e+06|3.097100326e+06|2.266385335e+03|2.276988836e+03|2.284778653e+03|2.272384442e+03|1.967798719e+09|2.195130091e+09|2.376078147e+09|2.003871309e+09|3.081223022e+03|3.091214478e+03|3.098546692e+03|3.087175537e+03|2.948898796e+03
1.240096123e+06|3.096310332e+06|3.098213687e+06|3.099987930e+06|3.097462882e+06|2.267427912e+03|2.276768153e+03|2.285504351e+03|2.273310263e+03|1.989267270e+09|2.190177814e+09|2.393564790e+09|2.051699346e+09|3.082205627e+03|3.091008667e+03|3.099230164e+03|3.088095947e+03|2.948898796e+03
1.244354755e+06|3.096916011e+06|3.098751760e+06|3.099819585e+06|3.097104297e+06|2.270396516e+03|2.279414564e+03|2.284674215e+03|2.272206916e+03|2.051304069e+09|2.250170626e+09|2.373570328e+09|1.999670850e+09|3.085004211e+03|3.093500366e+03|3.098450134e+03|3.087189453e+03|2.948898796e+03
1.248431042e+06|3.095094707e+06|3.097330369e+06|3.099706671e+06|3.096006300e+06|2.261479438e+03|2.272429414e+03|2.284117566e+03|2.267800755e+03|1.869632023e+09|2.094787965e+09|2.360247092e+09|1.917383106e+09|3.076595215e+03|3.086920532e+03|3.097926208e+03|3.082815674e+03|2.948898796e+03
1.253168348e+06|3.096134389e+06|3.097766426e+06|3.098966856e+06|3.096440376e+06|2.266566053e+03|2.274570373e+03|2.280473204e+03|2.269767784e+03|1.971496071e+09|2.141398797e+09|2.274557828e+09|1.937423706e+09|3.081392334e+03|3.088937866e+03|3.094495605e+03|3.084702881e+03|2.948898796e+03
1.259327646e+06|3.095173105e+06|3.097210067e+06|3.099192794e+06|3.096536797e+06|2.261862659e+03|2.271839068e+03|2.281585660e+03|2.270094994e+03|1.877147426e+09|2.082096448e+09|2.300428223e+09|1.960975933e+09|3.076956177e+03|3.086362793e+03|3.095542908e+03|3.084770508e+03|2.948898796e+03
1.265158247e+06|3.094556157e+06|3.096740356e+06|3.098722466e+06|3.095146516e+06|2.258848420e+03|2.269535228e+03|2.279270418e+03|2.263135208e+03|1.818739622e+09|2.033130203e+09|2.246866299e+09|1.778867202e+09|3.074109680e+03|3.084191772e+03|3.093362854e+03|3.078591309e+03|2.948898796e+03
1.272539040e+06|3.094697981e+06|3.096689125e+06|3.098288502e+06|3.095488074e+06|2.259541066e+03|2.269284068e+03|2.277135959e+03|2.264603099e+03|1.832036127e+09|2.027851388e+09|2.198432174e+09|1.830272944e+09|3.074763855e+03|3.083956299e+03|3.091354675e+03|3.080320068e+03|2.948898796e+03
1.279721618e+06|3.094294309e+06|3.096261492e+06|3.098000076e+06|3.095137400e+06|2.257570135e+03|2.267188598e+03|2.275718267e+03|2.263252918e+03|1.794443960e+09|1.984298643e+09|2.166756430e+09|1.783519523e+09|3.072904480e+03|3.081979126e+03|3.090020142e+03|3.078869385e+03|2.948898796e+03
1.285323279e+06|3.093624925e+06|3.096225859e+06|3.097622233e+06|3.094305388e+06|2.254305140e+03|2.267014071e+03|2.273862208e+03|2.260682371e+03|1.733647325e+09|1.980711021e+09|2.125876138e+09|1.651207375e+09|3.069820984e+03|3.081814941e+03|3.088270935e+03|3.076359131e+03|2.948898796e+03
1.289511117e+06|3.092868065e+06|3.095661503e+06|3.097365377e+06|3.093474007e+06|2.250813889e+03|2.264251265e+03|2.272601203e+03|2.257296073e+03|1.537161735e+09|1.924566225e+09|2.098479320e+09|1.524115151e+09|3.066522583e+03|3.079208618e+03|3.087083191e+03|3.073488525e+03|2.948898796e+03
1.294002115e+06|3.092173667e+06|3.095557169e+06|3.097137345e+06|3.093010324e+06|2.249326361e+03|2.263740823e+03|2.271482217e+03|2.254532900e+03|6.681258679e+08|1.914348760e+09|2.074429243e+09|1.499283016e+09|3.065120728e+03|3.078728516e+03|3.086027527e+03|3.071690918e+03|2.948898796e+03
1.299303631e+06|3.090424606e+06|3.095180261e+06|3.096684829e+06|3.092222414e+06|2.245582429e+03|2.261897638e+03|2.269262999e+03|2.252183208e+03|8.206311477e+07|1.877833096e+09|2.027404696e+09|1.413098086e+09|3.061590393e+03|3.076988770e+03|3.083937073e+03|3.068262207e+03|2.948898796e+03
1.304844086e+06|3.086063390e+06|3.094999934e+06|3.096764539e+06|3.091254912e+06|2.236265275e+03|2.261016250e+03|2.269653776e+03|2.249832916e+03|5.389434306e+05|1.860587469e+09|2.035616675e+09|1.315510400e+09|3.052798889e+03|3.076156738e+03|3.084304993e+03|3.066963135e+03|2.948898796e+03
1.311143591e+06|3.089390041e+06|3.094409730e+06|3.096371257e+06|3.091884310e+06|2.243369854e+03|2.258133543e+03|2.267726281e+03|2.250433517e+03|2.399023631e+07|1.805128601e+09|1.995383782e+09|1.265943004e+09|3.059504333e+03|3.073436279e+03|3.082487976e+03|3.067405518e+03|2.948898796e+03
1.316887518e+06|3.085733172e+06|3.093044359e+06|3.095582139e+06|3.089867340e+06|2.235560750e+03|2.251476619e+03|2.263862988e+03|2.243154417e+03|3.436939752e+05|1.682418462e+09|1.916794516e+09|1.022506459e+09|3.052132935e+03|3.067147095e+03|3.078843811e+03|3.061618408e+03|2.948898796e+03
1.323248889e+06|3.086612895e+06|3.093712822e+06|3.095559714e+06|3.090442705e+06|2.237437594e+03|2.254733640e+03|2.263753267e+03|2.247371960e+03|8.618338695e+05|1.741524871e+09|1.914595465e+09|1.104874580e+09|3.053904480e+03|3.070225464e+03|3.078739624e+03|3.064146973e+03|2.948898796e+03
1.328461588e+06|3.082181215e+06|3.090986528e+06|3.095660709e+06|3.089255295e+06|2.227992536e+03|2.246784799e+03|2.264247428e+03|2.239837697e+03|4.172546794e+03|1.612852810e+08|1.924511444e+09|9.394008186e+08|3.044983276e+03|3.062723999e+03|3.079205505e+03|3.059470947e+03|2.948898796e+03
1.333797911e+06|3.088418382e+06|3.093547521e+06|3.095561145e+06|3.090792771e+06|2.241293157e+03|2.253927850e+03|2.263760271e+03|2.245600210e+03|7.802012795e+06|1.726737673e+09|1.914736201e+09|1.197017749e+09|3.057543213e+03|3.069463379e+03|3.078746643e+03|3.063674316e+03|2.948898796e+03
1.338816769e+06|3.085163867e+06|3.092107783e+06|3.094644877e+06|3.089335705e+06|2.234346487e+03|2.249185259e+03|2.259281715e+03|2.241440563e+03|1.578154107e+05|6.172329227e+08|1.827058486e+09|8.949251550e+08|3.050985413e+03|3.064987549e+03|3.074520081e+03|3.059016846e+03|2.948898796e+03
1.344171441e+06|3.085270404e+06|3.092992554e+06|3.094630407e+06|3.089564036e+06|2.234573602e+03|2.251224370e+03|2.259211030e+03|2.240782059e+03|1.699746079e+05|1.677913685e+09|1.825692972e+09|9.909173835e+08|3.051200867e+03|3.066910156e+03|3.074452209e+03|3.058644043e+03|2.948898796e+03
1.349543761e+06|3.082739483e+06|3.091193520e+06|3.094184616e+06|3.088285288e+06|2.229180934e+03|2.247227813e+03|2.257034816e+03|2.236506152e+03|8.463158939e+03|2.062639002e+08|1.784350691e+09|7.691588913e+08|3.046104736e+03|3.063140991e+03|3.072399231e+03|3.056014648e+03|2.948898796e+03
1.355891635e+06|3.080939874e+06|3.090187639e+06|3.094180006e+06|3.087666572e+06|2.225351782e+03|2.245075513e+03|2.257012331e+03|2.231044069e+03|1.053901008e+03|6.205751067e+07|1.783932144e+09|7.192680620e+08|3.042484131e+03|3.061112549e+03|3.072376770e+03|3.051735352e+03|2.948898796e+03
1.361167530e+06|3.080051246e+06|3.087756779e+06|3.093392718e+06|3.086538282e+06|2.223462445e+03|2.239879774e+03|2.253173461e+03|2.228214284e+03|3.348512273e+02|3.347030335e+06|1.712992765e+09|5.361515730e+08|3.040698914e+03|3.056209961e+03|3.068752197e+03|3.049827148e+03|2.948898796e+03
1.366152926e+06|3.076385725e+06|3.085207924e+06|3.092710563e+06|3.085371879e+06|2.211019504e+03|2.234440393e+03|2.250476436e+03|2.222807873e+03|3.967407208e+00|1.617168492e+05|1.275028241e+09|4.900787344e+08|3.031441589e+03|3.051073730e+03|3.066204529e+03|3.044718506e+03|2.948898796e+03
1.371101567e+06|3.076385725e+06|3.086286609e+06|3.091757402e+06|3.085103906e+06|2.211655604e+03|2.236741279e+03|2.248434995e+03|2.222410930e+03|3.967407208e+00|5.739145756e+05|4.245694484e+08|4.251209396e+08|3.031699890e+03|3.053246338e+03|3.064279419e+03|3.044875244e+03|2.948898796e+03
1.376074907e+06|3.076385725e+06|3.084174375e+06|3.090119279e+06|3.084170897e+06|2.208826464e+03|2.232237207e+03|2.244929351e+03|2.219020311e+03|3.967407208e+00|4.568411675e+04|6.138719779e+07|2.690067969e+08|3.030552429e+03|3.048992920e+03|3.060974670e+03|3.041737305e+03|2.948898796e+03
1.381119566e+06|3.076615489e+06|3.085530836e+06|3.092214211e+06|3.085230178e+06|2.216008511e+03|2.235129005e+03|2.249413198e+03|2.222553895e+03|5.290352308e+00|2.332771004e+05|7.022835412e+08|4.383584233e+08|3.033730774e+03|3.051726318e+03|3.065202698e+03|3.044172852e+03|2.948898796e+03
1.386400192e+06|3.077894266e+06|3.088051043e+06|3.091595604e+06|3.085822842e+06|2.218881042e+03|2.240508313e+03|2.248088541e+03|2.226367295e+03|2.439091004e+01|4.770590802e+06|3.347052305e+08|4.313905932e+08|3.036362427e+03|3.056802856e+03|3.063954529e+03|3.046575684e+03|2.948898796e+03
1.392007372e+06|3.077090989e+06|3.085785870e+06|3.090165208e+06|3.084728110e+06|2.216325623e+03|2.235672976e+03|2.245027529e+03|2.221089165e+03|1.019428413e+01|3.152962626e+05|6.013879837e+07|2.632841308e+08|3.034404541e+03|3.052239380e+03|3.061066833e+03|3.042215576e+03|2.948898796e+03
1.398675520e+06|3.076385725e+06|3.083819832e+06|3.090378659e+06|3.083816554e+06|2.204909246e+03|2.231481785e+03|2.245484142e+03|2.218873876e+03|3.967407208e+00|3.019554645e+04|7.827846292e+07|2.596210394e+08|3.028956482e+03|3.048279053e+03|3.061496643e+03|3.040469482e+03|2.948898796e+03
1.403672980e+06|3.076385725e+06|3.080012656e+06|3.088064060e+06|3.082102304e+06|2.187960932e+03|2.223380396e+03|2.240536133e+03|2.212232109e+03|3.967407208e+00|3.105760934e+02|4.913076843e+06|1.171089855e+08|3.022045776e+03|3.040619629e+03|3.056829590e+03|3.035873535e+03|2.948898796e+03
1.408757344e+06|3.076385725e+06|3.078102201e+06|3.086654086e+06|3.081483206e+06|2.192664552e+03|2.219322491e+03|2.237525490e+03|2.208794574e+03|3.967407208e+00|3.375351638e+01|8.918182894e+05|1.033587851e+08|3.023969421e+03|3.036779907e+03|3.053988647e+03|3.033305908e+03|2.948898796e+03
1.413781286e+06|3.076385725e+06|3.079903044e+06|3.087665687e+06|3.081859041e+06|2.182668283e+03|2.223147445e+03|2.239685226e+03|2.207109862e+03|3.967407208e+00|2.744638267e+02|3.000628202e+06|4.649924834e+07|3.019879272e+03|3.040400513e+03|3.056026917e+03|3.032093018e+03|2.948898796e+03
1.418285805e+06|3.076385725e+06|3.078192275e+06|3.084906356e+06|3.080897999e+06|2.180540754e+03|2.219513637e+03|2.233797446e+03|2.205106394e+03|3.967407208e+00|3.502771756e+01|1.181538444e+05|6.642350096e+07|3.019008057e+03|3.036961914e+03|3.050467163e+03|3.032293701e+03|2.948898796e+03
1.423189181e+06|3.076385725e+06|3.079069528e+06|3.086191948e+06|3.081352738e+06|2.194494879e+03|2.221376495e+03|2.236539307e+03|2.209366595e+03|3.967407208e+00|1.001003671e+02|5.171370453e+05|2.231611326e+07|3.024715393e+03|3.038725586e+03|3.053056458e+03|3.032497559e+03|2.948898796e+03
1.428630268e+06|3.076385725e+06|3.076385725e+06|3.082959994e+06|3.079433333e+06|2.153396682e+03|2.198379938e+03|2.229650417e+03|2.192576146e+03|3.967407208e+00|3.967407208e+00|1.082551454e+04|6.568094516e+06|3.007832031e+03|3.026301025e+03|3.046549133e+03|3.023436035e+03|2.948898796e+03
1.434040571e+06|3.076385725e+06|3.076385725e+06|3.079896191e+06|3.079115955e+06|2.174567126e+03|2.211464691e+03|2.223132866e+03|2.197465291e+03|3.967407208e+00|3.967407208e+00|2.684109088e+02|3.320094468e+06|3.016557678e+03|3.031621948e+03|3.040386169e+03|3.025108398e+03|2.948898796e+03
1.439696590e+06|3.076385725e+06|3.076385725e+06|3.081412017e+06|3.079044953e+06|2.152724374e+03|2.199325515e+03|2.226355865e+03|2.191034159e+03|3.967407208e+00|3.967407208e+00|1.659834991e+03|9.757296426e+05|3.007551086e+03|3.026684937e+03|3.043434509e+03|3.021810303e+03|2.948898796e+03
1.444867929e+06|3.076385725e+06|3.076385725e+06|3.082359838e+06|3.078859806e+06|2.134520442e+03|2.184471962e+03|2.228372740e+03|2.183392456e+03|3.967407208e+00|3.967407208e+00|5.314773931e+03|3.353181035e+05|2.994209534e+03|3.020618164e+03|3.045342346e+03|3.015727539e+03|2.948898796e+03
1.449709990e+06|3.076385725e+06|3.076385725e+06|3.078815410e+06|3.078469484e+06|2.134520442e+03|2.179405075e+03|2.220836771e+03|2.183319035e+03|3.967407208e+00|3.967407208e+00|7.429809616e+01|3.711638621e+05|2.998728577e+03|3.018542725e+03|3.038214478e+03|3.017417236e+03|2.948898796e+03
1.453368870e+06|3.076385725e+06|3.076385725e+06|3.077254026e+06|3.078175655e+06|2.134520442e+03|2.172925275e+03|2.217522392e+03|2.177373807e+03|3.967407208e+00|3.967407208e+00|1.134233413e+01|4.835938559e+05|2.987532959e+03|3.015881958e+03|3.035076782e+03|3.010323975e+03|2.948898796e+03
1.457085038e+06|3.076385725e+06|3.076385725e+06|3.076385725e+06|3.077196289e+06|2.134520442e+03|2.147700706e+03|2.197390823e+03|2.165675918e+03|3.967407208e+00|3.967407208e+00|3.967407208e+00|7.485317783e+03|2.983686279e+03|3.005472778e+03|3.025897461e+03|3.002182129e+03|2.948898796e+03
1.461005831e+06|3.076385725e+06|3.076385725e+06|3.076385725e+06|3.077094594e+06|2.134520442e+03|2.135071338e+03|2.187161804e+03|2.162229454e+03|3.967407208e+00|3.967407208e+00|3.967407208e+00|1.641101841e+03|2.969207092e+03|3.000228760e+03|3.021718872e+03|2.994650879e+03|2.948898796e+03
1.465682239e+06|3.076385725e+06|3.076385725e+06|3.076385725e+06|3.077429581e+06|2.134520442e+03|2.157815875e+03|2.207595151e+03|2.169052543e+03|3.967407208e+00|3.967407208e+00|3.967407208e+00|2.172452422e+03|2.969422241e+03|3.009658081e+03|3.030050598e+03|2.995801025e+03|2.948898796e+03
1.472421019e+06|3.076385725e+06|3.076385725e+06|3.076385725e+06|3.076861153e+06|2.134520442e+03|2.134520442e+03|2.166361835e+03|2.155865008e+03|3.967407208e+00|3.967407208e+00|3.967407208e+00|7.479999157e+02|2.952157471e+03|2.992289307e+03|3.013182861e+03|2.979831055e+03|2.948898796e+03
1.483850876e+06|3.076385725e+06|3.076385725e+06|3.076385725e+06|3.076720721e+06|2.134520442e+03|2.134520442e+03|2.176610573e+03|2.155050356e+03|3.967407208e+00|3.967407208e+00|3.967407208e+00|5.002342612e+01|2.910337891e+03|2.960180542e+03|3.017394531e+03|2.957352295e+03|2.948898796e+03
1.492438900e+06|3.076385725e+06|3.076385725e+06|3.076385725e+06|3.076679021e+06|2.134520442e+03|2.134520442e+03|2.180240095e+03|2.155236039e+03|3.967407208e+00|3.967407208e+00|3.967407208e+00|3.945753775e+01|2.917629883e+03|2.965300049e+03|3.018883362e+03|2.962278809e+03|2.948898796e+03
1.496533899e+06|3.076385725e+06|3.076385725e+06|3.076385725e+06|3.076616059e+06|2.134520442e+03|2.134520442e+03|2.177371536e+03|2.154761468e+03|3.967407208e+00|3.967407208e+00|3.967407208e+00|3.175444319e+01|2.905840454e+03|2.960047974e+03|3.017707031e+03|2.953568848e+03|2.948898796e+03
1.499172666e+06|3.076385725e+06|3.076385725e+06|3.076385725e+06|3.076700402e+06|2.134520442e+03|2.134520442e+03|2.170651955e+03|2.153695814e+03|3.967407208e+00|3.967407208e+00|3.967407208e+00|3.339845629e+02|2.910102905e+03|2.968253540e+03|3.014947815e+03|2.959546631e+03|2.948898796e+03
1.500858717e+06|3.076385725e+06|3.076385725e+06|3.076385725e+06|3.076671411e+06|2.134520442e+03|2.134520442e+03|2.142768948e+03|2.149895526e+03|3.967407208e+00|3.967407208e+00|3.967407208e+00|1.586110342e+02|2.914366455e+03|2.965409912e+03|3.003428040e+03|2.954719971e+03|2.948898796e+03
1.502408139e+06|3.076385725e+06|3.076385725e+06|3.076385725e+06|3.076569749e+06|2.134520442e+03|2.134520442e+03|2.161321365e+03|2.152497412e+03|3.967407208e+00|3.967407208e+00|3.967407208e+00|1.429215343e+01|2.915927673e+03|2.960724976e+03|3.011104248e+03|2.953229980e+03|2.948898796e+03
1.504131305e+06|3.076385725e+06|3.076385725e+06|3.076385725e+06|3.076565787e+06|2.134520442e+03|2.134520442e+03|2.157062604e+03|2.149450998e+03|3.967407208e+00|3.967407208e+00|3.967407208e+00|7.162454928e+01|2.929093140e+03|2.972328491e+03|3.009345764e+03|2.961542480e+03|2.948898796e+03
1.505773988e+06|3.076385725e+06|3.076385725e+06|3.076385725e+06|3.076427408e+06|2.134520442e+03|2.134520442e+03|2.140061024e+03|2.146344560e+03|3.967407208e+00|3.967407208e+00|3.967407208e+00|4.869080572e+00|2.911078308e+03|2.967808594e+03|3.002303894e+03|2.950714111e+03|2.948898796e+03
1.507525175e+06|3.076385725e+06|3.076385725e+06|3.076385725e+06|3.076473825e+06|2.134520442e+03|2.134520442e+03|2.134520442e+03|2.145814045e+03|3.967407208e+00|3.967407208e+00|3.967407208e+00|1.447844145e+01|2.868752502e+03|2.952479248e+03|2.999023804e+03|2.929998047e+03|2.948898796e+03
1.510656916e+06|3.076385725e+06|3.076385725e+06|3.076385725e+06|3.076385725e+06|2.134520442e+03|2.134520442e+03|2.134520442e+03|2.140600759e+03|3.967407208e+00|3.967407208e+00|3.967407208e+00|3.967407208e+00|2.856338867e+03|2.925207886e+03|2.990354309e+03|2.915677490e+03|2.948898796e+03
1.540123761e+06|3.076385725e+06|3.076385725e+06|3.076385725e+06|3.076385725e+06|2.134520442e+03|2.134520442e+03|2.134520442e+03|2.139523404e+03|3.967407208e+00|3.967407208e+00|3.967407208e+00|3.967407208e+00|2.922052979e+03|2.959237061e+03|2.985398315e+03|2.947795898e+03|2.948898796e+03
1.554347562e+06|3.076385725e+06|3.076385725e+06|3.076385725e+06|3.076385725e+06|2.134520442e+03|2.134520442e+03|2.134520442e+03|2.142601031e+03|3.967407208e+00|3.967407208e+00|3.967407208e+00|3.967407208e+00|2.945279236e+03|2.965000977e+03|2.994416931e+03|2.966096191e+03|2.948898796e+03
1.556166152e+06|3.076385725e+06|3.076385725e+06|3.076385725e+06|3.076385725e+06|2.134520442e+03|2.134520442e+03|2.134520442e+03|2.139088420e+03|3.967407208e+00|3.967407208e+00|3.967407208e+00|3.967407208e+00|2.908872925e+03|2.947488892e+03|2.978141357e+03|2.943458008e+03|2.948898796e+03
1.557430324e+06|3.076385725e+06|3.076385725e+06|3.076385725e+06|3.076385725e+06|2.134520442e+03|2.134520442e+03|2.134520442e+03|2.137329487e+03|3.967407208e+00|3.967407208e+00|3.967407208e+00|3.967407208e+00|2.876754761e+03|2.924144287e+03|2.963080078e+03|2.919644775e+03|2.948898796e+03
1.558483267e+06|3.076385725e+06|3.076385725e+06|3.076385725e+06|3.076385725e+06|2.134520442e+03|2.134520442e+03|2.134520442e+03|2.138182687e+03|3.967407208e+00|3.967407208e+00|3.967407208e+00|3.967407208e+00|2.870767395e+03|2.911903809e+03|2.969046265e+03|2.916531494e+03|2.948898796e+03
1.559444563e+06|3.076385725e+06|3.076385725e+06|3.076385725e+06|3.076385725e+06|2.134520442e+03|2.134520442e+03|2.134520442e+03|2.136328793e+03|3.967407208e+00|3.967407208e+00|3.967407208e+00|3.967407208e+00|2.854858765e+03|2.903920532e+03|2.966537476e+03|2.903714355e+03|2.948898796e+03
1.560365099e+06|3.076385725e+06|3.076385725e+06|3.076385725e+06|3.076385725e+06|2.134520442e+03|2.134520442e+03|2.134520442e+03|2.135097720e+03|3.967407208e+00|3.967407208e+00|3.967407208e+00|3.967407208e+00|2.821954163e+03|2.884327515e+03|2.959218506e+03|2.886558350e+03|2.948898796e+03
1.561143368e+06|3.076385725e+06|3.076385725e+06|3.076385725e+06|3.076385725e+06|2.134520442e+03|2.134520442e+03|2.134520442e+03|2.134799940e+03|3.967407208e+00|3.967407208e+00|3.967407208e+00|3.967407208e+00|2.799243713e+03|2.863162842e+03|2.946753235e+03|2.871898438e+03|2.948898796e+03
1.561919470e+06|3.076385725e+06|3.076385725e+06|3.076385725e+06|3.076385725e+06|2.134520442e+03|2.134520442e+03|2.134520442e+03|2.134520442e+03|3.967407208e+00|3.967407208e+00|3.967407208e+00|3.967407208e+00|2.799393372e+03|2.843875732e+03|2.929545410e+03|2.858651855e+03|2.948898796e+03
1.562756196e+06|3.076385725e+06|3.076385725e+06|3.076385725e+06|3.076385725e+06|2.134520442e+03|2.134520442e+03|2.134520442e+03|2.134769037e+03|3.967407208e+00|3.967407208e+00|3.967407208e+00|3.967407208e+00|2.787059021e+03|2.843199829e+03|2.936964844e+03|2.849956543e+03|2.948898796e+03
1.563722600e+06|3.076385725e+06|3.076385725e+06|3.076385725e+06|3.076385725e+06|2.134520442e+03|2.134520442e+03|2.134520442e+03|2.134805024e+03|3.967407208e+00|3.967407208e+00|3.967407208e+00|3.967407208e+00|2.744499390e+03|2.802891479e+03|2.895489929e+03|2.819318115e+03|2.948898796e+03
1.564454169e+06|3.076385725e+06|3.076385725e+06|3.076385725e+06|3.076385725e+06|2.134520442e+03|2.134520442e+03|2.134520442e+03|2.134520442e+03|3.967407208e+00|3.967407208e+00|3.967407208e+00|3.967407208e+00|2.750653870e+03|2.798388550e+03|2.873732117e+03|2.811668701e+03|2.948898796e+03
