#PHASE|Nmant|Nmant/Nmanttot|Mmant|Mmant/Mmanttot|RRRminmant|RRRminmantEq|RRRmaxmant|RRRmaxmantEq|Ncore|Ncore/Ncoretot|Mcore|Mcore/Mcoretot|RRRmincore|RRRmaxcore|
0.000000000e+00|0.000000000e+00|0.000000000e+00|0.000000000e+00|0.000000000e+00|inf|inf|-inf|inf|0.000000000e+00|0.000000000e+00|0.000000000e+00|0.000000000e+00|inf|-inf
1.000000000e+00|6.800000000e+01|5.050655100e-04|2.631179934e+19|5.051147316e-04|1.502966442e+06|1.502966442e+06|7.108161492e+07|inf|6.800000000e+01|0.000000000e+00|0.000000000e+00|0.000000000e+00|inf|-inf
2.000000000e+00|1.061000000e+03|7.880507442e-03|4.102991180e+20|7.876623190e-03|1.526382956e+06|2.397935362e+07|8.731175092e+07|inf|1.061000000e+03|0.000000000e+00|0.000000000e+00|0.000000000e+00|inf|-inf
3.000000000e+00|1.115790000e+05|8.287456550e-01|4.316835452e+22|8.287145824e-01|6.282645990e+05|8.516464343e+05|7.538099949e+07|inf|1.115790000e+05|0.000000000e+00|0.000000000e+00|0.000000000e+00|inf|-inf
4.000000000e+00|2.160600000e+04|1.604771384e-01|8.361274595e+21|1.605136509e-01|8.636501745e+05|8.646324862e+05|4.075843439e+07|inf|2.160600000e+04|9.979447510e-01|2.385836228e+22|9.979486716e-01|2.202354771e+04|1.117800940e+06
5.000000000e+00|3.220000000e+02|2.391633738e-03|1.244983655e+20|2.390028810e-03|1.625878238e+06|1.689998462e+06|9.057777485e+07|inf|3.220000000e+02|2.055248976e-03|4.904193807e+19|2.051328435e-03|1.060590570e+06|1.526444408e+06
6.000000000e+00|0.000000000e+00|0.000000000e+00|0.000000000e+00|0.000000000e+00|inf|inf|-inf|inf|0.000000000e+00|0.000000000e+00|0.000000000e+00|0.000000000e+00|inf|-inf
7.000000000e+00|0.000000000e+00|0.000000000e+00|0.000000000e+00|0.000000000e+00|inf|inf|-inf|inf|0.000000000e+00|0.000000000e+00|0.000000000e+00|0.000000000e+00|inf|-inf
8.000000000e+00|0.000000000e+00|0.000000000e+00|0.000000000e+00|0.000000000e+00|inf|inf|-inf|inf|0.000000000e+00|0.000000000e+00|0.000000000e+00|0.000000000e+00|inf|-inf
