#RRR|P25fit|P50fit|P75fit|P25model|P50model|P75model
8.414343602e+04|8.617732615e+09|8.819457207e+09|8.977724367e+09|0.000000|0.000000|0.000000
1.275368119e+05|8.558291926e+09|8.747415963e+09|8.923162900e+09|0.000000|0.000000|0.000000
1.517983829e+05|8.522206181e+09|8.702853447e+09|8.880435785e+09|0.000000|0.000000|0.000000
1.697456143e+05|8.493370947e+09|8.667433534e+09|8.843588539e+09|0.000000|0.000000|0.000000
1.853305212e+05|8.466502939e+09|8.634778629e+09|8.808152054e+09|0.000000|0.000000|0.000000
1.981500330e+05|8.442945251e+09|8.606490049e+09|8.776701202e+09|0.000000|0.000000|0.000000
2.117844107e+05|8.416291980e+09|8.574899347e+09|8.741052252e+09|0.000000|0.000000|0.000000
2.233696757e+05|8.392242827e+09|8.546776270e+09|8.709037394e+09|0.000000|0.000000|0.000000
2.345939640e+05|8.367629992e+09|8.518358735e+09|8.676556615e+09|0.000000|0.000000|0.000000
2.463125367e+05|8.340474870e+09|8.487414455e+09|8.641153749e+09|0.000000|0.000000|0.000000
2.566515269e+05|8.315218186e+09|8.458995996e+09|8.608689099e+09|0.000000|0.000000|0.000000
2.660853768e+05|8.291065819e+09|8.432125942e+09|8.578087619e+09|0.000000|0.000000|0.000000
2.761396438e+05|8.264120547e+09|8.402477783e+09|8.544471087e+09|0.000000|0.000000|0.000000
2.863261056e+05|8.235512282e+09|8.371352280e+09|8.509383786e+09|0.000000|0.000000|0.000000
2.951758413e+05|8.209557873e+09|8.343404890e+09|8.478080579e+09|0.000000|0.000000|0.000000
3.033227694e+05|8.184737999e+09|8.316919222e+09|8.448604246e+09|0.000000|0.000000|0.000000
3.129178559e+05|8.154342062e+09|8.284779741e+09|8.413095681e+09|0.000000|0.000000|0.000000
3.211078915e+05|8.127381584e+09|8.256526197e+09|8.382122815e+09|0.000000|0.000000|0.000000
3.286950959e+05|8.101556446e+09|8.229669799e+09|8.352895173e+09|0.000000|0.000000|0.000000
3.366229639e+05|8.073686412e+09|8.200898975e+09|8.321816286e+09|0.000000|0.000000|0.000000
3.438689468e+05|8.047411896e+09|8.173963583e+09|8.292937397e+09|0.000000|0.000000|0.000000
3.527070869e+05|8.014314922e+09|8.140276079e+09|8.257112614e+09|0.000000|0.000000|0.000000
3.599214177e+05|7.986434879e+09|8.112093617e+09|8.227389447e+09|0.000000|0.000000|0.000000
3.661427627e+05|7.961762992e+09|8.087293096e+09|8.201416484e+09|0.000000|0.000000|0.000000
3.736923793e+05|7.931034907e+09|8.056575948e+09|8.169480799e+09|0.000000|0.000000|0.000000
3.815177132e+05|7.898265547e+09|8.024014056e+09|8.135903320e+09|0.000000|0.000000|0.000000
3.886048583e+05|7.867775036e+09|7.993886005e+09|8.105082343e+09|0.000000|0.000000|0.000000
3.950326852e+05|7.839449926e+09|7.966034662e+09|8.076795893e+09|0.000000|0.000000|0.000000
4.013967475e+05|7.810774421e+09|7.937965270e+09|8.048482478e+09|0.000000|0.000000|0.000000
4.078917054e+05|7.780859382e+09|7.908810357e+09|8.019275266e+09|0.000000|0.000000|0.000000
4.147618721e+05|7.748500134e+09|7.877411613e+09|7.988042808e+09|0.000000|0.000000|0.000000
4.214217151e+05|7.716427655e+09|7.846424414e+09|7.957439098e+09|0.000000|0.000000|0.000000
4.276448998e+05|7.685831159e+09|7.816979593e+09|7.928554235e+09|0.000000|0.000000|0.000000
4.334550444e+05|7.656718589e+09|7.789062367e+09|7.901338448e+09|0.000000|0.000000|0.000000
4.387337852e+05|7.629811056e+09|7.763341421e+09|7.876406312e+09|0.000000|0.000000|0.000000
4.448476015e+05|7.598102807e+09|7.733127026e+09|7.847287856e+09|0.000000|0.000000|0.000000
4.518977054e+05|7.560814901e+09|7.697720701e+09|7.813390773e+09|0.000000|0.000000|0.000000
4.577302271e+05|7.529382142e+09|7.667972809e+09|7.785091961e+09|0.000000|0.000000|0.000000
4.629860532e+05|7.500605145e+09|7.640813112e+09|7.759394613e+09|0.000000|0.000000|0.000000
4.684464730e+05|7.470255340e+09|7.612242479e+09|7.732501177e+09|0.000000|0.000000|0.000000
4.744396220e+05|7.436415562e+09|7.580470768e+09|7.702756167e+09|0.000000|0.000000|0.000000
4.801217018e+05|7.403823182e+09|7.549949730e+09|7.674336640e+09|0.000000|0.000000|0.000000
4.857511084e+05|7.371046755e+09|7.519330705e+09|7.645972531e+09|0.000000|0.000000|0.000000
4.919121173e+05|7.334623631e+09|7.485387605e+09|7.614694344e+09|0.000000|0.000000|0.000000
4.968807690e+05|7.304832215e+09|7.457685793e+09|7.589291387e+09|0.000000|0.000000|0.000000
5.016746350e+05|7.275737756e+09|7.430682370e+09|7.564632216e+09|0.000000|0.000000|0.000000
5.071275328e+05|7.242227146e+09|7.399638683e+09|7.536405150e+09|0.000000|0.000000|0.000000
5.126243830e+05|7.208001056e+09|7.367993398e+09|7.507759952e+09|0.000000|0.000000|0.000000
5.178017830e+05|7.175358300e+09|7.337866507e+09|7.480605358e+09|0.000000|0.000000|0.000000
5.235932984e+05|7.138381283e+09|7.303799946e+09|7.450030671e+09|0.000000|0.000000|0.000000
5.289085935e+05|7.104019036e+09|7.272196661e+09|7.421785802e+09|0.000000|0.000000|0.000000
5.334166353e+05|7.074559127e+09|7.245141398e+09|7.397692919e+09|0.000000|0.000000|0.000000
5.375962490e+05|7.046988361e+09|7.219852228e+09|7.375242784e+09|0.000000|0.000000|0.000000
5.426584420e+05|7.013267432e+09|7.188960646e+09|7.347907476e+09|0.000000|0.000000|0.000000
5.479219856e+05|6.977827804e+09|7.156537985e+09|7.319317451e+09|0.000000|0.000000|0.000000
5.530784369e+05|6.942740379e+09|7.124478660e+09|7.291144023e+09|0.000000|0.000000|0.000000
5.582808146e+05|6.906975013e+09|7.091839289e+09|7.262554459e+09|0.000000|0.000000|0.000000
5.627491091e+05|6.875966896e+09|7.063571508e+09|7.237866815e+09|0.000000|0.000000|0.000000
5.674532780e+05|6.843036487e+09|7.033580007e+09|7.211744116e+09|0.000000|0.000000|0.000000
5.721339869e+05|6.809983387e+09|7.003504577e+09|7.185617638e+09|0.000000|0.000000|0.000000
5.764803502e+05|6.779038366e+09|6.975370899e+09|7.161237757e+09|0.000000|0.000000|0.000000
5.813242329e+05|6.744268116e+09|6.943784821e+09|7.133931507e+09|0.000000|0.000000|0.000000
5.859597410e+05|6.710718269e+09|6.913330915e+09|7.107666055e+09|0.000000|0.000000|0.000000
5.910386531e+05|6.673654978e+09|6.879712466e+09|7.078737910e+09|0.000000|0.000000|0.000000
5.959294634e+05|6.637668655e+09|6.847093527e+09|7.050732555e+09|0.000000|0.000000|0.000000
6.000971663e+05|6.606777819e+09|6.819109463e+09|7.026752683e+09|0.000000|0.000000|0.000000
6.041128311e+05|6.576821141e+09|6.791984657e+09|7.003547314e+09|0.000000|0.000000|0.000000
6.084693298e+05|6.544111412e+09|6.762380314e+09|6.978260945e+09|0.000000|0.000000|0.000000
6.129922171e+05|6.509924713e+09|6.731452479e+09|6.951885965e+09|0.000000|0.000000|0.000000
6.173896519e+05|6.476468029e+09|6.701196650e+09|6.926122374e+09|0.000000|0.000000|0.000000
6.218324537e+05|6.442451972e+09|6.670445156e+09|6.899972433e+09|0.000000|0.000000|0.000000
6.266415693e+05|6.405393670e+09|6.636953283e+09|6.871529530e+09|0.000000|0.000000|0.000000
6.311611755e+05|6.370346121e+09|6.605286438e+09|6.844668873e+09|0.000000|0.000000|0.000000
6.353572066e+05|6.337621124e+09|6.575723480e+09|6.819618184e+09|0.000000|0.000000|0.000000
6.391191117e+05|6.308132460e+09|6.549087483e+09|6.797066444e+09|0.000000|0.000000|0.000000
6.428928032e+05|6.278412508e+09|6.522244786e+09|6.774355634e+09|0.000000|0.000000|0.000000
6.475905823e+05|6.241224988e+09|6.488659154e+09|6.745959364e+09|0.000000|0.000000|0.000000
6.517496802e+05|6.208130337e+09|6.458770152e+09|6.720703937e+09|0.000000|0.000000|0.000000
6.557900844e+05|6.175830205e+09|6.429597597e+09|6.696065198e+09|0.000000|0.000000|0.000000
6.600240047e+05|6.141828779e+09|6.398885981e+09|6.670135923e+09|0.000000|0.000000|0.000000
6.646444158e+05|6.104548689e+09|6.365208385e+09|6.641710184e+09|0.000000|0.000000|0.000000
6.685302139e+05|6.073058897e+09|6.336756562e+09|6.617698836e+09|0.000000|0.000000|0.000000
6.724322239e+05|6.041315716e+09|6.308070011e+09|6.593490256e+09|0.000000|0.000000|0.000000
6.763094423e+05|6.009656836e+09|6.279452770e+09|6.569338738e+09|0.000000|0.000000|0.000000
6.799663779e+05|5.979692804e+09|6.252360235e+09|6.546470612e+09|0.000000|0.000000|0.000000
6.841775498e+05|5.945066864e+09|6.221042469e+09|6.520029393e+09|0.000000|0.000000|0.000000
6.883410735e+05|5.910710409e+09|6.189956420e+09|6.493773913e+09|0.000000|0.000000|0.000000
6.923918359e+05|5.877172384e+09|6.159598012e+09|6.468120686e+09|0.000000|0.000000|0.000000
6.963710667e+05|5.844123451e+09|6.129668603e+09|6.442815386e+09|0.000000|0.000000|0.000000
7.006099892e+05|5.808810196e+09|6.097672133e+09|6.415743412e+09|0.000000|0.000000|0.000000
7.042604867e+05|5.778314105e+09|6.070025538e+09|6.392333647e+09|0.000000|0.000000|0.000000
7.079664661e+05|5.747277989e+09|6.041874183e+09|6.368476909e+09|0.000000|0.000000|0.000000
7.115952599e+05|5.716817100e+09|6.014228673e+09|6.345027533e+09|0.000000|0.000000|0.000000
7.153161434e+05|5.685513777e+09|5.985801107e+09|6.320890584e+09|0.000000|0.000000|0.000000
7.189279199e+05|5.655064746e+09|5.958131316e+09|6.297371315e+09|0.000000|0.000000|0.000000
7.227675503e+05|5.622630104e+09|5.928636429e+09|6.272270399e+09|0.000000|0.000000|0.000000
7.270724219e+05|5.586191397e+09|5.895473381e+09|6.244007301e+09|0.000000|0.000000|0.000000
7.310410503e+05|5.552534661e+09|5.864815334e+09|6.217837917e+09|0.000000|0.000000|0.000000
7.345621188e+05|5.522626082e+09|5.837548646e+09|6.194527712e+09|0.000000|0.000000|0.000000
7.382416060e+05|5.491328112e+09|5.808991114e+09|6.170075653e+09|0.000000|0.000000|0.000000
7.419165663e+05|5.460027960e+09|5.780405695e+09|6.145558100e+09|0.000000|0.000000|0.000000
7.451970779e+05|5.432056332e+09|5.754837211e+09|6.123590908e+09|0.000000|0.000000|0.000000
7.486803804e+05|5.402326904e+09|5.727637238e+09|6.100181384e+09|0.000000|0.000000|0.000000
7.522585674e+05|5.371760520e+09|5.699643875e+09|6.076043098e+09|0.000000|0.000000|0.000000
7.559543745e+05|5.340164573e+09|5.670676908e+09|6.051013779e+09|0.000000|0.000000|0.000000
7.596099188e+05|5.308892214e+09|5.641974576e+09|6.026158910e+09|0.000000|0.000000|0.000000
7.633897607e+05|5.276539442e+09|5.612245679e+09|6.000355443e+09|0.000000|0.000000|0.000000
7.670985001e+05|5.244782878e+09|5.583028651e+09|5.974934362e+09|0.000000|0.000000|0.000000
7.712555411e+05|5.209178693e+09|5.550227501e+09|5.946318239e+09|0.000000|0.000000|0.000000
7.746470408e+05|5.180128457e+09|5.523428318e+09|5.922875510e+09|0.000000|0.000000|0.000000
7.778309067e+05|5.152857850e+09|5.498240308e+09|5.900788558e+09|0.000000|0.000000|0.000000
7.811417636e+05|5.124503910e+09|5.472019236e+09|5.877738509e+09|0.000000|0.000000|0.000000
7.842731340e+05|5.097694155e+09|5.447194742e+09|5.855860455e+09|0.000000|0.000000|0.000000
7.878470007e+05|5.067108006e+09|5.418834884e+09|5.830797981e+09|0.000000|0.000000|0.000000
7.913631581e+05|5.037032323e+09|5.390906817e+09|5.806042944e+09|0.000000|0.000000|0.000000
7.950380623e+05|5.005620835e+09|5.361692780e+09|5.780066367e+09|0.000000|0.000000|0.000000
7.984197732e+05|4.976739357e+09|5.334789237e+09|5.756067719e+09|0.000000|0.000000|0.000000
8.024129555e+05|4.942670352e+09|5.302999133e+09|5.727612071e+09|0.000000|0.000000|0.000000
8.062767199e+05|4.909746859e+09|5.272219990e+09|5.699956392e+09|0.000000|0.000000|0.000000
8.098568829e+05|4.879281248e+09|5.243686006e+09|5.674222387e+09|0.000000|0.000000|0.000000
8.129483247e+05|4.853009985e+09|5.219038400e+09|5.651916832e+09|0.000000|0.000000|0.000000
8.158026078e+05|4.828786055e+09|5.196276022e+09|5.631252446e+09|0.000000|0.000000|0.000000
8.187203159e+05|4.804058054e+09|5.173003765e+09|5.610058950e+09|0.000000|0.000000|0.000000
8.223835760e+05|4.773064218e+09|5.143781265e+09|5.583349123e+09|0.000000|0.000000|0.000000
8.253434053e+05|4.748068066e+09|5.120169153e+09|5.561685607e+09|0.000000|0.000000|0.000000
8.284224704e+05|4.722111834e+09|5.095606710e+09|5.539070446e+09|0.000000|0.000000|0.000000
8.324454394e+05|4.688275609e+09|5.063518812e+09|5.509400236e+09|0.000000|0.000000|0.000000
8.364880826e+05|4.654368185e+09|5.031282646e+09|5.479444182e+09|0.000000|0.000000|0.000000
8.398170489e+05|4.626522580e+09|5.004746796e+09|5.454669603e+09|0.000000|0.000000|0.000000
8.432060421e+05|4.598249654e+09|4.977743791e+09|5.429348280e+09|0.000000|0.000000|0.000000
8.467117100e+05|4.569087201e+09|4.949825790e+09|5.403048153e+09|0.000000|0.000000|0.000000
8.500104574e+05|4.541728059e+09|4.923571694e+09|5.378212066e+09|0.000000|0.000000|1.000000
8.526863966e+05|4.519595545e+09|4.902287480e+09|5.357948453e+09|0.000000|0.000000|1.000000
8.555425145e+05|4.496035820e+09|4.879584571e+09|5.336320433e+09|0.000000|0.000000|1.000000
8.585330676e+05|4.471439677e+09|4.855830658e+09|5.313674399e+09|0.000000|0.000000|1.000000
8.619090413e+05|4.443766444e+09|4.829039177e+09|5.288109759e+09|0.000000|0.000000|1.000000
8.653965745e+05|4.415286581e+09|4.801391514e+09|5.261700332e+09|0.000000|0.000000|1.000000
8.687629085e+05|4.387904871e+09|4.774735399e+09|5.236208688e+09|0.000000|0.000000|1.000000
8.725161214e+05|4.357507269e+09|4.745054593e+09|5.207787396e+09|0.000000|0.000000|1.000000
8.760956007e+05|4.328650812e+09|4.716788978e+09|5.180681704e+09|0.000000|0.000000|1.000000
8.791087268e+05|4.304465536e+09|4.693029212e+09|5.157864736e+09|0.000000|0.000000|1.000000
8.817398837e+05|4.283427701e+09|4.672308132e+09|5.137940239e+09|0.000000|0.000000|1.000000
8.846387642e+05|4.260339923e+09|4.649509065e+09|5.115988398e+09|0.000000|0.000000|1.000000
8.872275528e+05|4.239804480e+09|4.629177098e+09|5.096384735e+09|0.000000|0.000000|1.000000
8.898289487e+05|4.219249753e+09|4.608774290e+09|5.076685604e+09|0.000000|0.000000|1.000000
8.930249461e+05|4.194110716e+09|4.583748507e+09|5.052483839e+09|0.000000|0.000000|1.000000
8.965838396e+05|4.166269518e+09|4.555936341e+09|5.025534034e+09|0.000000|0.000000|1.000000
9.012745127e+05|4.129828568e+09|4.519373696e+09|4.990013802e+09|0.000000|0.000000|1.000000
9.065038297e+05|4.089558040e+09|4.478747175e+09|4.950414676e+09|0.000000|0.000000|1.000000
9.107487544e+05|4.057155279e+09|4.445879785e+09|4.918269884e+09|0.000000|0.000000|1.000000
9.139746147e+05|4.032709737e+09|4.420973276e+09|4.893841981e+09|0.000000|0.000000|1.000000
9.164015357e+05|4.014422962e+09|4.402277117e+09|4.875464065e+09|0.000000|0.000000|1.000000
9.181847696e+05|4.001044671e+09|4.388563287e+09|4.861960484e+09|0.000000|0.000000|1.000000
9.201287637e+05|3.986517550e+09|4.373636466e+09|4.847239543e+09|0.000000|0.000000|1.000000
9.219001743e+05|3.973332875e+09|4.360056456e+09|4.833825495e+09|0.000000|0.000000|1.000000
9.234729205e+05|3.961669628e+09|4.348017095e+09|4.821915837e+09|0.000000|0.000000|1.000000
9.250279545e+05|3.950177786e+09|4.336129940e+09|4.810140305e+09|0.000000|0.000000|1.000000
9.270104662e+05|3.935585375e+09|4.320999436e+09|4.795127689e+09|0.000000|0.000000|1.000000
9.293755736e+05|3.918263974e+09|4.302985546e+09|4.777217858e+09|0.000000|0.000000|1.000000
9.344869490e+05|3.881161346e+09|4.264195237e+09|4.738511847e+09|0.000000|0.000000|1.000000
9.481134125e+05|3.784584007e+09|4.161793081e+09|4.635325132e+09|0.000000|0.000000|1.000000
9.526043298e+05|3.753540915e+09|4.128390545e+09|4.601317555e+09|0.000000|0.000000|1.000000
9.551243893e+05|3.736300176e+09|4.109726940e+09|4.582234346e+09|0.000000|0.000000|1.000000
9.574115274e+05|3.720766648e+09|4.092839571e+09|4.564914939e+09|0.000000|0.000000|1.000000
9.588510429e+05|3.711046156e+09|4.082236171e+09|4.554014174e+09|0.000000|0.000000|1.000000
9.601443115e+05|3.702350677e+09|4.072727021e+09|4.544220867e+09|0.000000|0.000000|1.000000
9.613804382e+05|3.694072831e+09|4.063653234e+09|4.534860268e+09|0.000000|0.000000|1.000000
9.624161743e+05|3.687162275e+09|4.056061976e+09|4.527017133e+09|0.000000|0.000000|1.000000
9.635459845e+05|3.679650600e+09|4.047793352e+09|4.518461618e+09|0.000000|0.000000|1.000000
9.645458500e+05|3.673026147e+09|4.040486395e+09|4.510890113e+09|0.000000|0.000000|1.000000
9.656008081e+05|3.666060536e+09|4.032787766e+09|4.502901419e+09|0.000000|0.000000|1.000000
9.666733670e+05|3.659003982e+09|4.024972308e+09|4.494779441e+09|0.000000|0.000000|1.000000
9.677754582e+05|3.651779853e+09|4.016953961e+09|4.486433829e+09|0.000000|0.000000|1.000000
9.689195835e+05|3.644309049e+09|4.008643106e+09|4.477769913e+09|0.000000|0.000000|1.000000
9.701071737e+05|3.636585748e+09|4.000031002e+09|4.468776859e+09|0.000000|0.000000|1.000000
9.714675095e+05|3.627778522e+09|3.990184488e+09|4.458475684e+09|0.000000|0.000000|1.000000
9.741124460e+05|3.610776421e+09|3.971096343e+09|4.438446840e+09|0.000000|0.000000|1.000000
1.002483975e+06|3.439218516e+09|3.771454415e+09|4.223602770e+09|0.000000|0.000000|1.000000
1.013986843e+06|3.375778678e+09|3.693457308e+09|4.136497031e+09|0.000000|0.000000|1.000000
1.017810734e+06|3.355534830e+09|3.667942743e+09|4.107540530e+09|0.000000|0.000000|1.000000
1.020275929e+06|3.342714640e+09|3.651607590e+09|4.088872781e+09|0.000000|0.000000|1.000000
1.022392132e+06|3.331855713e+09|3.637657268e+09|4.072847786e+09|0.000000|0.000000|1.000000
1.024352550e+06|3.321918144e+09|3.624794292e+09|4.058002476e+09|0.000000|0.000000|1.000000
1.026316961e+06|3.312079207e+09|3.611964078e+09|4.043126922e+09|0.000000|0.000000|1.000000
1.028284864e+06|3.302343284e+09|3.599170947e+09|4.028224932e+09|0.000000|0.000000|1.000000
1.030178927e+06|3.293087689e+09|3.586915100e+09|4.013882097e+09|0.000000|0.000000|1.000000
1.040804677e+06|3.243305785e+09|3.519230523e+09|3.933418352e+09|0.000000|0.000000|1.000000
1.062882043e+06|3.152164436e+09|3.384805354e+09|3.766236982e+09|0.000000|0.000000|1.000000
1.068263099e+06|3.132617687e+09|3.353400440e+09|4.007890053e+09|0.000000|0.000000|3.000000
1.071812835e+06|3.120322646e+09|3.332991056e+09|3.954242845e+09|0.000000|0.000000|3.000000
1.074431199e+06|3.111564121e+09|3.318096400e+09|3.915758433e+09|0.000000|0.000000|3.000000
1.076902477e+06|3.103542518e+09|3.304164655e+09|3.880260830e+09|0.000000|0.000000|3.000000
1.079277313e+06|3.096060477e+09|3.290893507e+09|3.846886597e+09|0.000000|0.000000|3.000000
1.081362986e+06|3.089674382e+09|3.279333838e+09|3.818160222e+09|0.000000|0.000000|3.000000
1.083708568e+06|3.082701090e+09|3.266441607e+09|3.786493302e+09|0.000000|0.000000|3.000000
1.086186225e+06|3.075577345e+09|3.252948946e+09|3.753762714e+09|0.000000|0.000000|3.000000
1.092489295e+06|3.058594109e+09|3.219215724e+09|3.673715782e+09|0.000000|0.000000|3.000000
1.105096004e+06|3.029680555e+09|3.154381084e+09|3.526570283e+09|0.000000|0.000000|3.000000
1.111325927e+06|3.017966310e+09|3.123689056e+09|3.459728170e+09|0.000000|0.000000|3.000000
1.115860090e+06|2.988263476e+09|3.163387019e+09|3.413336729e+09|3.000000|3.000000|3.000000
1.120080666e+06|2.959372912e+09|3.130651000e+09|3.371775503e+09|3.000000|3.000000|3.000000
1.124044774e+06|2.932908876e+09|3.100774018e+09|3.334101149e+09|3.000000|3.000000|3.000000
1.127413437e+06|2.910908774e+09|3.076019500e+09|3.303080067e+09|3.000000|3.000000|3.000000
1.131406931e+06|2.885384765e+09|3.047397525e+09|3.267440445e+09|3.000000|3.000000|3.000000
1.135765936e+06|2.858182848e+09|3.017013463e+09|3.229884826e+09|3.000000|3.000000|3.000000
1.142680587e+06|2.816357788e+09|2.970546122e+09|3.173030456e+09|3.000000|3.000000|3.000000
1.148557839e+06|2.781997835e+09|2.932609082e+09|3.127159525e+09|3.000000|3.000000|3.000000
1.154604030e+06|2.747702834e+09|2.894964984e+09|3.082151521e+09|3.000000|3.000000|3.000000
1.159965427e+06|2.718119221e+09|2.862675194e+09|3.043964105e+09|3.000000|3.000000|3.000000
1.164301203e+06|2.694723936e+09|2.837262312e+09|3.014189424e+09|3.000000|3.000000|3.000000
1.168096761e+06|2.674608012e+09|2.815499337e+09|2.988890911e+09|3.000000|3.000000|3.000000
1.171399274e+06|2.657367061e+09|2.796911859e+09|2.967431713e+09|3.000000|3.000000|3.000000
1.175004990e+06|2.638807165e+09|2.776969988e+09|2.944561911e+09|3.000000|3.000000|3.000000
1.179947514e+06|2.613787852e+09|2.750198914e+09|2.914111148e+09|3.000000|3.000000|3.000000
1.185395942e+06|2.586732805e+09|2.721393132e+09|2.881668573e+09|3.000000|3.000000|3.000000
1.191486225e+06|2.557086781e+09|2.689998834e+09|2.846690859e+09|3.000000|3.000000|3.000000
1.197777742e+06|2.527058797e+09|2.658378743e+09|2.811858401e+09|3.000000|3.000000|3.000000
1.203243799e+06|2.501413992e+09|2.631513422e+09|2.782570803e+09|3.000000|3.000000|3.000000
1.207496067e+06|2.481721892e+09|2.610968820e+09|2.760359472e+09|3.000000|3.000000|3.000000
1.211287190e+06|2.464339670e+09|2.592893537e+09|2.740947257e+09|3.000000|3.000000|3.000000
1.214616949e+06|2.449198264e+09|2.577192603e+09|2.724180688e+09|3.000000|3.000000|3.000000
1.217835470e+06|2.434666381e+09|2.562161331e+09|2.708210202e+09|3.000000|3.000000|3.000000
1.221388637e+06|2.418733487e+09|2.545721970e+09|2.690831491e+09|3.000000|3.000000|3.000000
1.226368720e+06|2.396579667e+09|2.522932579e+09|2.666885512e+09|3.000000|3.000000|3.000000
1.231754217e+06|2.372830971e+09|2.498586765e+09|2.641480839e+09|3.000000|3.000000|3.000000
1.237226068e+06|2.348895242e+09|2.474131740e+09|2.616133051e+09|3.000000|3.000000|3.000000
1.243046596e+06|2.323617833e+09|2.448389084e+09|2.589619956e+09|3.000000|3.000000|3.000000
1.248443009e+06|2.300324792e+09|2.424736559e+09|2.565397861e+09|3.000000|3.000000|3.000000
1.252958326e+06|2.280923033e+09|2.405081579e+09|2.545359931e+09|3.000000|3.000000|3.000000
1.256619767e+06|2.265239905e+09|2.389221863e+09|2.529244988e+09|3.000000|3.000000|3.000000
1.259994008e+06|2.250820371e+09|2.374660398e+09|2.514487460e+09|3.000000|3.000000|3.000000
1.263517564e+06|2.235791734e+09|2.359503053e+09|2.499161230e+09|3.000000|3.000000|3.000000
1.267374237e+06|2.219370292e+09|2.342961509e+09|2.482471999e+09|3.000000|3.000000|3.000000
1.271474244e+06|2.201938014e+09|2.325422927e+09|2.464813369e+09|3.000000|3.000000|3.000000
1.275589469e+06|2.184460218e+09|2.307858034e+09|2.447160430e+09|3.000000|3.000000|3.000000
1.280862992e+06|2.162080480e+09|2.285391406e+09|2.424619445e+09|3.000000|3.000000|3.000000
1.286748371e+06|2.137112703e+09|2.260353772e+09|2.399537115e+09|3.000000|3.000000|3.000000
1.292806614e+06|2.111404617e+09|2.234597007e+09|2.373761850e+09|3.000000|3.000000|3.000000
1.297340557e+06|2.092150959e+09|2.215318372e+09|2.354479023e+09|3.000000|3.000000|3.000000
1.300770378e+06|2.077574078e+09|2.200727307e+09|2.339886422e+09|3.000000|3.000000|3.000000
1.304066379e+06|2.063553881e+09|2.186696183e+09|2.325852806e+09|3.000000|3.000000|3.000000
1.307374042e+06|2.049470316e+09|2.172603383e+09|2.311754573e+09|3.000000|3.000000|3.000000
1.311030695e+06|2.033882714e+09|2.157006522e+09|2.296146118e+09|3.000000|3.000000|3.000000
1.314948657e+06|2.017157856e+09|2.140271593e+09|2.279389740e+09|3.000000|3.000000|3.000000
1.318988345e+06|1.999885773e+09|2.122987584e+09|2.262071135e+09|3.000000|3.000000|3.000000
1.324002984e+06|1.978403061e+09|2.101485834e+09|2.240504889e+09|3.000000|3.000000|3.000000
1.329178578e+06|1.956178572e+09|2.079234329e+09|2.218157255e+09|3.000000|3.000000|3.000000
1.334692875e+06|1.932438089e+09|2.055454029e+09|2.194236508e+09|3.000000|3.000000|3.000000
1.339415945e+06|1.912051699e+09|2.035022409e+09|2.173649871e+09|3.000000|3.000000|3.000000
1.343344294e+06|1.895058034e+09|2.017982066e+09|2.156454197e+09|3.000000|3.000000|3.000000
1.346748197e+06|1.880305235e+09|2.003181453e+09|2.141498515e+09|3.000000|3.000000|3.000000
1.350133815e+06|1.865606002e+09|1.988427331e+09|2.126570519e+09|3.000000|3.000000|3.000000
1.353777223e+06|1.849759010e+09|1.972512551e+09|2.110446006e+09|3.000000|3.000000|3.000000
1.357692266e+06|1.832697894e+09|1.955367896e+09|2.093049070e+09|3.000000|3.000000|3.000000
1.361496910e+06|1.816085963e+09|1.938663566e+09|2.076072198e+09|3.000000|3.000000|3.000000
1.365466443e+06|1.798721292e+09|1.921190120e+09|2.058285053e+09|3.000000|3.000000|3.000000
1.369984277e+06|1.778918538e+09|1.901247492e+09|2.037948360e+09|3.000000|3.000000|3.000000
1.374935620e+06|1.757169217e+09|1.879324378e+09|2.015547574e+09|3.000000|3.000000|3.000000
1.381138619e+06|1.729857439e+09|1.851763352e+09|1.987320139e+09|3.000000|3.000000|3.000000
1.385165127e+06|1.712093060e+09|1.833817781e+09|1.968901544e+09|3.000000|3.000000|3.000000
1.388633376e+06|1.696770820e+09|1.818326919e+09|1.952977868e+09|3.000000|3.000000|3.000000
1.391886176e+06|1.682384112e+09|1.803771330e+09|1.937995188e+09|3.000000|3.000000|3.000000
1.395140888e+06|1.667974324e+09|1.789182027e+09|1.922958252e+09|3.000000|3.000000|3.000000
1.398584607e+06|1.652713135e+09|1.773719297e+09|1.907000075e+09|3.000000|3.000000|3.000000
1.401860240e+06|1.638184240e+09|1.758987523e+09|1.891776542e+09|3.000000|3.000000|3.000000
1.406055741e+06|1.619559547e+09|1.740086933e+09|1.872217481e+09|3.000000|3.000000|3.000000
1.410552646e+06|1.599580272e+09|1.719791793e+09|1.851181776e+09|3.000000|3.000000|3.000000
1.415527682e+06|1.577461119e+09|1.697298777e+09|1.827828898e+09|3.000000|3.000000|3.000000
1.420572879e+06|1.555018532e+09|1.674450786e+09|1.804067167e+09|3.000000|3.000000|3.000000
1.425225277e+06|1.534317824e+09|1.653352789e+09|1.782091044e+09|3.000000|3.000000|3.000000
1.429162553e+06|1.516798439e+09|1.635479642e+09|1.763449420e+09|3.000000|3.000000|3.000000
1.432469429e+06|1.502085866e+09|1.620457566e+09|1.747764819e+09|3.000000|3.000000|3.000000
1.435758007e+06|1.487458071e+09|1.605510817e+09|1.732144453e+09|3.000000|3.000000|3.000000
1.438940148e+06|1.473308493e+09|1.591042060e+09|1.717010523e+09|3.000000|3.000000|3.000000
1.442063338e+06|1.459427093e+09|1.576837364e+09|1.702140830e+09|3.000000|3.000000|3.000000
1.446116117e+06|1.441425354e+09|1.558401390e+09|1.682825021e+09|3.000000|3.000000|3.000000
1.450143400e+06|1.423552414e+09|1.540080625e+09|1.663612315e+09|3.000000|3.000000|3.000000
1.453945845e+06|1.406694322e+09|1.522784923e+09|1.645459591e+09|3.000000|3.000000|3.000000
1.458366340e+06|1.387120406e+09|1.502684417e+09|1.624346220e+09|3.000000|3.000000|3.000000
1.462974187e+06|1.366748860e+09|1.481743790e+09|1.602332836e+09|3.000000|3.000000|3.000000
1.467539255e+06|1.346602993e+09|1.461014110e+09|1.580525404e+09|3.000000|3.000000|3.000000
1.472007893e+06|1.326922080e+09|1.440742714e+09|1.559186664e+09|3.000000|3.000000|3.000000
1.475356612e+06|1.312201501e+09|1.425567491e+09|1.543204792e+09|3.000000|3.000000|3.000000
1.479052059e+06|1.295986700e+09|1.408839061e+09|1.525580546e+09|3.000000|3.000000|3.000000
1.482535672e+06|1.280732018e+09|1.393088894e+09|1.508981463e+09|3.000000|3.000000|3.000000
1.485288135e+06|1.268701227e+09|1.380658953e+09|1.495878349e+09|3.000000|3.000000|3.000000
1.488319410e+06|1.255475517e+09|1.366985929e+09|1.481462067e+09|3.000000|3.000000|3.000000
1.492135084e+06|1.238864414e+09|1.349800371e+09|1.463338989e+09|3.000000|3.000000|3.000000
1.496168278e+06|1.221353326e+09|1.331668467e+09|1.444214985e+09|3.000000|3.000000|3.000000
1.500457091e+06|1.202787917e+09|1.312427769e+09|1.423919502e+09|3.000000|3.000000|3.000000
1.505225078e+06|1.182218536e+09|1.291089626e+09|1.401410823e+09|3.000000|3.000000|3.000000
1.509909296e+06|1.162085710e+09|1.270183344e+09|1.379358635e+09|3.000000|3.000000|3.000000
1.514348560e+06|1.143077089e+09|1.250425302e+09|1.358520013e+09|3.000000|3.000000|3.000000
1.518244435e+06|1.126454234e+09|1.233131758e+09|1.340283681e+09|3.000000|3.000000|3.000000
1.521264627e+06|1.113606573e+09|1.219755876e+09|1.326181103e+09|3.000000|3.000000|3.000000
1.524420706e+06|1.100217758e+09|1.205807401e+09|1.311477624e+09|3.000000|3.000000|3.000000
1.527647352e+06|1.086569128e+09|1.191578536e+09|1.296481955e+09|3.000000|3.000000|3.000000
1.531034497e+06|1.072285142e+09|1.176676727e+09|1.280781197e+09|3.000000|3.000000|3.000000
1.534227401e+06|1.058861558e+09|1.162662598e+09|1.266019962e+09|3.000000|3.000000|3.000000
1.537717062e+06|1.044236521e+09|1.147383099e+09|1.249931024e+09|3.000000|3.000000|3.000000
1.542093943e+06|1.025961731e+09|1.128274134e+09|1.229817900e+09|3.000000|3.000000|3.000000
1.546743604e+06|1.006631793e+09|1.108041770e+09|1.208532965e+09|3.000000|3.000000|3.000000
1.550839024e+06|9.896773791e+08|1.090278559e+09|1.189855208e+09|3.000000|3.000000|3.000000
1.555271419e+06|9.714027937e+08|1.071113802e+09|1.169714241e+09|3.000000|3.000000|3.000000
1.559114518e+06|9.556201604e+08|1.054546747e+09|1.152312329e+09|3.000000|3.000000|3.000000
1.562880735e+06|9.402085630e+08|1.038354920e+09|1.135312772e+09|3.000000|3.000000|3.000000
1.566200034e+06|9.266703586e+08|1.024119501e+09|1.120373947e+09|3.000000|3.000000|3.000000
1.569159964e+06|9.146323915e+08|1.011452127e+09|1.107085903e+09|3.000000|3.000000|3.000000
1.572251652e+06|9.020925236e+08|9.982469849e+08|1.093238926e+09|3.000000|3.000000|3.000000
1.575194886e+06|8.901861989e+08|9.856997512e+08|1.080086619e+09|3.000000|3.000000|3.000000
1.578354754e+06|8.774366098e+08|9.722536949e+08|1.065997139e+09|3.000000|3.000000|3.000000
1.581857654e+06|8.633415446e+08|9.573761897e+08|1.050413438e+09|3.000000|3.000000|3.000000
1.585694955e+06|8.479453730e+08|9.411100542e+08|1.033381588e+09|3.000000|3.000000|3.000000
1.589536029e+06|8.325780063e+08|9.248580410e+08|1.016370536e+09|3.000000|3.000000|3.000000
1.594306944e+06|8.135471853e+08|9.047084751e+08|9.952870052e+08|3.000000|3.000000|3.000000
1.599512054e+06|7.928488663e+08|8.827633238e+08|9.723315316e+08|3.000000|3.000000|3.000000
1.603590287e+06|7.766727409e+08|8.655902651e+08|9.543710419e+08|3.000000|3.000000|3.000000
1.607158632e+06|7.625444469e+08|8.505746068e+08|9.386678052e+08|3.000000|3.000000|3.000000
1.610142271e+06|7.507466447e+08|8.380236330e+08|9.255418739e+08|3.000000|3.000000|3.000000
1.613373343e+06|7.379835443e+08|8.244329717e+08|9.113274470e+08|3.000000|3.000000|3.000000
1.616728389e+06|7.247419673e+08|8.103184784e+08|8.965627597e+08|3.000000|3.000000|3.000000
1.619246113e+06|7.148104969e+08|7.997225250e+08|8.854763590e+08|3.000000|3.000000|3.000000
1.621862586e+06|7.044924940e+08|7.887051321e+08|8.739462207e+08|3.000000|3.000000|3.000000
1.625300243e+06|6.909376919e+08|7.742172625e+08|8.587786578e+08|3.000000|3.000000|3.000000
1.628705955e+06|6.775065007e+08|7.598451923e+08|8.437247917e+08|3.000000|3.000000|3.000000
1.633446445e+06|6.587987385e+08|7.397991780e+08|8.227121903e+08|3.000000|3.000000|3.000000
1.638337302e+06|6.394695303e+08|7.190524355e+08|8.009413920e+08|3.000000|3.000000|3.000000
1.642630463e+06|6.224669238e+08|7.007728632e+08|7.817353083e+08|3.000000|3.000000|3.000000
1.646188920e+06|6.083405159e+08|6.855636094e+08|7.657349483e+08|3.000000|3.000000|3.000000
1.649416483e+06|5.954954186e+08|6.717163070e+08|7.511493475e+08|3.000000|3.000000|3.000000
1.652481593e+06|5.832635299e+08|6.585142507e+08|7.372257250e+08|3.000000|3.000000|3.000000
1.655458481e+06|5.713481324e+08|6.456387573e+08|7.236284052e+08|3.000000|3.000000|3.000000
1.658339052e+06|5.597806861e+08|6.331248874e+08|7.103944731e+08|3.000000|3.000000|3.000000
1.661148296e+06|5.484600509e+08|6.208641707e+08|6.974092838e+08|3.000000|3.000000|3.000000
1.663846441e+06|5.375465638e+08|6.090313160e+08|6.848582629e+08|3.000000|3.000000|3.000000
1.666879744e+06|5.252253743e+08|5.956565856e+08|6.706479491e+08|3.000000|3.000000|3.000000
1.670697741e+06|5.096304506e+08|5.787042913e+08|6.525978550e+08|3.000000|3.000000|3.000000
1.675572462e+06|4.895628039e+08|5.568503392e+08|6.292601280e+08|3.000000|3.000000|3.000000
1.682290893e+06|4.615754921e+08|5.262966949e+08|5.964913317e+08|3.000000|3.000000|3.000000
1.688874743e+06|4.337188424e+08|4.957984981e+08|5.636038021e+08|3.000000|3.000000|3.000000
1.692706403e+06|4.172840383e+08|4.777644723e+08|5.440672183e+08|3.000000|3.000000|3.000000
1.695570452e+06|4.048819275e+08|4.641356023e+08|5.292565189e+08|3.000000|3.000000|3.000000
1.697754853e+06|3.953510512e+08|4.536503710e+08|5.178341888e+08|3.000000|3.000000|3.000000
1.699590979e+06|3.872894323e+08|4.447736808e+08|5.081448508e+08|3.000000|3.000000|3.000000
1.701282270e+06|3.798215304e+08|4.365443558e+08|4.991460956e+08|3.000000|3.000000|3.000000
1.703414500e+06|3.703468940e+08|4.260949046e+08|4.876970855e+08|3.000000|3.000000|3.000000
1.705618054e+06|3.604826099e+08|4.152053386e+08|4.757386607e+08|3.000000|3.000000|3.000000
1.707521486e+06|3.519000264e+08|4.057221385e+08|4.653017478e+08|3.000000|3.000000|3.000000
1.709813098e+06|3.414881553e+08|3.942070948e+08|4.525996693e+08|3.000000|3.000000|3.000000
1.711657375e+06|3.330438072e+08|3.848595756e+08|4.422649561e+08|3.000000|3.000000|3.000000
1.714150023e+06|3.215351661e+08|3.721079326e+08|4.281321898e+08|3.000000|3.000000|3.000000
1.717593339e+06|3.054483529e+08|3.542605734e+08|4.082844803e+08|3.000000|3.000000|3.000000
1.736847073e+06|2.108612501e+08|2.488047603e+08|2.893816988e+08|3.000000|3.000000|3.000000
1.748169497e+06|1.508777679e+08|1.815084594e+08|2.120559169e+08|3.000000|3.000000|3.000000
1.750064248e+06|1.404734817e+08|1.698055988e+08|1.984966007e+08|3.000000|3.000000|3.000000
1.751377319e+06|1.331975594e+08|1.616165186e+08|1.889890562e+08|3.000000|3.000000|3.000000
1.752515729e+06|1.268451000e+08|1.544634614e+08|1.806713523e+08|3.000000|3.000000|3.000000
1.753823116e+06|1.194980571e+08|1.461866461e+08|1.710319072e+08|3.000000|3.000000|3.000000
1.755170390e+06|1.118681206e+08|1.375868528e+08|1.609993620e+08|3.000000|3.000000|3.000000
1.756494455e+06|1.043105417e+08|1.290643765e+08|1.510400979e+08|3.000000|3.000000|3.000000
1.757674779e+06|9.752322921e+07|1.214069668e+08|1.420774829e+08|3.000000|3.000000|3.000000
1.759077562e+06|8.939413797e+07|1.122314261e+08|1.313203360e+08|3.000000|3.000000|3.000000
1.760664235e+06|8.011610221e+07|1.017533492e+08|1.190128212e+08|3.000000|3.000000|3.000000
1.762561628e+06|6.890265564e+07|8.908159656e+07|1.040957647e+08|3.000000|3.000000|3.000000
1.764049257e+06|6.001876702e+07|7.903632076e+07|9.224529371e+07|3.000000|3.000000|3.000000
1.765470442e+06|5.145455800e+07|6.934756282e+07|8.079446748e+07|3.000000|3.000000|3.000000
1.766568587e+06|4.478457270e+07|6.179844433e+07|7.185829536e+07|3.000000|3.000000|3.000000
