#RRR|U50|U25|U75|Umean|T50|T25|T75|Tmean|P50|P25|P75|Pmean|rho50|rho25|rho75|Pmean|S
8.403075627e+04|1.908871065e+06|1.909446254e+06|1.910115002e+06|1.909477865e+06|2.753271493e+03|2.755926159e+03|2.758960301e+03|2.756035269e+03|8.704619141e+09|8.763517336e+09|8.830538067e+09|8.765755378e+09|6.497263794e+03|6.500082764e+03|6.503304077e+03|6.500197266e+03|2.037620304e+03
1.279823456e+05|1.908182267e+06|1.908663988e+06|1.909304259e+06|1.908745569e+06|2.750094805e+03|2.752316206e+03|2.755270646e+03|2.752683023e+03|8.634488856e+09|8.683489697e+09|8.748948876e+09|8.691794192e+09|6.493890625e+03|6.496247314e+03|6.499387939e+03|6.496636719e+03|2.037620304e+03
1.525050783e+05|1.907819160e+06|1.908265074e+06|1.908700027e+06|1.908331670e+06|2.748421200e+03|2.750476572e+03|2.752482446e+03|2.750772678e+03|8.597694982e+09|8.642896812e+09|8.687164158e+09|8.649705737e+09|6.492112183e+03|6.494294189e+03|6.496424072e+03|6.494607422e+03|2.037620304e+03
1.709693608e+05|1.907025242e+06|1.907864979e+06|1.908555243e+06|1.907810897e+06|2.744764359e+03|2.748632344e+03|2.751814631e+03|2.748370237e+03|8.517665624e+09|8.602330788e+09|8.672409388e+09|8.597116089e+09|6.488224365e+03|6.492336426e+03|6.495716431e+03|6.492053223e+03|2.037620304e+03
1.887766216e+05|1.906502567e+06|1.907210344e+06|1.908066280e+06|1.907316487e+06|2.742358715e+03|2.745616652e+03|2.749560130e+03|2.746077724e+03|8.465293033e+09|8.536272726e+09|8.622722483e+09|8.546844405e+09|6.485664673e+03|6.489128662e+03|6.493322632e+03|6.489614258e+03|2.037620304e+03
2.039758689e+05|1.906249335e+06|1.907224875e+06|1.908024880e+06|1.907154062e+06|2.741193716e+03|2.745683577e+03|2.749369303e+03|2.745323276e+03|8.440008106e+09|8.537736091e+09|8.618525664e+09|8.530403807e+09|6.484422119e+03|6.489197998e+03|6.493115356e+03|6.488812012e+03|2.037620304e+03
2.187869087e+05|1.905665639e+06|1.906656354e+06|1.907503196e+06|1.906621459e+06|2.738509714e+03|2.743066379e+03|2.746965445e+03|2.742847426e+03|8.381949181e+09|8.480676673e+09|8.565775494e+09|8.476304819e+09|6.481563721e+03|6.486417725e+03|6.490563965e+03|6.486178223e+03|2.037620304e+03
2.320079306e+05|1.905306789e+06|1.906273646e+06|1.907158539e+06|1.906382645e+06|2.736839720e+03|2.741305546e+03|2.745378101e+03|2.741738901e+03|8.345723166e+09|8.442433023e+09|8.531062185e+09|8.452160897e+09|6.479787354e+03|6.484539307e+03|6.488876587e+03|6.484997559e+03|2.037620304e+03
2.449451169e+05|1.904675619e+06|1.905536865e+06|1.906728042e+06|1.905636903e+06|2.733776240e+03|2.737917817e+03|2.743396301e+03|2.738250735e+03|8.278067745e+09|8.369181902e+09|8.487855491e+09|8.375786813e+09|6.476524658e+03|6.480933350e+03|6.486766602e+03|6.481286133e+03|2.037620304e+03
2.574840424e+05|1.904489387e+06|1.905373474e+06|1.906782994e+06|1.905582550e+06|2.732872800e+03|2.737157596e+03|2.743649216e+03|2.737991892e+03|8.258174063e+09|8.352697635e+09|8.493361214e+09|8.370122543e+09|6.475562012e+03|6.480126465e+03|6.487036133e+03|6.481010742e+03|2.037620304e+03
2.684278558e+05|1.904328878e+06|1.905360916e+06|1.906503199e+06|1.905470572e+06|2.732094312e+03|2.737102544e+03|2.742361620e+03|2.737452962e+03|8.241032859e+09|8.351541523e+09|8.465356057e+09|8.358429543e+09|6.474734985e+03|6.480066406e+03|6.485663452e+03|6.480435547e+03|2.037620304e+03
2.796068697e+05|1.903617063e+06|1.904856188e+06|1.906159670e+06|1.904924664e+06|2.728643801e+03|2.734652416e+03|2.740781292e+03|2.734858436e+03|8.165241281e+09|8.297386739e+09|8.431069235e+09|8.301611234e+09|6.471058716e+03|6.477459717e+03|6.483981934e+03|6.477673828e+03|2.037620304e+03
2.901995106e+05|1.903037228e+06|1.904282850e+06|1.905717089e+06|1.904249483e+06|2.725835336e+03|2.731871101e+03|2.738746227e+03|2.731609612e+03|8.103905130e+09|8.236115651e+09|8.387055337e+09|8.230732197e+09|6.468064941e+03|6.474499023e+03|6.481816284e+03|6.474210449e+03|2.037620304e+03
3.012039971e+05|1.902768730e+06|1.903958892e+06|1.905148902e+06|1.904061044e+06|2.724535538e+03|2.730300429e+03|2.736073164e+03|2.730721247e+03|8.075624792e+09|8.201569968e+09|8.328765405e+09|8.211300875e+09|6.466680542e+03|6.472823242e+03|6.478968018e+03|6.473265137e+03|2.037620304e+03
3.106501868e+05|1.902548945e+06|1.903354159e+06|1.904425421e+06|1.903382748e+06|2.723471908e+03|2.727370165e+03|2.732562538e+03|2.727465372e+03|8.052537182e+09|8.137387273e+09|8.251348250e+09|8.140091526e+09|6.465542480e+03|6.469700928e+03|6.475233887e+03|6.469796387e+03|2.037620304e+03
3.203234248e+05|1.902188558e+06|1.903179706e+06|1.904615832e+06|1.903407765e+06|2.721728432e+03|2.726525247e+03|2.733486179e+03|2.727588145e+03|8.014781537e+09|8.118943292e+09|8.271677746e+09|8.142887579e+09|6.463682251e+03|6.468802734e+03|6.476214111e+03|6.469928223e+03|2.037620304e+03
3.300391034e+05|1.901528874e+06|1.902537000e+06|1.904156428e+06|1.902770695e+06|2.718539057e+03|2.723414106e+03|2.731258083e+03|2.724513645e+03|7.946030095e+09|8.051282894e+09|8.222620975e+09|8.075967865e+09|6.460276611e+03|6.465480957e+03|6.473842163e+03|6.466649414e+03|2.037620304e+03
3.395541486e+05|1.900993391e+06|1.901979882e+06|1.903180604e+06|1.902114595e+06|2.715912802e+03|2.720719256e+03|2.726529613e+03|2.721297932e+03|7.889218256e+09|7.992982823e+09|8.119041332e+09|8.005981840e+09|6.457471802e+03|6.462608154e+03|6.468804199e+03|6.463217285e+03|2.037620304e+03
3.480513762e+05|1.900795603e+06|1.901786451e+06|1.903314428e+06|1.902043092e+06|2.714913199e+03|2.719784049e+03|2.727177720e+03|2.720935732e+03|7.867289397e+09|7.972818638e+09|8.133183670e+09|7.998193930e+09|6.456409668e+03|6.461607910e+03|6.469495972e+03|6.462830078e+03|2.037620304e+03
3.565004330e+05|1.900236026e+06|1.901545290e+06|1.902468917e+06|1.901410562e+06|2.712086576e+03|2.718618409e+03|2.723084660e+03|2.717834968e+03|7.805508883e+09|7.947738248e+09|8.044136975e+09|7.930752502e+09|6.453390747e+03|6.460362549e+03|6.465130005e+03|6.459522461e+03|2.037620304e+03
3.655107160e+05|1.899652370e+06|1.901319077e+06|1.902602095e+06|1.901281173e+06|2.709140575e+03|2.717525309e+03|2.723729077e+03|2.717177051e+03|7.741480857e+09|7.924262952e+09|8.058112013e+09|7.916443249e+09|6.450240234e+03|6.459196289e+03|6.465816528e+03|6.458818359e+03|2.037620304e+03
3.742536307e+05|1.899685171e+06|1.900438607e+06|1.901670045e+06|1.900592275e+06|2.709306077e+03|2.713109644e+03|2.719221353e+03|2.713780512e+03|7.745068187e+09|7.827830486e+09|7.960703576e+09|7.842696053e+09|6.450418823e+03|6.454482422e+03|6.461008057e+03|6.455192383e+03|2.037620304e+03
3.822772683e+05|1.898764680e+06|1.900180677e+06|1.901472766e+06|1.900165205e+06|2.704664369e+03|2.711807110e+03|2.718267918e+03|2.711656393e+03|7.644900995e+09|7.799420201e+09|7.940204198e+09|7.796762533e+09|6.445457397e+03|6.453093994e+03|6.459988403e+03|6.452923828e+03|2.037620304e+03
3.896239703e+05|1.898944294e+06|1.899998663e+06|1.901184795e+06|1.900191942e+06|2.705569642e+03|2.710888213e+03|2.716876596e+03|2.711782249e+03|7.664363770e+09|7.779420119e+09|7.910355622e+09|7.799444251e+09|6.446427368e+03|6.452109375e+03|6.458505493e+03|6.453057617e+03|2.037620304e+03
3.977610597e+05|1.898719351e+06|1.900333034e+06|1.901426807e+06|1.900049760e+06|2.704435929e+03|2.712576447e+03|2.718045835e+03|2.711048057e+03|7.639993586e+09|7.816191357e+09|7.935434534e+09|7.783720844e+09|6.445212036e+03|6.453911865e+03|6.459750244e+03|6.452271484e+03|2.037620304e+03
4.058249885e+05|1.897861160e+06|1.899229147e+06|1.900713696e+06|1.899260723e+06|2.700113781e+03|2.707005794e+03|2.714499324e+03|2.707086251e+03|7.547329640e+09|7.695314130e+09|7.858221792e+09|7.698011512e+09|6.440588257e+03|6.447958496e+03|6.455965820e+03|6.448036133e+03|2.037620304e+03
4.139184691e+05|1.897295041e+06|1.898356760e+06|1.899716832e+06|1.898675954e+06|2.697265312e+03|2.702609185e+03|2.709465840e+03|2.704160453e+03|7.486585836e+09|7.600771339e+09|7.748533053e+09|7.634756062e+09|6.437536743e+03|6.443257568e+03|6.450589233e+03|6.444910645e+03|2.037620304e+03
4.207732077e+05|1.897053172e+06|1.898576245e+06|1.900193801e+06|1.898559198e+06|2.696025713e+03|2.703714855e+03|2.711873366e+03|2.703501428e+03|7.459960012e+09|7.624515091e+09|7.800862635e+09|7.620604301e+09|6.436210693e+03|6.444443604e+03|6.453162720e+03|6.444201660e+03|2.037620304e+03
4.274900901e+05|1.897306721e+06|1.898350489e+06|1.899646951e+06|1.898453072e+06|2.697324064e+03|2.702577601e+03|2.709113232e+03|2.703020571e+03|7.487836603e+09|7.600093607e+09|7.740888303e+09|7.610134384e+09|6.437601074e+03|6.443222656e+03|6.450214478e+03|6.443691406e+03|2.037620304e+03
4.347144817e+05|1.897025250e+06|1.897928695e+06|1.899040666e+06|1.898008636e+06|2.695876572e+03|2.700453726e+03|2.706055461e+03|2.700763207e+03|7.456688389e+09|7.554596910e+09|7.674823792e+09|7.561286726e+09|6.436049561e+03|6.440952148e+03|6.446946411e+03|6.441276855e+03|2.037620304e+03
4.423709358e+05|1.896400619e+06|1.897677943e+06|1.898883566e+06|1.897599057e+06|2.692541840e+03|2.699191673e+03|2.705263555e+03|2.698617461e+03|7.383817913e+09|7.527634848e+09|7.657781040e+09|7.515155675e+09|6.432480469e+03|6.439600342e+03|6.446098389e+03|6.438977539e+03|2.037620304e+03
4.497640154e+05|1.895540379e+06|1.897000819e+06|1.898603610e+06|1.897069008e+06|2.687954210e+03|2.695746086e+03|2.703852728e+03|2.695847184e+03|7.284397699e+09|7.453827475e+09|7.627477631e+09|7.455455652e+09|6.427566040e+03|6.435910400e+03|6.444587036e+03|6.436010742e+03|2.037620304e+03
4.560760433e+05|1.895373795e+06|1.896765120e+06|1.898081157e+06|1.896781223e+06|2.687066486e+03|2.694487449e+03|2.701221288e+03|2.694374010e+03|7.265268937e+09|7.426273437e+09|7.571021727e+09|7.423570192e+09|6.426614746e+03|6.434562012e+03|6.441771362e+03|6.434434570e+03|2.037620304e+03
4.625442507e+05|1.895398205e+06|1.896716801e+06|1.897862015e+06|1.896633342e+06|2.687196551e+03|2.694229469e+03|2.700118081e+03|2.693613999e+03|7.268069178e+09|7.420632479e+09|7.547421276e+09|7.407233089e+09|6.426754761e+03|6.434288574e+03|6.440590332e+03|6.433620605e+03|2.037620304e+03
4.689298441e+05|1.894995887e+06|1.896431755e+06|1.897587340e+06|1.896373045e+06|2.685053435e+03|2.692708026e+03|2.698735774e+03|2.692245889e+03|7.222028545e+09|7.387443461e+09|7.517910085e+09|7.377892872e+09|6.424455200e+03|6.432658203e+03|6.439112549e+03|6.432154297e+03|2.037620304e+03
4.758108885e+05|1.894925891e+06|1.895922421e+06|1.897425516e+06|1.896135489e+06|2.684680678e+03|2.689990923e+03|2.697921612e+03|2.690991215e+03|7.214038277e+09|7.328418494e+09|7.500556816e+09|7.350824400e+09|6.424055420e+03|6.429749512e+03|6.438240479e+03|6.430809570e+03|2.037620304e+03
4.829447675e+05|1.894109209e+06|1.895433077e+06|1.896350164e+06|1.895264090e+06|2.680334564e+03|2.687382372e+03|2.692272605e+03|2.686392067e+03|7.121378501e+09|7.272071443e+09|7.377956731e+09|7.251819309e+09|6.419391968e+03|6.426952393e+03|6.432192139e+03|6.425881348e+03|2.037620304e+03
4.893667782e+05|1.894026648e+06|1.895155730e+06|1.896236913e+06|1.895112616e+06|2.679895466e+03|2.685904748e+03|2.691668358e+03|2.685563992e+03|7.112060970e+09|7.240290700e+09|7.364814785e+09|7.234066832e+09|6.418922363e+03|6.425368896e+03|6.431543823e+03|6.424991699e+03|2.037620304e+03
4.951334261e+05|1.893603180e+06|1.894573274e+06|1.896079660e+06|1.894673202e+06|2.677644201e+03|2.682803525e+03|2.690829506e+03|2.683230169e+03|7.064440496e+09|7.173911104e+09|7.346597229e+09|7.184138538e+09|6.416503296e+03|6.422040283e+03|6.430647827e+03|6.422489258e+03|2.037620304e+03
5.015096055e+05|1.892882354e+06|1.894556651e+06|1.895997015e+06|1.894471656e+06|2.673690502e+03|2.682715053e+03|2.690388720e+03|2.682090879e+03|6.979760321e+09|7.172023694e+09|7.337038289e+09|7.159741225e+09|6.412256714e+03|6.421947754e+03|6.430171875e+03|6.421265137e+03|2.037620304e+03
5.077434149e+05|1.892986132e+06|1.894064443e+06|1.895248532e+06|1.893923119e+06|2.674271503e+03|2.680096461e+03|2.686399106e+03|2.679174137e+03|6.992313279e+09|7.116323586e+09|7.250912550e+09|7.097267061e+09|6.412879395e+03|6.419136475e+03|6.425896240e+03|6.418135742e+03|2.037620304e+03
5.137618867e+05|1.892329990e+06|1.893625961e+06|1.894994277e+06|1.893779468e+06|2.670599673e+03|2.677765292e+03|2.685044843e+03|2.678420672e+03|6.913207727e+09|7.066999411e+09|7.221841528e+09|7.080995757e+09|6.408937622e+03|6.416635010e+03|6.424443848e+03|6.417328613e+03|2.037620304e+03
5.205059563e+05|1.891655269e+06|1.893325414e+06|1.894785107e+06|1.893293697e+06|2.666827819e+03|2.676167648e+03|2.683931130e+03|2.675715482e+03|6.832506220e+09|7.033323479e+09|7.198001529e+09|7.023357874e+09|6.404881836e+03|6.414916016e+03|6.423252197e+03|6.414419434e+03|2.037620304e+03
5.263816064e+05|1.892266423e+06|1.893258573e+06|1.895029141e+06|1.893572462e+06|2.670244146e+03|2.675797218e+03|2.685230512e+03|2.677279126e+03|6.905576895e+09|7.025339327e+09|7.225822118e+09|7.056641714e+09|6.408556274e+03|6.414520020e+03|6.424646606e+03|6.416103027e+03|2.037620304e+03
5.310517377e+05|1.891403643e+06|1.892684228e+06|1.894215899e+06|1.892793633e+06|2.665422169e+03|2.672581572e+03|2.680902025e+03|2.672984075e+03|6.802572204e+09|6.955841589e+09|7.133426506e+09|6.964922913e+09|6.403371704e+03|6.411066895e+03|6.420002197e+03|6.411486816e+03|2.037620304e+03
5.368927797e+05|1.891218885e+06|1.892739670e+06|1.894155314e+06|1.892553518e+06|2.664390425e+03|2.672891837e+03|2.680579764e+03|2.671660116e+03|6.780652180e+09|6.962526982e+09|7.126580414e+09|6.936606817e+09|6.402261475e+03|6.411399658e+03|6.419653198e+03|6.410064941e+03|2.037620304e+03
5.436158331e+05|1.890416784e+06|1.892102938e+06|1.893971699e+06|1.892179498e+06|2.659914720e+03|2.669329948e+03|2.679603263e+03|2.669512404e+03|6.686053801e+09|6.885977980e+09|7.105866985e+09|6.891229333e+09|6.397444092e+03|6.407572754e+03|6.418606445e+03|6.407750488e+03|2.037620304e+03
5.494973744e+05|1.890147544e+06|1.891441512e+06|1.892558343e+06|1.891426705e+06|2.658413618e+03|2.665633678e+03|2.671877142e+03|2.665391537e+03|6.654502852e+09|6.807071266e+09|6.940670626e+09|6.802823975e+09|6.395829712e+03|6.403598877e+03|6.410311768e+03|6.403326660e+03|2.037620304e+03
5.548547819e+05|1.889410896e+06|1.891536568e+06|1.892652439e+06|1.891269329e+06|2.654208851e+03|2.666164642e+03|2.672403670e+03|2.664472302e+03|6.565330884e+09|6.818372093e+09|6.952008605e+09|6.783375135e+09|6.391298706e+03|6.404168213e+03|6.410874146e+03|6.402334961e+03|2.037620304e+03
5.603112957e+05|1.890397732e+06|1.891751098e+06|1.893168265e+06|1.891606019e+06|2.659808473e+03|2.667363274e+03|2.675291422e+03|2.666381096e+03|6.683816751e+09|6.843927164e+09|7.014382897e+09|6.824096454e+09|6.397330811e+03|6.405459229e+03|6.413974976e+03|6.404389160e+03|2.037620304e+03
5.652826273e+05|1.889574560e+06|1.890472926e+06|1.892721104e+06|1.891054895e+06|2.655179838e+03|2.660227867e+03|2.672787931e+03|2.663293324e+03|6.586313643e+09|6.692654796e+09|6.960287011e+09|6.758538120e+09|6.392343384e+03|6.397784424e+03|6.411287231e+03|6.401066895e+03|2.037620304e+03
5.708638565e+05|1.888305452e+06|1.889988814e+06|1.892023365e+06|1.890218292e+06|2.647657402e+03|2.657528955e+03|2.668885139e+03|2.658454324e+03|6.425012224e+09|6.635953065e+09|6.876463649e+09|6.655603056e+09|6.384240845e+03|6.394874268e+03|6.407092651e+03|6.395854980e+03|2.037620304e+03
5.764113986e+05|1.888475939e+06|1.889704908e+06|1.891116477e+06|1.889849906e+06|2.648667037e+03|2.655947161e+03|2.663818707e+03|2.656469524e+03|6.446498804e+09|6.602858733e+09|6.768528003e+09|6.613244160e+09|6.385331055e+03|6.393170166e+03|6.401647827e+03|6.393723145e+03|2.037620304e+03
5.823386494e+05|1.887716158e+06|1.889957831e+06|1.891830662e+06|1.889598854e+06|2.644170203e+03|2.657356303e+03|2.667807914e+03|2.654877489e+03|6.351273029e+09|6.632336482e+09|6.853419926e+09|6.579776203e+09|6.380480713e+03|6.394689697e+03|6.405934692e+03|6.392001953e+03|2.037620304e+03
5.878680401e+05|1.887665853e+06|1.889130836e+06|1.891430837e+06|1.889346745e+06|2.643872413e+03|2.652547871e+03|2.665574051e+03|2.653482909e+03|6.344957441e+09|6.529540114e+09|6.805802206e+09|6.549951552e+09|6.380159668e+03|6.389511475e+03|6.403534668e+03|6.390502441e+03|2.037620304e+03
5.931085803e+05|1.886576675e+06|1.888790718e+06|1.890150343e+06|1.888550199e+06|2.637436478e+03|2.650531810e+03|2.658429292e+03|2.648804403e+03|6.210537351e+09|6.486298552e+09|6.654842565e+09|6.451114716e+09|6.373209351e+03|6.387339600e+03|6.395846924e+03|6.385456055e+03|2.037620304e+03
5.979963284e+05|1.886938315e+06|1.888806935e+06|1.890917009e+06|1.888677325e+06|2.639572079e+03|2.650627897e+03|2.662705297e+03|2.649495830e+03|6.254906252e+09|6.488352562e+09|6.744941185e+09|6.465670880e+09|6.375516846e+03|6.387441406e+03|6.400447632e+03|6.386201172e+03|2.037620304e+03
6.029952919e+05|1.886640517e+06|1.888510274e+06|1.890308830e+06|1.888484092e+06|2.637813395e+03|2.648870343e+03|2.659312768e+03|2.648449325e+03|6.218351888e+09|6.450820964e+09|6.673391539e+09|6.443360491e+09|6.373618774e+03|6.385550049e+03|6.396794556e+03|6.385076660e+03|2.037620304e+03
6.077356296e+05|1.885773814e+06|1.887954277e+06|1.889402785e+06|1.887873662e+06|2.632504165e+03|2.645578712e+03|2.654160727e+03|2.644780752e+03|6.106329636e+09|6.380953034e+09|6.564291101e+09|6.365890841e+09|6.367880615e+03|6.381998291e+03|6.391245972e+03|6.381116211e+03|2.037620304e+03
6.129225948e+05|1.885308390e+06|1.887292159e+06|1.889185699e+06|1.887090850e+06|2.629580076e+03|2.641662914e+03|2.652873186e+03|2.640011471e+03|6.044235772e+09|6.298570142e+09|6.536537535e+09|6.265534096e+09|6.364720947e+03|6.377771729e+03|6.389860107e+03|6.375963867e+03|2.037620304e+03
6.188770628e+05|1.884570910e+06|1.886868507e+06|1.888572278e+06|1.886841489e+06|2.624951675e+03|2.639159740e+03|2.649237715e+03|2.638490504e+03|5.946728354e+09|6.246321735e+09|6.458671170e+09|6.233464863e+09|6.359714233e+03|6.375069824e+03|6.385942627e+03|6.374319824e+03|2.037620304e+03
6.242290540e+05|1.883906089e+06|1.885679693e+06|1.888227486e+06|1.885911275e+06|2.620784845e+03|2.631912667e+03|2.647195779e+03|2.632712031e+03|5.859823096e+09|6.093741966e+09|6.415205562e+09|6.111974151e+09|6.355204834e+03|6.367239990e+03|6.383742065e+03|6.368072266e+03|2.037620304e+03
6.287247736e+05|1.884668565e+06|1.886630274e+06|1.888104705e+06|1.886355014e+06|2.625564438e+03|2.637752912e+03|2.646468994e+03|2.635593922e+03|5.959619158e+09|6.217096972e+09|6.399798180e+09|6.172236343e+09|6.360376343e+03|6.373553467e+03|6.382961670e+03|6.371194824e+03|2.037620304e+03
6.332596182e+05|1.884389714e+06|1.886070077e+06|1.888478321e+06|1.885987451e+06|2.623815497e+03|2.634366866e+03|2.648681093e+03|2.633201377e+03|5.922950525e+09|6.146105485e+09|6.446789078e+09|6.122331286e+09|6.358484375e+03|6.369892334e+03|6.385344604e+03|6.368600586e+03|2.037620304e+03
6.377362892e+05|1.883277226e+06|1.885550027e+06|1.887847722e+06|1.885543874e+06|2.616848058e+03|2.631097834e+03|2.644948240e+03|2.630434390e+03|5.778454013e+09|6.076408506e+09|6.367635155e+09|6.064169880e+09|6.350940552e+03|6.366359131e+03|6.381317139e+03|6.365607910e+03|2.037620304e+03
6.429550840e+05|1.882160697e+06|1.884380777e+06|1.887180876e+06|1.884381633e+06|2.609477099e+03|2.623759470e+03|2.641005212e+03|2.623013153e+03|5.622925829e+09|5.921779388e+09|6.284810632e+09|5.908773062e+09|6.342948608e+03|6.358425781e+03|6.377065552e+03|6.357571777e+03|2.037620304e+03
6.481322605e+05|1.882253028e+06|1.884007718e+06|1.885780298e+06|1.884300611e+06|2.610093674e+03|2.621421463e+03|2.632544911e+03|2.622769215e+03|5.635923232e+09|5.873045685e+09|6.107196953e+09|5.902924831e+09|6.343616943e+03|6.355893555e+03|6.367924194e+03|6.357323242e+03|2.037620304e+03
6.528526290e+05|1.881919663e+06|1.884314202e+06|1.885694223e+06|1.883956608e+06|2.607868236e+03|2.623342112e+03|2.632003930e+03|2.620613947e+03|5.589156677e+09|5.913060660e+09|6.095676550e+09|5.857510745e+09|6.341204712e+03|6.357972168e+03|6.367340332e+03|6.354990723e+03|2.037620304e+03
6.584476504e+05|1.881063134e+06|1.883461446e+06|1.886018199e+06|1.883371513e+06|2.602157401e+03|2.618000918e+03|2.634040601e+03|2.616174152e+03|5.470543730e+09|5.802221692e+09|6.139124126e+09|5.766528980e+09|6.335008789e+03|6.352187500e+03|6.369542114e+03|6.350143066e+03|2.037620304e+03
6.630806863e+05|1.881079419e+06|1.883621332e+06|1.885031910e+06|1.883020286e+06|2.602265941e+03|2.619001638e+03|2.627844100e+03|2.614391945e+03|5.472789808e+09|5.822874364e+09|6.007537132e+09|5.728088503e+09|6.335124634e+03|6.353272705e+03|6.362845459e+03|6.348238281e+03|2.037620304e+03
6.670829088e+05|1.880947693e+06|1.883728534e+06|1.886083269e+06|1.883567877e+06|2.601388464e+03|2.619672948e+03|2.634449816e+03|2.617881402e+03|5.454721436e+09|5.836782410e+09|6.147877688e+09|5.801247899e+09|6.334170532e+03|6.354001221e+03|6.369982666e+03|6.352017578e+03|2.037620304e+03
6.712451576e+05|1.880155037e+06|1.882952108e+06|1.886038100e+06|1.883104403e+06|2.596113576e+03|2.614765175e+03|2.634165751e+03|2.614528116e+03|5.347131783e+09|5.735024655e+09|6.141800475e+09|5.731886759e+09|6.328438965e+03|6.348680908e+03|6.369674683e+03|6.348365234e+03|2.037620304e+03
6.754908810e+05|1.878554291e+06|1.881451468e+06|1.884052173e+06|1.881213395e+06|2.584675801e+03|2.604745358e+03|2.621700084e+03|2.601769607e+03|5.107999811e+09|5.524053394e+09|5.878855735e+09|5.466579702e+09|6.315998901e+03|6.337815186e+03|6.356194092e+03|6.334511719e+03|2.037620304e+03
6.806064705e+05|1.879243957e+06|1.881775140e+06|1.884069814e+06|1.881609765e+06|2.589621719e+03|2.606903951e+03|2.621810511e+03|2.604785953e+03|5.210796036e+09|5.568991465e+09|5.881136247e+09|5.528413739e+09|6.321381348e+03|6.340159424e+03|6.356312866e+03|6.337804199e+03|2.037620304e+03
6.859439295e+05|1.877968475e+06|1.879984478e+06|1.882950019e+06|1.880332043e+06|2.580480629e+03|2.594940867e+03|2.614751218e+03|2.596030606e+03|5.021884476e+09|5.322895972e+09|5.734729252e+09|5.346736987e+09|6.311429932e+03|6.327163330e+03|6.348665283e+03|6.328289551e+03|2.037620304e+03
6.908517039e+05|1.875884532e+06|1.879470427e+06|1.881825263e+06|1.879144414e+06|2.564867331e+03|2.591247506e+03|2.607238363e+03|2.587052062e+03|4.700218045e+09|5.244888268e+09|5.575981228e+09|5.162126416e+09|6.294395386e+03|6.323150146e+03|6.340520752e+03|6.318490723e+03|2.037620304e+03
6.958011220e+05|1.876782751e+06|1.879670856e+06|1.882262008e+06|1.879450957e+06|2.571749054e+03|2.592687053e+03|2.610153567e+03|2.589801700e+03|4.842149272e+09|5.275202966e+09|5.637171553e+09|5.217894610e+09|6.301906006e+03|6.324712646e+03|6.343682495e+03|6.321510742e+03|2.037620304e+03
6.999615662e+05|1.877034541e+06|1.879915723e+06|1.882858910e+06|1.879717196e+06|2.573680974e+03|2.594446620e+03|2.614142005e+03|2.591594900e+03|4.882626180e+09|5.312410026e+09|5.721727017e+09|5.255108693e+09|6.304016357e+03|6.326626221e+03|6.348008545e+03|6.323459473e+03|2.037620304e+03
7.036160159e+05|1.876285019e+06|1.879904524e+06|1.882719331e+06|1.879166958e+06|2.567933607e+03|2.594366180e+03|2.613208914e+03|2.586956191e+03|4.763000541e+09|5.310715755e+09|5.701858610e+09|5.160944041e+09|6.297744263e+03|6.326539551e+03|6.346996582e+03|6.318372070e+03|2.037620304e+03
7.071597336e+05|1.875132589e+06|1.877569547e+06|1.880496029e+06|1.877937342e+06|2.559117270e+03|2.577626982e+03|2.598382019e+03|2.578262757e+03|4.584046204e+09|4.963877169e+09|5.393253605e+09|4.981144268e+09|6.288109009e+03|6.308316895e+03|6.330902832e+03|6.308911133e+03|2.037620304e+03
7.114518073e+05|1.874700727e+06|1.877993556e+06|1.880835827e+06|1.877780646e+06|2.555803509e+03|2.580660123e+03|2.600644014e+03|2.576695228e+03|4.517946703e+09|5.025548575e+09|5.439534371e+09|4.949579115e+09|6.284484985e+03|6.311624023e+03|6.333363770e+03|6.307183105e+03|2.037620304e+03
7.159466577e+05|1.874972907e+06|1.877853112e+06|1.881546476e+06|1.878140830e+06|2.557897583e+03|2.579655233e+03|2.605378843e+03|2.579059776e+03|4.559706046e+09|5.005075679e+09|5.537215490e+09|4.998890093e+09|6.286775879e+03|6.310527588e+03|6.338502930e+03|6.309747070e+03|2.037620304e+03
7.215653514e+05|1.872476183e+06|1.876376231e+06|1.879654635e+06|1.876093395e+06|2.537198218e+03|2.568632718e+03|2.592570508e+03|2.563400301e+03|4.137729239e+09|4.777482342e+09|5.272741332e+09|4.677831866e+09|6.264102905e+03|6.298506348e+03|6.324588501e+03|6.292645508e+03|2.037620304e+03
7.271072903e+05|1.872768981e+06|1.876433681e+06|1.879510166e+06|1.875990858e+06|2.539646945e+03|2.569072803e+03|2.591525894e+03|2.562386939e+03|4.186462314e+09|4.786543910e+09|5.250814063e+09|4.657087812e+09|6.266790405e+03|6.298987305e+03|6.323452393e+03|6.291530762e+03|2.037620304e+03
7.320397983e+05|1.871601733e+06|1.875745062e+06|1.878746901e+06|1.875303436e+06|2.529419548e+03|2.563799811e+03|2.586056319e+03|2.557034979e+03|3.978596131e+09|4.678430594e+09|5.136552426e+09|4.547431080e+09|6.255561646e+03|6.293228516e+03|6.317502930e+03|6.285681641e+03|2.037620304e+03
7.353849375e+05|1.871853931e+06|1.874925364e+06|1.879329678e+06|1.875211920e+06|2.531698624e+03|2.557534540e+03|2.590237051e+03|2.556345454e+03|4.025239321e+09|4.552482796e+09|5.223691336e+09|4.533658226e+09|6.258062378e+03|6.286377930e+03|6.322051880e+03|6.284926270e+03|2.037620304e+03
7.389630376e+05|1.871764200e+06|1.876634424e+06|1.879393196e+06|1.875286950e+06|2.530887500e+03|2.570611576e+03|2.590692987e+03|2.555008605e+03|4.008579248e+09|4.818451791e+09|5.233243329e+09|4.508564917e+09|6.257176025e+03|6.300666016e+03|6.322546509e+03|6.283363281e+03|2.037620304e+03
7.424970220e+05|1.871468604e+06|1.874937923e+06|1.879093572e+06|1.875018333e+06|2.528218215e+03|2.557630456e+03|2.588542578e+03|2.553215685e+03|3.954453353e+09|4.554394377e+09|5.188248504e+09|4.472675783e+09|6.254241089e+03|6.286482666e+03|6.320210083e+03|6.281431641e+03|2.037620304e+03
7.464020852e+05|1.867763264e+06|1.873242857e+06|1.877064178e+06|1.872752108e+06|2.491884090e+03|2.543614172e+03|2.573908516e+03|2.529565594e+03|3.225873822e+09|4.266376083e+09|4.887426255e+09|3.999989795e+09|6.214188843e+03|6.271139893e+03|6.304263672e+03|6.254540527e+03|2.037620304e+03
7.507941435e+05|1.867476555e+06|1.870679799e+06|1.876033868e+06|1.871507731e+06|2.488700595e+03|2.521102823e+03|2.566010113e+03|2.521431199e+03|3.161701877e+09|3.812123597e+09|4.723487214e+09|3.830076251e+09|6.210669189e+03|6.246416748e+03|6.295643188e+03|6.246490234e+03|2.037620304e+03
7.558488715e+05|1.868109013e+06|1.871802226e+06|1.876601928e+06|1.871978309e+06|2.495727947e+03|2.531231210e+03|2.570362625e+03|2.525193515e+03|3.304687038e+09|4.015631585e+09|4.813320978e+09|3.906804206e+09|6.218433960e+03|6.257552246e+03|6.300394531e+03|6.250604492e+03|2.037620304e+03
7.609630235e+05|1.867639626e+06|1.870954708e+06|1.874268510e+06|1.870692565e+06|2.490510946e+03|2.523580314e+03|2.552218643e+03|2.509722654e+03|3.198104609e+09|3.861094448e+09|4.443328525e+09|3.599874919e+09|6.212670898e+03|6.249143066e+03|6.280563843e+03|6.232034180e+03|2.037620304e+03
7.651965239e+05|1.866992254e+06|1.870426557e+06|1.874382870e+06|1.870222624e+06|2.483331255e+03|2.518822445e+03|2.553179624e+03|2.504644799e+03|3.055693834e+09|3.767464478e+09|4.463428406e+09|3.499184990e+09|6.204723999e+03|6.243906982e+03|6.281611816e+03|6.225922363e+03|2.037620304e+03
7.693472978e+05|1.865928618e+06|1.871829882e+06|1.874249777e+06|1.870689800e+06|2.470829835e+03|2.531481196e+03|2.552061271e+03|2.508656630e+03|2.807838931e+09|4.020764211e+09|4.440046565e+09|3.579682633e+09|6.190864136e+03|6.257826416e+03|6.280391357e+03|6.231248535e+03|2.037620304e+03
7.722703609e+05|1.866175883e+06|1.871963963e+06|1.875052925e+06|1.871009383e+06|2.473980254e+03|2.532693685e+03|2.558508703e+03|2.513785689e+03|2.872421796e+09|4.045791488e+09|4.571884866e+09|3.680881804e+09|6.194358643e+03|6.259155518e+03|6.287444092e+03|6.237248535e+03|2.037620304e+03
7.751143818e+05|1.864672037e+06|1.869978501e+06|1.875443740e+06|1.870049658e+06|2.454598961e+03|2.514660747e+03|2.561495398e+03|2.499570196e+03|2.489898106e+09|3.684700543e+09|4.631825073e+09|3.402581607e+09|6.172822266e+03|6.239321777e+03|6.290710815e+03|6.220073242e+03|2.037620304e+03
7.786148619e+05|1.863813547e+06|1.868249226e+06|1.873471944e+06|1.868925263e+06|2.442187734e+03|2.497114345e+03|2.545533940e+03|2.484374620e+03|2.246412211e+09|3.331095770e+09|4.305414144e+09|3.103607700e+09|6.158988281e+03|6.219965576e+03|6.273243652e+03|6.201041992e+03|2.037620304e+03
7.843236517e+05|1.861801425e+06|1.869999878e+06|1.874017827e+06|1.868895722e+06|2.406496731e+03|2.514841887e+03|2.550113366e+03|2.482805201e+03|1.550060358e+09|3.688105854e+09|4.399560944e+09|3.073139090e+09|6.119040161e+03|6.239524414e+03|6.278256958e+03|6.197198242e+03|2.037620304e+03
7.911829392e+05|1.864629966e+06|1.868175507e+06|1.873007450e+06|1.868594505e+06|2.453989351e+03|2.496426987e+03|2.541642704e+03|2.485924151e+03|2.477440134e+09|3.318565262e+09|4.226507312e+09|3.127945884e+09|6.172140381e+03|6.219209717e+03|6.268976929e+03|6.202101074e+03|2.037620304e+03
7.966511314e+05|1.865316812e+06|1.868743796e+06|1.872360477e+06|1.869215795e+06|2.463050188e+03|2.502163883e+03|2.536231117e+03|2.496281320e+03|2.653755556e+09|3.430327268e+09|4.118616259e+09|3.328917434e+09|6.182223755e+03|6.225544434e+03|6.263038818e+03|6.214669922e+03|2.037620304e+03
8.009877429e+05|1.864873230e+06|1.870687622e+06|1.875701469e+06|1.870254248e+06|2.457395910e+03|2.521173944e+03|2.563467005e+03|2.501831113e+03|2.545942351e+09|3.813679322e+09|4.671828455e+09|3.445643668e+09|6.175932983e+03|6.246496094e+03|6.292863770e+03|6.221245117e+03|2.037620304e+03
8.038445449e+05|1.864250177e+06|1.868190097e+06|1.872882789e+06|1.868726082e+06|2.448492734e+03|2.496574573e+03|2.540600545e+03|2.487590261e+03|2.367460890e+09|3.321414926e+09|4.205844184e+09|3.157654288e+09|6.166021729e+03|6.219371094e+03|6.267833130e+03|6.207401367e+03|2.037620304e+03
8.059618684e+05|1.865878583e+06|1.870565941e+06|1.875198257e+06|1.870625898e+06|2.470192716e+03|2.520077353e+03|2.559618922e+03|2.507407511e+03|2.794911391e+09|3.792007890e+09|4.594070289e+09|3.555733192e+09|6.190154907e+03|6.245287109e+03|6.288659424e+03|6.227915039e+03|2.037620304e+03
8.074936495e+05|1.868493549e+06|1.871325544e+06|1.876040332e+06|1.871653991e+06|2.499637920e+03|2.526926541e+03|2.566059674e+03|2.519361148e+03|3.380830786e+09|3.928310741e+09|4.724516954e+09|3.794155818e+09|6.222753418e+03|6.252820801e+03|6.295697388e+03|6.241793945e+03|2.037620304e+03
8.089982267e+05|1.867194525e+06|1.871862048e+06|1.875607940e+06|1.871225804e+06|2.485421884e+03|2.531771980e+03|2.562750763e+03|2.512328687e+03|3.097142224e+09|4.026743255e+09|4.657130659e+09|3.655869510e+09|6.207033447e+03|6.258147461e+03|6.292084351e+03|6.233323730e+03|2.037620304e+03
8.110002489e+05|1.865303549e+06|1.871910756e+06|1.877116981e+06|1.871675611e+06|2.462881636e+03|2.532212808e+03|2.574313783e+03|2.513752502e+03|2.650451538e+09|4.035934468e+09|4.895943535e+09|3.689551901e+09|6.182035278e+03|6.258630371e+03|6.304703003e+03|6.234406738e+03|2.037620304e+03
8.150632741e+05|1.861761434e+06|1.865755649e+06|1.872560974e+06|1.867079027e+06|2.405661918e+03|2.468628449e+03|2.537907150e+03|2.464449813e+03|1.534492229e+09|2.763568884e+09|4.151792420e+09|2.700325338e+09|6.118104614e+03|6.188417236e+03|6.264879517e+03|6.178220215e+03|2.037620304e+03
8.270507267e+05|1.861050173e+06|1.862204308e+06|1.864909086e+06|1.863073447e+06|2.388600043e+03|2.414924868e+03|2.457877547e+03|2.418163623e+03|1.203886856e+09|1.716587334e+09|2.555371082e+09|1.784022113e+09|6.098908691e+03|6.128500000e+03|6.176470093e+03|6.116237305e+03|2.037620304e+03
8.358216270e+05|1.860341695e+06|1.861484566e+06|1.863698876e+06|1.862214835e+06|2.365503753e+03|2.399887648e+03|2.440532733e+03|2.400496438e+03|7.587962273e+08|1.429540753e+09|2.214950543e+09|1.439191059e+09|6.072826416e+03|6.111613281e+03|6.157142212e+03|6.088800781e+03|2.037620304e+03
8.403235360e+05|1.860265295e+06|1.862303834e+06|1.864605235e+06|1.862620397e+06|2.362587327e+03|2.416987914e+03|2.453631168e+03|2.407112231e+03|7.093991063e+08|1.759326752e+09|2.470180255e+09|1.574731599e+09|6.069520630e+03|6.130812744e+03|6.171742554e+03|6.081720703e+03|2.037620304e+03
8.437981372e+05|1.860068979e+06|1.861574114e+06|1.863667499e+06|1.862074346e+06|2.351943064e+03|2.401753734e+03|2.440080559e+03|2.396363871e+03|4.915501838e+08|1.462711613e+09|2.206588801e+09|1.363259062e+09|6.057451904e+03|6.113709717e+03|6.156638062e+03|6.053648926e+03|2.037620304e+03
8.461098008e+05|1.859847149e+06|1.861397383e+06|1.864880273e+06|1.862682235e+06|2.333170579e+03|2.397983752e+03|2.457512618e+03|2.401066272e+03|5.570048840e+07|1.394585105e+09|2.548627155e+09|1.464248372e+09|6.033528442e+03|6.109470947e+03|6.176062378e+03|6.064841797e+03|2.037620304e+03
8.476210122e+05|1.859993338e+06|1.862075789e+06|1.864889563e+06|1.863294308e+06|2.347117115e+03|2.412233297e+03|2.457630126e+03|2.411757121e+03|3.987815643e+08|1.661786857e+09|2.550749133e+09|1.672404712e+09|6.051974609e+03|6.125480957e+03|6.176195190e+03|6.059897461e+03|2.037620304e+03
8.487161678e+05|1.859849760e+06|1.862509228e+06|1.864357844e+06|1.862904774e+06|2.333612423e+03|2.420675178e+03|2.450049535e+03|2.407910575e+03|4.838538735e+07|1.828511644e+09|2.398086842e+09|1.594240102e+09|6.034188110e+03|6.134942383e+03|6.167756714e+03|6.070978516e+03|2.037620304e+03
8.497373810e+05|1.860069856e+06|1.862475795e+06|1.865038963e+06|1.863415765e+06|2.351996191e+03|2.420100787e+03|2.459524134e+03|2.414436201e+03|4.877666932e+08|1.818046029e+09|2.586319313e+09|1.724789653e+09|6.057512573e+03|6.134300781e+03|6.178300049e+03|6.091279297e+03|2.037620304e+03
8.507645230e+05|1.860105792e+06|1.862090469e+06|1.864772413e+06|1.863046358e+06|2.354289555e+03|2.412540520e+03|2.456050289e+03|2.410092234e+03|5.330959029e+08|1.667920739e+09|2.519742318e+09|1.638465017e+09|6.060117676e+03|6.125823975e+03|6.174436157e+03|6.075328613e+03|2.037620304e+03
8.515917410e+05|1.859813963e+06|1.862041826e+06|1.864189408e+06|1.862517466e+06|2.327000944e+03|2.411522524e+03|2.447613770e+03|2.401468511e+03|7.937499981e+06|1.647597749e+09|2.350074041e+09|1.470875274e+09|6.021458252e+03|6.124684326e+03|6.165041382e+03|6.081591797e+03|2.037620304e+03
8.525767775e+05|1.859806915e+06|1.861976016e+06|1.864917963e+06|1.863200939e+06|2.323284301e+03|2.410145733e+03|2.457990391e+03|2.405786596e+03|2.261032795e+03|1.620362786e+09|2.557591231e+09|1.565413657e+09|5.975971680e+03|6.123137451e+03|6.176595825e+03|6.050986816e+03|2.037620304e+03
8.538782317e+05|1.859806911e+06|1.860877700e+06|1.864949912e+06|1.862421590e+06|2.323284150e+03|2.383955360e+03|2.458395684e+03|2.391269414e+03|2.261029008e+03|1.121225743e+09|2.565287737e+09|1.285809057e+09|5.883116333e+03|6.093669678e+03|6.177045166e+03|5.995888672e+03|2.037620304e+03
8.564748382e+05|1.859806895e+06|1.859806908e+06|1.859806912e+06|1.860086557e+06|2.323283721e+03|2.323283900e+03|2.323284146e+03|2.334211280e+03|2.261018223e+03|2.261022730e+03|2.261028891e+03|2.022649659e+08|5.646074829e+03|5.745759033e+03|5.882806763e+03|5.750708984e+03|2.037620304e+03
9.051720687e+05|1.859806893e+06|1.859806907e+06|1.859806925e+06|1.860241786e+06|2.323283585e+03|2.323283891e+03|2.323284281e+03|2.341227493e+03|2.261014811e+03|2.261022495e+03|2.261032300e+03|3.330541034e+08|5.578242554e+03|5.740598389e+03|5.958171021e+03|5.712662109e+03|2.037620304e+03
9.591140953e+05|1.859806884e+06|1.859806902e+06|1.859806918e+06|1.860126759e+06|2.323283330e+03|2.323283837e+03|2.323284260e+03|2.334081660e+03|2.261008390e+03|2.261021135e+03|2.261031762e+03|1.960254131e+08|5.449146362e+03|5.713756592e+03|5.946491577e+03|5.685582520e+03|2.037620304e+03
9.721936379e+05|1.859806887e+06|1.859806907e+06|1.859806919e+06|1.859997787e+06|2.323283469e+03|2.323283881e+03|2.323284273e+03|2.333042989e+03|2.261011897e+03|2.261022241e+03|2.261032094e+03|1.770284876e+08|5.519390381e+03|5.736000244e+03|5.954698242e+03|5.715183105e+03|2.037620304e+03
9.888925039e+05|1.859806881e+06|1.859806897e+06|1.859806913e+06|1.860084466e+06|2.323283351e+03|2.323283639e+03|2.323284297e+03|2.334913438e+03|2.261008927e+03|2.261016151e+03|2.261032683e+03|2.126775408e+08|5.460355347e+03|5.605007812e+03|5.971938843e+03|5.616272461e+03|2.037620304e+03
1.045428191e+06|1.859806813e+06|1.859806886e+06|1.859806901e+06|1.859857304e+06|2.323281114e+03|2.323283424e+03|2.323283815e+03|2.325167736e+03|2.260952734e+03|2.261010754e+03|2.261020584e+03|3.542806072e+07|4.536110229e+03|5.498212646e+03|5.694807251e+03|5.216668457e+03|2.037620304e+03
1.273581729e+06|1.859806620e+06|1.859806676e+06|1.859806679e+06|1.859806676e+06|2.323275967e+03|2.323277529e+03|2.323277615e+03|2.323277499e+03|2.260823447e+03|2.260862682e+03|2.260864846e+03|2.260861921e+03|3.268451721e+03|3.571442627e+03|3.589531006e+03|3.604774902e+03|2.037620304e+03
8.846187773e+05|3.410885037e+06|3.428056082e+06|3.461343018e+06|3.434806322e+06|2.427814513e+03|2.458058253e+03|2.509627972e+03|2.466446071e+03|5.637940646e+09|6.388730009e+09|7.725232243e+09|6.625839141e+09|3.183635620e+03|3.212746826e+03|3.262540955e+03|3.220893555e+03|3.066083189e+03
9.004904320e+05|3.408056331e+06|3.412415719e+06|3.417710291e+06|3.414787007e+06|2.422556634e+03|2.430662612e+03|2.440529993e+03|2.434422159e+03|5.509957428e+09|5.708283262e+09|5.955859111e+09|5.807288515e+09|3.178575928e+03|3.186372803e+03|3.195857544e+03|3.189996338e+03|3.066083189e+03
9.055197008e+05|3.407914322e+06|3.412131343e+06|3.417210388e+06|3.413645943e+06|2.422292858e+03|2.430133327e+03|2.439597277e+03|2.432399961e+03|5.503605107e+09|5.695209217e+09|5.932123702e+09|5.757130029e+09|3.178322754e+03|3.185864502e+03|3.194961853e+03|3.188049316e+03|3.066083189e+03
9.087948622e+05|3.407827000e+06|3.411609340e+06|3.414723864e+06|3.411811459e+06|2.422130670e+03|2.429161947e+03|2.434961222e+03|2.429404508e+03|5.499702451e+09|5.671157594e+09|5.815184393e+09|5.680282096e+09|3.178166748e+03|3.184930908e+03|3.190507690e+03|3.185163330e+03|3.066083189e+03
9.107853407e+05|3.407343801e+06|3.411320788e+06|3.414929448e+06|3.411804846e+06|2.421233321e+03|2.428625092e+03|2.435344321e+03|2.429236219e+03|5.478154498e+09|5.657901876e+09|5.824782628e+09|5.677247298e+09|3.177302368e+03|3.184414307e+03|3.190875244e+03|3.185003418e+03|3.066083189e+03
9.123891975e+05|3.407221740e+06|3.411173129e+06|3.413515675e+06|3.410291477e+06|2.421006675e+03|2.428350408e+03|2.432710555e+03|2.426660120e+03|5.472723754e+09|5.651133195e+09|5.759032782e+09|5.612523490e+09|3.177084595e+03|3.184150269e+03|3.188343201e+03|3.182521240e+03|3.066083189e+03
9.139217149e+05|3.406657267e+06|3.409469542e+06|3.412822801e+06|3.409162919e+06|2.419958712e+03|2.425182569e+03|2.431420406e+03|2.424543826e+03|5.447675405e+09|5.573550336e+09|5.727022461e+09|5.561110212e+09|3.176075806e+03|3.181103394e+03|3.187102661e+03|3.180485596e+03|3.066083189e+03
9.292699101e+05|3.394901097e+06|3.401971346e+06|3.407270055e+06|3.399933982e+06|2.396283481e+03|2.411269961e+03|2.421096386e+03|2.405600374e+03|4.877595871e+09|5.243873389e+09|5.474872770e+09|5.096643451e+09|3.153308289e+03|3.167706299e+03|3.177170044e+03|3.162261230e+03|3.066083189e+03
9.538821104e+05|3.381334969e+06|3.387661686e+06|3.396383963e+06|3.386809211e+06|2.365853333e+03|2.380827854e+03|2.399457562e+03|2.377477674e+03|4.166779180e+09|4.518487873e+09|4.953973307e+09|4.373443121e+09|3.124037476e+03|3.138435913e+03|3.156360229e+03|3.135207275e+03|3.066083189e+03
9.606521763e+05|3.375363888e+06|3.381308498e+06|3.386886707e+06|3.380163682e+06|2.350854769e+03|2.365786688e+03|2.379177316e+03|2.361561967e+03|3.824494832e+09|4.165205296e+09|4.481379793e+09|3.985892334e+09|3.109609680e+03|3.123973145e+03|3.136848206e+03|3.119894043e+03|3.066083189e+03
9.641772081e+05|3.371531318e+06|3.374573433e+06|3.379898513e+06|3.374642306e+06|2.341264096e+03|2.348874397e+03|2.362238873e+03|2.348658566e+03|3.617623542e+09|3.781021232e+09|4.082159769e+09|3.601862358e+09|3.100369873e+03|3.107701416e+03|3.120562134e+03|3.107477539e+03|3.066083189e+03
9.664855183e+05|3.372467187e+06|3.376495050e+06|3.378252932e+06|3.374434049e+06|2.343603459e+03|2.353690798e+03|2.358103054e+03|2.347131510e+03|3.667254343e+09|3.887433502e+09|3.986996108e+09|3.662920291e+09|3.102625488e+03|3.112338867e+03|3.116585327e+03|3.106037842e+03|3.066083189e+03
9.689935324e+05|3.372329964e+06|3.376298981e+06|3.380238489e+06|3.375654946e+06|2.343260321e+03|2.353199132e+03|2.363093951e+03|2.350199839e+03|3.659934029e+09|3.876493796e+09|4.102046421e+09|3.737968309e+09|3.102293091e+03|3.111866455e+03|3.121386108e+03|3.109003418e+03|3.066083189e+03
9.793976312e+05|3.374474852e+06|3.382469057e+06|3.388193529e+06|3.379573511e+06|2.348627634e+03|2.368709799e+03|2.381961068e+03|2.358207626e+03|3.775675606e+09|4.234636252e+09|4.544119939e+09|3.897141976e+09|3.107465027e+03|3.126782593e+03|3.139529541e+03|3.116695068e+03|3.066083189e+03
9.996175646e+05|3.377760647e+06|3.383508049e+06|3.388962960e+06|3.382991347e+06|2.356866837e+03|2.371328937e+03|2.383601038e+03|2.368785269e+03|3.958902843e+09|4.297624559e+09|4.581374916e+09|4.226767479e+09|3.115396667e+03|3.129299683e+03|3.141106628e+03|3.126851318e+03|3.066083189e+03
1.006701564e+06|3.379446591e+06|3.382578669e+06|3.386943225e+06|3.381377699e+06|2.361102542e+03|2.368986020e+03|2.379297641e+03|2.365265620e+03|4.055836077e+09|4.241245771e+09|4.484071132e+09|4.060547551e+09|3.119470154e+03|3.127048462e+03|3.136962524e+03|3.123461182e+03|3.066083189e+03
1.010758006e+06|3.378232636e+06|3.380965026e+06|3.384947274e+06|3.380686759e+06|2.358052079e+03|2.364922088e+03|2.374960439e+03|2.363781888e+03|3.985834469e+09|4.144845481e+09|4.386178579e+09|4.059215099e+09|3.116536621e+03|3.123143433e+03|3.132786133e+03|3.122040039e+03|3.066083189e+03
1.014841810e+06|3.376880489e+06|3.381038887e+06|3.384682302e+06|3.381098999e+06|2.354657738e+03|2.365107986e+03|2.374291552e+03|2.364768138e+03|3.909082949e+09|4.149213642e+09|4.369760349e+09|4.124819536e+09|3.113271423e+03|3.123321289e+03|3.132143860e+03|3.122989990e+03|3.066083189e+03
1.020468439e+06|3.373763818e+06|3.377923298e+06|3.382192276e+06|3.377655018e+06|2.346847281e+03|2.357275223e+03|2.368012455e+03|2.355620609e+03|3.736933614e+09|3.968163275e+09|4.217998423e+09|3.915038715e+09|3.105749756e+03|3.115789429e+03|3.126112366e+03|3.114183350e+03|3.066083189e+03
1.029675047e+06|3.374534115e+06|3.379573021e+06|3.383338352e+06|3.377423161e+06|2.348775920e+03|2.361420380e+03|2.370901016e+03|2.354381936e+03|3.778869154e+09|4.063177435e+09|4.287283378e+09|3.821221303e+09|3.107606384e+03|3.119776733e+03|3.128889465e+03|3.113048340e+03|3.066083189e+03
1.038859809e+06|3.372312464e+06|3.380208644e+06|3.387017617e+06|3.378435818e+06|2.343216550e+03|2.363018881e+03|2.379456057e+03|2.356999118e+03|3.658996741e+09|4.100298300e+09|4.487625424e+09|3.872047849e+09|3.102251831e+03|3.121313232e+03|3.137116272e+03|3.115521240e+03|3.066083189e+03
1.045432187e+06|3.368260061e+06|3.376448333e+06|3.381790220e+06|3.373967351e+06|2.331348681e+03|2.353573621e+03|2.366999690e+03|2.346388520e+03|3.384326191e+09|3.884816618e+09|4.193906762e+09|3.578655592e+09|3.090835571e+03|3.112226929e+03|3.125138977e+03|3.105287842e+03|3.066083189e+03
1.051207128e+06|3.371375436e+06|3.375688661e+06|3.378271998e+06|3.373166625e+06|2.340855861e+03|2.351668771e+03|2.358150941e+03|2.344789223e+03|3.608697167e+09|3.842472470e+09|3.988087699e+09|3.564608433e+09|3.099976257e+03|3.110393311e+03|3.116630920e+03|3.103756348e+03|3.066083189e+03
1.055244584e+06|3.370109714e+06|3.374527359e+06|3.377633977e+06|3.371870617e+06|2.336999967e+03|2.348759015e+03|2.356548843e+03|2.339471887e+03|3.516413262e+09|3.778504557e+09|3.951708745e+09|3.456259857e+09|3.096269470e+03|3.107590698e+03|3.115089355e+03|3.098839111e+03|3.066083189e+03
1.058982995e+06|3.369802917e+06|3.374656382e+06|3.377714218e+06|3.372459692e+06|2.336061879e+03|2.349082230e+03|2.356750257e+03|2.342212701e+03|3.494202046e+09|3.785588562e+09|3.956257341e+09|3.517791942e+09|3.095368103e+03|3.107902466e+03|3.115283020e+03|3.101273193e+03|3.066083189e+03
1.065378557e+06|3.366999593e+06|3.372336714e+06|3.375938182e+06|3.371426599e+06|2.327503583e+03|2.343277179e+03|2.352294335e+03|2.339514949e+03|3.296803340e+09|3.660286666e+09|3.856345336e+09|3.489723187e+09|3.087133911e+03|3.102309692e+03|3.110994507e+03|3.098680664e+03|3.066083189e+03
1.074914579e+06|3.361773912e+06|3.368742647e+06|3.373669233e+06|3.365671729e+06|2.311615485e+03|2.332822134e+03|2.346610551e+03|2.324448163e+03|2.954957940e+09|3.418371827e+09|3.731814666e+09|2.811108603e+09|3.071827393e+03|3.092253052e+03|3.105521545e+03|3.084342285e+03|3.066083189e+03
1.083516555e+06|3.362124501e+06|3.368765230e+06|3.374004593e+06|3.365612769e+06|2.312678162e+03|2.332891065e+03|2.347450003e+03|2.323395194e+03|2.976648797e+09|3.419955885e+09|3.749998972e+09|2.878330217e+09|3.072853516e+03|3.092318359e+03|3.106330994e+03|3.083279297e+03|3.066083189e+03
1.090015283e+06|3.364100363e+06|3.370582285e+06|3.375698499e+06|3.367293611e+06|2.318678108e+03|2.338445699e+03|2.351693464e+03|2.328982512e+03|3.102995732e+09|3.550948541e+09|3.843029726e+09|3.062219652e+09|3.078636047e+03|3.097659546e+03|3.110415649e+03|3.088662842e+03|3.066083189e+03
1.094657782e+06|3.367921312e+06|3.372216386e+06|3.376121026e+06|3.370579674e+06|2.330314817e+03|2.342976351e+03|2.352752777e+03|2.338302348e+03|3.360600401e+09|3.653889859e+09|3.866524999e+09|3.367524197e+09|3.089840942e+03|3.102019165e+03|3.111436523e+03|3.097520508e+03|3.066083189e+03
1.098461118e+06|3.366391858e+06|3.371267361e+06|3.375091983e+06|3.368043016e+06|2.325651434e+03|2.340542320e+03|2.350173405e+03|2.331862498e+03|3.255319973e+09|3.601342515e+09|3.809489307e+09|3.152442029e+09|3.085351257e+03|3.099675171e+03|3.108952515e+03|3.091309326e+03|3.066083189e+03
1.102374706e+06|3.363428276e+06|3.370192570e+06|3.372874264e+06|3.365191902e+06|2.316636160e+03|2.337253368e+03|2.344621474e+03|2.324449827e+03|3.059607915e+09|3.522435245e+09|3.688998815e+09|2.836451656e+09|3.076669434e+03|3.096514038e+03|3.103605286e+03|3.084168457e+03|3.066083189e+03
1.108101065e+06|3.363441280e+06|3.368700480e+06|3.372304489e+06|3.365308654e+06|2.316675400e+03|2.332693321e+03|2.343196650e+03|2.322078475e+03|3.060343796e+09|3.415369368e+09|3.658585861e+09|2.956179588e+09|3.076704895e+03|3.092127197e+03|3.102232117e+03|3.081882812e+03|3.066083189e+03
1.116262030e+06|3.362623241e+06|3.367415264e+06|3.370254838e+06|3.364838384e+06|2.314191502e+03|2.328771059e+03|2.337443819e+03|2.322290876e+03|3.008103695e+09|3.325444987e+09|3.526966177e+09|2.858920789e+09|3.074312561e+03|3.088355957e+03|3.096696960e+03|3.082236328e+03|3.066083189e+03
1.124411518e+06|3.363039875e+06|3.367697761e+06|3.371125210e+06|3.364079156e+06|2.315456279e+03|2.329632773e+03|2.340107141e+03|2.319453671e+03|3.034599107e+09|3.345039854e+09|3.590827606e+09|2.768729239e+09|3.075530884e+03|3.089184204e+03|3.099256714e+03|3.079374756e+03|3.066083189e+03
1.130910096e+06|3.362086684e+06|3.367234641e+06|3.370510201e+06|3.364073842e+06|2.312563501e+03|2.328220237e+03|2.338224979e+03|2.319424250e+03|2.974296638e+09|3.312974754e+09|3.545598499e+09|2.696525513e+09|3.072741333e+03|3.087824341e+03|3.097448120e+03|3.079537109e+03|3.066083189e+03
1.136032340e+06|3.363970033e+06|3.368653298e+06|3.371446616e+06|3.366610020e+06|2.318281910e+03|2.332549241e+03|2.341052455e+03|2.328430581e+03|3.094494274e+09|3.412031412e+09|3.613161382e+09|2.987332090e+09|3.078254089e+03|3.091989502e+03|3.100166260e+03|3.088014893e+03|3.066083189e+03
1.140430320e+06|3.363637482e+06|3.367580343e+06|3.370902696e+06|3.364501378e+06|2.317271381e+03|2.329274569e+03|2.339426008e+03|2.321828511e+03|3.072962684e+09|3.336879743e+09|3.574396293e+09|2.903825993e+09|3.077281311e+03|3.088839844e+03|3.098601135e+03|3.081679443e+03|3.066083189e+03
1.144798482e+06|3.363726945e+06|3.367770519e+06|3.370793959e+06|3.366111035e+06|2.317543201e+03|2.329854720e+03|2.339093230e+03|2.325359898e+03|3.078743040e+09|3.350090558e+09|3.566400016e+09|3.033731377e+09|3.077540955e+03|3.089396240e+03|3.098283081e+03|3.085152588e+03|3.066083189e+03
1.149736411e+06|3.359406017e+06|3.365326642e+06|3.368577256e+06|3.361091699e+06|2.305393003e+03|2.322407794e+03|2.332317042e+03|2.312174486e+03|1.715203173e+09|3.183704823e+09|3.406656363e+09|2.493068916e+09|3.065826721e+03|3.082228149e+03|3.091766052e+03|3.072353516e+03|3.066083189e+03
1.155422770e+06|3.358894259e+06|3.365475070e+06|3.368065339e+06|3.361773389e+06|2.304652007e+03|2.322859548e+03|2.330754351e+03|2.311398034e+03|1.131462301e+09|3.193598289e+09|3.370672132e+09|2.495889062e+09|3.065114380e+03|3.082664185e+03|3.090262695e+03|3.071854492e+03|3.066083189e+03
1.162942862e+06|3.353749480e+06|3.362324389e+06|3.366261195e+06|3.358064124e+06|2.297209507e+03|2.313284598e+03|2.325253362e+03|2.302659840e+03|1.464093186e+07|2.989221598e+09|3.246457511e+09|2.124914821e+09|3.057945557e+03|3.073438110e+03|3.084969788e+03|3.063404053e+03|3.066083189e+03
1.170223917e+06|3.354087193e+06|3.362569388e+06|3.366461086e+06|3.359357142e+06|2.297697715e+03|2.314028126e+03|2.325862424e+03|2.307227103e+03|2.088564886e+07|3.004719977e+09|3.260050066e+09|2.098577146e+09|3.058416687e+03|3.074155640e+03|3.085554138e+03|3.067710693e+03|3.066083189e+03
1.176063552e+06|3.357343179e+06|3.363569572e+06|3.367303126e+06|3.360942190e+06|2.302406856e+03|2.317065066e+03|2.328429070e+03|2.313795913e+03|3.021784491e+08|3.068582037e+09|3.317696600e+09|2.342654158e+09|3.062952332e+03|3.077082397e+03|3.088024414e+03|3.073920898e+03|3.066083189e+03
1.180984898e+06|3.352194504e+06|3.364000609e+06|3.367157126e+06|3.359872299e+06|2.294962556e+03|2.318374837e+03|2.327983873e+03|2.307736710e+03|3.953153111e+06|3.096480647e+09|3.307632821e+09|2.284256613e+09|3.055780457e+03|3.078343262e+03|3.087596741e+03|3.068231201e+03|3.066083189e+03
1.184845542e+06|3.357207980e+06|3.364299367e+06|3.367273774e+06|3.360163535e+06|2.302211225e+03|2.319283081e+03|2.328339558e+03|2.307937496e+03|2.740655063e+08|3.115979903e+09|3.315669249e+09|2.341061021e+09|3.062765198e+03|3.079218506e+03|3.087938721e+03|3.068481934e+03|3.066083189e+03
1.189366064e+06|3.354860065e+06|3.362580904e+06|3.365787492e+06|3.358317563e+06|2.298815092e+03|2.314063001e+03|2.323810670e+03|2.302863776e+03|4.078078924e+07|3.005420256e+09|3.214514984e+09|2.048991564e+09|3.059493713e+03|3.074187500e+03|3.083579651e+03|3.063512207e+03|3.066083189e+03
1.195298564e+06|3.352096142e+06|3.360855815e+06|3.364701413e+06|3.356860902e+06|2.294820478e+03|2.308832023e+03|2.320505583e+03|2.303118633e+03|3.720432637e+06|2.897934661e+09|3.142321030e+09|1.761754450e+09|3.055643921e+03|3.069142456e+03|3.080396057e+03|3.063625000e+03|3.066083189e+03
1.201390172e+06|3.348547264e+06|3.360544351e+06|3.363551029e+06|3.355391424e+06|2.289696828e+03|2.307888549e+03|2.317008731e+03|2.297310165e+03|1.878390628e+05|2.878891484e+09|3.067386655e+09|1.748965810e+09|3.050704224e+03|3.068234497e+03|3.077028198e+03|3.058179688e+03|3.066083189e+03
1.208312615e+06|3.347036490e+06|3.359192074e+06|3.362003772e+06|3.354895781e+06|2.287517482e+03|2.305083209e+03|2.312311949e+03|2.297689711e+03|5.181144628e+04|1.437559215e+09|2.969078866e+09|1.539638786e+09|3.048602356e+03|3.065529297e+03|3.072500366e+03|3.058389893e+03|3.066083189e+03
1.214374105e+06|3.341182808e+06|3.356378528e+06|3.361953930e+06|3.352409360e+06|2.279083749e+03|2.301011162e+03|2.312160785e+03|2.292051829e+03|3.985554984e+02|1.399082464e+08|2.965962639e+09|1.241329868e+09|3.040463745e+03|3.061608276e+03|3.072353271e+03|3.052947510e+03|3.066083189e+03
1.219379726e+06|3.343319226e+06|3.357418122e+06|3.362937403e+06|3.354259884e+06|2.282159949e+03|2.302515306e+03|2.315145153e+03|2.295989972e+03|2.466384333e+03|3.217941328e+08|3.028063400e+09|1.498826495e+09|3.043432068e+03|3.063057251e+03|3.075230713e+03|3.056817139e+03|3.066083189e+03
1.223791835e+06|3.343435563e+06|3.356664582e+06|3.361311296e+06|3.353278185e+06|2.282327455e+03|2.301424968e+03|2.310212295e+03|2.293887191e+03|2.515983273e+03|1.708386554e+08|2.925985767e+09|1.278029388e+09|3.043594421e+03|3.062007935e+03|3.070475647e+03|3.054924072e+03|3.066083189e+03
1.228183439e+06|3.345247609e+06|3.356500068e+06|3.362123248e+06|3.353516950e+06|2.284938478e+03|2.301186972e+03|2.312674362e+03|2.294544529e+03|1.278051302e+04|1.510136781e+08|2.976570014e+09|1.259203477e+09|3.046113281e+03|3.061777588e+03|3.072849609e+03|3.055473389e+03|3.066083189e+03
1.233171924e+06|3.344953606e+06|3.353397703e+06|3.360719358e+06|3.352290059e+06|2.284514701e+03|2.296701086e+03|2.308418635e+03|2.289769303e+03|9.481066355e+03|1.090158567e+07|2.889577717e+09|1.098239284e+09|3.045704346e+03|3.057456665e+03|3.068745239e+03|3.051245117e+03|3.066083189e+03
1.238501079e+06|3.340857338e+06|3.352545644e+06|3.361222398e+06|3.351544924e+06|2.278615236e+03|2.295469874e+03|2.309942848e+03|2.289212567e+03|2.795036624e+02|5.465244843e+06|2.920490634e+09|1.094040052e+09|3.040010010e+03|3.056270508e+03|3.070214966e+03|3.050168213e+03|3.066083189e+03
1.244711927e+06|3.336051278e+06|3.349326692e+06|3.360110758e+06|3.349978938e+06|2.265118247e+03|2.290821603e+03|2.306575664e+03|2.284624133e+03|4.742761342e+00|3.636482323e+05|2.852579732e+09|8.993526819e+08|3.026978394e+03|3.051788818e+03|3.066967407e+03|3.045923340e+03|3.066083189e+03
1.251190172e+06|3.338452550e+06|3.347774275e+06|3.356777234e+06|3.348465045e+06|2.275155613e+03|2.288581610e+03|2.301587954e+03|2.283827053e+03|3.634555188e+01|9.497359867e+04|1.875756425e+08|5.796246404e+08|3.036669128e+03|3.049628540e+03|3.062163757e+03|3.045231445e+03|3.066083189e+03
1.256778797e+06|3.336678816e+06|3.346299897e+06|3.355697488e+06|3.347725142e+06|2.272124303e+03|2.286455310e+03|2.300026026e+03|2.279548066e+03|8.404770884e+00|2.737563881e+04|7.556281200e+07|5.325191902e+08|3.033740906e+03|3.047577515e+03|3.060659363e+03|3.041282471e+03|3.066083189e+03
1.262552359e+06|3.336051278e+06|3.345125876e+06|3.353322864e+06|3.345954473e+06|2.268212718e+03|2.284762918e+03|2.296592953e+03|2.279722116e+03|4.742761342e+00|1.016905937e+04|1.062058243e+07|3.281950186e+08|3.029965088e+03|3.045944580e+03|3.057351135e+03|3.041154053e+03|3.066083189e+03
1.267408320e+06|3.336051278e+06|3.342413832e+06|3.353151166e+06|3.344837880e+06|2.263454907e+03|2.280855934e+03|2.296344802e+03|2.275817140e+03|4.742761342e+00|1.029494494e+03|8.846006372e+06|3.482513143e+08|3.025371094e+03|3.042173584e+03|3.057113770e+03|3.036969971e+03|3.066083189e+03
1.271524640e+06|3.336051278e+06|3.341579158e+06|3.349450064e+06|3.343859899e+06|2.265258012e+03|2.279654205e+03|2.290999643e+03|2.274708163e+03|4.742761342e+00|5.084131951e+02|3.903379558e+05|2.239198632e+08|3.027111450e+03|3.041014404e+03|3.051959656e+03|3.036440918e+03|3.066083189e+03
1.275983956e+06|3.336051278e+06|3.340157563e+06|3.350450930e+06|3.344064681e+06|2.259354182e+03|2.277608223e+03|2.292444471e+03|2.273930854e+03|4.742761342e+00|1.534954096e+02|9.322498360e+05|3.153702795e+08|3.021410828e+03|3.039037231e+03|3.053354553e+03|3.035616455e+03|3.066083189e+03
1.280499905e+06|3.336051278e+06|3.341128524e+06|3.350438893e+06|3.343816912e+06|2.262087734e+03|2.279005546e+03|2.292427077e+03|2.270833043e+03|4.742761342e+00|3.504197390e+02|9.017834093e+05|2.947466731e+08|3.024050415e+03|3.040387695e+03|3.053335999e+03|3.032428223e+03|3.066083189e+03
1.285538369e+06|3.336051278e+06|3.338014316e+06|3.350977616e+06|3.343298725e+06|2.242884971e+03|2.274525447e+03|2.293204955e+03|2.260786509e+03|4.742761342e+00|2.495448671e+01|1.425013843e+06|1.650276459e+08|3.005481506e+03|3.036059326e+03|3.054086365e+03|3.023044434e+03|3.066083189e+03
1.290934402e+06|3.336051278e+06|3.336051278e+06|3.344828258e+06|3.340397032e+06|2.244136646e+03|2.265532368e+03|2.284333998e+03|2.260414181e+03|4.742761342e+00|4.742761342e+00|7.920173998e+03|1.357435853e+07|3.006693787e+03|3.027377075e+03|3.045531067e+03|3.022346924e+03|3.066083189e+03
1.295865198e+06|3.336051278e+06|3.336051278e+06|3.346060154e+06|3.341336917e+06|2.234696550e+03|2.266097662e+03|2.286109665e+03|2.258902119e+03|4.742761342e+00|4.742761342e+00|2.257353871e+04|1.431425416e+08|2.997554382e+03|3.027923218e+03|3.047243530e+03|3.021480713e+03|3.066083189e+03
1.300933177e+06|3.336051278e+06|3.336051278e+06|3.342605318e+06|3.339699439e+06|2.226269479e+03|2.259969347e+03|2.281131679e+03|2.250775748e+03|4.742761342e+00|4.742761342e+00|1.219936697e+03|4.603622390e+07|2.989391907e+03|3.022004272e+03|3.042438538e+03|3.013331055e+03|3.066083189e+03
1.306598341e+06|3.336051278e+06|3.336051278e+06|3.339877072e+06|3.339465685e+06|2.226976298e+03|2.258967432e+03|2.277204653e+03|2.248410941e+03|4.742761342e+00|4.742761342e+00|1.217769820e+02|9.396954508e+07|2.990077087e+03|3.021036377e+03|3.038648560e+03|3.010962402e+03|3.066083189e+03
1.312193285e+06|3.336051278e+06|3.336051278e+06|3.340078875e+06|3.339651621e+06|2.222089373e+03|2.250591867e+03|2.277495066e+03|2.248590560e+03|4.742761342e+00|4.742761342e+00|1.604063759e+02|5.902173213e+07|2.985340698e+03|3.012939209e+03|3.038927612e+03|3.011584961e+03|3.066083189e+03
1.318576826e+06|3.336051278e+06|3.336051278e+06|3.338159171e+06|3.339057833e+06|2.221607410e+03|2.260548159e+03|2.274733733e+03|2.244473735e+03|4.742761342e+00|4.742761342e+00|2.821027733e+01|2.637748843e+07|2.984872253e+03|3.022563843e+03|3.036260498e+03|3.008272461e+03|3.066083189e+03
1.324152382e+06|3.336051278e+06|3.336051278e+06|3.336938521e+06|3.339020155e+06|2.220007206e+03|2.255408460e+03|2.272978889e+03|2.244670887e+03|4.742761342e+00|4.742761342e+00|1.004700373e+01|1.007833332e+07|2.983320679e+03|3.017597290e+03|3.034565247e+03|3.007774658e+03|3.066083189e+03
1.329204370e+06|3.336051278e+06|3.336051278e+06|3.338615662e+06|3.339356153e+06|2.230185010e+03|2.256112654e+03|2.275390181e+03|2.249470921e+03|4.742761342e+00|4.742761342e+00|4.152266996e+01|7.287856928e+06|2.993186218e+03|3.018277710e+03|3.036895813e+03|3.012637207e+03|3.066083189e+03
1.334196670e+06|3.336051278e+06|3.336051278e+06|3.336051278e+06|3.337485975e+06|2.225693523e+03|2.241204930e+03|2.260744363e+03|2.236836775e+03|4.742761342e+00|4.742761342e+00|4.742761342e+00|5.710739124e+07|2.988833313e+03|3.003855347e+03|3.022753784e+03|3.000436279e+03|3.066083189e+03
1.337960292e+06|3.336051278e+06|3.336051278e+06|3.336051278e+06|3.337657625e+06|2.226193631e+03|2.252019747e+03|2.270438401e+03|2.246358902e+03|4.742761342e+00|4.742761342e+00|4.742761342e+00|1.858917412e+05|2.989317444e+03|3.014320679e+03|3.032111328e+03|3.009611328e+03|3.066083189e+03
1.342070474e+06|3.336051278e+06|3.336051278e+06|3.336366669e+06|3.338856486e+06|2.214918201e+03|2.244087743e+03|2.272157068e+03|2.241770249e+03|4.742761342e+00|4.742761342e+00|6.677035432e+00|3.563101881e+07|2.978384705e+03|3.006646729e+03|3.033770691e+03|3.004820557e+03|3.066083189e+03
1.346026230e+06|3.336051278e+06|3.336051278e+06|3.336051278e+06|3.337694943e+06|2.225978666e+03|2.253863571e+03|2.269193498e+03|2.243232993e+03|4.742761342e+00|4.742761342e+00|4.742761342e+00|4.072980103e+06|2.989109009e+03|3.016104370e+03|3.030911377e+03|3.006508789e+03|3.066083189e+03
1.350038721e+06|3.336051278e+06|3.336051278e+06|3.336051278e+06|3.337241452e+06|2.206662179e+03|2.240584689e+03|2.263056076e+03|2.231950088e+03|4.742761342e+00|4.742761342e+00|4.742761342e+00|7.071260727e+05|2.970368469e+03|3.003255127e+03|3.024986023e+03|2.996866455e+03|3.066083189e+03
1.354141048e+06|3.336051278e+06|3.336051278e+06|3.336051278e+06|3.336828241e+06|2.196362818e+03|2.231981683e+03|2.258496879e+03|2.224867148e+03|4.742761342e+00|4.742761342e+00|4.742761342e+00|1.335405645e+05|2.962729492e+03|2.994924561e+03|3.020582397e+03|2.988400391e+03|3.066083189e+03
1.358568416e+06|3.336051278e+06|3.336051278e+06|3.336051278e+06|3.336668957e+06|2.206297675e+03|2.228002886e+03|2.250380903e+03|2.222081366e+03|4.742761342e+00|4.742761342e+00|4.742761342e+00|5.192000083e+03|2.970015137e+03|2.991071777e+03|3.012735657e+03|2.986484375e+03|3.066083189e+03
1.363913571e+06|3.336051278e+06|3.336051278e+06|3.336051278e+06|3.336152197e+06|2.189394570e+03|2.216524672e+03|2.242899511e+03|2.212611400e+03|4.742761342e+00|4.742761342e+00|4.742761342e+00|2.444017422e+02|2.958495056e+03|2.979943726e+03|3.005496399e+03|2.976918945e+03|3.066083189e+03
1.370135554e+06|3.336051278e+06|3.336051278e+06|3.336051278e+06|3.336484472e+06|2.182131660e+03|2.211966402e+03|2.241759912e+03|2.211730282e+03|4.742761342e+00|4.742761342e+00|4.742761342e+00|1.071102201e+03|2.954072876e+03|2.975519531e+03|3.004392151e+03|2.978169678e+03|3.066083189e+03
1.377920512e+06|3.336051278e+06|3.336051278e+06|3.336051278e+06|3.336093981e+06|2.164332324e+03|2.204906033e+03|2.234679570e+03|2.201688475e+03|4.742761342e+00|4.742761342e+00|4.742761342e+00|5.469179387e+00|2.943201965e+03|2.968662231e+03|2.997538452e+03|2.966368652e+03|3.066083189e+03
1.386090943e+06|3.336051278e+06|3.336051278e+06|3.336051278e+06|3.336051278e+06|2.148242226e+03|2.188337397e+03|2.227182363e+03|2.192761629e+03|4.742761342e+00|4.742761342e+00|4.742761342e+00|4.742761342e+00|2.925202820e+03|2.957851807e+03|2.990277161e+03|2.957032471e+03|3.066083189e+03
1.392269440e+06|3.336051278e+06|3.336051278e+06|3.336051278e+06|3.336099874e+06|2.156199542e+03|2.221166337e+03|2.242752569e+03|2.208277059e+03|4.742761342e+00|4.742761342e+00|4.742761342e+00|5.107615177e+00|2.938218262e+03|2.984444946e+03|3.005354187e+03|2.973220947e+03|3.066083189e+03
1.396777438e+06|3.336051278e+06|3.336051278e+06|3.336051278e+06|3.336264930e+06|2.164184196e+03|2.228929123e+03|2.253014336e+03|2.214677092e+03|4.742761342e+00|4.742761342e+00|4.742761342e+00|4.671820568e+02|2.943112122e+03|2.991968140e+03|3.015282959e+03|2.979542725e+03|3.066083189e+03
1.399946065e+06|3.336051278e+06|3.336051278e+06|3.336051278e+06|3.336214497e+06|2.149753233e+03|2.215659223e+03|2.245203296e+03|2.206550118e+03|4.742761342e+00|4.742761342e+00|4.742761342e+00|1.001668526e+01|2.934261902e+03|2.979103271e+03|3.007726929e+03|2.969935059e+03|3.066083189e+03
1.402723708e+06|3.336051278e+06|3.336051278e+06|3.336051278e+06|3.336075389e+06|2.148242226e+03|2.171506337e+03|2.228061134e+03|2.188857841e+03|4.742761342e+00|4.742761342e+00|4.742761342e+00|4.958066600e+00|2.917002686e+03|2.947588623e+03|2.991127686e+03|2.950761475e+03|3.066083189e+03
1.405434698e+06|3.336051278e+06|3.336051278e+06|3.336051278e+06|3.336051278e+06|2.148242226e+03|2.175134789e+03|2.215630684e+03|2.184406837e+03|4.742761342e+00|4.742761342e+00|4.742761342e+00|4.742761342e+00|2.914896484e+03|2.949805786e+03|2.979076233e+03|2.948682617e+03|3.066083189e+03
1.407629816e+06|3.336051278e+06|3.336051278e+06|3.336051278e+06|3.336051278e+06|2.148242226e+03|2.204351673e+03|2.230589502e+03|2.195987029e+03|4.742761342e+00|4.742761342e+00|4.742761342e+00|4.742761342e+00|2.921189941e+03|2.968123779e+03|2.993577332e+03|2.957489746e+03|3.066083189e+03
1.410138087e+06|3.336051278e+06|3.336051278e+06|3.336051278e+06|3.336051278e+06|2.148242226e+03|2.171302798e+03|2.211996376e+03|2.181163394e+03|4.742761342e+00|4.742761342e+00|4.742761342e+00|4.742761342e+00|2.915704529e+03|2.947465942e+03|2.975548462e+03|2.942838135e+03|3.066083189e+03
1.412901193e+06|3.336051278e+06|3.336051278e+06|3.336051278e+06|3.336051278e+06|2.148242226e+03|2.148242226e+03|2.193888755e+03|2.170825700e+03|4.742761342e+00|4.742761342e+00|4.742761342e+00|4.742761342e+00|2.894670532e+03|2.924034302e+03|2.961226379e+03|2.928080322e+03|3.066083189e+03
1.416847499e+06|3.336051278e+06|3.336051278e+06|3.336051278e+06|3.336051278e+06|2.148242226e+03|2.148242226e+03|2.189556739e+03|2.170075928e+03|4.742761342e+00|4.742761342e+00|4.742761342e+00|4.742761342e+00|2.892658875e+03|2.923349487e+03|2.958593689e+03|2.923517090e+03|3.066083189e+03
1.423257739e+06|3.336051278e+06|3.336051278e+06|3.336051278e+06|3.336051278e+06|2.148242226e+03|2.148242226e+03|2.148242226e+03|2.155665801e+03|4.742761342e+00|4.742761342e+00|4.742761342e+00|4.742761342e+00|2.868210632e+03|2.888072021e+03|2.917623779e+03|2.893903076e+03|3.066083189e+03
1.431882413e+06|3.336051278e+06|3.336051278e+06|3.336051278e+06|3.336051278e+06|2.148242226e+03|2.148242226e+03|2.148242226e+03|2.159088529e+03|4.742761342e+00|4.742761342e+00|4.742761342e+00|4.742761342e+00|2.853687012e+03|2.880758179e+03|2.916965027e+03|2.888647705e+03|3.066083189e+03
1.446958716e+06|3.336051278e+06|3.336051278e+06|3.336051278e+06|3.336051278e+06|2.148242226e+03|2.148242226e+03|2.186979590e+03|2.168425096e+03|4.742761342e+00|4.742761342e+00|4.742761342e+00|4.742761342e+00|2.855562927e+03|2.906384277e+03|2.957025574e+03|2.908024414e+03|3.066083189e+03
1.455517573e+06|3.336051278e+06|3.336051278e+06|3.336051278e+06|3.336051278e+06|2.148242226e+03|2.148242226e+03|2.203559039e+03|2.171560804e+03|4.742761342e+00|4.742761342e+00|4.742761342e+00|4.742761342e+00|2.871818237e+03|2.922191895e+03|2.967353760e+03|2.916311768e+03|3.066083189e+03
1.458854866e+06|3.336051278e+06|3.336051278e+06|3.336051278e+06|3.336051278e+06|2.148242226e+03|2.148242226e+03|2.183909932e+03|2.165519875e+03|4.742761342e+00|4.742761342e+00|4.742761342e+00|4.742761342e+00|2.860694519e+03|2.906180420e+03|2.955156982e+03|2.907118652e+03|3.066083189e+03
1.461671072e+06|3.336051278e+06|3.336051278e+06|3.336051278e+06|3.336051278e+06|2.148242226e+03|2.148242226e+03|2.148242226e+03|2.158929245e+03|4.742761342e+00|4.742761342e+00|4.742761342e+00|4.742761342e+00|2.852245483e+03|2.886021851e+03|2.924715576e+03|2.890988037e+03|3.066083189e+03
1.463554933e+06|3.336051278e+06|3.336051278e+06|3.336051278e+06|3.336051278e+06|2.148242226e+03|2.148242226e+03|2.148242226e+03|2.160153867e+03|4.742761342e+00|4.742761342e+00|4.742761342e+00|4.742761342e+00|2.845552856e+03|2.891086304e+03|2.923250977e+03|2.890316162e+03|3.066083189e+03
1.465210381e+06|3.336051278e+06|3.336051278e+06|3.336051278e+06|3.336051278e+06|2.148242226e+03|2.148242226e+03|2.148242226e+03|2.151904199e+03|4.742761342e+00|4.742761342e+00|4.742761342e+00|4.742761342e+00|2.832669983e+03|2.869755371e+03|2.904966919e+03|2.866341309e+03|3.066083189e+03
1.467082574e+06|3.336051278e+06|3.336051278e+06|3.336051278e+06|3.336051278e+06|2.148242226e+03|2.148242226e+03|2.148242226e+03|2.156865692e+03|4.742761342e+00|4.742761342e+00|4.742761342e+00|4.742761342e+00|2.825041382e+03|2.867873413e+03|2.924955811e+03|2.866636963e+03|3.066083189e+03
1.469073241e+06|3.336051278e+06|3.336051278e+06|3.336051278e+06|3.336051278e+06|2.148242226e+03|2.148242226e+03|2.148242226e+03|2.154667208e+03|4.742761342e+00|4.742761342e+00|4.742761342e+00|4.742761342e+00|2.829221497e+03|2.871197876e+03|2.923620789e+03|2.873320068e+03|3.066083189e+03
1.470566340e+06|3.336051278e+06|3.336051278e+06|3.336051278e+06|3.336051278e+06|2.148242226e+03|2.148242226e+03|2.148242226e+03|2.153911612e+03|4.742761342e+00|4.742761342e+00|4.742761342e+00|4.742761342e+00|2.832829285e+03|2.860583984e+03|2.916981262e+03|2.865473633e+03|3.066083189e+03
1.472418433e+06|3.336051278e+06|3.336051278e+06|3.336051278e+06|3.336051278e+06|2.148242226e+03|2.148242226e+03|2.148242226e+03|2.150794117e+03|4.742761342e+00|4.742761342e+00|4.742761342e+00|4.742761342e+00|2.795676514e+03|2.848329834e+03|2.891847107e+03|2.846805420e+03|3.066083189e+03
1.475044086e+06|3.336051278e+06|3.336051278e+06|3.336051278e+06|3.336051278e+06|2.148242226e+03|2.148242226e+03|2.148242226e+03|2.148587305e+03|4.742761342e+00|4.742761342e+00|4.742761342e+00|4.742761342e+00|2.811947998e+03|2.852057861e+03|2.879974365e+03|2.847349121e+03|3.066083189e+03
1.477975957e+06|3.336051278e+06|3.336051278e+06|3.336051278e+06|3.336051278e+06|2.148242226e+03|2.148242226e+03|2.148242226e+03|2.150121435e+03|4.742761342e+00|4.742761342e+00|4.742761342e+00|4.742761342e+00|2.789975586e+03|2.833737793e+03|2.870200500e+03|2.833208740e+03|3.066083189e+03
1.494056468e+06|3.336051278e+06|3.336051278e+06|3.336051278e+06|3.336051278e+06|2.148242226e+03|2.148242226e+03|2.148242226e+03|2.158992538e+03|4.742761342e+00|4.742761342e+00|4.742761342e+00|4.742761342e+00|2.800729858e+03|2.834279907e+03|2.884177124e+03|2.848008789e+03|3.066083189e+03
1.519657397e+06|3.336051278e+06|3.336051278e+06|3.336051278e+06|3.336051278e+06|2.148242226e+03|2.148242226e+03|2.148242226e+03|2.152527519e+03|4.742761342e+00|4.742761342e+00|4.742761342e+00|4.742761342e+00|2.805127991e+03|2.838424194e+03|2.886772888e+03|2.847423828e+03|3.066083189e+03
1.522504157e+06|3.336051278e+06|3.336051278e+06|3.336051278e+06|3.336051278e+06|2.148242226e+03|2.148242226e+03|2.148242226e+03|2.153917591e+03|4.742761342e+00|4.742761342e+00|4.742761342e+00|4.742761342e+00|2.782121033e+03|2.814849121e+03|2.883493774e+03|2.834478027e+03|3.066083189e+03
1.524659939e+06|3.336051278e+06|3.336051278e+06|3.336051278e+06|3.336051278e+06|2.148242226e+03|2.148242226e+03|2.148242226e+03|2.148918927e+03|4.742761342e+00|4.742761342e+00|4.742761342e+00|4.742761342e+00|2.756866211e+03|2.798408447e+03|2.840217896e+03|2.800548096e+03|3.066083189e+03
1.526238168e+06|3.336051278e+06|3.336051278e+06|3.336051278e+06|3.336051278e+06|2.148242226e+03|2.148242226e+03|2.148242226e+03|2.152058369e+03|4.742761342e+00|4.742761342e+00|4.742761342e+00|4.742761342e+00|2.744601196e+03|2.788720703e+03|2.847799683e+03|2.800914795e+03|3.066083189e+03
1.527718918e+06|3.336051278e+06|3.336051278e+06|3.336051278e+06|3.336051278e+06|2.148242226e+03|2.148242226e+03|2.148242226e+03|2.150039324e+03|4.742761342e+00|4.742761342e+00|4.742761342e+00|4.742761342e+00|2.748515808e+03|2.804207642e+03|2.852442444e+03|2.806437500e+03|3.066083189e+03
1.529059943e+06|3.336051278e+06|3.336051278e+06|3.336051278e+06|3.336051278e+06|2.148242226e+03|2.148242226e+03|2.148242226e+03|2.148527082e+03|4.742761342e+00|4.742761342e+00|4.742761342e+00|4.742761342e+00|2.733265076e+03|2.775808472e+03|2.828471680e+03|2.781682861e+03|3.066083189e+03
1.530375222e+06|3.336051278e+06|3.336051278e+06|3.336051278e+06|3.336051278e+06|2.148242226e+03|2.148242226e+03|2.148242226e+03|2.148242226e+03|4.742761342e+00|4.742761342e+00|4.742761342e+00|4.742761342e+00|2.717869934e+03|2.765360840e+03|2.813785950e+03|2.752920410e+03|3.066083189e+03
1.531567343e+06|3.336051278e+06|3.336051278e+06|3.336051278e+06|3.336051278e+06|2.148242226e+03|2.148242226e+03|2.148242226e+03|2.148242226e+03|4.742761342e+00|4.742761342e+00|4.742761342e+00|4.742761342e+00|2.708105896e+03|2.777182983e+03|2.810647766e+03|2.762171631e+03|3.066083189e+03
1.532675391e+06|3.336051278e+06|3.336051278e+06|3.336051278e+06|3.336051278e+06|2.148242226e+03|2.148242226e+03|2.148242226e+03|2.148242226e+03|4.742761342e+00|4.742761342e+00|4.742761342e+00|4.742761342e+00|2.687473694e+03|2.743317139e+03|2.783625244e+03|2.735444580e+03|3.066083189e+03
1.534014902e+06|3.336051278e+06|3.336051278e+06|3.336051278e+06|3.336051278e+06|2.148242226e+03|2.148242226e+03|2.148242226e+03|2.148335422e+03|4.742761342e+00|4.742761342e+00|4.742761342e+00|4.742761342e+00|2.689115479e+03|2.747100220e+03|2.788505615e+03|2.734217773e+03|3.066083189e+03
1.535396522e+06|3.336051278e+06|3.336051278e+06|3.336051278e+06|3.336051278e+06|2.148242226e+03|2.148242226e+03|2.148242226e+03|2.148242226e+03|4.742761342e+00|4.742761342e+00|4.742761342e+00|4.742761342e+00|2.648671692e+03|2.718513306e+03|2.787430054e+03|2.714496582e+03|3.066083189e+03
1.536960044e+06|3.336051278e+06|3.336051278e+06|3.336051278e+06|3.336051279e+06|2.148242226e+03|2.148242226e+03|2.148242226e+03|2.148242226e+03|4.742761342e+00|4.742761342e+00|4.742761342e+00|4.742761341e+00|2.597779785e+03|2.702532471e+03|2.748623108e+03|2.678470215e+03|3.066083189e+03
1.538424640e+06|3.336051278e+06|3.336051278e+06|3.336051278e+06|3.336051279e+06|2.148242226e+03|2.148242226e+03|2.148242226e+03|2.148242226e+03|4.742761342e+00|4.742761342e+00|4.742761342e+00|4.742761342e+00|2.599879883e+03|2.665153442e+03|2.743315857e+03|2.666038818e+03|3.066083189e+03
1.540022409e+06|3.336051278e+06|3.336051278e+06|3.336051278e+06|3.336051280e+06|2.148242226e+03|2.148242226e+03|2.148242226e+03|2.148242226e+03|4.742761342e+00|4.742761342e+00|4.742761342e+00|4.742761342e+00|2.564410278e+03|2.663606323e+03|2.719646851e+03|2.641463135e+03|3.066083189e+03
