#RRR|P25fit|P50fit|P75fit|P25model|P50model|P75model
8.393372797e+04|7.805422630e+09|7.940284013e+09|8.101547226e+09|0.000000|0.000000|0.000000
1.278263781e+05|7.751221497e+09|7.890561634e+09|8.029881486e+09|0.000000|0.000000|0.000000
1.518441107e+05|7.715630384e+09|7.854894782e+09|7.986443986e+09|0.000000|0.000000|0.000000
1.697134214e+05|7.686260216e+09|7.824614248e+09|7.951956848e+09|0.000000|0.000000|0.000000
1.851088979e+05|7.658907138e+09|7.796020729e+09|7.920662581e+09|0.000000|0.000000|0.000000
1.977127052e+05|7.635064707e+09|7.770914930e+09|7.893902780e+09|0.000000|0.000000|0.000000
2.091647831e+05|7.612245557e+09|7.746796602e+09|7.868666252e+09|0.000000|0.000000|0.000000
2.200319361e+05|7.589556672e+09|7.722773018e+09|7.843883262e+09|0.000000|0.000000|0.000000
2.309730426e+05|7.565678751e+09|7.697479020e+09|7.818088632e+09|0.000000|0.000000|0.000000
2.410631455e+05|7.542724592e+09|7.673177337e+09|7.793533446e+09|0.000000|0.000000|0.000000
2.504166630e+05|7.520635633e+09|7.649821245e+09|7.770100242e+09|0.000000|0.000000|0.000000
2.599742459e+05|7.497249729e+09|7.625138653e+09|7.745477326e+09|0.000000|0.000000|0.000000
2.701365967e+05|7.471470158e+09|7.597995097e+09|7.718531389e+09|0.000000|0.000000|0.000000
2.778045836e+05|7.451388390e+09|7.576904516e+09|7.697669699e+09|0.000000|0.000000|0.000000
2.864366384e+05|7.428127590e+09|7.552538791e+09|7.673632716e+09|0.000000|0.000000|0.000000
2.951632462e+05|7.403901718e+09|7.527238383e+09|7.648730608e+09|0.000000|0.000000|0.000000
3.034734741e+05|7.380162427e+09|7.502524105e+09|7.624447752e+09|0.000000|0.000000|0.000000
3.102994920e+05|7.360170956e+09|7.481772518e+09|7.604082513e+09|0.000000|0.000000|0.000000
3.176568279e+05|7.338123192e+09|7.458951577e+09|7.581704884e+09|0.000000|0.000000|0.000000
3.254554696e+05|7.314182900e+09|7.434249147e+09|7.557497226e+09|0.000000|0.000000|0.000000
3.331998490e+05|7.289825074e+09|7.409198152e+09|7.532957362e+09|0.000000|0.000000|0.000000
3.403392287e+05|7.266851488e+09|7.385646021e+09|7.509889442e+09|0.000000|0.000000|0.000000
3.467231116e+05|7.245885464e+09|7.364214851e+09|7.488898673e+09|0.000000|0.000000|0.000000
3.534276064e+05|7.223433970e+09|7.341330642e+09|7.466481749e+09|0.000000|0.000000|0.000000
3.599582008e+05|7.201136956e+09|7.318669552e+09|7.444278078e+09|0.000000|0.000000|0.000000
3.675628061e+05|7.174638561e+09|7.291821629e+09|7.417962689e+09|0.000000|0.000000|0.000000
3.738554034e+05|7.152275311e+09|7.269231922e+09|7.395811462e+09|0.000000|0.000000|0.000000
3.796485737e+05|7.131336131e+09|7.248136089e+09|7.375116138e+09|0.000000|0.000000|0.000000
3.851803644e+05|7.111026776e+09|7.227724682e+09|7.355083326e+09|0.000000|0.000000|0.000000
3.920122007e+05|7.085518523e+09|7.202155947e+09|7.329975769e+09|0.000000|0.000000|0.000000
3.986371287e+05|7.060331883e+09|7.176981301e+09|7.305240459e+09|0.000000|0.000000|0.000000
4.042265771e+05|7.038735598e+09|7.155450230e+09|7.284073320e+09|0.000000|0.000000|0.000000
4.105704774e+05|7.013839232e+09|7.130689917e+09|7.259718003e+09|0.000000|0.000000|0.000000
4.157181911e+05|6.993335666e+09|7.110345810e+09|7.239695930e+09|0.000000|0.000000|0.000000
4.210350767e+05|6.971874018e+09|7.089095467e+09|7.218771823e+09|0.000000|0.000000|0.000000
4.265860279e+05|6.949158761e+09|7.066651744e+09|7.196661703e+09|0.000000|0.000000|0.000000
4.324859986e+05|6.924668790e+09|7.042507782e+09|7.172864526e+09|0.000000|0.000000|0.000000
4.384024918e+05|6.899751055e+09|7.017996715e+09|7.148693324e+09|0.000000|0.000000|0.000000
4.441344059e+05|6.875267083e+09|6.993963906e+09|7.124982547e+09|0.000000|0.000000|0.000000
4.487039287e+05|6.855505691e+09|6.974602550e+09|7.105873103e+09|0.000000|0.000000|0.000000
4.541291857e+05|6.831763782e+09|6.951382076e+09|7.082946577e+09|0.000000|0.000000|0.000000
4.595721360e+05|6.807638851e+09|6.927830902e+09|7.059685238e+09|0.000000|0.000000|0.000000
4.646152930e+05|6.785012456e+09|6.905781230e+09|7.037900153e+09|0.000000|0.000000|0.000000
4.699596006e+05|6.760747582e+09|6.882174645e+09|7.014570495e+09|0.000000|0.000000|0.000000
4.752978938e+05|6.736214595e+09|6.858347315e+09|6.991017030e+09|0.000000|0.000000|0.000000
4.805625218e+05|6.711730771e+09|6.834606132e+09|6.967544132e+09|0.000000|0.000000|0.000000
4.853293426e+05|6.689314028e+09|6.812901468e+09|6.946081653e+09|0.000000|0.000000|0.000000
4.897824412e+05|6.668159555e+09|6.792445921e+09|6.925852440e+09|0.000000|0.000000|0.000000
4.943416090e+05|6.646287907e+09|6.771323221e+09|6.904962285e+09|0.000000|0.000000|0.000000
4.994720666e+05|6.621417492e+09|6.747335475e+09|6.881238198e+09|0.000000|0.000000|0.000000
5.039905548e+05|6.599287243e+09|6.726017093e+09|6.860154675e+09|0.000000|0.000000|0.000000
5.092976582e+05|6.573023763e+09|6.700747748e+09|6.835165580e+09|0.000000|0.000000|0.000000
5.144685575e+05|6.547152937e+09|6.675886935e+09|6.810583767e+09|0.000000|0.000000|0.000000
5.189357486e+05|6.524579299e+09|6.654218099e+09|6.789161826e+09|0.000000|0.000000|0.000000
5.231555297e+05|6.503065560e+09|6.633585951e+09|6.768768847e+09|0.000000|0.000000|0.000000
5.277407862e+05|6.479478969e+09|6.610986313e+09|6.746436692e+09|0.000000|0.000000|0.000000
5.323508680e+05|6.455544735e+09|6.588074137e+09|6.723802599e+09|0.000000|0.000000|0.000000
5.366234806e+05|6.433165725e+09|6.566668351e+09|6.702663827e+09|0.000000|0.000000|0.000000
5.412366586e+05|6.408790436e+09|6.543371176e+09|6.679666216e+09|0.000000|0.000000|0.000000
5.457265823e+05|6.384854680e+09|6.520511182e+09|6.657110286e+09|0.000000|0.000000|0.000000
5.507923345e+05|6.357598619e+09|6.494499149e+09|6.631457776e+09|0.000000|0.000000|0.000000
5.548057269e+05|6.335816268e+09|6.473724425e+09|6.610981520e+09|0.000000|0.000000|0.000000
5.589122767e+05|6.313355990e+09|6.452314608e+09|6.589890713e+09|0.000000|0.000000|0.000000
5.630872887e+05|6.290342738e+09|6.430388768e+09|6.568304457e+09|0.000000|0.000000|0.000000
5.673710156e+05|6.266543317e+09|6.407724641e+09|6.546006002e+09|0.000000|0.000000|0.000000
5.712718493e+05|6.244706636e+09|6.386938299e+09|6.525568964e+09|0.000000|0.000000|0.000000
5.759481796e+05|6.218322296e+09|6.361832885e+09|6.500904305e+09|0.000000|0.000000|0.000000
5.804633027e+05|6.192634139e+09|6.337398966e+09|6.476920357e+09|0.000000|0.000000|0.000000
5.846725342e+05|6.168497760e+09|6.314448021e+09|6.454412025e+09|0.000000|0.000000|0.000000
5.884478451e+05|6.146694979e+09|6.293720955e+09|6.434102129e+09|0.000000|0.000000|0.000000
5.925631631e+05|6.122762342e+09|6.270973516e+09|6.411832456e+09|0.000000|0.000000|0.000000
5.963935972e+05|6.100330806e+09|6.249656156e+09|6.390982567e+09|0.000000|0.000000|0.000000
6.004377635e+05|6.076485011e+09|6.226997372e+09|6.368842478e+09|0.000000|0.000000|0.000000
6.045389132e+05|6.052132909e+09|6.203859258e+09|6.346258144e+09|0.000000|0.000000|0.000000
6.083633499e+05|6.029269603e+09|6.182136464e+09|6.325078268e+09|0.000000|0.000000|0.000000
6.124836861e+05|6.004470995e+09|6.158574750e+09|6.302131546e+09|0.000000|0.000000|0.000000
6.168167320e+05|5.978206369e+09|6.133618845e+09|6.277857712e+09|0.000000|0.000000|0.000000
6.207090903e+05|5.954450854e+09|6.111044899e+09|6.255928860e+09|0.000000|0.000000|0.000000
6.244870095e+05|5.931247330e+09|6.088992672e+09|6.234533440e+09|0.000000|0.000000|0.000000
6.282626930e+05|5.907913677e+09|6.066813146e+09|6.213041828e+09|0.000000|0.000000|0.000000
6.320053524e+05|5.884642445e+09|6.044688535e+09|6.191631478e+09|0.000000|0.000000|0.000000
6.357343371e+05|5.861316241e+09|6.022506442e+09|6.170194380e+09|0.000000|0.000000|0.000000
6.395884684e+05|5.837060640e+09|5.999434160e+09|6.147928465e+09|0.000000|0.000000|0.000000
6.434415860e+05|5.812662817e+09|5.976219171e+09|6.125558043e+09|0.000000|0.000000|0.000000
6.473109355e+05|5.788013023e+09|5.952755985e+09|6.102983141e+09|0.000000|0.000000|0.000000
6.509729607e+05|5.764546599e+09|5.930410514e+09|6.081516820e+09|0.000000|0.000000|0.000000
6.548738070e+05|5.739403170e+09|5.906457877e+09|6.058543330e+09|0.000000|0.000000|0.000000
6.586883963e+05|5.714669792e+09|5.882884639e+09|6.035971687e+09|0.000000|0.000000|0.000000
6.621697257e+05|5.691971597e+09|5.861240585e+09|6.015281109e+09|0.000000|0.000000|0.000000
6.660205083e+05|5.666725257e+09|5.837154061e+09|5.992294519e+09|0.000000|0.000000|0.000000
6.696776821e+05|5.642613096e+09|5.814136372e+09|5.970366943e+09|0.000000|0.000000|0.000000
6.730624947e+05|5.620179618e+09|5.792708873e+09|5.949989121e+09|0.000000|0.000000|0.000000
6.767216288e+05|5.595801799e+09|5.769410058e+09|5.927870485e+09|0.000000|0.000000|0.000000
6.805233787e+05|5.570335308e+09|5.745054191e+09|5.904792337e+09|0.000000|0.000000|0.000000
6.839742531e+05|5.547097288e+09|5.722814113e+09|5.883758927e+09|0.000000|0.000000|0.000000
6.872066080e+05|5.525225822e+09|5.701867792e+09|5.863984494e+09|0.000000|0.000000|0.000000
6.907737172e+05|5.500971755e+09|5.678622988e+09|5.842080985e+09|0.000000|0.000000|0.000000
6.943115951e+05|5.476794990e+09|5.655434130e+09|5.820273600e+09|0.000000|0.000000|0.000000
6.981688378e+05|5.450298372e+09|5.629998570e+09|5.796403969e+09|0.000000|0.000000|0.000000
7.018285768e+05|5.425026352e+09|5.605716657e+09|5.773667086e+09|0.000000|0.000000|0.000000
7.050984400e+05|5.402338102e+09|5.583898398e+09|5.753279443e+09|0.000000|0.000000|0.000000
7.085709668e+05|5.378131894e+09|5.560600016e+09|5.731553558e+09|0.000000|0.000000|0.000000
7.121487692e+05|5.353071797e+09|5.536456901e+09|5.709089416e+09|0.000000|0.000000|0.000000
7.151182589e+05|5.332180282e+09|5.516311514e+09|5.690383976e+09|0.000000|0.000000|0.000000
7.186378597e+05|5.307310502e+09|5.492307590e+09|5.668142644e+09|0.000000|0.000000|0.000000
7.219397782e+05|5.283872682e+09|5.469662920e+09|5.647207962e+09|0.000000|0.000000|0.000000
7.253677539e+05|5.259431659e+09|5.446024716e+09|5.625404209e+09|0.000000|0.000000|0.000000
7.287252381e+05|5.235386519e+09|5.422744558e+09|5.603980598e+09|0.000000|0.000000|0.000000
7.320355792e+05|5.211575956e+09|5.399666615e+09|5.582792443e+09|0.000000|0.000000|0.000000
7.354897267e+05|5.186622319e+09|5.375453508e+09|5.560615453e+09|0.000000|0.000000|0.000000
7.389458455e+05|5.161543721e+09|5.351090344e+09|5.538356736e+09|0.000000|0.000000|0.000000
7.427078403e+05|5.134120182e+09|5.324415251e+09|5.514050527e+09|0.000000|0.000000|0.000000
7.459863553e+05|5.110114822e+09|5.301035297e+09|5.492803014e+09|0.000000|0.000000|0.000000
7.488169855e+05|5.089309602e+09|5.280749150e+09|5.474410027e+09|0.000000|0.000000|0.000000
7.517905172e+05|5.067375189e+09|5.259338440e+09|5.455040999e+09|0.000000|0.000000|0.000000
7.550576015e+05|5.043182528e+09|5.235694834e+09|5.433704392e+09|0.000000|0.000000|0.000000
7.582247330e+05|5.019637552e+09|5.212654879e+09|5.412965844e+09|0.000000|0.000000|0.000000
7.611787558e+05|4.997595117e+09|5.191058510e+09|5.393574823e+09|0.000000|0.000000|0.000000
7.647306091e+05|4.970987702e+09|5.164954450e+09|5.370199065e+09|0.000000|0.000000|0.000000
7.678636886e+05|4.947423421e+09|5.141803301e+09|5.349525376e+09|0.000000|0.000000|0.000000
7.710248022e+05|4.923559394e+09|5.118325812e+09|5.328616147e+09|0.000000|0.000000|0.000000
7.745558502e+05|4.896797490e+09|5.091958562e+09|5.305200825e+09|0.000000|0.000000|0.000000
7.784538501e+05|4.867126165e+09|5.062675879e+09|5.279280836e+09|0.000000|0.000000|0.000000
7.815583673e+05|4.843398911e+09|5.039221697e+09|5.258584518e+09|0.000000|0.000000|0.000000
7.843554191e+05|4.821949077e+09|5.017989384e+09|5.239898592e+09|0.000000|0.000000|0.000000
7.870262823e+05|4.801403068e+09|4.997625216e+09|5.222021378e+09|0.000000|0.000000|0.000000
7.896936254e+05|4.780822080e+09|4.977200010e+09|5.204134748e+09|0.000000|0.000000|0.000000
7.925634099e+05|4.758610076e+09|4.955126116e+09|5.184854314e+09|0.000000|0.000000|0.000000
7.955499005e+05|4.735419132e+09|4.932045645e+09|5.164750479e+09|0.000000|0.000000|0.000000
7.988069819e+05|4.710039400e+09|4.906746747e+09|5.142780181e+09|0.000000|0.000000|0.000000
8.021508689e+05|4.683888643e+09|4.880634808e+09|5.120176428e+09|0.000000|0.000000|0.000000
8.055289051e+05|4.657373955e+09|4.854112666e+09|5.097293489e+09|0.000000|0.000000|0.000000
8.088063322e+05|4.631556364e+09|4.828241822e+09|5.075046557e+09|0.000000|0.000000|0.000000
8.122118913e+05|4.604633295e+09|4.801214136e+09|5.051883354e+09|0.000000|0.000000|0.000000
8.154604877e+05|4.578860270e+09|4.775308493e+09|5.029744484e+09|0.000000|1.000000|0.000000
8.180314878e+05|4.558400435e+09|4.754652744e+09|5.012194022e+09|0.000000|1.000000|0.000000
8.207092953e+05|4.537032108e+09|4.733138891e+09|4.993887414e+09|0.000000|1.000000|0.000000
8.232769038e+05|4.516487296e+09|4.712510391e+09|4.976308722e+09|0.000000|1.000000|0.000000
8.262260081e+05|4.492822763e+09|4.688816904e+09|4.956088029e+09|0.000000|1.000000|0.000000
8.291491495e+05|4.469296021e+09|4.665332006e+09|4.936014186e+09|0.000000|1.000000|0.000000
8.324809999e+05|4.442394594e+09|4.638563487e+09|4.913096675e+09|0.000000|1.000000|0.000000
8.355193697e+05|4.417784008e+09|4.614152829e+09|4.892164291e+09|0.000000|1.000000|0.000000
8.387198043e+05|4.391779933e+09|4.588440122e+09|4.870081678e+09|0.000000|1.000000|0.000000
8.418855812e+05|4.365976367e+09|4.563005860e+09|4.848205048e+09|0.000000|1.000000|0.000000
8.450077935e+05|4.340449331e+09|4.537921600e+09|4.826598037e+09|0.000000|1.000000|0.000000
8.485771222e+05|4.311171690e+09|4.509245150e+09|4.801859666e+09|0.000000|1.000000|0.000000
8.513625368e+05|4.288254144e+09|4.486866767e+09|4.782527736e+09|0.000000|1.000000|0.000000
8.535602919e+05|4.270128593e+09|4.469209718e+09|4.767258318e+09|0.000000|1.000000|0.000000
8.561356186e+05|4.248840958e+09|4.448519209e+09|4.749348019e+09|0.000000|1.000000|0.000000
8.589032908e+05|4.225905759e+09|4.426283370e+09|4.730079387e+09|0.000000|1.000000|0.000000
8.617153249e+05|4.202542105e+09|4.403691123e+09|4.710480616e+09|0.000000|1.000000|0.000000
8.644585451e+05|4.179691416e+09|4.381651736e+09|4.691341390e+09|0.000000|1.000000|0.000000
8.673286669e+05|4.155721857e+09|4.358592804e+09|4.671296241e+09|0.000000|1.000000|0.000000
8.707424945e+05|4.127129801e+09|4.331165670e+09|4.647427419e+09|0.000000|1.000000|0.000000
8.741359912e+05|4.098620520e+09|4.303901877e+09|4.623673442e+09|0.000000|1.000000|0.000000
8.771319482e+05|4.073379004e+09|4.279831969e+09|4.602680501e+09|0.000000|1.000000|0.000000
8.800344021e+05|4.048861268e+09|4.256513278e+09|4.582324158e+09|0.000000|1.000000|0.000000
8.830337749e+05|4.023459068e+09|4.232415927e+09|4.561269658e+09|0.000000|1.000000|0.000000
8.859262793e+05|3.998899035e+09|4.209177171e+09|4.540948374e+09|0.000000|1.000000|0.000000
8.883995950e+05|3.977849598e+09|4.189306231e+09|4.523559464e+09|0.000000|1.000000|0.000000
8.905049655e+05|3.959896420e+09|4.172391411e+09|4.508748629e+09|0.000000|1.000000|0.000000
8.926944158e+05|3.941192118e+09|4.154801083e+09|4.493338055e+09|0.000000|1.000000|0.000000
8.953976982e+05|3.918050408e+09|4.133082561e+09|4.474299719e+09|0.000000|1.000000|0.000000
8.985049313e+05|3.891385813e+09|4.108118647e+09|4.452402065e+09|0.000000|1.000000|0.000000
9.012922625e+05|3.867407836e+09|4.085724866e+09|4.432746485e+09|0.000000|1.000000|0.000000
9.041570066e+05|3.842706554e+09|4.062709140e+09|4.412533570e+09|0.000000|1.000000|0.000000
9.078893102e+05|3.810438146e+09|4.032723328e+09|4.386183223e+09|0.000000|1.000000|0.000000
9.111857697e+05|3.781857086e+09|4.006239144e+09|4.362896011e+09|0.000000|1.000000|0.000000
9.140933551e+05|3.756585230e+09|3.982879226e+09|4.342346040e+09|0.000000|1.000000|0.000000
9.172208774e+05|3.729336935e+09|3.957752305e+09|4.320232240e+09|0.000000|1.000000|0.000000
9.199738955e+05|3.705296298e+09|3.935634200e+09|4.300759193e+09|0.000000|1.000000|0.000000
9.222250864e+05|3.685599716e+09|3.917547840e+09|4.284831202e+09|0.000000|1.000000|0.000000
9.245184292e+05|3.665499274e+09|3.899122826e+09|4.268601196e+09|0.000000|1.000000|0.000000
9.266774775e+05|3.646543736e+09|3.881776752e+09|4.253318473e+09|0.000000|1.000000|0.000000
9.286433178e+05|3.629257521e+09|3.865982935e+09|4.239401026e+09|0.000000|1.000000|0.000000
9.308943485e+05|3.609432159e+09|3.847897862e+09|4.223462139e+09|0.000000|1.000000|0.000000
9.327948157e+05|3.592668352e+09|3.832629262e+09|4.210003774e+09|0.000000|1.000000|0.000000
9.345550236e+05|3.577120685e+09|3.818487523e+09|4.197537488e+09|0.000000|1.000000|0.000000
9.365724113e+05|3.559276593e+09|3.802279568e+09|4.183248631e+09|0.000000|1.000000|0.000000
9.395298693e+05|3.533069877e+09|3.778518967e+09|4.162299748e+09|0.000000|1.000000|0.000000
9.431742447e+05|3.500699077e+09|3.749239581e+09|4.136483651e+09|0.000000|1.000000|0.000000
9.468324274e+05|3.468120814e+09|3.719849266e+09|4.110569682e+09|0.000000|1.000000|0.000000
9.502252249e+05|3.437830793e+09|3.692591090e+09|4.086537106e+09|0.000000|1.000000|0.000000
9.538565540e+05|3.405331923e+09|3.663416521e+09|4.060818065e+09|0.000000|1.000000|0.000000
9.573362040e+05|3.374114406e+09|3.635460561e+09|4.036177904e+09|0.000000|1.000000|0.000000
9.607981346e+05|3.342982740e+09|3.607646960e+09|4.011669214e+09|0.000000|1.000000|0.000000
9.641266076e+05|3.312983174e+09|3.580905577e+09|3.988112377e+09|0.000000|1.000000|0.000000
9.674846457e+05|3.282650286e+09|3.553926662e+09|3.964354677e+09|0.000000|1.000000|0.000000
9.706836146e+05|3.253692476e+09|3.528225730e+09|3.941731467e+09|0.000000|1.000000|0.000000
9.733354883e+05|3.229641864e+09|3.506920233e+09|3.922984939e+09|0.000000|1.000000|0.000000
9.755058804e+05|3.209927711e+09|3.489483021e+09|3.907647734e+09|0.000000|1.000000|0.000000
9.778529450e+05|3.188578419e+09|3.470626399e+09|3.891068259e+09|0.000000|1.000000|0.000000
9.808461173e+05|3.161306618e+09|3.446578864e+09|3.869934823e+09|0.000000|1.000000|0.000000
9.848554700e+05|3.124697175e+09|3.414367203e+09|3.841645970e+09|0.000000|1.000000|0.000000
9.892827663e+05|3.084167978e+09|3.378797730e+09|3.810436699e+09|0.000000|1.000000|0.000000
9.937943905e+05|3.042756817e+09|3.342550755e+09|3.778667041e+09|0.000000|1.000000|0.000000
9.989052474e+05|2.995713666e+09|3.301489467e+09|3.742723722e+09|0.000000|1.000000|0.000000
1.004198815e+06|2.946844008e+09|3.258960261e+09|3.705552257e+09|0.000000|1.000000|0.000000
1.008990338e+06|2.902484735e+09|3.220464542e+09|3.671960788e+09|0.000000|1.000000|0.000000
1.013284363e+06|2.862632742e+09|3.185965787e+09|3.641904888e+09|0.000000|1.000000|0.000000
1.017405099e+06|2.824303096e+09|3.152859256e+09|3.613107451e+09|0.000000|1.000000|0.000000
1.021169417e+06|2.789216486e+09|3.122616240e+09|3.586842213e+09|0.000000|1.000000|0.000000
1.024805347e+06|2.755262181e+09|3.093404703e+09|3.561512402e+09|0.000000|1.000000|0.000000
1.029176821e+06|2.714356720e+09|3.058283714e+09|3.531112740e+09|0.000000|1.000000|0.000000
1.032751167e+06|2.680844745e+09|3.029566956e+09|3.506302714e+09|0.000000|1.000000|0.000000
1.036050862e+06|2.649856420e+09|3.003056778e+09|3.483437831e+09|0.000000|1.000000|0.000000
1.039091518e+06|2.621257825e+09|2.978627750e+09|3.462402189e+09|0.000000|1.000000|0.000000
1.042741750e+06|2.586872402e+09|2.949301315e+09|3.437194530e+09|0.000000|1.000000|0.000000
1.046172990e+06|2.554497562e+09|2.921734283e+09|3.413545760e+09|0.000000|1.000000|0.000000
1.050294904e+06|2.515540276e+09|2.888618294e+09|3.385198889e+09|0.000000|1.000000|0.000000
1.054315060e+06|2.477477063e+09|2.856319834e+09|3.357619835e+09|0.000000|1.000000|0.000000
1.058119412e+06|2.441396942e+09|2.825755176e+09|3.331585635e+09|0.000000|1.000000|0.000000
1.062417115e+06|2.400569186e+09|2.791226876e+09|3.302253658e+09|0.000000|1.000000|0.000000
1.066777595e+06|2.359072348e+09|2.756194215e+09|3.272581573e+09|0.000000|1.000000|0.000000
1.070842339e+06|2.320325661e+09|2.723537532e+09|3.245005212e+09|0.000000|1.000000|0.000000
1.075157103e+06|3.357303986e+09|2.688872153e+09|3.215823969e+09|3.000000|1.000000|0.000000
1.078844112e+06|3.307294504e+09|2.659250246e+09|3.190965451e+09|3.000000|1.000000|0.000000
1.082302665e+06|3.261701202e+09|2.631463782e+09|3.167713945e+09|3.000000|1.000000|0.000000
1.085306314e+06|3.223113574e+09|2.607332078e+09|3.147574584e+09|3.000000|1.000000|0.000000
1.088686090e+06|3.180787543e+09|2.580178516e+09|4.132320707e+09|3.000000|1.000000|3.000000
1.091820503e+06|3.142544444e+09|2.554996233e+09|4.085342912e+09|3.000000|1.000000|3.000000
1.095623948e+06|3.097409647e+09|2.524438866e+09|4.029568831e+09|3.000000|1.000000|3.000000
1.099992958e+06|3.047233360e+09|2.489337672e+09|3.967128076e+09|3.000000|1.000000|3.000000
1.103687912e+06|3.006148813e+09|2.459651930e+09|3.915644841e+09|3.000000|1.000000|3.000000
1.107711747e+06|2.962770225e+09|2.427323914e+09|3.860924421e+09|3.000000|1.000000|3.000000
1.111301580e+06|2.925233342e+09|2.398482736e+09|3.813261517e+09|3.000000|1.000000|3.000000
1.115027451e+06|2.887398129e+09|2.368548604e+09|3.764916839e+09|3.000000|1.000000|3.000000
1.119733266e+06|2.841194285e+09|3.233116453e+09|3.705451506e+09|3.000000|3.000000|3.000000
1.123893925e+06|2.801762758e+09|3.186580387e+09|3.654317054e+09|3.000000|3.000000|3.000000
1.127555040e+06|2.768128604e+09|3.146834835e+09|3.610410625e+09|3.000000|3.000000|3.000000
1.131635017e+06|2.731778854e+09|3.103826797e+09|3.562649951e+09|3.000000|3.000000|3.000000
1.135048878e+06|2.702251212e+09|3.068849612e+09|3.523610222e+09|3.000000|3.000000|3.000000
1.139276716e+06|2.666765180e+09|3.026766147e+09|3.476397353e+09|3.000000|3.000000|3.000000
1.143842855e+06|2.629735234e+09|2.982796298e+09|3.426778413e+09|3.000000|3.000000|3.000000
1.147901548e+06|2.597905784e+09|2.944957319e+09|3.383834334e+09|3.000000|3.000000|3.000000
1.151883577e+06|2.567631468e+09|2.908930302e+09|3.342731942e+09|3.000000|3.000000|3.000000
1.156595304e+06|2.532980817e+09|2.867653290e+09|3.295376630e+09|3.000000|3.000000|3.000000
1.161477977e+06|2.498354353e+09|2.826363092e+09|3.247718942e+09|3.000000|3.000000|3.000000
1.165374258e+06|2.471617418e+09|2.794454455e+09|3.210689327e+09|3.000000|3.000000|3.000000
1.168866515e+06|2.448299940e+09|2.766609928e+09|3.178231616e+09|3.000000|3.000000|3.000000
1.173094825e+06|2.420854104e+09|2.733818083e+09|3.139832809e+09|3.000000|3.000000|3.000000
1.176980623e+06|2.396360310e+09|2.704540081e+09|3.105388691e+09|3.000000|3.000000|3.000000
1.180418815e+06|2.375246278e+09|2.679294332e+09|3.075566949e+09|3.000000|3.000000|3.000000
1.184392644e+06|2.351469385e+09|2.650859034e+09|3.041843255e+09|3.000000|3.000000|3.000000
1.188693595e+06|2.326459719e+09|2.620946869e+09|3.006215579e+09|3.000000|3.000000|3.000000
1.193123244e+06|2.301451614e+09|2.591038728e+09|2.970438498e+09|3.000000|3.000000|3.000000
1.197317298e+06|2.278440290e+09|2.563525328e+09|2.937392686e+09|3.000000|3.000000|3.000000
1.201725403e+06|2.254917880e+09|2.535412836e+09|2.903499031e+09|3.000000|3.000000|3.000000
1.205663143e+06|2.234451381e+09|2.510967069e+09|2.873924536e+09|3.000000|3.000000|3.000000
1.209874968e+06|2.213101094e+09|2.485485067e+09|2.843000415e+09|3.000000|3.000000|3.000000
1.213961113e+06|2.192894493e+09|2.461391272e+09|2.813675901e+09|3.000000|3.000000|3.000000
1.217972036e+06|2.173519237e+09|2.438314808e+09|2.785517438e+09|3.000000|3.000000|3.000000
1.222126437e+06|2.153904537e+09|2.414984291e+09|2.756983346e+09|3.000000|3.000000|3.000000
1.225901618e+06|2.136458743e+09|2.394264352e+09|2.731592441e+09|3.000000|3.000000|3.000000
1.229950665e+06|2.118125275e+09|2.372526144e+09|2.704909936e+09|3.000000|3.000000|3.000000
1.234073899e+06|2.099834572e+09|2.350880454e+09|2.678303632e+09|3.000000|3.000000|3.000000
1.237805367e+06|2.083591494e+09|2.331697330e+09|2.654699607e+09|3.000000|3.000000|3.000000
1.241723416e+06|2.066833709e+09|2.311949473e+09|2.630383361e+09|3.000000|3.000000|3.000000
1.245526888e+06|2.050839639e+09|2.293146524e+09|2.607220989e+09|3.000000|3.000000|3.000000
1.249878660e+06|2.032848551e+09|2.272053328e+09|2.581234964e+09|3.000000|3.000000|3.000000
1.254156743e+06|2.015460318e+09|2.251730014e+09|2.556204531e+09|3.000000|3.000000|3.000000
1.258129403e+06|1.999558307e+09|2.233202617e+09|2.533400761e+09|3.000000|3.000000|3.000000
1.261990172e+06|1.984313004e+09|2.215496972e+09|2.511629361e+09|3.000000|3.000000|3.000000
1.265970917e+06|1.968792841e+09|2.197532735e+09|2.489568721e+09|3.000000|3.000000|3.000000
1.269881749e+06|1.953726093e+09|2.180155252e+09|2.468263810e+09|3.000000|3.000000|3.000000
1.273964054e+06|1.938173464e+09|2.162284826e+09|2.446398751e+09|3.000000|3.000000|3.000000
1.277580789e+06|1.924530492e+09|2.146667728e+09|2.427334031e+09|3.000000|3.000000|3.000000
1.281195318e+06|1.911011826e+09|2.131249619e+09|2.408557786e+09|3.000000|3.000000|3.000000
1.285206811e+06|1.896131167e+09|2.114345776e+09|2.388030925e+09|3.000000|3.000000|3.000000
1.289172164e+06|1.881535109e+09|2.097836353e+09|2.368049212e+09|3.000000|3.000000|3.000000
1.293077659e+06|1.867256752e+09|2.081756445e+09|2.348656844e+09|3.000000|3.000000|3.000000
1.296761512e+06|1.853866327e+09|2.066741105e+09|2.330615859e+09|3.000000|3.000000|3.000000
1.300188505e+06|1.841468452e+09|2.052895613e+09|2.314042656e+09|3.000000|3.000000|3.000000
1.304113185e+06|1.827329834e+09|2.037173925e+09|2.295300954e+09|3.000000|3.000000|3.000000
1.308454243e+06|1.811752901e+09|2.019937672e+09|2.274854372e+09|3.000000|3.000000|3.000000
1.312565817e+06|1.797046779e+09|2.003747450e+09|2.255750333e+09|3.000000|3.000000|3.000000
1.316330875e+06|1.783610523e+09|1.989025744e+09|2.238469117e+09|3.000000|3.000000|3.000000
1.320094884e+06|1.770198472e+09|1.974397918e+09|2.221386759e+09|3.000000|3.000000|3.000000
1.323355637e+06|1.758589994e+09|1.961791512e+09|2.206738447e+09|3.000000|3.000000|3.000000
1.327233754e+06|1.744788967e+09|1.946869559e+09|2.189490172e+09|3.000000|3.000000|3.000000
1.331757627e+06|1.728687106e+09|1.929549364e+09|2.169596581e+09|3.000000|3.000000|3.000000
1.335663922e+06|1.714772249e+09|1.914658638e+09|2.152605164e+09|3.000000|3.000000|3.000000
1.339188258e+06|1.702202754e+09|1.901268348e+09|2.137415911e+09|3.000000|3.000000|3.000000
1.342774450e+06|1.689392413e+09|1.887680091e+09|2.122090610e+09|3.000000|3.000000|3.000000
1.346510358e+06|1.676020164e+09|1.873558062e+09|2.106258908e+09|3.000000|3.000000|3.000000
1.350280021e+06|1.662493686e+09|1.859336838e+09|2.090415356e+09|3.000000|3.000000|3.000000
1.354118715e+06|1.648679699e+09|1.844878259e+09|2.074410192e+09|3.000000|3.000000|3.000000
1.358095701e+06|1.634320267e+09|1.829916928e+09|2.057957962e+09|3.000000|3.000000|3.000000
1.361572083e+06|1.621724398e+09|1.816849059e+09|2.043678972e+09|3.000000|3.000000|3.000000
1.364865342e+06|1.609751113e+09|1.804474559e+09|2.030235715e+09|3.000000|3.000000|3.000000
1.368510476e+06|1.596448904e+09|1.790779635e+09|2.015446144e+09|3.000000|3.000000|3.000000
1.372089088e+06|1.583335701e+09|1.777332647e+09|2.001013823e+09|3.000000|3.000000|3.000000
1.375806968e+06|1.569652713e+09|1.763356394e+09|1.986106556e+09|3.000000|3.000000|3.000000
1.380005530e+06|1.554124236e+09|1.747561260e+09|1.969372083e+09|3.000000|3.000000|3.000000
1.384024757e+06|1.539179785e+09|1.732424591e+09|1.953445894e+09|3.000000|3.000000|3.000000
1.387573316e+06|1.525918597e+09|1.719044101e+09|1.939456134e+09|3.000000|3.000000|3.000000
1.391011783e+06|1.513007340e+09|1.706061624e+09|1.925960597e+09|3.000000|3.000000|3.000000
1.394806058e+06|1.498688117e+09|1.691713706e+09|1.911133383e+09|3.000000|3.000000|3.000000
1.398102118e+06|1.486186656e+09|1.679229144e+09|1.898305169e+09|3.000000|3.000000|3.000000
1.401372722e+06|1.473723434e+09|1.666820529e+09|1.885621193e+09|3.000000|3.000000|3.000000
1.404676847e+06|1.461072768e+09|1.654262720e+09|1.872850411e+09|3.000000|3.000000|3.000000
1.408215411e+06|1.447457292e+09|1.640788042e+09|1.859218937e+09|3.000000|3.000000|3.000000
1.411819272e+06|1.433518626e+09|1.627036000e+09|1.845381412e+09|3.000000|3.000000|3.000000
1.415450177e+06|1.419401593e+09|1.613150342e+09|1.831483643e+09|3.000000|3.000000|3.000000
1.419324964e+06|1.404254533e+09|1.598297316e+09|1.816697621e+09|3.000000|3.000000|3.000000
1.423019374e+06|1.389734023e+09|1.584101602e+09|1.802640631e+09|3.000000|3.000000|3.000000
1.426499129e+06|1.375987331e+09|1.570699763e+09|1.789434453e+09|3.000000|3.000000|3.000000
1.430289301e+06|1.360937760e+09|1.556067949e+09|1.775085450e+09|3.000000|3.000000|3.000000
1.433989636e+06|1.346168597e+09|1.541748192e+09|1.761109809e+09|3.000000|3.000000|3.000000
1.437152179e+06|1.333486882e+09|1.529482466e+09|1.749189810e+09|3.000000|3.000000|3.000000
1.440216992e+06|1.321145834e+09|1.517572076e+09|1.737658494e+09|3.000000|3.000000|3.000000
1.443582699e+06|1.307535975e+09|1.504465790e+09|1.725016911e+09|3.000000|3.000000|3.000000
1.447006451e+06|1.293631055e+09|1.491105385e+09|1.712179517e+09|3.000000|3.000000|3.000000
1.450517681e+06|1.279309003e+09|1.477374847e+09|1.699036144e+09|3.000000|3.000000|3.000000
1.453604363e+06|1.266668116e+09|1.465281045e+09|1.687499428e+09|3.000000|3.000000|3.000000
1.457158654e+06|1.252055217e+09|1.451328827e+09|1.674234253e+09|3.000000|3.000000|3.000000
1.460797876e+06|1.237031774e+09|1.437015150e+09|1.660672450e+09|3.000000|3.000000|3.000000
1.464537906e+06|1.221529767e+09|1.422276799e+09|1.646755438e+09|3.000000|3.000000|3.000000
1.468393870e+06|1.205483641e+09|1.407053370e+09|1.632427775e+09|3.000000|3.000000|3.000000
1.471894733e+06|1.190861776e+09|1.393208700e+09|1.619437109e+09|3.000000|3.000000|3.000000
1.475062490e+06|1.177589353e+09|1.380663685e+09|1.607696416e+09|3.000000|3.000000|3.000000
1.478563187e+06|1.162878017e+09|1.366782202e+09|1.594736719e+09|3.000000|3.000000|3.000000
1.481910446e+06|1.148770641e+09|1.353493139e+09|1.582359448e+09|3.000000|3.000000|3.000000
1.484898722e+06|1.136144440e+09|1.341617433e+09|1.571321297e+09|3.000000|3.000000|3.000000
1.487831918e+06|1.123723530e+09|1.329950990e+09|1.560497213e+09|3.000000|3.000000|3.000000
1.491295272e+06|1.109024952e+09|1.316165312e+09|1.547730194e+09|3.000000|3.000000|3.000000
1.494850708e+06|1.093901661e+09|1.302003279e+09|1.534638867e+09|3.000000|3.000000|3.000000
1.498574833e+06|1.078027472e+09|1.287161203e+09|1.520942917e+09|3.000000|3.000000|3.000000
1.502406845e+06|1.061661755e+09|1.271883445e+09|1.506868007e+09|3.000000|3.000000|3.000000
1.505714812e+06|1.047511559e+09|1.258692765e+09|1.494732648e+09|3.000000|3.000000|3.000000
1.508885020e+06|1.033933793e+09|1.246051553e+09|1.483115726e+09|3.000000|3.000000|3.000000
1.512130181e+06|1.020020644e+09|1.233113669e+09|1.471237685e+09|3.000000|3.000000|3.000000
1.515622667e+06|1.005034075e+09|1.219194646e+09|1.458470068e+09|3.000000|3.000000|3.000000
1.518866197e+06|9.911067398e+08|1.206274697e+09|1.446627570e+09|3.000000|3.000000|3.000000
1.522095938e+06|9.772329163e+08|1.193418522e+09|1.434850228e+09|3.000000|3.000000|3.000000
1.525206137e+06|9.638699734e+08|1.181048632e+09|1.423523224e+09|3.000000|3.000000|3.000000
1.528508194e+06|9.496829158e+08|1.167929215e+09|1.411513532e+09|3.000000|3.000000|3.000000
1.531450519e+06|9.370441679e+08|1.156252761e+09|1.400826599e+09|3.000000|3.000000|3.000000
1.534698527e+06|9.230982804e+08|1.143380465e+09|1.389045736e+09|3.000000|3.000000|3.000000
1.538081722e+06|9.085818651e+08|1.129994191e+09|1.376793483e+09|3.000000|3.000000|3.000000
1.541762796e+06|8.928030175e+08|1.115457774e+09|1.363485347e+09|3.000000|3.000000|3.000000
1.545593874e+06|8.764035254e+08|1.100364337e+09|1.349661392e+09|3.000000|3.000000|3.000000
1.548795679e+06|8.627190745e+08|1.087780688e+09|1.338129739e+09|3.000000|3.000000|3.000000
1.552119359e+06|8.485379376e+08|1.074750341e+09|1.326180904e+09|3.000000|3.000000|3.000000
1.555966786e+06|8.321576136e+08|1.059711342e+09|1.312378061e+09|3.000000|3.000000|3.000000
1.559648915e+06|8.165216698e+08|1.045367171e+09|1.299198589e+09|3.000000|3.000000|3.000000
1.562731216e+06|8.034670978e+08|1.033399146e+09|1.288189914e+09|3.000000|3.000000|3.000000
1.565507000e+06|7.917400307e+08|1.022654021e+09|1.278295298e+09|3.000000|3.000000|3.000000
1.568742104e+06|7.781104661e+08|1.010172294e+09|1.266787321e+09|3.000000|3.000000|3.000000
1.571585110e+06|7.661692053e+08|9.992421607e+08|1.256696150e+09|3.000000|3.000000|3.000000
1.574405686e+06|7.543582080e+08|9.884359563e+08|1.246705665e+09|3.000000|3.000000|3.000000
1.577691619e+06|7.406469140e+08|9.758965486e+08|1.235094275e+09|3.000000|3.000000|3.000000
1.581169006e+06|7.261972652e+08|9.626876604e+08|1.222839618e+09|3.000000|3.000000|3.000000
1.584451472e+06|7.126185130e+08|9.502797297e+08|1.211304450e+09|3.000000|3.000000|3.000000
1.587548176e+06|6.998658085e+08|9.386303996e+08|1.200452120e+09|3.000000|3.000000|3.000000
1.590782947e+06|6.866076332e+08|9.265226989e+08|1.189148158e+09|3.000000|3.000000|3.000000
1.593761966e+06|6.744576925e+08|9.154296166e+08|1.178767989e+09|3.000000|3.000000|3.000000
1.597132493e+06|6.607838855e+08|9.029475707e+08|1.167059541e+09|3.000000|3.000000|3.000000
1.600861993e+06|6.457485523e+08|8.892247723e+08|1.154150019e+09|3.000000|3.000000|3.000000
1.604676879e+06|6.304773974e+08|8.752880651e+08|1.140996623e+09|3.000000|3.000000|3.000000
1.607718261e+06|6.183849287e+08|8.642525435e+08|1.130548903e+09|3.000000|3.000000|3.000000
1.610877393e+06|6.059049531e+08|8.528629962e+08|1.119734165e+09|3.000000|3.000000|3.000000
1.614042443e+06|5.934872111e+08|8.415292208e+08|1.108938539e+09|3.000000|3.000000|3.000000
1.616826389e+06|5.826380749e+08|8.316257592e+08|1.099476260e+09|3.000000|3.000000|3.000000
1.619950579e+06|5.705475875e+08|8.205870370e+08|1.088895762e+09|3.000000|3.000000|3.000000
1.623048376e+06|5.586504789e+08|8.097220345e+08|1.078445569e+09|3.000000|3.000000|3.000000
1.626379876e+06|5.459606114e+08|7.981291298e+08|1.067253637e+09|3.000000|3.000000|3.000000
1.629700841e+06|5.334224884e+08|7.866699810e+08|1.056146429e+09|3.000000|3.000000|3.000000
1.633583731e+06|5.189089772e+08|7.733980963e+08|1.043223958e+09|3.000000|3.000000|3.000000
1.636634153e+06|5.076210614e+08|7.630694086e+08|1.033121700e+09|3.000000|3.000000|3.000000
1.639752741e+06|4.961876757e+08|7.526009155e+08|1.022839990e+09|3.000000|3.000000|3.000000
1.642925810e+06|4.846682951e+08|7.420459085e+08|1.012427735e+09|3.000000|3.000000|3.000000
1.646111779e+06|4.732205077e+08|7.315477288e+08|1.002024000e+09|3.000000|3.000000|3.000000
1.649479457e+06|4.612521230e+08|7.205615612e+08|9.910834515e+08|3.000000|3.000000|3.000000
1.652096063e+06|4.520490275e+08|7.121055270e+08|9.826237914e+08|3.000000|3.000000|3.000000
1.654685746e+06|4.430250634e+08|7.038064178e+08|9.742869841e+08|3.000000|3.000000|3.000000
1.657602084e+06|4.329653406e+08|6.945449355e+08|9.649419233e+08|3.000000|3.000000|3.000000
1.660346470e+06|4.235997787e+08|6.859123431e+08|9.561904235e+08|3.000000|3.000000|3.000000
1.663316860e+06|4.135754436e+08|6.766605809e+08|9.467654666e+08|3.000000|3.000000|3.000000
1.666732058e+06|4.021973177e+08|6.661428622e+08|9.359908092e+08|3.000000|3.000000|3.000000
1.670125563e+06|3.910506762e+08|6.558202820e+08|9.253509953e+08|3.000000|3.000000|3.000000
1.673272826e+06|3.808574887e+08|6.463625904e+08|9.155433492e+08|3.000000|3.000000|3.000000
1.676297792e+06|3.711939219e+08|6.373787366e+08|9.061721351e+08|3.000000|3.000000|3.000000
1.679609490e+06|3.607670105e+08|6.276641401e+08|8.959756844e+08|3.000000|3.000000|3.000000
1.683303149e+06|3.493289866e+08|6.169796868e+08|8.846820435e+08|3.000000|3.000000|3.000000
1.687097002e+06|3.377946581e+08|6.061724850e+08|8.731698267e+08|3.000000|3.000000|3.000000
1.691423501e+06|3.249104705e+08|5.940567966e+08|8.601514832e+08|3.000000|3.000000|3.000000
1.695279605e+06|3.136734594e+08|5.834476800e+08|8.486488470e+08|3.000000|3.000000|3.000000
1.698609773e+06|3.041589158e+08|5.744302548e+08|8.387920646e+08|3.000000|3.000000|3.000000
1.701659488e+06|2.956020777e+08|5.662906021e+08|8.298286173e+08|3.000000|3.000000|3.000000
1.704426550e+06|2.879691860e+08|5.590037135e+08|8.217486693e+08|3.000000|3.000000|3.000000
1.706542011e+06|2.822185078e+08|5.534961154e+08|8.156055061e+08|3.000000|3.000000|3.000000
1.708479857e+06|2.770156318e+08|5.484992215e+08|8.100041795e+08|3.000000|3.000000|3.000000
1.710782299e+06|2.709151833e+08|5.426223203e+08|8.033815325e+08|3.000000|3.000000|3.000000
1.713215677e+06|2.645644718e+08|5.364823001e+08|7.964208509e+08|3.000000|3.000000|3.000000
1.715227732e+06|2.593888721e+08|5.314606255e+08|7.906954391e+08|3.000000|3.000000|3.000000
1.717498931e+06|2.536293557e+08|5.258523134e+08|7.842654612e+08|3.000000|3.000000|3.000000
1.719998370e+06|2.473930161e+08|5.197541364e+08|7.772297168e+08|3.000000|3.000000|3.000000
1.722792945e+06|2.405476217e+08|5.130273438e+08|7.694134866e+08|3.000000|3.000000|3.000000
1.725762592e+06|2.334217150e+08|5.059848863e+08|7.611660002e+08|3.000000|3.000000|3.000000
1.729112686e+06|2.255676115e+08|4.981707737e+08|7.519343686e+08|3.000000|3.000000|3.000000
1.732321732e+06|2.182290475e+08|4.908151234e+08|7.431636335e+08|3.000000|3.000000|3.000000
1.735461028e+06|2.112260921e+08|4.837414844e+08|7.346520354e+08|3.000000|3.000000|3.000000
1.738524513e+06|2.045610542e+08|4.769545869e+08|7.264113575e+08|3.000000|3.000000|3.000000
1.741999299e+06|1.972039806e+08|4.693942916e+08|7.171424686e+08|3.000000|3.000000|3.000000
1.745425146e+06|1.901624736e+08|4.620828626e+08|7.080854082e+08|3.000000|3.000000|3.000000
1.748971527e+06|1.830957526e+08|4.546618270e+08|6.987945512e+08|3.000000|3.000000|3.000000
1.752486181e+06|1.763162992e+08|4.474538738e+08|6.896717514e+08|3.000000|3.000000|3.000000
1.755804365e+06|1.701209833e+08|4.407813398e+08|6.811362184e+08|3.000000|3.000000|3.000000
1.759604863e+06|1.632703484e+08|4.332949241e+08|6.714517623e+08|3.000000|3.000000|3.000000
1.763653045e+06|1.562614456e+08|4.255009521e+08|6.612432016e+08|3.000000|3.000000|3.000000
1.767293226e+06|1.502127710e+08|4.186484795e+08|6.521570246e+08|3.000000|3.000000|3.000000
1.771056648e+06|1.442117422e+08|4.117161510e+08|6.428553989e+08|3.000000|3.000000|3.000000
1.775002586e+06|1.381947078e+08|4.046100060e+08|6.332021533e+08|3.000000|3.000000|3.000000
1.779343497e+06|1.318995372e+08|3.969794916e+08|6.226986557e+08|3.000000|3.000000|3.000000
1.783824081e+06|1.257562741e+08|3.893024033e+08|6.119824972e+08|3.000000|3.000000|3.000000
1.787972649e+06|1.203872705e+08|3.823679446e+08|6.021716652e+08|3.000000|3.000000|3.000000
1.792073665e+06|1.153790475e+08|3.756707251e+08|5.925761172e+08|3.000000|3.000000|3.000000
1.796000255e+06|1.108602486e+08|3.693991625e+08|5.834822327e+08|3.000000|3.000000|3.000000
1.800617494e+06|1.058889711e+08|3.621921252e+08|5.729026676e+08|3.000000|3.000000|3.000000
1.805292470e+06|1.012277659e+08|3.550689839e+08|5.623121217e+08|3.000000|3.000000|3.000000
1.809704487e+06|9.716715595e+07|3.484963031e+08|5.524250160e+08|3.000000|3.000000|3.000000
1.814128035e+06|9.342031294e+07|3.420414037e+08|5.426127054e+08|3.000000|3.000000|3.000000
1.818861800e+06|8.976363480e+07|3.352703930e+08|5.322185921e+08|3.000000|3.000000|3.000000
1.824193647e+06|8.607189817e+07|3.277945338e+08|5.206353282e+08|3.000000|3.000000|3.000000
1.829394460e+06|8.289480060e+07|3.206350420e+08|5.094546140e+08|3.000000|3.000000|3.000000
1.834819104e+06|8.001268429e+07|3.132823102e+08|4.979063642e+08|3.000000|3.000000|3.000000
1.840108841e+06|7.761135301e+07|3.061996705e+08|4.867461037e+08|3.000000|3.000000|3.000000
1.845673291e+06|7.550300187e+07|2.988124041e+08|4.751008356e+08|3.000000|3.000000|3.000000
1.850598990e+06|7.397759585e+07|2.923010843e+08|4.648618866e+08|3.000000|3.000000|3.000000
1.856026238e+06|7.264817928e+07|2.851269092e+08|4.536426967e+08|3.000000|3.000000|3.000000
1.861891292e+06|7.160052927e+07|2.773358345e+08|4.415749138e+08|3.000000|3.000000|3.000000
1.867304680e+06|7.096663820e+07|2.700712063e+08|4.304713257e+08|3.000000|3.000000|3.000000
1.873359586e+06|7.060416099e+07|2.618143248e+08|4.180700090e+08|3.000000|3.000000|3.000000
1.879418080e+06|7.057078093e+07|2.533599904e+08|4.056560366e+08|3.000000|3.000000|3.000000
1.886042803e+06|7.086297386e+07|2.438257222e+08|3.920439839e+08|3.000000|3.000000|3.000000
1.892518328e+06|7.142709867e+07|2.341381401e+08|3.786654024e+08|3.000000|3.000000|3.000000
1.899621692e+06|7.229423828e+07|2.229973615e+08|3.638621633e+08|3.000000|3.000000|3.000000
1.906528351e+06|7.331221958e+07|2.115470893e+08|3.492929080e+08|3.000000|3.000000|3.000000
1.913954535e+06|7.450791906e+07|1.984313559e+08|3.333755241e+08|3.000000|3.000000|3.000000
1.921291384e+06|7.569214318e+07|1.845201319e+08|3.173288698e+08|3.000000|3.000000|3.000000
1.928341699e+06|7.673258421e+07|1.701255512e+08|3.015445200e+08|3.000000|3.000000|3.000000
1.936603099e+06|7.769201812e+07|1.517952662e+08|2.825065050e+08|3.000000|3.000000|3.000000
1.945840378e+06|7.822917325e+07|1.291631126e+08|2.603974997e+08|3.000000|3.000000|3.000000
1.954051574e+06|7.803064928e+07|1.068895516e+08|2.398884020e+08|3.000000|3.000000|3.000000
