#RRR|P25fit|P50fit|P75fit|P25model|P50model|P75model
8.009729651e+04|7.970964937e+09|8.022441254e+09|8.071331642e+09|0.000000|0.000000|0.000000
1.218723072e+05|1.150422124e+10|7.974671945e+09|8.009401856e+09|2.000000|0.000000|0.000000
1.454307061e+05|1.129179497e+10|7.939280645e+09|7.969799901e+09|2.000000|0.000000|0.000000
1.620776143e+05|1.114168967e+10|7.910583188e+09|7.939353550e+09|2.000000|0.000000|0.000000
1.767336549e+05|1.100953604e+10|7.882784058e+09|7.910685215e+09|2.000000|0.000000|0.000000
1.891935905e+05|1.089718470e+10|7.857282141e+09|7.884846466e+09|2.000000|0.000000|0.000000
2.011746033e+05|1.078915182e+10|7.831139702e+09|7.858662993e+09|2.000000|0.000000|0.000000
2.132878318e+05|1.067992674e+10|7.803092304e+09|7.830799367e+09|2.000000|0.000000|0.000000
2.233712458e+05|1.058900452e+10|7.778504604e+09|7.806499734e+09|2.000000|0.000000|0.000000
2.337309472e+05|1.049559101e+10|7.752069304e+09|7.780456837e+09|2.000000|0.000000|0.000000
2.442459933e+05|1.040077676e+10|7.724020754e+09|7.752878032e+09|2.000000|0.000000|0.000000
2.535776967e+05|1.031663272e+10|7.698101961e+09|7.727414830e+09|2.000000|0.000000|0.000000
2.621214272e+05|1.023959384e+10|7.673525123e+09|7.703271701e+09|2.000000|0.000000|0.000000
2.714006003e+05|1.015592346e+10|7.645916051e+09|7.676137165e+09|2.000000|0.000000|0.000000
2.810013196e+05|1.006935370e+10|7.616345845e+09|7.647047270e+09|2.000000|0.000000|0.000000
2.887096275e+05|9.999847828e+09|7.591865187e+09|7.622935086e+09|2.000000|0.000000|0.000000
2.961114178e+05|9.933105828e+09|7.567738713e+09|7.599141575e+09|2.000000|0.000000|0.000000
3.050130677e+05|9.852839582e+09|7.537920172e+09|7.569689216e+09|2.000000|0.000000|0.000000
3.128266033e+05|9.782384871e+09|7.511024138e+09|7.543078120e+09|2.000000|0.000000|0.000000
3.206438673e+05|9.711896541e+09|7.483439810e+09|7.515740143e+09|2.000000|0.000000|0.000000
3.274083981e+05|9.650900715e+09|7.459025283e+09|7.491504725e+09|2.000000|0.000000|0.000000
3.339169633e+05|9.592212931e+09|7.435057664e+09|7.467677724e+09|2.000000|0.000000|0.000000
3.419297407e+05|9.519961656e+09|7.404908934e+09|7.437657445e+09|2.000000|0.000000|0.000000
3.492126933e+05|9.454291216e+09|7.376892195e+09|7.409713357e+09|2.000000|0.000000|0.000000
3.556597472e+05|9.396158081e+09|7.351603576e+09|7.384453401e+09|2.000000|0.000000|0.000000
3.616315802e+05|9.342310017e+09|7.327770925e+09|7.360617307e+09|2.000000|0.000000|0.000000
3.681279551e+05|9.283732154e+09|7.301399594e+09|7.334209679e+09|2.000000|0.000000|0.000000
3.750861472e+05|9.220990082e+09|7.272639343e+09|7.305373560e+09|2.000000|0.000000|0.000000
3.815702628e+05|9.162522761e+09|7.245360323e+09|7.277990382e+09|2.000000|0.000000|0.000000
3.873114485e+05|9.110754446e+09|7.220822114e+09|7.253334053e+09|2.000000|0.000000|0.000000
3.935818781e+05|9.054213933e+09|7.193609452e+09|7.225965971e+09|2.000000|0.000000|0.000000
3.992254645e+05|9.003325672e+09|7.168749385e+09|7.200943857e+09|2.000000|0.000000|0.000000
4.053013562e+05|8.948539308e+09|7.141595921e+09|7.173594238e+09|2.000000|0.000000|0.000000
4.112232240e+05|8.895141781e+09|7.114743002e+09|7.146530479e+09|2.000000|0.000000|0.000000
4.174905535e+05|8.838629222e+09|7.085907106e+09|7.117452799e+09|2.000000|0.000000|0.000000
4.226920183e+05|8.791727574e+09|7.061650412e+09|7.092982936e+09|2.000000|0.000000|0.000000
4.277107237e+05|8.746473869e+09|7.037967036e+09|7.069084961e+09|2.000000|0.000000|0.000000
4.333709010e+05|8.695436006e+09|7.010928172e+09|7.041795818e+09|2.000000|0.000000|0.000000
4.391875502e+05|8.642987236e+09|6.982779625e+09|7.013383746e+09|2.000000|0.000000|0.000000
4.449197838e+05|8.591299640e+09|6.954680871e+09|6.985022114e+09|2.000000|0.000000|0.000000
4.502398598e+05|8.543328474e+09|6.928284282e+09|6.958381606e+09|2.000000|0.000000|0.000000
4.550002799e+05|8.500403729e+09|6.904405190e+09|6.934286644e+09|2.000000|0.000000|0.000000
4.600383243e+05|8.454975644e+09|6.878867038e+09|6.908524920e+09|2.000000|0.000000|0.000000
4.650261111e+05|8.410000732e+09|6.853314074e+09|6.882758100e+09|2.000000|0.000000|0.000000
4.700247280e+05|8.364928165e+09|6.827436891e+09|6.856676760e+09|2.000000|0.000000|0.000000
4.754376859e+05|8.316119481e+09|6.799111738e+09|6.828145266e+09|2.000000|0.000000|0.000000
4.807305792e+05|8.268393421e+09|6.771110674e+09|6.799960756e+09|2.000000|0.000000|0.000000
4.856326185e+05|8.224191695e+09|6.744909463e+09|6.773609002e+09|2.000000|0.000000|0.000000
4.904587102e+05|8.180674789e+09|6.718862896e+09|6.747435423e+09|2.000000|0.000000|0.000000
4.948997203e+05|8.140630167e+09|6.694674652e+09|6.723151469e+09|2.000000|0.000000|0.000000
4.993772931e+05|8.100255858e+09|6.670074118e+09|6.698477498e+09|2.000000|0.000000|0.000000
5.042584632e+05|8.056242309e+09|6.643012670e+09|6.671365365e+09|2.000000|0.000000|0.000000
5.092987357e+05|8.010794133e+09|6.614803020e+09|6.643139059e+09|2.000000|0.000000|0.000000
5.147415182e+05|7.961716521e+09|6.584037429e+09|6.612400638e+09|2.000000|0.000000|0.000000
5.187544695e+05|7.925531708e+09|6.561152738e+09|6.589568886e+09|2.000000|0.000000|0.000000
5.229426784e+05|7.887766597e+09|6.537086675e+09|6.565590383e+09|2.000000|0.000000|0.000000
5.272294506e+05|7.849112738e+09|6.512262095e+09|6.540892110e+09|2.000000|0.000000|0.000000
5.319746854e+05|7.806324920e+09|6.484556231e+09|6.513372554e+09|2.000000|0.000000|0.000000
5.366738818e+05|7.763952229e+09|6.456885166e+09|6.485937687e+09|2.000000|0.000000|0.000000
5.412355323e+05|7.722819791e+09|6.429801672e+09|6.459136220e+09|2.000000|0.000000|0.000000
5.454292601e+05|7.685004915e+09|6.404709656e+09|6.434352357e+09|2.000000|0.000000|0.000000
5.500998036e+05|7.642890589e+09|6.376547539e+09|6.406592026e+09|2.000000|0.000000|0.000000
5.544041774e+05|7.604078017e+09|6.350390985e+09|6.380863704e+09|2.000000|0.000000|0.000000
5.584164460e+05|7.567899360e+09|6.325834993e+09|6.356759782e+09|2.000000|0.000000|0.000000
5.623330880e+05|7.532582968e+09|6.301702127e+09|6.333119995e+09|2.000000|0.000000|0.000000
5.666215216e+05|7.493914130e+09|6.275095015e+09|6.307114383e+09|2.000000|0.000000|0.000000
5.710566628e+05|7.453922426e+09|6.247376343e+09|6.280088957e+09|2.000000|0.000000|0.000000
5.751842512e+05|7.416703930e+09|6.221396218e+09|6.254822253e+09|2.000000|0.000000|0.000000
5.796086672e+05|7.376808937e+09|6.193351582e+09|6.227618982e+09|2.000000|0.000000|0.000000
5.839033253e+05|7.338083972e+09|6.165935615e+09|6.201099114e+09|2.000000|0.000000|0.000000
5.878628403e+05|7.302380994e+09|6.140490252e+09|6.176552362e+09|2.000000|0.000000|0.000000
5.913591531e+05|7.270854714e+09|6.117887146e+09|6.154802878e+09|2.000000|0.000000|0.000000
5.954031750e+05|7.234389738e+09|6.091586167e+09|6.129562328e+09|2.000000|0.000000|0.000000
5.992176138e+05|7.199994914e+09|6.066624222e+09|6.105675161e+09|2.000000|0.000000|0.000000
6.033990700e+05|7.162290691e+09|6.039088920e+09|6.079404454e+09|2.000000|0.000000|0.000000
6.078846592e+05|7.121844099e+09|6.009351750e+09|6.051128310e+09|2.000000|0.000000|0.000000
6.118618863e+05|7.085981410e+09|5.982812700e+09|6.025978693e+09|2.000000|0.000000|0.000000
6.156825584e+05|7.051530381e+09|5.957166290e+09|6.001753326e+09|2.000000|0.000000|0.000000
6.190766246e+05|7.020926060e+09|5.934258770e+09|5.980181472e+09|2.000000|0.000000|0.000000
6.229957479e+05|6.985587295e+09|5.907661767e+09|5.955215339e+09|2.000000|0.000000|0.000000
6.269874875e+05|6.949593748e+09|5.880411697e+09|5.929727115e+09|2.000000|0.000000|0.000000
6.306084996e+05|6.916943054e+09|5.855552806e+09|5.906557257e+09|2.000000|0.000000|0.000000
6.347718822e+05|6.879401801e+09|5.826806594e+09|5.879863324e+09|2.000000|0.000000|0.000000
6.382400644e+05|6.848129175e+09|5.802726855e+09|5.857585972e+09|2.000000|0.000000|0.000000
6.422367470e+05|6.812091057e+09|5.774827458e+09|5.831871477e+09|2.000000|0.000000|0.000000
6.459021541e+05|6.779040053e+09|5.749099400e+09|5.808251722e+09|2.000000|0.000000|0.000000
6.496756849e+05|6.745014097e+09|5.722471578e+09|5.783901936e+09|2.000000|0.000000|0.000000
6.536558037e+05|6.709125334e+09|5.694231458e+09|5.758186236e+09|2.000000|0.000000|0.000000
6.571173762e+05|6.677912308e+09|5.669541857e+09|5.735796576e+09|2.000000|0.000000|0.000000
6.605476765e+05|6.646981263e+09|5.644957399e+09|5.713589679e+09|2.000000|0.000000|0.000000
6.637570610e+05|6.618042219e+09|5.621850131e+09|5.692797724e+09|2.000000|0.000000|0.000000
6.676810727e+05|6.582659375e+09|5.593458534e+09|5.667359381e+09|2.000000|0.000000|0.000000
6.715948517e+05|6.547368799e+09|5.564988870e+09|5.641972907e+09|2.000000|0.000000|0.000000
6.750651809e+05|6.516076814e+09|5.539618159e+09|5.619454062e+09|2.000000|0.000000|0.000000
6.791879139e+05|6.478902099e+09|5.509323324e+09|5.592695221e+09|2.000000|0.000000|0.000000
6.827641135e+05|6.446655479e+09|5.482908896e+09|5.569481497e+09|2.000000|0.000000|0.000000
6.859479642e+05|6.417946674e+09|5.459286605e+09|5.548815630e+09|2.000000|0.000000|0.000000
6.893857586e+05|6.386948055e+09|5.433668501e+09|5.526505336e+09|2.000000|0.000000|0.000000
6.925554294e+05|6.358367108e+09|5.409945856e+09|5.505941127e+09|2.000000|0.000000|0.000000
6.961696847e+05|6.325777340e+09|5.382775987e+09|5.482502659e+09|2.000000|0.000000|0.000000
6.999320099e+05|6.291852425e+09|5.354357655e+09|5.458119010e+09|2.000000|0.000000|0.000000
7.036884893e+05|6.257980221e+09|5.325846032e+09|5.433792468e+09|2.000000|0.000000|0.000000
7.071040486e+05|6.227182097e+09|5.299803043e+09|5.411693716e+09|2.000000|0.000000|0.000000
7.103455990e+05|6.197953011e+09|5.274982285e+09|5.390741298e+09|2.000000|0.000000|0.000000
7.137649275e+05|6.167120900e+09|5.248690148e+09|5.368664338e+09|2.000000|0.000000|0.000000
7.171540101e+05|6.136561516e+09|5.222519251e+09|5.346810540e+09|2.000000|0.000000|0.000000
7.206777846e+05|6.104787614e+09|5.195190976e+09|5.324120920e+09|2.000000|0.000000|0.000000
7.241867754e+05|6.073147016e+09|5.167858813e+09|5.301563013e+09|2.000000|0.000000|0.000000
7.273659138e+05|6.044480701e+09|5.142994020e+09|5.281159945e+09|2.000000|0.000000|0.000000
7.308644761e+05|6.012934137e+09|5.115519210e+09|5.258747807e+09|2.000000|0.000000|0.000000
7.341024189e+05|5.983737583e+09|5.089987003e+09|5.238046361e+09|2.000000|0.000000|0.000000
7.371249419e+05|5.956483469e+09|5.066063349e+09|5.218760381e+09|2.000000|0.000000|0.000000
7.405349542e+05|5.925735362e+09|5.038968447e+09|5.197049126e+09|2.000000|0.000000|0.000000
7.440390389e+05|5.894139003e+09|5.011011221e+09|5.174794391e+09|2.000000|0.000000|0.000000
7.477520791e+05|5.860658491e+09|4.981260120e+09|5.151277898e+09|2.000000|0.000000|0.000000
7.505796547e+05|5.835162220e+09|4.958516631e+09|5.133417195e+09|2.000000|0.000000|0.000000
7.537693016e+05|5.806401149e+09|4.932784606e+09|5.113312615e+09|2.000000|1.000000|1.000000
7.568193898e+05|5.778898480e+09|4.908032898e+09|5.094177599e+09|2.000000|1.000000|1.000000
7.598116300e+05|5.751917427e+09|4.883750632e+09|5.075405498e+09|2.000000|1.000000|1.000000
7.633839898e+05|5.719705431e+09|4.854760650e+09|5.051002730e+09|2.000000|1.000000|2.000000
7.666278605e+05|5.690455424e+09|4.828436382e+09|5.037612348e+09|2.000000|1.000000|2.000000
7.703386667e+05|5.656995056e+09|4.798322895e+09|5.022294501e+09|2.000000|1.000000|2.000000
7.742526906e+05|5.621702272e+09|4.766560281e+09|5.006137792e+09|2.000000|1.000000|2.000000
7.775693869e+05|5.591795596e+09|4.739645028e+09|4.992446793e+09|2.000000|1.000000|2.000000
7.804681846e+05|5.565657114e+09|4.716121055e+09|4.980480838e+09|2.000000|1.000000|2.000000
7.831667216e+05|5.541324385e+09|4.694222213e+09|4.969341541e+09|2.000000|1.000000|2.000000
7.858745056e+05|5.516908276e+09|4.672248331e+09|4.958164072e+09|2.000000|1.000000|2.000000
7.888378603e+05|5.490187684e+09|4.648200473e+09|4.945931632e+09|2.000000|1.000000|2.000000
7.916892111e+05|5.464477032e+09|4.625061536e+09|4.934161534e+09|2.000000|1.000000|2.000000
7.950666609e+05|5.434022540e+09|4.597653263e+09|4.920219750e+09|2.000000|1.000000|2.000000
7.981943974e+05|5.405819717e+09|4.572271434e+09|4.907308759e+09|2.000000|1.000000|2.000000
8.015229343e+05|5.375806274e+09|4.545260093e+09|4.893568883e+09|2.000000|1.000000|2.000000
8.050859713e+05|5.343678342e+09|4.516345766e+09|4.878861013e+09|2.000000|1.000000|2.000000
8.085318288e+05|5.312607018e+09|4.488382359e+09|4.864636849e+09|2.000000|1.000000|2.000000
8.117384530e+05|5.283692862e+09|4.462360349e+09|4.851400217e+09|2.000000|1.000000|2.000000
8.146678264e+05|5.257278680e+09|4.438588253e+09|4.839308049e+09|2.000000|1.000000|2.000000
8.175546433e+05|5.231248230e+09|4.415161504e+09|4.827391550e+09|2.000000|1.000000|2.000000
8.206266811e+05|5.203547641e+09|4.390231674e+09|4.814710477e+09|2.000000|1.000000|2.000000
8.234356813e+05|5.178218865e+09|4.367436415e+09|4.803115198e+09|2.000000|1.000000|2.000000
8.260980623e+05|5.154212154e+09|4.345830982e+09|4.792125148e+09|2.000000|1.000000|2.000000
8.290962255e+05|5.127177693e+09|4.321500650e+09|4.779749023e+09|2.000000|1.000000|2.000000
8.324219219e+05|5.097189863e+09|4.294512361e+09|4.766020872e+09|2.000000|1.000000|2.000000
8.359541498e+05|5.065339737e+09|4.265848051e+09|4.751440179e+09|2.000000|1.000000|2.000000
8.393647491e+05|5.034586337e+09|4.238170768e+09|4.737361558e+09|2.000000|1.000000|2.000000
8.423020953e+05|5.008100263e+09|4.214333970e+09|4.725236479e+09|2.000000|1.000000|2.000000
8.451542095e+05|4.982382728e+09|4.191188838e+09|4.713463229e+09|2.000000|1.000000|2.000000
8.479588845e+05|4.957092951e+09|4.168428678e+09|4.701885804e+09|2.000000|1.000000|2.000000
8.507676227e+05|4.931766537e+09|4.145635545e+09|4.690291606e+09|2.000000|1.000000|2.000000
8.534695661e+05|4.907403093e+09|4.123709060e+09|4.679138247e+09|2.000000|1.000000|2.000000
8.564264633e+05|4.880740728e+09|4.099713605e+09|4.666932464e+09|2.000000|1.000000|2.000000
8.595990229e+05|4.852133733e+09|4.073968032e+09|4.653836446e+09|2.000000|1.000000|2.000000
8.628278561e+05|4.823019319e+09|4.047765795e+09|4.640508138e+09|2.000000|1.000000|2.000000
8.657239718e+05|4.796905022e+09|4.024263587e+09|4.628553254e+09|2.000000|1.000000|2.000000
8.687877536e+05|4.769278877e+09|3.999400755e+09|4.615906261e+09|2.000000|1.000000|2.000000
8.719674221e+05|4.740607782e+09|3.973597493e+09|4.602780900e+09|2.000000|1.000000|2.000000
8.749653940e+05|4.713575046e+09|3.949268714e+09|4.590405564e+09|2.000000|1.000000|2.000000
8.779183483e+05|4.686948234e+09|3.915266061e+09|4.578216056e+09|2.000000|3.000000|2.000000
8.804327101e+05|4.664276215e+09|3.936272918e+09|4.567837015e+09|2.000000|3.000000|2.000000
8.826424022e+05|4.644351404e+09|3.953639077e+09|4.558715622e+09|2.000000|3.000000|2.000000
8.846617398e+05|4.626143022e+09|3.968629919e+09|4.550379993e+09|2.000000|3.000000|2.000000
8.870657652e+05|4.604465906e+09|3.985401891e+09|4.540456410e+09|2.000000|3.000000|2.000000
8.893609708e+05|4.583770019e+09|4.000345265e+09|4.530982025e+09|2.000000|3.000000|2.000000
8.913727311e+05|4.565629961e+09|4.012600477e+09|4.522677674e+09|2.000000|3.000000|2.000000
8.941484228e+05|4.540601528e+09|4.028243095e+09|4.511219890e+09|2.000000|3.000000|2.000000
8.980713118e+05|4.505228807e+09|4.047909552e+09|4.495026586e+09|2.000000|3.000000|2.000000
9.061154981e+05|4.432694316e+09|4.079675384e+09|4.461820968e+09|2.000000|3.000000|2.000000
9.178763309e+05|4.326646797e+09|4.106839919e+09|4.413273396e+09|2.000000|3.000000|2.000000
9.246991994e+05|4.265124939e+09|4.112950024e+09|4.385109260e+09|2.000000|3.000000|2.000000
9.302897677e+05|4.214714741e+09|4.113078224e+09|4.362031939e+09|2.000000|3.000000|2.000000
9.344757094e+05|4.176970072e+09|4.110454580e+09|4.344752779e+09|2.000000|3.000000|2.000000
9.385668611e+05|4.140080126e+09|4.105745587e+09|4.327864904e+09|2.000000|3.000000|2.000000
9.428569849e+05|4.101396046e+09|4.098629342e+09|4.310155690e+09|2.000000|3.000000|2.000000
9.459659419e+05|4.073362557e+09|4.092135577e+09|4.297322219e+09|2.000000|3.000000|2.000000
9.490364393e+05|4.045675858e+09|4.084661313e+09|4.284647504e+09|2.000000|3.000000|2.000000
9.541878561e+05|3.999225492e+09|4.069852359e+09|4.263382957e+09|2.000000|3.000000|2.000000
9.616070692e+05|3.932326391e+09|4.043819371e+09|4.232757169e+09|2.000000|3.000000|2.000000
9.689280353e+05|3.866313183e+09|4.013103266e+09|4.202536934e+09|2.000000|3.000000|2.000000
9.748794267e+05|3.812649441e+09|3.984757768e+09|4.177970170e+09|2.000000|3.000000|2.000000
9.788995823e+05|3.776399666e+09|3.964021709e+09|4.161375359e+09|2.000000|3.000000|2.000000
9.818884643e+05|3.749448894e+09|3.947821952e+09|4.149037546e+09|2.000000|3.000000|2.000000
9.846780339e+05|3.724295324e+09|3.932126759e+09|4.137522474e+09|2.000000|3.000000|2.000000
9.879036904e+05|3.695209554e+09|3.913314009e+09|4.124207278e+09|2.000000|3.000000|2.000000
9.915820968e+05|3.662041335e+09|3.891031749e+09|4.109023175e+09|2.000000|3.000000|2.000000
9.945493318e+05|3.635285754e+09|3.872444830e+09|4.096774718e+09|2.000000|3.000000|2.000000
9.970243216e+05|3.612572256e+09|3.856542075e+09|4.086558201e+09|3.000000|3.000000|2.000000
9.999487755e+05|3.585975485e+09|3.837303474e+09|4.074486340e+09|3.000000|3.000000|2.000000
1.003050627e+06|3.557740320e+09|3.816391526e+09|4.061682201e+09|3.000000|3.000000|2.000000
1.006683911e+06|3.524650808e+09|3.791268684e+09|4.038920421e+09|3.000000|3.000000|3.000000
1.010393064e+06|3.490870107e+09|3.764963057e+09|4.018969731e+09|3.000000|3.000000|3.000000
1.014608205e+06|3.452505256e+09|3.734315718e+09|3.995149690e+09|3.000000|3.000000|3.000000
1.018803633e+06|3.414371226e+09|3.703074191e+09|3.970294574e+09|3.000000|3.000000|3.000000
1.022672604e+06|3.379272351e+09|3.673662144e+09|3.946417421e+09|3.000000|3.000000|3.000000
1.025922413e+06|3.349855462e+09|3.648544588e+09|3.925690896e+09|3.000000|3.000000|3.000000
1.029699749e+06|3.315753697e+09|3.618912719e+09|3.900872027e+09|3.000000|3.000000|3.000000
1.033274695e+06|3.283582986e+09|3.590469546e+09|3.876701132e+09|3.000000|3.000000|3.000000
1.036427653e+06|3.255304717e+09|3.565088117e+09|3.854863516e+09|3.000000|3.000000|3.000000
1.039580568e+06|3.227125385e+09|3.539452493e+09|3.832565167e+09|3.000000|3.000000|3.000000
1.042972069e+06|3.196933694e+09|3.511616892e+09|3.808092822e+09|3.000000|3.000000|3.000000
1.047095258e+06|3.160410734e+09|3.477448890e+09|3.777703477e+09|3.000000|3.000000|3.000000
1.051241137e+06|3.123905629e+09|3.442773105e+09|3.746491275e+09|3.000000|3.000000|3.000000
1.055091682e+06|3.090212746e+09|3.410318360e+09|3.716958579e+09|3.000000|3.000000|3.000000
1.059382172e+06|3.052927107e+09|3.373915166e+09|3.683484731e+09|3.000000|3.000000|3.000000
1.064157844e+06|3.011763902e+09|3.333150504e+09|3.645586117e+09|3.000000|3.000000|3.000000
1.068057873e+06|2.978428079e+09|3.299708901e+09|3.614184740e+09|3.000000|3.000000|3.000000
1.072554987e+06|2.940317130e+09|3.261022129e+09|3.577524438e+09|3.000000|3.000000|3.000000
1.077858511e+06|2.895845928e+09|3.215285319e+09|3.533741567e+09|3.000000|3.000000|3.000000
1.083284373e+06|2.850904231e+09|3.168437929e+09|3.488421034e+09|3.000000|3.000000|3.000000
1.088734035e+06|2.806355358e+09|3.121401193e+09|3.442454493e+09|3.000000|3.000000|3.000000
1.093695117e+06|2.766333613e+09|3.078654185e+09|3.400292659e+09|3.000000|3.000000|3.000000
1.097954462e+06|2.732390461e+09|3.042048067e+09|3.363903417e+09|3.000000|3.000000|3.000000
1.102403474e+06|2.697357884e+09|3.003939047e+09|3.325748699e+09|3.000000|3.000000|3.000000
1.106940333e+06|2.662086961e+09|2.965244247e+09|3.286730431e+09|3.000000|3.000000|3.000000
1.111359394e+06|2.628180153e+09|2.927746603e+09|3.248658310e+09|3.000000|3.000000|3.000000
1.115191052e+06|2.599144049e+09|2.895409163e+09|3.215622646e+09|3.000000|3.000000|3.000000
1.118608754e+06|2.573533370e+09|2.866718104e+09|3.186157024e+09|3.000000|3.000000|3.000000
1.122792818e+06|2.542554124e+09|2.831807553e+09|3.150109719e+09|3.000000|3.000000|3.000000
1.126905089e+06|2.512511489e+09|2.797744154e+09|3.114733785e+09|3.000000|3.000000|3.000000
1.131511116e+06|2.479342368e+09|2.759905527e+09|3.075204084e+09|3.000000|3.000000|3.000000
1.136183758e+06|2.446216077e+09|2.721883229e+09|3.035237630e+09|3.000000|3.000000|3.000000
1.141363039e+06|2.410116273e+09|2.680194183e+09|2.991137073e+09|3.000000|3.000000|3.000000
1.145365634e+06|2.382664800e+09|2.648322726e+09|2.957225764e+09|3.000000|3.000000|3.000000
1.149716049e+06|2.353270285e+09|2.614039897e+09|2.920559795e+09|3.000000|3.000000|3.000000
1.153547219e+06|2.327765805e+09|2.584169228e+09|2.888453540e+09|3.000000|3.000000|3.000000
1.157888243e+06|2.299298530e+09|2.550698003e+09|2.852301587e+09|3.000000|3.000000|3.000000
1.161490610e+06|2.276022259e+09|2.523232764e+09|2.822498177e+09|3.000000|3.000000|3.000000
1.165128734e+06|2.252833332e+09|2.495787781e+09|2.792592181e+09|3.000000|3.000000|3.000000
1.168995864e+06|2.228534020e+09|2.466944621e+09|2.761028482e+09|3.000000|3.000000|3.000000
1.173503908e+06|2.200659152e+09|2.433758045e+09|2.724541600e+09|3.000000|3.000000|3.000000
1.177905654e+06|2.173907203e+09|2.401816005e+09|2.689251075e+09|3.000000|3.000000|3.000000
1.182220383e+06|2.148126588e+09|2.370955531e+09|2.654995226e+09|3.000000|3.000000|3.000000
1.186677175e+06|2.121952283e+09|2.339552985e+09|2.619975884e+09|3.000000|3.000000|3.000000
1.191152071e+06|2.096131495e+09|2.308512705e+09|2.585200085e+09|3.000000|3.000000|3.000000
1.195821147e+06|2.069674793e+09|2.276653149e+09|2.549340505e+09|3.000000|3.000000|3.000000
1.199749306e+06|2.047794162e+09|2.250269130e+09|2.519516746e+09|3.000000|3.000000|3.000000
1.203525241e+06|2.027082022e+09|2.225270551e+09|2.491152850e+09|3.000000|3.000000|3.000000
1.207760552e+06|2.004218167e+09|2.197654828e+09|2.459699570e+09|3.000000|3.000000|3.000000
1.212133362e+06|1.981013355e+09|2.169613193e+09|2.427632745e+09|3.000000|3.000000|3.000000
1.216295420e+06|1.959298400e+09|2.143366466e+09|2.397501704e+09|3.000000|3.000000|3.000000
1.220216548e+06|1.939165291e+09|2.119033428e+09|2.369467271e+09|3.000000|3.000000|3.000000
1.224599728e+06|1.917024857e+09|2.092283710e+09|2.338538030e+09|3.000000|3.000000|3.000000
1.228690031e+06|1.896703610e+09|2.067747674e+09|2.310067543e+09|3.000000|3.000000|3.000000
1.232620397e+06|1.877478618e+09|2.044555657e+09|2.283068980e+09|3.000000|3.000000|3.000000
1.236617821e+06|1.858221425e+09|2.021351004e+09|2.255971704e+09|3.000000|3.000000|3.000000
1.240440415e+06|1.840078402e+09|1.999518747e+09|2.230401625e+09|3.000000|3.000000|3.000000
1.244190249e+06|1.822532234e+09|1.978437687e+09|2.205643341e+09|3.000000|3.000000|3.000000
1.248194399e+06|1.804063461e+09|1.956289094e+09|2.179561031e+09|3.000000|3.000000|3.000000
1.252230229e+06|1.785719699e+09|1.934338220e+09|2.153642524e+09|3.000000|3.000000|3.000000
1.255924807e+06|1.769158225e+09|1.914566427e+09|2.130240107e+09|3.000000|3.000000|3.000000
1.260230106e+06|1.750128558e+09|1.891908842e+09|2.103358410e+09|3.000000|3.000000|3.000000
1.264682573e+06|1.730742273e+09|1.868901097e+09|2.075995223e+09|3.000000|3.000000|3.000000
1.268508750e+06|1.714312271e+09|1.849466752e+09|2.052833129e+09|3.000000|3.000000|3.000000
1.272494039e+06|1.697415379e+09|1.829547851e+09|2.029050397e+09|3.000000|3.000000|3.000000
1.276701026e+06|1.679808068e+09|1.808870425e+09|2.004319555e+09|3.000000|3.000000|3.000000
1.280477419e+06|1.664194886e+09|1.790607199e+09|1.982443699e+09|3.000000|3.000000|3.000000
1.284279135e+06|1.648652114e+09|1.772498358e+09|1.960726185e+09|3.000000|3.000000|3.000000
1.287915682e+06|1.633941474e+09|1.755429029e+09|1.940234402e+09|3.000000|3.000000|3.000000
1.291706637e+06|1.618761593e+09|1.737890339e+09|1.919161604e+09|3.000000|3.000000|3.000000
1.295496736e+06|1.603735577e+09|1.720608163e+09|1.898383463e+09|3.000000|3.000000|3.000000
1.299565577e+06|1.587762469e+09|1.702326459e+09|1.876393608e+09|3.000000|3.000000|3.000000
1.303782759e+06|1.571368952e+09|1.683663804e+09|1.853940387e+09|3.000000|3.000000|3.000000
1.307686387e+06|1.556331384e+09|1.666637393e+09|1.833456389e+09|3.000000|3.000000|3.000000
1.311967060e+06|1.539981757e+09|1.648229275e+09|1.811316774e+09|3.000000|3.000000|3.000000
1.315713186e+06|1.525785132e+09|1.632335411e+09|1.792211737e+09|3.000000|3.000000|3.000000
1.319365504e+06|1.512036034e+09|1.617024278e+09|1.773821067e+09|3.000000|3.000000|3.000000
1.323544463e+06|1.496406217e+09|1.599718166e+09|1.753056144e+09|3.000000|3.000000|3.000000
1.327230419e+06|1.482702026e+09|1.584632450e+09|1.734979357e+09|3.000000|3.000000|3.000000
1.330569343e+06|1.470347583e+09|1.571103927e+09|1.718791415e+09|3.000000|3.000000|3.000000
1.334356938e+06|1.456394148e+09|1.555906321e+09|1.700636461e+09|3.000000|3.000000|3.000000
1.338478006e+06|1.441276901e+09|1.539539383e+09|1.681125774e+09|3.000000|3.000000|3.000000
1.342370496e+06|1.427050963e+09|1.524230625e+09|1.662920539e+09|3.000000|3.000000|3.000000
1.345960660e+06|1.413967794e+09|1.510230952e+09|1.646313821e+09|3.000000|3.000000|3.000000
1.350166184e+06|1.398679058e+09|1.493966604e+09|1.627076187e+09|3.000000|3.000000|3.000000
1.354209007e+06|1.384009898e+09|1.478456668e+09|1.608791850e+09|3.000000|3.000000|3.000000
1.357963829e+06|1.370402104e+09|1.464150845e+09|1.591984435e+09|3.000000|3.000000|3.000000
1.361475515e+06|1.357683003e+09|1.450849066e+09|1.576409723e+09|3.000000|3.000000|3.000000
1.365167687e+06|1.344311394e+09|1.436935785e+09|1.560177270e+09|3.000000|3.000000|3.000000
1.368936237e+06|1.330657494e+09|1.422801641e+09|1.543751626e+09|3.000000|3.000000|3.000000
1.372759099e+06|1.316793720e+09|1.408523066e+09|1.527227604e+09|3.000000|3.000000|3.000000
1.376409001e+06|1.303538251e+09|1.394937058e+09|1.511572887e+09|3.000000|3.000000|3.000000
1.379952109e+06|1.290646979e+09|1.381783749e+09|1.496482275e+09|3.000000|3.000000|3.000000
1.383156539e+06|1.278963244e+09|1.369910992e+09|1.482917982e+09|3.000000|3.000000|3.000000
1.386952509e+06|1.265086647e+09|1.355866954e+09|1.466945078e+09|3.000000|3.000000|3.000000
1.390552107e+06|1.251886263e+09|1.342561815e+09|1.451886298e+09|3.000000|3.000000|3.000000
1.394388652e+06|1.237766193e+09|1.328385039e+09|1.435921612e+09|3.000000|3.000000|3.000000
1.398248524e+06|1.223501209e+09|1.314117067e+09|1.419939586e+09|3.000000|3.000000|3.000000
1.402061199e+06|1.209346482e+09|1.300009411e+09|1.404222349e+09|3.000000|3.000000|3.000000
1.405038554e+06|1.198244870e+09|1.288977040e+09|1.391990729e+09|3.000000|3.000000|3.000000
1.408724532e+06|1.184438386e+09|1.275293213e+09|1.376892195e+09|3.000000|3.000000|3.000000
1.412852577e+06|1.168888283e+09|1.259925529e+09|1.360031728e+09|3.000000|3.000000|3.000000
1.416483031e+06|1.155131046e+09|1.246364826e+09|1.345237766e+09|3.000000|3.000000|3.000000
1.420609697e+06|1.139395354e+09|1.230889702e+09|1.328450652e+09|3.000000|3.000000|3.000000
1.423821107e+06|1.127073975e+09|1.218795821e+09|1.315401378e+09|3.000000|3.000000|3.000000
1.427062570e+06|1.114567262e+09|1.206538403e+09|1.302237327e+09|3.000000|3.000000|3.000000
1.430546751e+06|1.101042825e+09|1.193301553e+09|1.288089959e+09|3.000000|3.000000|3.000000
1.433932276e+06|1.087818088e+09|1.180373297e+09|1.274339748e+09|3.000000|3.000000|3.000000
1.437395075e+06|1.074204089e+09|1.167077367e+09|1.260266260e+09|3.000000|3.000000|3.000000
1.440823504e+06|1.060635825e+09|1.153836248e+09|1.246317283e+09|3.000000|3.000000|3.000000
1.444575479e+06|1.045682713e+09|1.139252113e+09|1.231027942e+09|3.000000|3.000000|3.000000
1.448109813e+06|1.031495080e+09|1.125419650e+09|1.216596281e+09|3.000000|3.000000|3.000000
1.451480460e+06|1.017870769e+09|1.112138339e+09|1.202801109e+09|3.000000|3.000000|3.000000
1.455307033e+06|1.002290944e+09|1.096949907e+09|1.187095829e+09|3.000000|3.000000|3.000000
1.458952575e+06|9.873353962e+08|1.082366152e+09|1.172083737e+09|3.000000|3.000000|3.000000
1.462221154e+06|9.738318399e+08|1.069192546e+09|1.158577704e+09|3.000000|3.000000|3.000000
1.465840431e+06|9.587745487e+08|1.054494172e+09|1.143566414e+09|3.000000|3.000000|3.000000
1.469572664e+06|9.431314392e+08|1.039211140e+09|1.128019353e+09|3.000000|3.000000|3.000000
1.473610545e+06|9.260745995e+08|1.022528786e+09|1.111115717e+09|3.000000|3.000000|3.000000
1.477020134e+06|9.115646657e+08|1.008320035e+09|1.096769938e+09|3.000000|3.000000|3.000000
1.480585262e+06|8.962884571e+08|9.933413309e+08|1.081694433e+09|3.000000|3.000000|3.000000
1.484261181e+06|8.804267232e+08|9.777649479e+08|1.066065469e+09|3.000000|3.000000|3.000000
1.487474728e+06|8.664690110e+08|9.640366761e+08|1.052328358e+09|3.000000|3.000000|3.000000
1.490485895e+06|8.533141912e+08|9.510781474e+08|1.039391172e+09|3.000000|3.000000|3.000000
1.493650447e+06|8.394111451e+08|9.373601870e+08|1.025724672e+09|3.000000|3.000000|3.000000
1.496892358e+06|8.250867364e+08|9.232010651e+08|1.011647059e+09|3.000000|3.000000|3.000000
1.500458439e+06|8.092369074e+08|9.075024428e+08|9.960690991e+08|3.000000|3.000000|3.000000
1.503838424e+06|7.941266584e+08|8.925038054e+08|9.812120913e+08|3.000000|3.000000|3.000000
1.506782377e+06|7.808984033e+08|8.793460357e+08|9.681971296e+08|3.000000|3.000000|3.000000
1.509916172e+06|7.667505750e+08|8.652443776e+08|9.542651874e+08|3.000000|3.000000|3.000000
1.513474447e+06|7.506064357e+08|8.491146948e+08|9.383474389e+08|3.000000|3.000000|3.000000
1.517145250e+06|7.338668817e+08|8.323455443e+08|9.218147632e+08|3.000000|3.000000|3.000000
1.520898900e+06|7.166655459e+08|8.150648271e+08|9.047904519e+08|3.000000|3.000000|3.000000
1.524947815e+06|6.980226090e+08|7.962778755e+08|8.862915360e+08|3.000000|3.000000|3.000000
1.529131933e+06|6.786688745e+08|7.767086857e+08|8.670264910e+08|3.000000|3.000000|3.000000
1.533053217e+06|6.604578406e+08|7.582316032e+08|8.488346106e+08|3.000000|3.000000|3.000000
1.536652186e+06|6.436889094e+08|7.411618157e+08|8.320217751e+08|3.000000|3.000000|3.000000
1.540456804e+06|6.259128083e+08|7.230067076e+08|8.141281479e+08|3.000000|3.000000|3.000000
1.543377107e+06|6.122397222e+08|7.089990171e+08|8.003107098e+08|3.000000|3.000000|3.000000
1.546165120e+06|5.991670402e+08|6.955706412e+08|7.870529104e+08|3.000000|3.000000|3.000000
1.549312934e+06|5.843899102e+08|6.803484889e+08|7.720074652e+08|3.000000|3.000000|3.000000
1.552197083e+06|5.708391255e+08|6.663487649e+08|7.581521058e+08|3.000000|3.000000|3.000000
1.554995339e+06|5.576860378e+08|6.527218043e+08|7.446466009e+08|3.000000|3.000000|3.000000
1.557910795e+06|5.439807775e+08|6.384820735e+08|7.305112286e+08|3.000000|3.000000|3.000000
1.560501546e+06|5.318050008e+08|6.257959765e+08|7.178965992e+08|3.000000|3.000000|3.000000
1.563707687e+06|5.167470269e+08|6.100597710e+08|7.022179568e+08|3.000000|3.000000|3.000000
1.566445129e+06|5.039043558e+08|5.965966696e+08|6.887741939e+08|3.000000|3.000000|3.000000
1.569561463e+06|4.893063709e+08|5.812455147e+08|6.734082567e+08|3.000000|3.000000|3.000000
1.572951649e+06|4.734608699e+08|5.645234405e+08|6.566213509e+08|3.000000|3.000000|3.000000
1.577503810e+06|4.522594126e+08|5.420502785e+08|6.339726843e+08|3.000000|3.000000|3.000000
1.582643317e+06|4.284551807e+08|5.166786621e+08|6.082667385e+08|3.000000|3.000000|3.000000
1.587576275e+06|4.057745402e+08|4.923615054e+08|5.834763889e+08|3.000000|3.000000|3.000000
1.592017525e+06|3.855247893e+08|4.705273352e+08|5.610744621e+08|3.000000|3.000000|3.000000
1.596086522e+06|3.671383076e+08|4.505969403e+08|5.404948110e+08|3.000000|3.000000|3.000000
1.599360567e+06|3.524747825e+08|4.346272563e+08|5.239060937e+08|3.000000|3.000000|3.000000
1.602312236e+06|3.393658668e+08|4.202922018e+08|5.089343242e+08|3.000000|3.000000|3.000000
1.604843410e+06|3.282152754e+08|4.080536621e+08|4.960872592e+08|3.000000|3.000000|3.000000
1.607420762e+06|3.169538437e+08|3.956500479e+08|4.830019248e+08|3.000000|3.000000|3.000000
1.609967512e+06|3.059240958e+08|3.834578547e+08|4.700719033e+08|3.000000|3.000000|3.000000
1.612288338e+06|2.959629640e+08|3.724083676e+08|4.582921914e+08|3.000000|3.000000|3.000000
1.614749349e+06|2.854996753e+08|3.607610304e+08|4.458078942e+08|3.000000|3.000000|3.000000
1.617221744e+06|2.750970250e+08|3.491381409e+08|4.332768027e+08|3.000000|3.000000|3.000000
1.619482594e+06|2.656853532e+08|3.385840107e+08|4.218309037e+08|3.000000|3.000000|3.000000
1.621620852e+06|2.568771890e+08|3.286722244e+08|4.110199971e+08|3.000000|3.000000|3.000000
1.624198851e+06|2.463840323e+08|3.168190265e+08|3.980083131e+08|3.000000|3.000000|3.000000
1.626852087e+06|2.357363771e+08|3.047385605e+08|3.846475549e+08|3.000000|3.000000|3.000000
1.630207407e+06|2.225044036e+08|2.896475930e+08|3.678045448e+08|3.000000|3.000000|3.000000
1.637533399e+06|1.945987469e+08|2.575072335e+08|3.312909787e+08|3.000000|3.000000|3.000000
1.648553658e+06|1.555188479e+08|2.116364820e+08|2.772886459e+08|3.000000|3.000000|3.000000
1.653608147e+06|1.389203537e+08|1.917711413e+08|2.530077910e+08|3.000000|3.000000|3.000000
1.656995714e+06|1.283121567e+08|1.789255671e+08|2.369427544e+08|3.000000|3.000000|3.000000
1.659200117e+06|1.216437765e+08|1.707820780e+08|2.265875894e+08|3.000000|3.000000|3.000000
1.660942410e+06|1.165090194e+08|1.644713434e+08|2.184619663e+08|3.000000|3.000000|3.000000
1.662585180e+06|1.117803372e+08|1.586260767e+08|2.108503207e+08|3.000000|3.000000|3.000000
1.664454529e+06|1.065359619e+08|1.521023640e+08|2.022502419e+08|3.000000|3.000000|3.000000
1.666400698e+06|1.012344917e+08|1.454596203e+08|1.933692901e+08|3.000000|3.000000|3.000000
1.668470735e+06|9.577787612e+07|1.385665411e+08|1.840080995e+08|3.000000|3.000000|3.000000
1.670944029e+06|8.951208017e+07|1.305721903e+08|1.729439550e+08|3.000000|3.000000|3.000000
1.673418389e+06|8.352899371e+07|1.228476896e+08|1.620134571e+08|3.000000|3.000000|3.000000
1.675853474e+06|7.792886853e+07|1.155232791e+08|1.513989050e+08|3.000000|3.000000|3.000000
1.677522573e+06|7.426017085e+07|1.106673636e+08|1.442087175e+08|3.000000|3.000000|3.000000
1.679101981e+06|7.091898175e+07|1.061992271e+08|1.374713946e+08|3.000000|3.000000|3.000000
1.680429131e+06|6.821138218e+07|1.025423077e+08|1.318616599e+08|3.000000|3.000000|3.000000
1.681651010e+06|6.580067764e+07|9.925588977e+07|1.267396415e+08|3.000000|3.000000|3.000000
1.682901987e+06|6.341544076e+07|9.597259919e+07|1.215391447e+08|3.000000|3.000000|3.000000
1.684233567e+06|6.097012750e+07|9.256994437e+07|1.160531214e+08|3.000000|3.000000|3.000000
1.685969641e+06|5.792957623e+07|8.827943374e+07|1.089794361e+08|3.000000|3.000000|3.000000
1.688176235e+06|5.431130920e+07|8.307031035e+07|1.001216500e+08|3.000000|3.000000|3.000000
1.692121224e+06|4.855199474e+07|7.446442721e+07|8.467477691e+07|3.000000|3.000000|3.000000
1.699324295e+06|4.051187399e+07|6.123957349e+07|5.786345851e+07|3.000000|3.000000|3.000000
