#RRR|U50|U25|U75|Umean|T50|T25|T75|Tmean|P50|P25|P75|Pmean|rho50|rho25|rho75|Pmean|S
8.376312868e+04|1.776667217e+06|1.777311745e+06|1.777638000e+06|1.777207361e+06|2.569851259e+03|2.572740691e+03|2.574167001e+03|2.572226582e+03|8.379180227e+09|8.448283215e+09|8.481995047e+09|8.435782606e+09|6.587027954e+03|6.590367188e+03|6.592015503e+03|6.589770508e+03|1.981205495e+03
1.273716912e+05|1.775835958e+06|1.776542683e+06|1.776975455e+06|1.776434219e+06|2.566068685e+03|2.569284334e+03|2.571254837e+03|2.568731551e+03|8.288449511e+09|8.365538834e+09|8.413018675e+09|8.352509853e+09|6.582656982e+03|6.586372070e+03|6.588646973e+03|6.585729980e+03|1.981205495e+03
1.514969707e+05|1.775667306e+06|1.776294834e+06|1.776918403e+06|1.776244475e+06|2.565301712e+03|2.568156292e+03|2.570995008e+03|2.567882922e+03|8.270135042e+09|8.338440597e+09|8.406747482e+09|8.332190026e+09|6.581772095e+03|6.585067383e+03|6.588349609e+03|6.584749512e+03|1.981205495e+03
1.698549285e+05|1.774973461e+06|1.775761033e+06|1.776323798e+06|1.775732463e+06|2.562147979e+03|2.565727934e+03|2.568288099e+03|2.565568466e+03|8.195115439e+09|8.280309763e+09|8.341603862e+09|8.276883314e+09|6.578122192e+03|6.582264160e+03|6.585220947e+03|6.582074219e+03|1.981205495e+03
1.872998403e+05|1.774320152e+06|1.775220826e+06|1.775918947e+06|1.775075669e+06|2.559180916e+03|2.563272025e+03|2.566446150e+03|2.562561455e+03|8.124962577e+09|8.221800038e+09|8.297473457e+09|8.205581137e+09|6.574686646e+03|6.579422852e+03|6.583094116e+03|6.578594238e+03|1.981205495e+03
2.018548201e+05|1.774162978e+06|1.774869930e+06|1.775490909e+06|1.774634967e+06|2.558467464e+03|2.561677627e+03|2.564499683e+03|2.560543957e+03|8.108158423e+09|8.183967114e+09|8.251012098e+09|8.157553585e+09|6.573861816e+03|6.577579346e+03|6.580841431e+03|6.576261230e+03|1.981205495e+03
2.159508024e+05|1.773970626e+06|1.774802503e+06|1.775553586e+06|1.774819968e+06|2.557594477e+03|2.561371333e+03|2.564784638e+03|2.561415155e+03|8.087622303e+09|8.176712660e+09|8.257802743e+09|8.178371296e+09|6.572850220e+03|6.577224121e+03|6.581171997e+03|6.577269531e+03|1.981205495e+03
2.295167584e+05|1.773327226e+06|1.774035337e+06|1.774731201e+06|1.774018663e+06|2.554675948e+03|2.557888136e+03|2.561047462e+03|2.557758501e+03|8.019236356e+09|8.094525137e+09|8.169046950e+09|8.091725110e+09|6.569470581e+03|6.573189697e+03|6.576851074e+03|6.573038086e+03|1.981205495e+03
2.413686928e+05|1.772928787e+06|1.773749076e+06|1.774477043e+06|1.773683012e+06|2.552868018e+03|2.556589246e+03|2.559893239e+03|2.556231847e+03|7.977015153e+09|8.064022599e+09|8.141767013e+09|8.055626251e+09|6.567377930e+03|6.571687744e+03|6.575512573e+03|6.571270508e+03|1.981205495e+03
2.543009114e+05|1.772453848e+06|1.773320965e+06|1.773984939e+06|1.773195515e+06|2.550586986e+03|2.554647552e+03|2.557659429e+03|2.553957954e+03|7.922244565e+09|8.018571588e+09|8.089148508e+09|8.001882455e+09|6.564732178e+03|6.569437500e+03|6.572927002e+03|6.568635742e+03|1.981205495e+03
2.655757668e+05|1.772096776e+06|1.772910191e+06|1.773385056e+06|1.772680654e+06|2.548869644e+03|2.552782902e+03|2.554938171e+03|2.551566605e+03|7.881135575e+09|7.975015838e+09|8.025363101e+09|7.945429032e+09|6.562744385e+03|6.567276855e+03|6.569774170e+03|6.565865723e+03|1.981205495e+03
2.759485492e+05|1.771882456e+06|1.772860730e+06|1.773439908e+06|1.772793522e+06|2.547839273e+03|2.552544827e+03|2.555186913e+03|2.552103048e+03|7.856544448e+09|7.969282524e+09|8.031179224e+09|7.958006119e+09|6.561549683e+03|6.567002197e+03|6.570061401e+03|6.566488281e+03|1.981205495e+03
2.874481268e+05|1.771566221e+06|1.772533080e+06|1.773077739e+06|1.772319962e+06|2.546319469e+03|2.550968133e+03|2.553544852e+03|2.549883394e+03|7.820370778e+09|7.931383106e+09|7.992837983e+09|7.905439452e+09|6.559789917e+03|6.565174316e+03|6.568162476e+03|6.563916992e+03|1.981205495e+03
2.977003926e+05|1.771097587e+06|1.771967282e+06|1.772605292e+06|1.771840641e+06|2.544068403e+03|2.548247049e+03|2.551315571e+03|2.547587734e+03|7.767001771e+09|7.866270075e+09|7.939723765e+09|7.851012027e+09|6.557180054e+03|6.562024170e+03|6.565578369e+03|6.561254883e+03|1.981205495e+03
3.067112914e+05|1.771068389e+06|1.771871221e+06|1.772323202e+06|1.771550021e+06|2.543928199e+03|2.547785267e+03|2.549958534e+03|2.546214113e+03|7.763686255e+09|7.855256920e+09|7.907180911e+09|7.818543559e+09|6.557016968e+03|6.561488525e+03|6.564006836e+03|6.559663574e+03|1.981205495e+03
3.163437373e+05|1.770333271e+06|1.771254533e+06|1.771965035e+06|1.771092168e+06|2.540400039e+03|2.544822133e+03|2.548236247e+03|2.544013858e+03|7.680575667e+09|7.784843217e+09|7.866012344e+09|7.766504051e+09|6.552924316e+03|6.558055176e+03|6.562009766e+03|6.557111328e+03|1.981205495e+03
3.264084628e+05|1.770100926e+06|1.771223087e+06|1.771653559e+06|1.770860274e+06|2.539285633e+03|2.544671097e+03|2.546739140e+03|2.542909335e+03|7.654454284e+09|7.781265457e+09|7.830347271e+09|7.740242374e+09|6.551631592e+03|6.557879150e+03|6.560274780e+03|6.555832520e+03|1.981205495e+03
3.352742154e+05|1.769706458e+06|1.770489307e+06|1.771277276e+06|1.770370023e+06|2.537394399e+03|2.541148640e+03|2.544931365e+03|2.540542431e+03|7.610263801e+09|7.698158050e+09|7.787430715e+09|7.684479689e+09|6.549438110e+03|6.553795410e+03|6.558181641e+03|6.553085449e+03|1.981205495e+03
3.435122126e+05|1.769346856e+06|1.770478081e+06|1.770955814e+06|1.770147232e+06|2.535671188e+03|2.541094784e+03|2.543387678e+03|2.539471349e+03|7.570154260e+09|7.696893081e+09|7.750913208e+09|7.659194758e+09|6.547434692e+03|6.553730469e+03|6.556389160e+03|6.551843262e+03|1.981205495e+03
3.520931192e+05|1.769209150e+06|1.770134597e+06|1.770766053e+06|1.769854512e+06|2.535011518e+03|2.539447112e+03|2.542476737e+03|2.538054522e+03|7.554838913e+09|7.658235544e+09|7.729419847e+09|7.625795222e+09|6.546668823e+03|6.551820312e+03|6.555335693e+03|6.550198730e+03|1.981205495e+03
3.608020014e+05|1.768618908e+06|1.769629034e+06|1.770354599e+06|1.769461380e+06|2.532098206e+03|2.537023310e+03|2.540502353e+03|2.536157637e+03|7.486117112e+09|7.601613533e+09|7.682977058e+09|7.581247428e+09|6.543282104e+03|6.549004150e+03|6.553046143e+03|6.547997559e+03|1.981205495e+03
3.693980509e+05|1.768173017e+06|1.769428756e+06|1.769998793e+06|1.769070869e+06|2.529864801e+03|2.536063581e+03|2.538795872e+03|2.534226824e+03|7.433227866e+09|7.579274789e+09|7.642992958e+09|7.535975505e+09|6.540690308e+03|6.547890869e+03|6.551061523e+03|6.545753906e+03|1.981205495e+03
3.768928220e+05|1.767799069e+06|1.768878773e+06|1.769646145e+06|1.768640532e+06|2.527992817e+03|2.533400491e+03|2.537105321e+03|2.532130897e+03|7.389099058e+09|7.517080780e+09|7.603524535e+09|7.486863483e+09|6.538513672e+03|6.544795898e+03|6.549098022e+03|6.543319336e+03|1.981205495e+03
3.845678329e+05|1.767546866e+06|1.768720543e+06|1.769288519e+06|1.768342107e+06|2.526730841e+03|2.532607485e+03|2.535391715e+03|2.530635127e+03|7.359454190e+09|7.498215401e+09|7.563663252e+09|7.451884829e+09|6.537050415e+03|6.543875977e+03|6.547107788e+03|6.541580078e+03|1.981205495e+03
3.918277581e+05|1.767484156e+06|1.768411634e+06|1.769057152e+06|1.768251604e+06|2.526417128e+03|2.531059816e+03|2.534283526e+03|2.530216283e+03|7.352098895e+09|7.461492761e+09|7.537962471e+09|7.442035217e+09|6.536685547e+03|6.542081055e+03|6.545821899e+03|6.541095703e+03|1.981205495e+03
4.004172104e+05|1.766458600e+06|1.767817028e+06|1.768578417e+06|1.767477785e+06|2.521290566e+03|2.528082697e+03|2.531895331e+03|2.526360168e+03|7.232630951e+09|7.391213954e+09|7.481301673e+09|7.351614789e+09|6.530720947e+03|6.538620361e+03|6.543050659e+03|6.536613281e+03|1.981205495e+03
4.077757689e+05|1.766602433e+06|1.767612258e+06|1.768358009e+06|1.767358741e+06|2.522009119e+03|2.527058006e+03|2.530791220e+03|2.525760111e+03|7.249294267e+09|7.367131028e+09|7.455132670e+09|7.337499181e+09|6.531556274e+03|6.537430176e+03|6.541769531e+03|6.535914551e+03|1.981205495e+03
4.146627407e+05|1.765890890e+06|1.767231195e+06|1.768013509e+06|1.766883426e+06|2.518455893e+03|2.525151933e+03|2.529066171e+03|2.523366760e+03|7.167154709e+09|7.322486203e+09|7.414376595e+09|7.281501752e+09|6.527419067e+03|6.535212891e+03|6.539763916e+03|6.533131348e+03|1.981205495e+03
4.220464811e+05|1.766043511e+06|1.767281570e+06|1.767839274e+06|1.766823659e+06|2.519217726e+03|2.525403846e+03|2.528194030e+03|2.523054074e+03|7.184720627e+09|7.328375152e+09|7.393832133e+09|7.274055337e+09|6.528308472e+03|6.535506348e+03|6.538748779e+03|6.532767578e+03|1.981205495e+03
4.285463078e+05|1.765530541e+06|1.766486455e+06|1.767344005e+06|1.766246383e+06|2.516657782e+03|2.521429708e+03|2.525716095e+03|2.520115746e+03|7.125694425e+09|7.235855146e+09|7.335679643e+09|7.205523142e+09|6.525329590e+03|6.530884033e+03|6.535866821e+03|6.529347656e+03|1.981205495e+03
4.354304916e+05|1.765060320e+06|1.766500919e+06|1.767115177e+06|1.765983329e+06|2.514244272e+03|2.521501969e+03|2.524571810e+03|2.518795226e+03|7.069373443e+09|7.237531437e+09|7.308935513e+09|7.174607141e+09|6.522517090e+03|6.530965820e+03|6.534537109e+03|6.527812500e+03|1.981205495e+03
4.436463410e+05|1.764288603e+06|1.766074572e+06|1.766770651e+06|1.765545697e+06|2.510136373e+03|2.519372795e+03|2.522849662e+03|2.516537624e+03|6.972326669e+09|7.188296881e+09|7.268816384e+09|7.122034293e+09|6.517733154e+03|6.528488525e+03|6.532533203e+03|6.525181641e+03|1.981205495e+03
4.495789602e+05|1.764448085e+06|1.765757558e+06|1.766520203e+06|1.765320831e+06|2.510984900e+03|2.517790475e+03|2.521598294e+03|2.515392950e+03|6.992292856e+09|7.151796117e+09|7.239762890e+09|7.095432469e+09|6.518722290e+03|6.526643555e+03|6.531077759e+03|6.523850586e+03|1.981205495e+03
4.558662724e+05|1.763824033e+06|1.765666534e+06|1.766278895e+06|1.765011788e+06|2.507665841e+03|2.517336283e+03|2.520393017e+03|2.513781901e+03|6.914433046e+09|7.141324657e+09|7.211857713e+09|7.057956967e+09|6.514855347e+03|6.526116455e+03|6.529677856e+03|6.521972656e+03|1.981205495e+03
4.624610928e+05|1.763763117e+06|1.764767595e+06|1.765700265e+06|1.764485371e+06|2.507342007e+03|2.512685500e+03|2.517504573e+03|2.511077254e+03|6.906865638e+09|7.032435036e+09|7.145201499e+09|6.995107296e+09|6.514478149e+03|6.520700439e+03|6.526313477e+03|6.518821289e+03|1.981205495e+03
4.690330350e+05|1.763319232e+06|1.764739001e+06|1.765566947e+06|1.764242068e+06|2.504983329e+03|2.512533269e+03|2.516839403e+03|2.509779886e+03|6.851953716e+09|7.028833234e+09|7.129875716e+09|6.965014440e+09|6.511726929e+03|6.520524414e+03|6.525538330e+03|6.517308105e+03|1.981205495e+03
4.756355933e+05|1.763469104e+06|1.764670281e+06|1.765362707e+06|1.764186181e+06|2.505779533e+03|2.512167449e+03|2.515820622e+03|2.509501335e+03|6.870456890e+09|7.020188123e+09|7.106439941e+09|6.958502926e+09|6.512654175e+03|6.520097412e+03|6.524354126e+03|6.516984375e+03|1.981205495e+03
4.822434326e+05|1.762250961e+06|1.764188307e+06|1.764882471e+06|1.763389264e+06|2.499313536e+03|2.509602853e+03|2.513297126e+03|2.505243783e+03|6.721254483e+09|6.959793383e+09|7.046910307e+09|6.859591298e+09|6.505110962e+03|6.517111816e+03|6.521412720e+03|6.512018066e+03|1.981205495e+03
4.877879270e+05|1.762631947e+06|1.764114595e+06|1.764867421e+06|1.763373548e+06|2.501334511e+03|2.509210825e+03|2.513216992e+03|2.505111630e+03|6.767631973e+09|6.950599651e+09|7.045012490e+09|6.856662808e+09|6.507467407e+03|6.516656982e+03|6.521318359e+03|6.511861328e+03|1.981205495e+03
4.936360608e+05|1.761718234e+06|1.763697442e+06|1.764434293e+06|1.762843877e+06|2.496481907e+03|2.506992916e+03|2.510911509e+03|2.502306189e+03|6.656535097e+09|6.898716946e+09|6.990564303e+09|6.791236472e+09|6.501800903e+03|6.514068115e+03|6.518636353e+03|6.508591797e+03|1.981205495e+03
4.996076526e+05|1.761369615e+06|1.763201702e+06|1.764105066e+06|1.762564161e+06|2.494536660e+03|2.504359092e+03|2.509160119e+03|2.500838372e+03|6.610889720e+09|6.837477045e+09|6.949405418e+09|6.756990308e+09|6.499531860e+03|6.510997314e+03|6.516597046e+03|6.506880859e+03|1.981205495e+03
5.059462149e+05|1.761282050e+06|1.762442570e+06|1.763615728e+06|1.761906530e+06|2.494048167e+03|2.500329788e+03|2.506558633e+03|2.497234215e+03|6.599449004e+09|6.744545298e+09|6.888591671e+09|6.673566316e+09|6.498959229e+03|6.506296387e+03|6.513564453e+03|6.502670410e+03|1.981205495e+03
5.120193423e+05|1.761525483e+06|1.762837879e+06|1.763692428e+06|1.762351725e+06|2.495406397e+03|2.502427405e+03|2.506966270e+03|2.499690390e+03|6.631301148e+09|6.792809517e+09|6.898095322e+09|6.730251843e+09|6.500548096e+03|6.508744629e+03|6.514038330e+03|6.505541992e+03|1.981205495e+03
5.180489585e+05|1.760183620e+06|1.762532747e+06|1.763251319e+06|1.761604801e+06|2.487927140e+03|2.500808190e+03|2.504622599e+03|2.495577130e+03|6.457460838e+09|6.755532722e+09|6.843583793e+09|6.635078262e+09|6.491810181e+03|6.506854736e+03|6.511306763e+03|6.500735840e+03|1.981205495e+03
5.236757960e+05|1.760388840e+06|1.762129493e+06|1.763043083e+06|1.761348574e+06|2.489069887e+03|2.498669430e+03|2.503516776e+03|2.494132801e+03|6.483797205e+09|6.706518765e+09|6.817971840e+09|6.601847883e+09|6.493145264e+03|6.504357422e+03|6.510014404e+03|6.499046387e+03|1.981205495e+03
5.284291190e+05|1.760105392e+06|1.761915129e+06|1.762850155e+06|1.761105095e+06|2.487491658e+03|2.497533057e+03|2.502492561e+03|2.492805750e+03|6.447449346e+09|6.680583071e+09|6.794311612e+09|6.571258885e+09|6.491299194e+03|6.503028809e+03|6.508820923e+03|6.497495117e+03|1.981205495e+03
5.338970721e+05|1.759720959e+06|1.761748539e+06|1.762550783e+06|1.760882303e+06|2.485352410e+03|2.496641103e+03|2.500903864e+03|2.491588550e+03|6.398429582e+09|6.660136080e+09|6.757729297e+09|6.543262877e+09|6.488797241e+03|6.501988770e+03|6.506967285e+03|6.496073242e+03|1.981205495e+03
5.397800200e+05|1.758674103e+06|1.761195682e+06|1.762216398e+06|1.759968684e+06|2.479533669e+03|2.493566461e+03|2.499130239e+03|2.486288873e+03|6.266033984e+09|6.588190026e+09|6.717057424e+09|6.421717684e+09|6.481985229e+03|6.498401611e+03|6.504895264e+03|6.489865723e+03|1.981205495e+03
5.461881096e+05|1.758831149e+06|1.760774139e+06|1.761719662e+06|1.760084531e+06|2.480405888e+03|2.491216453e+03|2.496489875e+03|2.487202133e+03|6.285775071e+09|6.533484827e+09|6.656722184e+09|6.442190184e+09|6.483007324e+03|6.495655273e+03|6.501811035e+03|6.490948242e+03|1.981205495e+03
5.515751300e+05|1.758239026e+06|1.760767482e+06|1.761599004e+06|1.759777422e+06|2.477050453e+03|2.491179395e+03|2.495816469e+03|2.485358461e+03|6.209081112e+09|6.532633464e+09|6.640889479e+09|6.399941434e+09|6.479080566e+03|6.495614014e+03|6.501024902e+03|6.488785645e+03|1.981205495e+03
5.565219882e+05|1.758633000e+06|1.760528679e+06|1.761368659e+06|1.759763278e+06|2.479305384e+03|2.489848773e+03|2.494531259e+03|2.485363806e+03|6.260866756e+09|6.501790551e+09|6.610749436e+09|6.399740249e+09|6.481720703e+03|6.494058105e+03|6.499526001e+03|6.488795410e+03|1.981205495e+03
5.617669317e+05|1.758305311e+06|1.760025977e+06|1.761145244e+06|1.759342608e+06|2.477446465e+03|2.487049595e+03|2.493285185e+03|2.482948386e+03|6.218380473e+09|6.437292136e+09|6.581623553e+09|6.344320805e+09|6.479545288e+03|6.490786133e+03|6.498070557e+03|6.485968262e+03|1.981205495e+03
5.669913649e+05|1.757386373e+06|1.760138204e+06|1.760854299e+06|1.758938515e+06|2.471960755e+03|2.487674305e+03|2.491663171e+03|2.480605048e+03|6.090488956e+09|6.451645655e+09|6.543852212e+09|6.290351377e+09|6.473118408e+03|6.491512695e+03|6.496174194e+03|6.483225098e+03|1.981205495e+03
5.721076529e+05|1.757427449e+06|1.759368923e+06|1.760562213e+06|1.758301877e+06|2.472205761e+03|2.483394477e+03|2.490035586e+03|2.476642790e+03|6.096157117e+09|6.353722266e+09|6.506112114e+09|6.200260292e+09|6.473406860e+03|6.486509033e+03|6.494273682e+03|6.478568359e+03|1.981205495e+03
5.776309141e+05|1.756964396e+06|1.759231553e+06|1.760371242e+06|1.758281461e+06|2.469444818e+03|2.482630810e+03|2.488971869e+03|2.476645071e+03|6.032495522e+09|6.336317298e+09|6.481533689e+09|6.199784831e+09|6.470169800e+03|6.485615234e+03|6.493032349e+03|6.478578613e+03|1.981205495e+03
5.834531826e+05|1.756411189e+06|1.758851345e+06|1.759769924e+06|1.757910781e+06|2.466149446e+03|2.480518081e+03|2.485624726e+03|2.474671754e+03|5.957169153e+09|6.288318183e+09|6.404641354e+09|6.154196459e+09|6.466306519e+03|6.483140625e+03|6.489117188e+03|6.476275391e+03|1.981205495e+03
5.888094294e+05|1.756285825e+06|1.758982983e+06|1.759705502e+06|1.757892691e+06|2.465403134e+03|2.481249409e+03|2.485266333e+03|2.474462241e+03|5.940206963e+09|6.304907817e+09|6.396449791e+09|6.149924756e+09|6.465432617e+03|6.483995117e+03|6.488697388e+03|6.476024414e+03|1.981205495e+03
5.937226398e+05|1.756744505e+06|1.758900769e+06|1.759673885e+06|1.757971751e+06|2.468134549e+03|2.480792660e+03|2.485090447e+03|2.475035746e+03|6.002458511e+09|6.294546980e+09|6.392430288e+09|6.162706163e+09|6.468635498e+03|6.483464111e+03|6.488492310e+03|6.476701660e+03|1.981205495e+03
5.984084658e+05|1.756409864e+06|1.757946956e+06|1.759110590e+06|1.757192442e+06|2.466141550e+03|2.475306110e+03|2.481958498e+03|2.470357311e+03|5.956987601e+09|6.168242731e+09|6.321018186e+09|6.055809482e+09|6.466299805e+03|6.477039795e+03|6.484824951e+03|6.471212891e+03|1.981205495e+03
6.029645924e+05|1.755414486e+06|1.758184231e+06|1.758935696e+06|1.756770037e+06|2.460220672e+03|2.476723126e+03|2.480986681e+03|2.467637550e+03|5.823420428e+09|6.201401644e+09|6.298944143e+09|5.994440509e+09|6.459348267e+03|6.478696777e+03|6.483688721e+03|6.468011230e+03|1.981205495e+03
6.080364122e+05|1.754842919e+06|1.757764493e+06|1.758904807e+06|1.756410601e+06|2.456665835e+03|2.474216858e+03|2.480815067e+03|2.465373068e+03|5.741764519e+09|6.142844927e+09|6.295050990e+09|5.942947295e+09|6.455172974e+03|6.475764160e+03|6.483490234e+03|6.465348145e+03|1.981205495e+03
6.131998566e+05|1.754400335e+06|1.757537877e+06|1.758547238e+06|1.756160824e+06|2.453878312e+03|2.472864559e+03|2.478829180e+03|2.463885186e+03|5.677780595e+09|6.111427346e+09|6.250107680e+09|5.908994801e+09|6.451896973e+03|6.474181152e+03|6.481165405e+03|6.463603027e+03|1.981205495e+03
6.189316548e+05|1.755951933e+06|1.757421707e+06|1.758390670e+06|1.756708731e+06|2.463416260e+03|2.472171508e+03|2.477956077e+03|2.467498699e+03|5.895226396e+09|6.095363821e+09|6.230355996e+09|5.990451756e+09|6.463099854e+03|6.473369385e+03|6.480141479e+03|6.467861328e+03|1.981205495e+03
6.239294941e+05|1.754740789e+06|1.756266182e+06|1.757666200e+06|1.755476288e+06|2.456022350e+03|2.465286209e+03|2.473630225e+03|2.459874338e+03|5.726940134e+09|5.937551923e+09|6.129198044e+09|5.816893275e+09|6.454416138e+03|6.465294189e+03|6.475074341e+03|6.458904297e+03|1.981205495e+03
6.281987205e+05|1.755097332e+06|1.756352257e+06|1.757500551e+06|1.755584231e+06|2.458269320e+03|2.465798579e+03|2.472641840e+03|2.460642556e+03|5.778821983e+09|5.949186966e+09|6.106257642e+09|5.833914951e+09|6.457055176e+03|6.465897949e+03|6.473919067e+03|6.459812012e+03|1.981205495e+03
6.326466531e+05|1.754753269e+06|1.756458202e+06|1.757277943e+06|1.755504627e+06|2.456100973e+03|2.466429351e+03|2.471314073e+03|2.460133793e+03|5.728749485e+09|5.963536781e+09|6.075541507e+09|5.822087944e+09|6.454510254e+03|6.466636719e+03|6.472362061e+03|6.459214844e+03|1.981205495e+03
6.370322452e+05|1.752667254e+06|1.756012836e+06|1.757158259e+06|1.754604077e+06|2.442986407e+03|2.463778575e+03|2.470600439e+03|2.454267654e+03|5.432326055e+09|5.903408228e+09|6.059082032e+09|5.689437936e+09|6.439085327e+03|6.463527100e+03|6.471528442e+03|6.452306641e+03|1.981205495e+03
6.419623059e+05|1.753454805e+06|1.756038875e+06|1.756933706e+06|1.754185825e+06|2.447931266e+03|2.463933494e+03|2.469261917e+03|2.451043232e+03|5.542944875e+09|5.906909204e+09|6.028295826e+09|5.617553877e+09|6.444908569e+03|6.463706543e+03|6.469955688e+03|6.448486328e+03|1.981205495e+03
6.469767115e+05|1.752176740e+06|1.755168898e+06|1.756579825e+06|1.754112682e+06|2.439823744e+03|2.458720517e+03|2.467153620e+03|2.451075886e+03|5.361079422e+09|5.789280044e+09|5.980045251e+09|5.616942449e+09|6.435359985e+03|6.457584473e+03|6.467484741e+03|6.448551270e+03|1.981205495e+03
6.523377380e+05|1.753593441e+06|1.755335956e+06|1.756720883e+06|1.754322145e+06|2.448802511e+03|2.459754013e+03|2.467993829e+03|2.452521425e+03|5.562579964e+09|5.812989878e+09|5.999239279e+09|5.649535419e+09|6.445931519e+03|6.458797852e+03|6.468469727e+03|6.450256836e+03|1.981205495e+03
6.568796812e+05|1.752582909e+06|1.754568993e+06|1.756090072e+06|1.753824551e+06|2.442457280e+03|2.454940257e+03|2.464238116e+03|2.449678188e+03|5.420573817e+09|5.702085734e+09|5.913799028e+09|5.584274118e+09|6.438460815e+03|6.453146729e+03|6.464063354e+03|6.446928711e+03|1.981205495e+03
6.619363799e+05|1.751880479e+06|1.754717494e+06|1.755891473e+06|1.753397885e+06|2.437805458e+03|2.455875595e+03|2.463056605e+03|2.446404719e+03|5.314401496e+09|5.723564012e+09|5.887110142e+09|5.511627541e+09|6.432986450e+03|6.454243408e+03|6.462676880e+03|6.443048828e+03|1.981205495e+03
6.661443613e+05|1.752532013e+06|1.754549443e+06|1.755779385e+06|1.753254005e+06|2.442138047e+03|2.454817124e+03|2.462389957e+03|2.445421445e+03|5.413493241e+09|5.699259509e+09|5.872091452e+09|5.489491563e+09|6.438085205e+03|6.453001221e+03|6.461895752e+03|6.441888184e+03|1.981205495e+03
6.700264194e+05|1.751758854e+06|1.753906507e+06|1.755424633e+06|1.752688146e+06|2.436977305e+03|2.450770881e+03|2.460280972e+03|2.441774607e+03|5.295348731e+09|5.607083780e+09|5.824768449e+09|5.407034163e+09|6.432009399e+03|6.448246582e+03|6.459417603e+03|6.437595215e+03|1.981205495e+03
6.736248431e+05|1.752249997e+06|1.754461265e+06|1.755455075e+06|1.753087468e+06|2.440322942e+03|2.454261878e+03|2.460461897e+03|2.444396137e+03|5.372656062e+09|5.686542824e+09|5.828817084e+09|5.466273377e+09|6.435946777e+03|6.452351562e+03|6.459629883e+03|6.440682617e+03|1.981205495e+03
6.786157007e+05|1.751015510e+06|1.754015033e+06|1.755050315e+06|1.752521149e+06|2.431920473e+03|2.451453509e+03|2.457972908e+03|2.440650175e+03|5.180110427e+09|5.622553371e+09|5.771954000e+09|5.381632679e+09|6.426051514e+03|6.449048340e+03|6.456708008e+03|6.436269531e+03|1.981205495e+03
6.837043935e+05|1.750796853e+06|1.753743523e+06|1.754771989e+06|1.752286801e+06|2.430434660e+03|2.449745980e+03|2.456218902e+03|2.439060219e+03|5.146644412e+09|5.583898244e+09|5.731462636e+09|5.345953098e+09|6.424297363e+03|6.447041016e+03|6.454648438e+03|6.434394531e+03|1.981205495e+03
6.889550841e+05|1.750180775e+06|1.752803751e+06|1.754087595e+06|1.751203825e+06|2.426251970e+03|2.443842883e+03|2.451910007e+03|2.431330906e+03|5.053287791e+09|5.451381816e+09|5.632916612e+09|5.172439617e+09|6.419362427e+03|6.440094971e+03|6.449584351e+03|6.425258789e+03|1.981205495e+03
6.939730008e+05|1.749923440e+06|1.752133892e+06|1.753425706e+06|1.751332148e+06|2.424506573e+03|2.439531690e+03|2.447748396e+03|2.432882093e+03|5.014726883e+09|5.354288696e+09|5.538823653e+09|5.205903360e+09|6.417301514e+03|6.435017578e+03|6.444691284e+03|6.427121094e+03|1.981205495e+03
6.978662371e+05|1.750078563e+06|1.752250571e+06|1.753378111e+06|1.751129232e+06|2.425558576e+03|2.440326844e+03|2.447449359e+03|2.431470383e+03|5.037939609e+09|5.372744949e+09|5.532096694e+09|5.174315430e+09|6.418542969e+03|6.435951416e+03|6.444341675e+03|6.425454590e+03|1.981205495e+03
7.017794115e+05|1.748689894e+06|1.751515435e+06|1.753071374e+06|1.750339313e+06|2.415704125e+03|2.435320457e+03|2.445522805e+03|2.425502412e+03|4.816461450e+09|5.257374632e+09|5.488883400e+09|5.041409512e+09|6.406901123e+03|6.430057373e+03|6.442073364e+03|6.418384277e+03|1.981205495e+03
7.048958606e+05|1.749765468e+06|1.751748716e+06|1.752844681e+06|1.750357152e+06|2.423435637e+03|2.436908217e+03|2.444099750e+03|2.425577328e+03|4.991188163e+09|5.293745113e+09|5.457104764e+09|5.043138854e+09|6.416033447e+03|6.431928711e+03|6.440396484e+03|6.418470215e+03|1.981205495e+03
7.084347635e+05|1.748850404e+06|1.751650810e+06|1.753055583e+06|1.750215537e+06|2.416867544e+03|2.436241726e+03|2.445423684e+03|2.424514509e+03|4.842652873e+09|5.278449142e+09|5.486671414e+09|5.019373159e+09|6.408274780e+03|6.431143799e+03|6.441957886e+03|6.417211914e+03|1.981205495e+03
7.127822855e+05|1.748291370e+06|1.751537613e+06|1.752968517e+06|1.749901112e+06|2.412817927e+03|2.435471326e+03|2.444877045e+03|2.422098984e+03|4.751919010e+09|5.260812050e+09|5.474447851e+09|4.965859582e+09|6.403489624e+03|6.430235352e+03|6.441311523e+03|6.414348145e+03|1.981205495e+03
7.182300933e+05|1.748997717e+06|1.751798054e+06|1.753018387e+06|1.750374605e+06|2.417935291e+03|2.437244135e+03|2.445190141e+03|2.425911144e+03|4.866699770e+09|5.301467476e+09|5.481446897e+09|5.050138512e+09|6.409536743e+03|6.432323975e+03|6.441681519e+03|6.418876465e+03|1.981205495e+03
7.230725537e+05|1.748746068e+06|1.751591920e+06|1.752630690e+06|1.749935843e+06|2.416111143e+03|2.435841011e+03|2.442757014e+03|2.422210496e+03|4.825599860e+09|5.269294586e+09|5.427228484e+09|4.968764735e+09|6.407381470e+03|6.430670410e+03|6.438816406e+03|6.414472656e+03|1.981205495e+03
7.277596679e+05|1.748114699e+06|1.750588347e+06|1.752244258e+06|1.749255896e+06|2.411539491e+03|2.429018380e+03|2.440283828e+03|2.417541021e+03|4.723554233e+09|5.114874234e+09|5.371746615e+09|4.863430704e+09|6.401976318e+03|6.422625732e+03|6.435900513e+03|6.408963867e+03|1.981205495e+03
7.323929382e+05|1.748279069e+06|1.750170267e+06|1.752127389e+06|1.749026873e+06|2.412728908e+03|2.426180661e+03|2.439487390e+03|2.414959721e+03|4.749942849e+09|5.051704689e+09|5.353264167e+09|4.807867593e+09|6.403384155e+03|6.419278320e+03|6.434964111e+03|6.405866211e+03|1.981205495e+03
7.359523494e+05|1.748076011e+06|1.750166830e+06|1.751405687e+06|1.749250242e+06|2.411259454e+03|2.426157390e+03|2.434573714e+03|2.417990018e+03|4.717324439e+09|5.051200404e+09|5.240323149e+09|4.872388143e+09|6.401643921e+03|6.419250244e+03|6.429179199e+03|6.409517578e+03|1.981205495e+03
7.391773484e+05|1.747109587e+06|1.749064068e+06|1.750782517e+06|1.747915777e+06|2.404250654e+03|2.418416432e+03|2.430337204e+03|2.407249158e+03|4.563477854e+09|4.877582380e+09|5.144440612e+09|4.634539780e+09|6.393342285e+03|6.410106201e+03|6.424181274e+03|6.396763184e+03|1.981205495e+03
7.428392847e+05|1.747954079e+06|1.749289897e+06|1.750999263e+06|1.748641848e+06|2.410377402e+03|2.420054637e+03|2.431810039e+03|2.413361916e+03|4.697812466e+09|4.914791820e+09|5.177616143e+09|4.769269863e+09|6.400601929e+03|6.412040039e+03|6.425920654e+03|6.404033203e+03|1.981205495e+03
7.469934146e+05|1.746284060e+06|1.748796180e+06|1.750353310e+06|1.747453476e+06|2.397741951e+03|2.416474291e+03|2.427422807e+03|2.403456664e+03|4.415812224e+09|4.833762025e+09|5.079294931e+09|4.550573871e+09|6.385630615e+03|6.407808838e+03|6.420745850e+03|6.392257324e+03|1.981205495e+03
7.514469122e+05|1.744240417e+06|1.748269084e+06|1.750387320e+06|1.746743167e+06|2.381217088e+03|2.412656603e+03|2.427653575e+03|2.396643202e+03|4.050689139e+09|4.748327973e+09|5.084415787e+09|4.401762283e+09|6.366007568e+03|6.403299561e+03|6.421016846e+03|6.384120605e+03|1.981205495e+03
7.562364698e+05|1.744544505e+06|1.748073336e+06|1.749476504e+06|1.746686163e+06|2.383822690e+03|2.411240080e+03|2.421409001e+03|2.397790318e+03|4.109083375e+09|4.716890623e+09|4.945725082e+09|4.423923961e+09|6.369105347e+03|6.401621338e+03|6.413641479e+03|6.385551270e+03|1.981205495e+03
7.611137396e+05|1.745057669e+06|1.746647954e+06|1.749316120e+06|1.746247533e+06|2.388023890e+03|2.400631732e+03|2.420244927e+03|2.394076651e+03|4.201563770e+09|4.481189991e+09|4.919128613e+09|4.342020512e+09|6.374100220e+03|6.389055908e+03|6.412266968e+03|6.381133789e+03|1.981205495e+03
7.647663645e+05|1.744795453e+06|1.746942491e+06|1.748821504e+06|1.745873490e+06|2.385950153e+03|2.402972896e+03|2.416657827e+03|2.390116183e+03|4.156919420e+09|4.534742355e+09|4.837888155e+09|4.256429939e+09|6.371635620e+03|6.391832520e+03|6.408027100e+03|6.376389160e+03|1.981205495e+03
7.685686771e+05|1.744350415e+06|1.746975184e+06|1.748944566e+06|1.745679905e+06|2.382159160e+03|2.403232865e+03|2.417549902e+03|2.388234065e+03|4.071693034e+09|4.540717285e+09|4.857991556e+09|4.215602139e+09|6.367130981e+03|6.392137695e+03|6.409084229e+03|6.374140625e+03|1.981205495e+03
7.711922835e+05|1.745489713e+06|1.747455215e+06|1.748453621e+06|1.746271119e+06|2.391443814e+03|2.406771461e+03|2.413992633e+03|2.394883306e+03|4.276000139e+09|4.618645310e+09|4.778113322e+09|4.359047597e+09|6.378160278e+03|6.396332764e+03|6.404877319e+03|6.382116699e+03|1.981205495e+03
7.737511157e+05|1.743392798e+06|1.746541803e+06|1.748422774e+06|1.745287908e+06|2.373965592e+03|2.399788444e+03|2.413769255e+03|2.385839488e+03|3.890978234e+09|4.462026287e+09|4.773122879e+09|4.160928801e+09|6.357384521e+03|6.388056641e+03|6.404614624e+03|6.371331055e+03|1.981205495e+03
7.765589955e+05|1.741235711e+06|1.745572507e+06|1.747565349e+06|1.744203769e+06|2.354143839e+03|2.392099451e+03|2.407567159e+03|2.375389554e+03|3.456477179e+09|4.290340013e+09|4.636034535e+09|3.932282185e+09|6.333741577e+03|6.378940918e+03|6.397274048e+03|6.358848145e+03|1.981205495e+03
7.808433705e+05|1.741128203e+06|1.745724533e+06|1.747664796e+06|1.744073281e+06|2.353119087e+03|2.393304150e+03|2.408285850e+03|2.374026198e+03|3.434570864e+09|4.316904924e+09|4.651782628e+09|3.903025004e+09|6.332516968e+03|6.380366455e+03|6.398123169e+03|6.357216309e+03|1.981205495e+03
7.895298522e+05|1.742890222e+06|1.746308812e+06|1.747849625e+06|1.744801686e+06|2.369653643e+03|2.397938377e+03|2.409622009e+03|2.379223551e+03|3.798023341e+09|4.420219151e+09|4.681150943e+09|4.017825205e+09|6.352243286e+03|6.385866943e+03|6.399706055e+03|6.363347656e+03|1.981205495e+03
7.979626266e+05|1.743192430e+06|1.745885302e+06|1.748570059e+06|1.745194680e+06|2.372254221e+03|2.394578485e+03|2.414835958e+03|2.382319491e+03|3.853982766e+09|4.345099729e+09|4.796983303e+09|4.087783880e+09|6.355341797e+03|6.381881592e+03|6.405874512e+03|6.366944824e+03|1.981205495e+03
8.012678440e+05|1.743781533e+06|1.746120824e+06|1.748736793e+06|1.745775205e+06|2.377288818e+03|2.396446508e+03|2.416043911e+03|2.389215904e+03|3.963557073e+09|4.386735972e+09|4.824087085e+09|4.236886772e+09|6.361336182e+03|6.384097412e+03|6.407304810e+03|6.375315430e+03|1.981205495e+03
8.034742194e+05|1.744882422e+06|1.746935046e+06|1.749202309e+06|1.746440901e+06|2.386637755e+03|2.402913685e+03|2.419419173e+03|2.394416414e+03|4.171672236e+09|4.533379196e+09|4.900335874e+09|4.350256805e+09|6.372451416e+03|6.391760498e+03|6.411290527e+03|6.381475098e+03|1.981205495e+03
8.051098596e+05|1.744195548e+06|1.746882932e+06|1.749456173e+06|1.745858450e+06|2.380832598e+03|2.402499325e+03|2.421251036e+03|2.387930949e+03|4.042062633e+09|4.523866154e+09|4.941988586e+09|4.211687386e+09|6.365553467e+03|6.391269043e+03|6.413455322e+03|6.373703613e+03|1.981205495e+03
8.063022343e+05|1.743723420e+06|1.746988779e+06|1.749765277e+06|1.745987229e+06|2.376791825e+03|2.403340986e+03|2.423434345e+03|2.390033193e+03|3.952654988e+09|4.543205541e+09|4.991160192e+09|4.256643696e+09|6.360747925e+03|6.392266113e+03|6.416032837e+03|6.376247559e+03|1.981205495e+03
8.074142307e+05|1.743540594e+06|1.746003383e+06|1.749142912e+06|1.745487727e+06|2.375228655e+03|2.395514917e+03|2.418988389e+03|2.385142728e+03|3.918458650e+09|4.365939727e+09|4.890575279e+09|4.149412953e+09|6.358885864e+03|6.382993408e+03|6.410783325e+03|6.370402344e+03|1.981205495e+03
8.087107661e+05|1.743858178e+06|1.746096561e+06|1.749095461e+06|1.745482454e+06|2.377946747e+03|2.396254069e+03|2.418644114e+03|2.385843520e+03|3.978600019e+09|4.382448530e+09|4.882741071e+09|4.163692722e+09|6.362118896e+03|6.383868652e+03|6.410374023e+03|6.371268555e+03|1.981205495e+03
8.101674955e+05|1.741241809e+06|1.746285838e+06|1.748425984e+06|1.744742816e+06|2.354201923e+03|2.397756009e+03|2.413792493e+03|2.377386146e+03|3.457708472e+09|4.416113449e+09|4.773641423e+09|3.981720309e+09|6.333813477e+03|6.385647949e+03|6.404639282e+03|6.360624512e+03|1.981205495e+03
8.123578720e+05|1.740459023e+06|1.744811618e+06|1.748512645e+06|1.744437834e+06|2.346502435e+03|2.386077960e+03|2.414420208e+03|2.376654233e+03|3.291543869e+09|4.159661563e+09|4.787697985e+09|3.961099391e+09|6.324605835e+03|6.371787598e+03|6.405382202e+03|6.360322266e+03|1.981205495e+03
8.260957489e+05|1.738014404e+06|1.739633715e+06|1.740791671e+06|1.740450420e+06|2.319380241e+03|2.337848700e+03|2.349914029e+03|2.338244479e+03|2.703590621e+09|3.102999688e+09|3.366873198e+09|3.123669958e+09|6.292084839e+03|6.314248535e+03|6.328685791e+03|6.313479980e+03|1.981205495e+03
8.432337842e+05|1.736147998e+06|1.738097039e+06|1.738876710e+06|1.737225957e+06|2.294850677e+03|2.320375068e+03|2.329780191e+03|2.300118520e+03|2.186611688e+09|2.724752515e+09|2.932082230e+09|2.303518828e+09|6.262534424e+03|6.293282959e+03|6.304573486e+03|6.263492676e+03|1.981205495e+03
8.453910086e+05|1.735474455e+06|1.737931567e+06|1.738403660e+06|1.736837337e+06|2.283847355e+03|2.318383340e+03|2.324069790e+03|2.294863332e+03|1.945297606e+09|2.682526526e+09|2.804625668e+09|2.191983866e+09|6.249237061e+03|6.290887939e+03|6.297722534e+03|6.259072266e+03|1.981205495e+03
8.467183753e+05|1.735772996e+06|1.737279841e+06|1.738014923e+06|1.736705307e+06|2.288752602e+03|2.310251981e+03|2.319386490e+03|2.295994989e+03|2.050222866e+09|2.510246011e+09|2.703726094e+09|2.206738114e+09|6.255171021e+03|6.281104004e+03|6.292092896e+03|6.261217285e+03|1.981205495e+03
8.476758948e+05|1.734985052e+06|1.736750512e+06|1.738011294e+06|1.736363108e+06|2.275659573e+03|2.303056354e+03|2.319342816e+03|2.289198388e+03|1.777457694e+09|2.354879964e+09|2.702801672e+09|2.070324685e+09|6.239325684e+03|6.272438965e+03|6.292040771e+03|6.249900391e+03|1.981205495e+03
8.483673474e+05|1.735163964e+06|1.736626794e+06|1.738157177e+06|1.736282835e+06|2.278756025e+03|2.301377484e+03|2.321099345e+03|2.286134752e+03|1.841562359e+09|2.319786598e+09|2.740265373e+09|2.004704123e+09|6.243076050e+03|6.270413818e+03|6.294151123e+03|6.247481934e+03|1.981205495e+03
8.490719207e+05|1.734996911e+06|1.736287484e+06|1.737760824e+06|1.736083478e+06|2.275890563e+03|2.296778906e+03|2.316329762e+03|2.283909190e+03|1.782726115e+09|2.225921987e+09|2.639589865e+09|1.958770752e+09|6.239605713e+03|6.264861572e+03|6.288419800e+03|6.237481445e+03|1.981205495e+03
8.497482167e+05|1.735025863e+06|1.736084122e+06|1.738046545e+06|1.736155496e+06|2.276454378e+03|2.293874992e+03|2.319767136e+03|2.285320623e+03|1.795503731e+09|2.165269835e+09|2.711803076e+09|1.988118766e+09|6.240288574e+03|6.261356934e+03|6.292552246e+03|6.243964355e+03|1.981205495e+03
8.504385606e+05|1.734303206e+06|1.735728576e+06|1.737659547e+06|1.735716356e+06|2.262419095e+03|2.288022234e+03|2.315112436e+03|2.276656800e+03|1.499186046e+09|2.034333565e+09|2.614420898e+09|1.805221123e+09|6.223259766e+03|6.254287109e+03|6.286952148e+03|6.229955078e+03|1.981205495e+03
8.511289151e+05|1.734426729e+06|1.735439120e+06|1.736678704e+06|1.735512954e+06|2.264812606e+03|2.283267408e+03|2.302083177e+03|2.274879802e+03|1.546625512e+09|1.933218349e+09|2.335034356e+09|1.767982329e+09|6.226169922e+03|6.248537842e+03|6.271264038e+03|6.232442383e+03|1.981205495e+03
8.517622744e+05|1.734440034e+06|1.735646040e+06|1.736969919e+06|1.735608220e+06|2.265070368e+03|2.286665461e+03|2.306036522e+03|2.279681454e+03|1.551715469e+09|2.004974271e+09|2.418263876e+09|1.862533428e+09|6.226482056e+03|6.252648926e+03|6.276028687e+03|6.240859375e+03|1.981205495e+03
8.525995880e+05|1.734015699e+06|1.735122559e+06|1.735962247e+06|1.735280599e+06|2.256187323e+03|2.278077870e+03|2.291867240e+03|2.271978612e+03|1.369614158e+09|1.828127955e+09|2.119531590e+09|1.703920022e+09|6.215685059e+03|6.242253662e+03|6.258932861e+03|6.224493652e+03|1.981205495e+03
8.537162235e+05|1.732535564e+06|1.734825918e+06|1.736058881e+06|1.734848514e+06|2.190552736e+03|2.272562983e+03|2.293437191e+03|2.256498047e+03|2.438661174e+03|1.708697366e+09|2.154934372e+09|1.380802188e+09|6.133396606e+03|6.235573730e+03|6.260827271e+03|6.192083008e+03|1.981205495e+03
8.550194397e+05|1.732525314e+06|1.734464562e+06|1.735849761e+06|1.734711539e+06|2.188794214e+03|2.265545879e+03|2.290015748e+03|2.254143815e+03|4.678245621e+02|1.561255702e+09|2.078210166e+09|1.341251861e+09|6.068460449e+03|6.227061279e+03|6.256697144e+03|6.162667969e+03|1.981205495e+03
8.706348533e+05|1.732525307e+06|1.732525315e+06|1.735661722e+06|1.734026555e+06|2.188794122e+03|2.188794214e+03|2.286923182e+03|2.231973525e+03|4.678240322e+02|4.678245621e+02|2.010519932e+09|8.838769532e+08|5.867950439e+03|6.076576416e+03|6.252960938e+03|6.009320801e+03|1.981205495e+03
9.690685307e+05|1.732525304e+06|1.732525308e+06|1.732525313e+06|1.732577735e+06|2.188794080e+03|2.188794143e+03|2.188794167e+03|2.190076228e+03|4.678237911e+02|4.678241537e+02|4.678242889e+02|2.641162898e+07|5.747136963e+03|5.908308838e+03|5.946794189e+03|5.858432617e+03|1.981205495e+03
1.035237047e+06|1.732525296e+06|1.732525307e+06|1.732525311e+06|1.732525301e+06|2.188794014e+03|2.188794118e+03|2.188794167e+03|2.188795069e+03|4.678234135e+02|4.678240067e+02|4.678242889e+02|4.703484139e+02|5.599943726e+03|5.825285400e+03|5.939515381e+03|5.571200195e+03|1.981205495e+03
1.287335110e+06|1.732525251e+06|1.732525255e+06|1.732525278e+06|1.732525265e+06|2.188792564e+03|2.188792644e+03|2.188793262e+03|2.188792898e+03|4.678150861e+02|4.678155466e+02|4.678190956e+02|4.678170048e+02|3.547996338e+03|3.624638916e+03|4.308557617e+03|3.968995117e+03|1.981205495e+03
9.004611625e+05|3.144656582e+06|3.148729571e+06|3.156102213e+06|3.155050316e+06|2.400581467e+03|2.408957472e+03|2.424165793e+03|2.419577465e+03|4.980435346e+09|5.181728923e+09|5.562140429e+09|5.471557063e+09|3.206787048e+03|3.214818115e+03|3.229376709e+03|3.225427490e+03|2.950992182e+03
9.073282436e+05|3.143852626e+06|3.146767169e+06|3.148816611e+06|3.146059067e+06|2.398930316e+03|2.404919554e+03|2.409136672e+03|2.403374992e+03|4.941434694e+09|5.083968222e+09|5.186100002e+09|5.048281805e+09|3.205204163e+03|3.210947021e+03|3.214989258e+03|3.209475098e+03|2.950992182e+03
9.089495085e+05|3.145602036e+06|3.147542350e+06|3.150134924e+06|3.147891205e+06|2.402524137e+03|2.406514087e+03|2.411851801e+03|2.407168767e+03|5.026607584e+09|5.122411295e+09|5.252634334e+09|5.141123212e+09|3.208651001e+03|3.212476685e+03|3.217589844e+03|3.213112305e+03|2.950992182e+03
9.104493804e+05|3.145404461e+06|3.148247014e+06|3.150255823e+06|3.147869202e+06|2.402118089e+03|2.407964147e+03|2.412100895e+03|2.407055516e+03|5.016931353e+09|5.157554362e+09|5.258769242e+09|5.138482682e+09|3.208262268e+03|3.213866211e+03|3.217827515e+03|3.213013428e+03|2.950992182e+03
9.118470147e+05|3.144745837e+06|3.146469729e+06|3.148640591e+06|3.146659334e+06|2.400764822e+03|2.404307897e+03|2.408774292e+03|2.404605100e+03|4.984780189e+09|5.069275795e+09|5.177264717e+09|5.078326787e+09|3.206963745e+03|3.210360107e+03|3.214641724e+03|3.210657715e+03|2.950992182e+03
9.131979173e+05|3.143492620e+06|3.146508558e+06|3.148128523e+06|3.145542127e+06|2.398191177e+03|2.404387738e+03|2.407720279e+03|2.402220470e+03|4.924048918e+09|5.071191739e+09|5.151632116e+09|5.020716880e+09|3.204493896e+03|3.210436646e+03|3.213631958e+03|3.208378174e+03|2.950992182e+03
9.146506274e+05|3.143107832e+06|3.145043502e+06|3.147077062e+06|3.144951142e+06|2.397401310e+03|2.401376375e+03|2.405556918e+03|2.401005187e+03|4.905518244e+09|4.999292185e+09|5.099308969e+09|4.992054476e+09|3.203736938e+03|3.207549927e+03|3.211557922e+03|3.207212891e+03|2.950992182e+03
9.222686109e+05|3.140244115e+06|3.143786286e+06|3.146939587e+06|3.142212675e+06|2.391136084e+03|2.398794100e+03|2.405274153e+03|2.394679480e+03|4.756200068e+09|4.938227249e+09|5.092498373e+09|4.842404394e+09|3.197770508e+03|3.205072144e+03|3.211286194e+03|3.201216797e+03|2.950992182e+03
9.580550585e+05|3.113450645e+06|3.121660138e+06|3.128247285e+06|3.120727037e+06|2.318344508e+03|2.343222602e+03|2.361809318e+03|2.338109583e+03|3.096847718e+09|3.643186372e+09|4.073882079e+09|3.542964898e+09|3.129212219e+03|3.152653687e+03|3.170147156e+03|3.148091553e+03|2.950992182e+03
9.618618124e+05|3.113380364e+06|3.116625930e+06|3.119535611e+06|3.117306775e+06|2.318086720e+03|2.328502038e+03|2.337001827e+03|2.329585465e+03|3.090801869e+09|3.321081432e+09|3.504195476e+09|3.346589747e+09|3.128968811e+03|3.138781250e+03|3.146795227e+03|3.139802490e+03|2.950992182e+03
9.641380230e+05|3.113211697e+06|3.116639527e+06|3.119869906e+06|3.116509242e+06|2.317468172e+03|2.328541696e+03|2.337979852e+03|2.326432533e+03|3.076343416e+09|3.321915258e+09|3.525766491e+09|3.274084503e+09|3.128387207e+03|3.138818970e+03|3.147717346e+03|3.136955078e+03|2.950992182e+03
9.659690504e+05|3.113739783e+06|3.116949035e+06|3.120164758e+06|3.116920563e+06|2.319405247e+03|2.329444770e+03|2.338842733e+03|2.328148242e+03|3.121804937e+09|3.341014199e+09|3.544884217e+09|3.315259577e+09|3.130207886e+03|3.139669800e+03|3.148528992e+03|3.138447754e+03|2.950992182e+03
9.679336492e+05|3.112620356e+06|3.116486689e+06|3.118898973e+06|3.115725029e+06|2.315300622e+03|2.328095855e+03|2.335140112e+03|2.324073507e+03|3.026119954e+09|3.312520878e+09|3.463426641e+09|3.215008801e+09|3.126348633e+03|3.138397461e+03|3.145039062e+03|3.134607422e+03|2.950992182e+03
9.701385097e+05|3.111511919e+06|3.116361061e+06|3.119250890e+06|3.114568596e+06|2.311241981e+03|2.327729510e+03|2.336169083e+03|2.318879870e+03|2.933860225e+09|3.304842135e+09|3.485912657e+09|3.101171088e+09|3.122527710e+03|3.138053955e+03|3.146010437e+03|3.128907715e+03|2.950992182e+03
9.739155136e+05|3.111186251e+06|3.115231097e+06|3.118631181e+06|3.112574974e+06|2.310050605e+03|2.324435618e+03|2.334357332e+03|2.311033898e+03|2.907221955e+09|3.236197361e+09|3.446393461e+09|2.931696219e+09|3.121406128e+03|3.134945190e+03|3.144301147e+03|3.122806641e+03|2.950992182e+03
9.954005292e+05|3.117310796e+06|3.121195460e+06|3.124968525e+06|3.120996842e+06|2.330500596e+03|2.341860923e+03|2.352934277e+03|2.340225831e+03|3.363439968e+09|3.612393422e+09|3.868767790e+09|3.584380444e+09|3.140666504e+03|3.151371460e+03|3.161791870e+03|3.149824951e+03|2.950992182e+03
1.005250681e+06|3.117645124e+06|3.121763649e+06|3.123757759e+06|3.120977157e+06|2.331476691e+03|2.343525983e+03|2.349376635e+03|2.340676846e+03|3.384283311e+09|3.650066853e+09|3.784895453e+09|3.584958970e+09|3.141587891e+03|3.152939575e+03|3.158444458e+03|3.150248779e+03|2.950992182e+03
1.009706205e+06|3.117598877e+06|3.120331666e+06|3.122882079e+06|3.120256690e+06|2.331341656e+03|2.339331316e+03|2.346806084e+03|2.338589686e+03|3.381395330e+09|3.555754007e+09|3.725184650e+09|3.544445800e+09|3.141458740e+03|3.148990112e+03|3.156026245e+03|3.148286865e+03|2.950992182e+03
1.013222573e+06|3.116958008e+06|3.119698943e+06|3.122537925e+06|3.119397503e+06|2.329470935e+03|2.337479639e+03|2.345796398e+03|2.336272466e+03|3.341562239e+09|3.514721268e+09|3.701934511e+09|3.482261849e+09|3.139694458e+03|3.147244995e+03|3.155076721e+03|3.146102295e+03|2.950992182e+03
1.016604619e+06|3.114616882e+06|3.118099205e+06|3.121648423e+06|3.117956346e+06|2.322625383e+03|2.332802898e+03|2.343188246e+03|2.331522297e+03|3.198586418e+09|3.412766344e+09|3.642400593e+09|3.388565855e+09|3.133236511e+03|3.142836670e+03|3.152620911e+03|3.141627930e+03|2.950992182e+03
1.020946623e+06|3.113467295e+06|3.117354865e+06|3.121638072e+06|3.117141600e+06|2.318405575e+03|2.330629254e+03|2.343157908e+03|2.328775096e+03|3.098276863e+09|3.366186030e+09|3.641712492e+09|3.314511291e+09|3.129268616e+03|3.140787720e+03|3.152593140e+03|3.139038086e+03|2.950992182e+03
1.029346937e+06|3.112051824e+06|3.115867805e+06|3.122494611e+06|3.117020821e+06|2.313218200e+03|2.326291209e+03|2.345669423e+03|2.327720157e+03|2.978500424e+09|3.274723468e+09|3.699046129e+09|3.294081680e+09|3.124386963e+03|3.136696777e+03|3.154956116e+03|3.138043945e+03|2.950992182e+03
1.040752825e+06|3.111792233e+06|3.114369409e+06|3.122113171e+06|3.116162323e+06|2.312267828e+03|2.321716461e+03|2.344550720e+03|2.324761285e+03|2.956955776e+09|3.176759698e+09|3.673418327e+09|3.249434629e+09|3.123494080e+03|3.132383179e+03|3.153904907e+03|3.135643066e+03|2.950992182e+03
1.047785349e+06|3.111643753e+06|3.113891392e+06|3.117439463e+06|3.114167329e+06|2.311724413e+03|2.319961603e+03|2.330876212e+03|2.319332389e+03|2.944708560e+09|3.134962943e+09|3.371448635e+09|3.090939252e+09|3.122983398e+03|3.130732788e+03|3.141020447e+03|3.130142578e+03|2.950992182e+03
1.052019392e+06|3.112747048e+06|3.114159592e+06|3.117018934e+06|3.114220938e+06|2.315764887e+03|2.320946064e+03|2.329648733e+03|2.319853239e+03|3.036826236e+09|3.158354695e+09|3.345332316e+09|3.091379001e+09|3.126785217e+03|3.131657593e+03|3.139863831e+03|3.130630859e+03|2.950992182e+03
1.055878581e+06|3.111303374e+06|3.114003428e+06|3.116288448e+06|3.113558298e+06|2.310479003e+03|2.320372802e+03|2.327517672e+03|2.317573471e+03|2.916772620e+09|3.144715974e+09|3.300372671e+09|3.081398979e+09|3.121810120e+03|3.131119141e+03|3.137852051e+03|3.128485352e+03|2.950992182e+03
1.059215141e+06|3.110988964e+06|3.113964065e+06|3.116564195e+06|3.113013362e+06|2.309329099e+03|2.320228340e+03|2.328321938e+03|2.314813794e+03|2.891178480e+09|3.141294032e+09|3.317281990e+09|3.030520645e+09|3.120727722e+03|3.130982788e+03|3.138611145e+03|3.126484619e+03|2.950992182e+03
1.063761651e+06|3.110963902e+06|3.113328249e+06|3.116590303e+06|3.113820588e+06|2.309237496e+03|2.317895594e+03|2.328398099e+03|2.318442172e+03|2.889162874e+09|3.086330966e+09|3.318887548e+09|3.099713967e+09|3.120641174e+03|3.128789429e+03|3.138684692e+03|3.129304932e+03|2.950992182e+03
1.070979335e+06|3.110368452e+06|3.112497993e+06|3.115056851e+06|3.111526191e+06|2.307061092e+03|2.314852286e+03|2.323927973e+03|2.309772951e+03|2.841263492e+09|3.015808640e+09|3.225712728e+09|2.895156336e+09|3.118589722e+03|3.125925903e+03|3.134465027e+03|3.121335938e+03|2.950992182e+03
1.082422849e+06|3.107300775e+06|3.111144113e+06|3.113857869e+06|3.110262774e+06|2.295874677e+03|2.309896476e+03|2.319838575e+03|2.304825571e+03|2.605287927e+09|2.903785574e+09|3.132049827e+09|2.788849470e+09|3.108045837e+03|3.121261475e+03|3.130616516e+03|3.116872559e+03|2.950992182e+03
1.090207600e+06|3.109447626e+06|3.112943799e+06|3.115213697e+06|3.111291282e+06|2.303698560e+03|2.316486034e+03|2.324384900e+03|2.308536375e+03|2.768506204e+09|3.053519440e+09|3.235142028e+09|2.886899222e+09|3.115421631e+03|3.127462769e+03|3.134896118e+03|3.120318848e+03|2.950992182e+03
1.094474030e+06|3.109783477e+06|3.112757857e+06|3.115448299e+06|3.112051091e+06|2.304924459e+03|2.315804475e+03|2.325068465e+03|2.311254395e+03|2.794830618e+09|3.037731070e+09|3.249285832e+09|2.943938976e+09|3.116578979e+03|3.126822021e+03|3.135541260e+03|3.123133057e+03|2.950992182e+03
1.098259247e+06|3.108941427e+06|3.112136554e+06|3.114390175e+06|3.111414254e+06|2.301851743e+03|2.313528429e+03|2.321792724e+03|2.309791841e+03|2.729190716e+09|2.985543944e+09|3.178587613e+09|2.884365311e+09|3.113682739e+03|3.124681030e+03|3.132453369e+03|3.121151611e+03|2.950992182e+03
1.101856933e+06|3.108095933e+06|3.110949638e+06|3.113524386e+06|3.110396831e+06|2.298769714e+03|2.309185300e+03|2.318615001e+03|2.306089633e+03|2.664612864e+09|2.887990045e+09|3.103196298e+09|2.817485076e+09|3.110776062e+03|3.120590942e+03|3.129465454e+03|3.117938965e+03|2.950992182e+03
1.105564813e+06|3.108796753e+06|3.111329955e+06|3.113103150e+06|3.110439376e+06|2.301324140e+03|2.310576240e+03|2.317070173e+03|2.306282600e+03|2.718046905e+09|2.918946217e+09|3.067070805e+09|2.826714465e+09|3.113185852e+03|3.121900269e+03|3.128013672e+03|3.118122803e+03|2.950992182e+03
1.111621794e+06|3.106768587e+06|3.110270368e+06|3.113052987e+06|3.109311938e+06|2.293938153e+03|2.306702666e+03|2.316886284e+03|2.302666241e+03|2.566012611e+09|2.833405816e+09|3.062802030e+09|2.685412546e+09|3.106218689e+03|3.118252197e+03|3.127839783e+03|3.114438477e+03|2.950992182e+03
1.119895229e+06|3.104679308e+06|3.109761446e+06|3.111568758e+06|3.108300126e+06|2.286003283e+03|2.304844018e+03|2.311449966e+03|2.298685393e+03|2.403656987e+09|2.793094261e+09|2.938532524e+09|2.613510205e+09|3.098732910e+03|3.116502319e+03|3.122724609e+03|3.110833740e+03|2.950992182e+03
1.128944963e+06|3.105999602e+06|3.109159314e+06|3.111379660e+06|3.108179705e+06|2.291142306e+03|2.302646513e+03|2.310758083e+03|2.298413979e+03|2.510178635e+09|2.746044216e+09|2.923016618e+09|2.635352817e+09|3.103580750e+03|3.114430908e+03|3.122073181e+03|3.110791016e+03|2.950992182e+03
1.134792282e+06|3.108208627e+06|3.110975137e+06|3.112231450e+06|3.109367465e+06|2.299180361e+03|2.309278574e+03|2.313875948e+03|2.302981791e+03|2.673160266e+09|2.890071402e+09|2.993464642e+09|2.734626182e+09|3.111163696e+03|3.120679199e+03|3.125006714e+03|3.114738037e+03|2.950992182e+03
1.138980500e+06|3.106415562e+06|3.109231442e+06|3.111320231e+06|3.108390092e+06|2.292654145e+03|2.302909651e+03|2.310540668e+03|2.299625544e+03|2.540188367e+09|2.751640238e+09|2.918151759e+09|2.664733352e+09|3.105006042e+03|3.114678711e+03|3.121866699e+03|3.111575928e+03|2.950992182e+03
1.143399980e+06|3.105915252e+06|3.109555827e+06|3.111148218e+06|3.108581625e+06|2.290835814e+03|2.304093412e+03|2.309911486e+03|2.299908514e+03|2.504127027e+09|2.776948964e+09|2.904117734e+09|2.651235155e+09|3.103289795e+03|3.115795288e+03|3.121276245e+03|3.111994141e+03|2.950992182e+03
1.147143634e+06|3.106137891e+06|3.108912275e+06|3.111112563e+06|3.108264723e+06|2.291644852e+03|2.301745409e+03|2.309781088e+03|2.298663316e+03|2.520126647e+09|2.726936580e+09|2.901216404e+09|2.639333302e+09|3.104053955e+03|3.113582153e+03|3.121151367e+03|3.110668945e+03|2.950992182e+03
1.151576854e+06|3.104841657e+06|3.108860883e+06|3.111011869e+06|3.107445007e+06|2.286795444e+03|2.301557990e+03|2.309412874e+03|2.294930904e+03|2.422754923e+09|2.722977393e+09|2.893043640e+09|2.513550300e+09|3.099477234e+03|3.113404297e+03|3.120804932e+03|3.107455078e+03|2.950992182e+03
1.157730722e+06|3.104266799e+06|3.106961272e+06|3.109329705e+06|3.106490203e+06|2.283991647e+03|2.294638822e+03|2.303268194e+03|2.291892551e+03|2.355782329e+09|2.580046149e+09|2.759289240e+09|2.496848350e+09|3.096839172e+03|3.106879761e+03|3.115017151e+03|3.104286621e+03|2.950992182e+03
1.164802213e+06|3.102886163e+06|3.106082660e+06|3.109402269e+06|3.105148378e+06|2.277269724e+03|2.291444111e+03|2.303532980e+03|2.286508460e+03|2.201602889e+09|2.516142163e+09|2.764943208e+09|2.328302867e+09|3.090506775e+03|3.103864502e+03|3.115267029e+03|3.099448975e+03|2.950992182e+03
1.172806395e+06|3.104295758e+06|3.107358797e+06|3.109827540e+06|3.106045805e+06|2.284132842e+03|2.296085364e+03|2.305085337e+03|2.290513415e+03|2.359129993e+09|2.609394432e+09|2.798301740e+09|2.416500312e+09|3.096971313e+03|3.108244995e+03|3.116728394e+03|3.103019287e+03|2.950992182e+03
1.178055370e+06|3.105321629e+06|3.107656658e+06|3.110032314e+06|3.106887070e+06|2.288679838e+03|2.297169823e+03|2.305833112e+03|2.293958648e+03|2.461915471e+09|2.631616056e+09|2.814487749e+09|2.541095790e+09|3.101254089e+03|3.109267944e+03|3.117432800e+03|3.106235840e+03|2.950992182e+03
1.182591959e+06|3.105166341e+06|3.107302683e+06|3.109259301e+06|3.106143954e+06|2.288116140e+03|2.295881121e+03|2.303011294e+03|2.291255897e+03|2.450984875e+09|2.605231967e+09|2.753805556e+09|2.430702471e+09|3.100723328e+03|3.108050903e+03|3.114774597e+03|3.103697754e+03|2.950992182e+03
1.186673255e+06|3.103154720e+06|3.106522797e+06|3.108116873e+06|3.105054379e+06|2.278576097e+03|2.293044024e+03|2.298845998e+03|2.286752463e+03|2.230959588e+09|2.547973532e+09|2.666193323e+09|2.334497617e+09|3.091737000e+03|3.105374023e+03|3.110848694e+03|3.099440674e+03|2.950992182e+03
1.191058559e+06|3.102734530e+06|3.105781504e+06|3.108298865e+06|3.104765852e+06|2.276532509e+03|2.290349912e+03|2.299509138e+03|2.285557324e+03|2.185235375e+09|2.494561038e+09|2.679986818e+09|2.346748729e+09|3.089812073e+03|3.102831421e+03|3.111472961e+03|3.098467529e+03|2.950992182e+03
1.195922465e+06|3.103133326e+06|3.105768130e+06|3.108128099e+06|3.105262164e+06|2.278471853e+03|2.290301338e+03|2.298886897e+03|2.287246601e+03|2.228527912e+09|2.493609407e+09|2.667042046e+09|2.375407808e+09|3.091640564e+03|3.102786499e+03|3.110887207e+03|3.100000732e+03|2.950992182e+03
1.200805261e+06|3.102558947e+06|3.104909719e+06|3.107607439e+06|3.104159408e+06|2.275679080e+03|2.287127565e+03|2.296990536e+03|2.282817912e+03|2.166404760e+09|2.430774098e+09|2.627907459e+09|2.250281704e+09|3.089007568e+03|3.099790039e+03|3.109097534e+03|3.095888184e+03|2.950992182e+03
1.207914378e+06|3.101952844e+06|3.104015846e+06|3.106481803e+06|3.103636327e+06|2.272735200e+03|2.282768588e+03|2.292895009e+03|2.279654321e+03|2.102513621e+09|2.327073301e+09|2.545007974e+09|2.244257354e+09|3.086232849e+03|3.095687256e+03|3.105233887e+03|3.093228760e+03|2.950992182e+03
1.214864509e+06|3.103037803e+06|3.104992447e+06|3.107046296e+06|3.104597177e+06|2.278007196e+03|2.287461427e+03|2.294948121e+03|2.284583011e+03|2.218088154e+09|2.437867003e+09|2.586287674e+09|2.327011641e+09|3.091202881e+03|3.100105103e+03|3.107172119e+03|3.097396240e+03|2.950992182e+03
1.220169885e+06|3.102797562e+06|3.105314727e+06|3.106545884e+06|3.104305470e+06|2.276838926e+03|2.288654782e+03|2.293127971e+03|2.283881758e+03|2.192021045e+09|2.461428915e+09|2.549652641e+09|2.292443224e+09|3.090100281e+03|3.101231445e+03|3.105454224e+03|3.096733398e+03|2.950992182e+03
1.224489145e+06|3.101732779e+06|3.105054622e+06|3.106745694e+06|3.103325715e+06|2.271667125e+03|2.287710625e+03|2.293854604e+03|2.279679328e+03|2.079729897e+09|2.443131346e+09|2.564227126e+09|2.170948689e+09|3.085224670e+03|3.100339478e+03|3.106140747e+03|3.093170410e+03|2.950992182e+03
1.228808404e+06|3.102316491e+06|3.103912253e+06|3.105622093e+06|3.103166262e+06|2.274501062e+03|2.282263848e+03|2.289770888e+03|2.278338118e+03|2.140639022e+09|2.315300075e+09|2.483202608e+09|2.114556900e+09|3.087897705e+03|3.095211304e+03|3.102284973e+03|3.091514160e+03|2.950992182e+03
1.233529073e+06|3.101665268e+06|3.103706365e+06|3.105978676e+06|3.102739474e+06|2.271339552e+03|2.281261030e+03|2.291066267e+03|2.276930726e+03|2.072786543e+09|2.292085450e+09|2.508675898e+09|2.121531079e+09|3.084917480e+03|3.094266479e+03|3.103508057e+03|3.090687256e+03|2.950992182e+03
1.238150513e+06|3.101655303e+06|3.103639454e+06|3.105129675e+06|3.102632311e+06|2.271291207e+03|2.280935194e+03|2.287983032e+03|2.277090419e+03|2.071765999e+09|2.284578593e+09|2.448400086e+09|2.155722123e+09|3.084870605e+03|3.093959717e+03|3.100596313e+03|3.090547852e+03|2.950992182e+03
1.242864622e+06|3.099726233e+06|3.102739836e+06|3.104650186e+06|3.101421020e+06|2.261948149e+03|2.276558297e+03|2.285861220e+03|2.271314128e+03|1.881914006e+09|2.185803067e+09|2.400250012e+09|1.975924934e+09|3.076054382e+03|3.089836060e+03|3.098598206e+03|3.085476807e+03|2.950992182e+03
1.249083833e+06|3.100126892e+06|3.102811551e+06|3.104452614e+06|3.101290627e+06|2.263885970e+03|2.276906943e+03|2.284897604e+03|2.270788871e+03|1.920020689e+09|2.193532266e+09|2.377241402e+09|1.951995407e+09|3.077882202e+03|3.090165405e+03|3.097691345e+03|3.084953857e+03|2.950992182e+03
1.255122772e+06|3.100590752e+06|3.103065945e+06|3.104397593e+06|3.100918672e+06|2.266131230e+03|2.278144079e+03|2.284629304e+03|2.269217960e+03|1.964996941e+09|2.221158938e+09|2.370866693e+09|1.919641652e+09|3.080002991e+03|3.091330444e+03|3.097438416e+03|3.084215820e+03|2.950992182e+03
1.261421283e+06|3.099814104e+06|3.102786146e+06|3.104262778e+06|3.100136556e+06|2.262373026e+03|2.276783452e+03|2.283972071e+03|2.266400381e+03|1.890214857e+09|2.190803440e+09|2.355334357e+09|1.828247486e+09|3.076456055e+03|3.090048218e+03|3.096818848e+03|3.081784424e+03|2.950992182e+03
1.265936590e+06|3.100306516e+06|3.103224833e+06|3.104362842e+06|3.101566588e+06|2.264755201e+03|2.278917107e+03|2.284459867e+03|2.272763219e+03|1.937331997e+09|2.238599144e+09|2.366848449e+09|2.003694339e+09|3.078703613e+03|3.092057983e+03|3.097278015e+03|3.086555420e+03|2.950992182e+03
1.269783232e+06|3.100164648e+06|3.102212151e+06|3.103849037e+06|3.101401362e+06|2.264068649e+03|2.273994268e+03|2.281955903e+03|2.271206752e+03|1.923646924e+09|2.129636591e+09|2.308149555e+09|1.927534456e+09|3.078056824e+03|3.087419922e+03|3.094921082e+03|3.084987549e+03|2.950992182e+03
1.273948268e+06|3.099892339e+06|3.102404757e+06|3.103747863e+06|3.100648688e+06|2.262751379e+03|2.274929855e+03|2.281463125e+03|2.268919379e+03|1.897638307e+09|2.149985757e+09|2.296748061e+09|1.895189171e+09|3.076811890e+03|3.088301636e+03|3.094457947e+03|3.082909424e+03|2.950992182e+03
1.278813022e+06|3.099302979e+06|3.101217159e+06|3.103081222e+06|3.099815958e+06|2.259902576e+03|2.269166271e+03|2.278218391e+03|2.264971352e+03|1.842391193e+09|2.027210453e+09|2.222827763e+09|1.750777916e+09|3.074122681e+03|3.082866211e+03|3.091399963e+03|3.079203369e+03|2.950992182e+03
1.283819317e+06|3.098438024e+06|3.100773939e+06|3.102654133e+06|3.099138948e+06|2.255727332e+03|2.267018507e+03|2.276141694e+03|2.261786370e+03|1.763991192e+09|1.983044931e+09|2.176589958e+09|1.656671774e+09|3.070178040e+03|3.080839355e+03|3.089443848e+03|3.076333740e+03|2.950992182e+03
1.289325360e+06|3.098269906e+06|3.100121912e+06|3.102447685e+06|3.098592339e+06|2.254916453e+03|2.263861881e+03|2.275138424e+03|2.259434823e+03|1.749049667e+09|1.919546287e+09|2.154545182e+09|1.601897246e+09|3.069409973e+03|3.077859375e+03|3.088498413e+03|3.074030518e+03|2.950992182e+03
1.295417578e+06|3.097490459e+06|3.099892499e+06|3.101857840e+06|3.098298038e+06|2.251902147e+03|2.262752140e+03|2.272274054e+03|2.258028624e+03|1.395986111e+09|1.897647126e+09|2.092652889e+09|1.525168571e+09|3.066561646e+03|3.076812622e+03|3.085797119e+03|3.073237549e+03|2.950992182e+03
1.301579527e+06|3.096705933e+06|3.099635475e+06|3.101455832e+06|3.098044493e+06|2.249977803e+03|2.261509421e+03|2.270323588e+03|2.257361595e+03|5.477909093e+08|1.873393524e+09|2.051373004e+09|1.488755797e+09|3.064747009e+03|3.075638794e+03|3.083958923e+03|3.072393066e+03|2.950992182e+03
1.306804658e+06|3.094044183e+06|3.100368373e+06|3.101716062e+06|3.097500127e+06|2.244348422e+03|2.265054592e+03|2.271586007e+03|2.256621431e+03|2.315641245e+07|1.943317732e+09|2.078008604e+09|1.433324579e+09|3.059436890e+03|3.078986328e+03|3.085147705e+03|3.072077148e+03|2.950992182e+03
1.311223432e+06|3.097958105e+06|3.100512017e+06|3.101670091e+06|3.098504773e+06|2.253413274e+03|2.265749985e+03|2.271362961e+03|2.260080601e+03|1.721669823e+09|1.957294250e+09|2.073287132e+09|1.579591184e+09|3.067990967e+03|3.079643799e+03|3.084939697e+03|3.074686768e+03|2.950992182e+03
1.314634765e+06|3.096691301e+06|3.100328205e+06|3.101698702e+06|3.097697427e+06|2.249946869e+03|2.264860168e+03|2.271501772e+03|2.254711417e+03|5.571791913e+08|1.939424701e+09|2.076222002e+09|1.493800451e+09|3.064716675e+03|3.078803589e+03|3.085068970e+03|3.071019775e+03|2.950992182e+03
1.318401140e+06|3.096723869e+06|3.099477414e+06|3.101268750e+06|3.097889538e+06|2.250015771e+03|2.260745431e+03|2.269416389e+03|2.257831678e+03|5.609496152e+08|1.858592708e+09|2.032411843e+09|1.460720473e+09|3.064781677e+03|3.074917236e+03|3.083102661e+03|3.072414062e+03|2.950992182e+03
1.322684466e+06|3.091400799e+06|3.098373147e+06|3.100860873e+06|3.095568901e+06|2.238767047e+03|2.255414245e+03|2.267439610e+03|2.247538814e+03|1.001170841e+06|1.758149023e+09|1.991624793e+09|1.189253428e+09|3.054166138e+03|3.069880737e+03|3.081238159e+03|3.064564453e+03|2.950992182e+03
1.327377133e+06|3.092353567e+06|3.098033405e+06|3.099881095e+06|3.095408554e+06|2.240777745e+03|2.253776254e+03|2.262697023e+03|2.246622494e+03|3.189287825e+06|1.728265627e+09|1.896582608e+09|1.128766191e+09|3.056064514e+03|3.068332764e+03|3.076760437e+03|3.063575195e+03|2.950992182e+03
1.332418708e+06|3.089041175e+06|3.098100196e+06|3.099699086e+06|3.094570319e+06|2.233792532e+03|2.254098238e+03|2.261816904e+03|2.243835541e+03|6.098801240e+04|1.734124696e+09|1.879359352e+09|1.023219808e+09|3.049465088e+03|3.068636108e+03|3.075929504e+03|3.061032227e+03|2.950992182e+03
1.338390408e+06|3.089717834e+06|3.095766465e+06|3.099587766e+06|3.094167781e+06|2.235218321e+03|2.247989841e+03|2.261278769e+03|2.243436778e+03|1.379050659e+05|1.779699330e+08|1.868902601e+09|8.593460477e+08|3.050813110e+03|3.062872070e+03|3.075422363e+03|3.059960693e+03|2.950992182e+03
1.344325824e+06|3.089272310e+06|3.095123972e+06|3.098930049e+06|3.093204421e+06|2.234279487e+03|2.246630964e+03|2.258101533e+03|2.238075117e+03|8.039522154e+04|8.306153623e+07|1.808186631e+09|7.538749829e+08|3.049926147e+03|3.061589478e+03|3.072419495e+03|3.055835205e+03|2.950992182e+03
1.349942963e+06|3.090378585e+06|3.095497159e+06|3.098713090e+06|3.093844146e+06|2.236611236e+03|2.247420195e+03|2.257054294e+03|2.241102004e+03|3.239380564e+05|1.298481007e+08|1.788546154e+09|7.998347758e+08|3.052129578e+03|3.062334839e+03|3.071431824e+03|3.058530518e+03|2.950992182e+03
1.354642347e+06|3.087581375e+06|3.095440080e+06|3.098292703e+06|3.092869169e+06|2.230718641e+03|2.247299466e+03|2.255026293e+03|2.237656529e+03|1.075298600e+04|1.208278622e+08|1.751023609e+09|7.281977989e+08|3.046558533e+03|3.062220337e+03|3.069515320e+03|3.056096680e+03|2.950992182e+03
1.359536140e+06|3.087370438e+06|3.093726023e+06|3.097891318e+06|3.092258200e+06|2.230274703e+03|2.243676156e+03|2.253091414e+03|2.235266518e+03|8.369553403e+03|1.580797052e+07|1.715858440e+09|6.487622804e+08|3.046140320e+03|3.058800415e+03|3.067686462e+03|3.053512695e+03|2.950992182e+03
1.364218576e+06|3.081739243e+06|3.091583142e+06|3.096830018e+06|3.090320266e+06|2.218444748e+03|2.239151762e+03|2.250240449e+03|2.229594020e+03|1.069064905e+01|1.242878032e+06|6.281445959e+08|4.589217067e+08|3.034942749e+03|3.054529053e+03|3.064993469e+03|3.048933105e+03|2.950992182e+03
1.368174972e+06|3.080928646e+06|3.089159847e+06|3.097323857e+06|3.089822279e+06|2.214084495e+03|2.234042549e+03|2.251285976e+03|2.223779245e+03|3.980324831e+00|7.100856637e+04|1.130815885e+09|4.889939072e+08|3.032265442e+03|3.049700928e+03|3.065981201e+03|3.044418945e+03|2.950992182e+03
1.372527377e+06|3.084513636e+06|3.092411313e+06|3.099274550e+06|3.092004631e+06|2.224268016e+03|2.240899618e+03|2.259765234e+03|2.232268991e+03|2.894056537e+02|3.322871635e+06|1.839762869e+09|7.920474340e+08|3.040456482e+03|3.056178955e+03|3.073992859e+03|3.051985352e+03|2.950992182e+03
1.376225600e+06|3.087215713e+06|3.092822194e+06|3.098089917e+06|3.091964672e+06|2.229949112e+03|2.241767126e+03|2.254048594e+03|2.232838216e+03|7.009880160e+03|5.471662446e+06|1.733181463e+09|6.221170054e+08|3.045830811e+03|3.056998535e+03|3.068589539e+03|3.051469727e+03|2.950992182e+03
1.379922163e+06|3.086434185e+06|3.095391060e+06|3.099110726e+06|3.092761427e+06|2.228305024e+03|2.247195825e+03|2.258973944e+03|2.235615286e+03|2.912396893e+03|1.181842003e+08|1.824683756e+09|8.499972652e+08|3.044275879e+03|3.062122314e+03|3.073243713e+03|3.054513428e+03|2.950992182e+03
1.384045162e+06|3.080928646e+06|3.088566188e+06|3.097867718e+06|3.089660825e+06|2.210975591e+03|2.232792075e+03|2.252977717e+03|2.223543819e+03|3.980324831e+00|3.569320393e+04|1.713819036e+09|5.212718812e+08|3.031014526e+03|3.048519165e+03|3.067578125e+03|3.043703125e+03|2.950992182e+03
1.389197745e+06|3.080928646e+06|3.087804736e+06|3.094845576e+06|3.088584599e+06|2.211439668e+03|2.231188793e+03|2.246042324e+03|2.216832037e+03|3.980324831e+00|1.405294457e+04|5.980159517e+07|3.680422498e+08|3.031202026e+03|3.047004395e+03|3.061034851e+03|3.040071777e+03|2.950992182e+03
1.394591123e+06|3.080928646e+06|3.087217172e+06|3.093435691e+06|3.087983186e+06|2.190005952e+03|2.229952175e+03|2.243062829e+03|2.213903181e+03|3.980324831e+00|6.979652892e+03|1.146922048e+07|2.625008705e+08|3.022558899e+03|3.045834351e+03|3.058222961e+03|3.037428711e+03|2.950992182e+03
1.399391490e+06|3.080928646e+06|3.086624615e+06|3.092880683e+06|3.087410767e+06|2.198511327e+03|2.228705523e+03|2.241890623e+03|2.214300635e+03|3.980324831e+00|3.508138314e+03|5.796765273e+06|2.106717828e+08|3.025995422e+03|3.044654541e+03|3.057116028e+03|3.037772217e+03|2.950992182e+03
1.404100539e+06|3.080928646e+06|3.083722578e+06|3.090485957e+06|3.086307295e+06|2.165191376e+03|2.222606636e+03|2.236837530e+03|2.206020768e+03|3.980324831e+00|1.158932334e+02|3.379760341e+05|1.438152081e+08|3.012475586e+03|3.038884399e+03|3.052343689e+03|3.030920410e+03|2.950992182e+03
1.409619239e+06|3.080928646e+06|3.082837690e+06|3.091455247e+06|3.086305920e+06|2.179339069e+03|2.220749092e+03|2.238881926e+03|2.206587416e+03|3.980324831e+00|3.854496651e+01|1.077006257e+06|1.984334105e+08|3.018233337e+03|3.037125244e+03|3.054274353e+03|3.032602295e+03|2.950992182e+03
1.416493186e+06|3.080928646e+06|3.080928646e+06|3.087636120e+06|3.084942484e+06|2.168535672e+03|2.211651430e+03|2.230833875e+03|2.198911446e+03|3.980324831e+00|3.980324831e+00|1.156351905e+04|1.296726790e+08|3.013839111e+03|3.031287720e+03|3.046667175e+03|3.024217285e+03|2.950992182e+03
1.423604108e+06|3.080928646e+06|3.083412761e+06|3.088575673e+06|3.085326438e+06|2.175595360e+03|2.221956139e+03|2.232812027e+03|2.203316862e+03|3.980324831e+00|7.738271676e+01|3.514341931e+04|6.800768501e+07|3.016712891e+03|3.038267212e+03|3.048539429e+03|3.027632080e+03|2.950992182e+03
1.428573026e+06|3.080928646e+06|3.081966187e+06|3.092166420e+06|3.085980766e+06|2.162673602e+03|2.218920709e+03|2.240382680e+03|2.202723551e+03|3.980324831e+00|1.398196391e+01|2.488021766e+06|1.437713214e+08|3.011448853e+03|3.035393555e+03|3.055692322e+03|3.026758057e+03|2.950992182e+03
1.431766400e+06|3.080928646e+06|3.080928646e+06|3.092794803e+06|3.086473840e+06|2.143725639e+03|2.213642253e+03|2.241709396e+03|2.199242309e+03|3.980324831e+00|3.980324831e+00|6.079836276e+06|1.484678743e+08|3.003686035e+03|3.032087036e+03|3.056944275e+03|3.026030029e+03|2.950992182e+03
1.434519796e+06|3.080928646e+06|3.084736041e+06|3.090993033e+06|3.086546580e+06|2.151272157e+03|2.224735244e+03|2.237906882e+03|2.203680415e+03|3.980324831e+00|3.703366605e+02|6.177205405e+05|1.311052277e+08|3.006782776e+03|3.040899658e+03|3.053352295e+03|3.028056152e+03|2.950992182e+03
1.437103833e+06|3.080928646e+06|3.080928646e+06|3.093128192e+06|3.085938245e+06|2.134764798e+03|2.206026234e+03|2.242413316e+03|2.194215976e+03|3.980324831e+00|3.980324831e+00|7.776408550e+06|1.045531500e+08|2.985416138e+03|3.029025024e+03|3.057607727e+03|3.015593750e+03|2.950992182e+03
1.439511694e+06|3.080928646e+06|3.080928646e+06|3.090805633e+06|3.085125872e+06|2.134764798e+03|2.188536309e+03|2.237511742e+03|2.190025345e+03|3.980324831e+00|3.980324831e+00|5.578604433e+05|7.862908388e+07|2.995601074e+03|3.021963013e+03|3.052979675e+03|3.017884277e+03|2.950992182e+03
1.442257735e+06|3.080928646e+06|3.080928646e+06|3.087777729e+06|3.084755708e+06|2.139375839e+03|2.209469636e+03|2.231131950e+03|2.192957028e+03|3.980324831e+00|3.980324831e+00|1.371564972e+04|2.058781082e+07|3.001898438e+03|3.030411255e+03|3.046950378e+03|3.018283447e+03|2.950992182e+03
1.445369773e+06|3.080928646e+06|3.080928646e+06|3.089246749e+06|3.084463141e+06|2.134764798e+03|2.192782015e+03|2.234225630e+03|2.187396146e+03|3.980324831e+00|3.980324831e+00|7.787995101e+04|4.898171902e+07|2.980246460e+03|3.023680664e+03|3.049875366e+03|3.011334961e+03|2.950992182e+03
1.448379593e+06|3.080928646e+06|3.080928646e+06|3.082486099e+06|3.082936148e+06|2.134764798e+03|2.162016113e+03|2.220011457e+03|2.175878864e+03|3.980324831e+00|3.980324831e+00|2.946841143e+01|1.437573310e+07|2.969832764e+03|3.011178955e+03|3.036427490e+03|3.002391846e+03|2.950992182e+03
1.452356606e+06|3.080928646e+06|3.080928646e+06|3.080928646e+06|3.082358435e+06|2.134764798e+03|2.139387854e+03|2.205360876e+03|2.169062836e+03|3.980324831e+00|3.980324831e+00|3.980324831e+00|6.520282565e+05|2.967001404e+03|3.001904053e+03|3.028757874e+03|2.994399658e+03|2.950992182e+03
1.458390521e+06|3.080928646e+06|3.080928646e+06|3.080928646e+06|3.082067566e+06|2.134764798e+03|2.134764798e+03|2.168114077e+03|2.158173960e+03|3.980324831e+00|3.980324831e+00|3.980324831e+00|1.574671737e+06|2.957362488e+03|2.989403809e+03|3.013666687e+03|2.987753418e+03|2.950992182e+03
1.469877077e+06|3.080928646e+06|3.080928646e+06|3.080928646e+06|3.081476399e+06|2.134764798e+03|2.134764798e+03|2.134764798e+03|2.150444070e+03|3.980324831e+00|3.980324831e+00|3.980324831e+00|1.061358264e+04|2.923648682e+03|2.953190186e+03|2.997744263e+03|2.959510254e+03|2.950992182e+03
1.484994645e+06|3.080928646e+06|3.080928646e+06|3.084670791e+06|3.082843133e+06|2.134764798e+03|2.134764798e+03|2.224598219e+03|2.171500570e+03|3.980324831e+00|3.980324831e+00|3.716738409e+02|2.352920786e+04|2.930368164e+03|2.994416504e+03|3.040769592e+03|2.982067871e+03|2.950992182e+03
1.489285661e+06|3.080928646e+06|3.080928646e+06|3.080928646e+06|3.082129162e+06|2.134764798e+03|2.134764798e+03|2.207220385e+03|2.167107784e+03|3.980324831e+00|3.980324831e+00|3.980324831e+00|1.280339039e+04|2.947535889e+03|2.991551758e+03|3.029505615e+03|2.981337402e+03|2.950992182e+03
1.491412075e+06|3.080928646e+06|3.080928646e+06|3.080928646e+06|3.082027360e+06|2.134764798e+03|2.134764798e+03|2.204364097e+03|2.161632136e+03|3.980324831e+00|3.980324831e+00|3.980324831e+00|2.166580019e+03|2.956339905e+03|2.991188110e+03|3.028355469e+03|2.980593506e+03|2.950992182e+03
1.493118959e+06|3.080928646e+06|3.080928646e+06|3.080928646e+06|3.082252303e+06|2.134764798e+03|2.143612255e+03|2.216001998e+03|2.169633968e+03|3.980324831e+00|3.980324831e+00|3.980324831e+00|6.334042604e+03|2.956498352e+03|3.003641113e+03|3.033034912e+03|2.986497070e+03|2.950992182e+03
1.494471223e+06|3.080928646e+06|3.080928646e+06|3.084912888e+06|3.082877912e+06|2.134764798e+03|2.134764798e+03|2.225106834e+03|2.173477977e+03|3.980324831e+00|3.980324831e+00|4.619924669e+02|1.116121052e+04|2.943565674e+03|2.996115967e+03|3.041249817e+03|2.982333496e+03|2.950992182e+03
1.496054005e+06|3.080928646e+06|3.080928646e+06|3.084199368e+06|3.082471044e+06|2.134764798e+03|2.134764798e+03|2.223607862e+03|2.171586192e+03|3.980324831e+00|3.980324831e+00|1.950396443e+02|1.417325538e+03|2.944711792e+03|2.997088623e+03|3.039830811e+03|2.981418945e+03|2.950992182e+03
1.497688573e+06|3.080928646e+06|3.080928646e+06|3.080982415e+06|3.081766141e+06|2.134764798e+03|2.136661971e+03|2.214489319e+03|2.167040876e+03|3.980324831e+00|3.980324831e+00|4.270032695e+00|4.459498418e+02|2.915026489e+03|3.000780762e+03|3.032487671e+03|2.966207520e+03|2.950992182e+03
1.499159429e+06|3.080928646e+06|3.080928646e+06|3.082603029e+06|3.082199839e+06|2.134764798e+03|2.134764798e+03|2.220256678e+03|2.166325660e+03|3.980324831e+00|3.980324831e+00|2.913882772e+01|2.679903088e+03|2.927543457e+03|2.978874146e+03|3.036658081e+03|2.973008545e+03|2.950992182e+03
1.500407619e+06|3.080928646e+06|3.080928646e+06|3.080928646e+06|3.081832646e+06|2.134764798e+03|2.134764798e+03|2.172187115e+03|2.157178770e+03|3.980324831e+00|3.980324831e+00|3.980324831e+00|6.930029169e+03|2.915561829e+03|2.974426147e+03|3.015325684e+03|2.956622070e+03|2.950992182e+03
1.502131962e+06|3.080928646e+06|3.080928646e+06|3.080928646e+06|3.081236112e+06|2.134764798e+03|2.134764798e+03|2.157037751e+03|2.152288569e+03|3.980324831e+00|3.980324831e+00|3.980324831e+00|6.628765714e+02|2.896209045e+03|2.967861938e+03|3.009142944e+03|2.948485840e+03|2.950992182e+03
1.504103543e+06|3.080928646e+06|3.080928646e+06|3.080928646e+06|3.081173510e+06|2.134764798e+03|2.134764798e+03|2.134764798e+03|2.147146412e+03|3.980324831e+00|3.980324831e+00|3.980324831e+00|1.127672614e+02|2.904569458e+03|2.957508545e+03|2.990633484e+03|2.940408203e+03|2.950992182e+03
1.507005779e+06|3.080928646e+06|3.080928646e+06|3.080928646e+06|3.081019104e+06|2.134764798e+03|2.134764798e+03|2.134764798e+03|2.142752404e+03|3.980324831e+00|3.980324831e+00|3.980324831e+00|1.228789710e+02|2.867446350e+03|2.931023560e+03|2.984862427e+03|2.919156982e+03|2.950992182e+03
1.517671287e+06|3.080928646e+06|3.080928646e+06|3.080928646e+06|3.081043011e+06|2.134764798e+03|2.134764798e+03|2.134764798e+03|2.143728852e+03|3.980324831e+00|3.980324831e+00|3.980324831e+00|1.477611895e+01|2.865188599e+03|2.931877808e+03|2.972862549e+03|2.917139160e+03|2.950992182e+03
1.549361561e+06|3.080928646e+06|3.080928646e+06|3.080928646e+06|3.080934360e+06|2.134764798e+03|2.134764798e+03|2.134764798e+03|2.143114041e+03|3.980324831e+00|3.980324831e+00|3.980324831e+00|4.012502706e+00|2.917554932e+03|2.967786621e+03|2.991658936e+03|2.953092285e+03|2.950992182e+03
1.552743785e+06|3.080928646e+06|3.080928646e+06|3.080928646e+06|3.080928646e+06|2.134764798e+03|2.134764798e+03|2.134764798e+03|2.142196537e+03|3.980324831e+00|3.980324831e+00|3.980324831e+00|3.980324831e+00|2.890832642e+03|2.954286011e+03|2.993880066e+03|2.938053223e+03|2.950992182e+03
1.554547779e+06|3.080928646e+06|3.080928646e+06|3.080928646e+06|3.080928646e+06|2.134764798e+03|2.134764798e+03|2.134764798e+03|2.140845042e+03|3.980324831e+00|3.980324831e+00|3.980324831e+00|3.980324831e+00|2.894542053e+03|2.941980225e+03|2.976102295e+03|2.933242920e+03|2.950992182e+03
1.555956933e+06|3.080928646e+06|3.080928646e+06|3.080928646e+06|3.080928646e+06|2.134764798e+03|2.134764798e+03|2.134764798e+03|2.142079329e+03|3.980324831e+00|3.980324831e+00|3.980324831e+00|3.980324831e+00|2.865340271e+03|2.913377686e+03|2.973333984e+03|2.916345215e+03|2.950992182e+03
1.557108350e+06|3.080928646e+06|3.080928646e+06|3.080928646e+06|3.080928646e+06|2.134764798e+03|2.134764798e+03|2.134764798e+03|2.138571171e+03|3.980324831e+00|3.980324831e+00|3.980324831e+00|3.980324831e+00|2.827767639e+03|2.915246582e+03|2.974811646e+03|2.903235107e+03|2.950992182e+03
1.558105074e+06|3.080928646e+06|3.080928646e+06|3.080928646e+06|3.080928646e+06|2.134764798e+03|2.134764798e+03|2.134764798e+03|2.138249758e+03|3.980324831e+00|3.980324831e+00|3.980324831e+00|3.980324831e+00|2.824965820e+03|2.901405273e+03|2.969136597e+03|2.892131836e+03|2.950992182e+03
1.559083249e+06|3.080928646e+06|3.080928646e+06|3.080928646e+06|3.080928646e+06|2.134764798e+03|2.134764798e+03|2.134764798e+03|2.139076826e+03|3.980324831e+00|3.980324831e+00|3.980324831e+00|3.980324831e+00|2.822230835e+03|2.906749878e+03|2.964996094e+03|2.894625000e+03|2.950992182e+03
1.560093625e+06|3.080928646e+06|3.080928646e+06|3.080928646e+06|3.080928646e+06|2.134764798e+03|2.134764798e+03|2.134764798e+03|2.139469084e+03|3.980324831e+00|3.980324831e+00|3.980324831e+00|3.980324831e+00|2.842698975e+03|2.894973755e+03|2.955958435e+03|2.892323730e+03|2.950992182e+03
1.561093084e+06|3.080928646e+06|3.080928646e+06|3.080928646e+06|3.080928646e+06|2.134764798e+03|2.134764798e+03|2.134764798e+03|2.139415707e+03|3.980324831e+00|3.980324831e+00|3.980324831e+00|3.980324831e+00|2.810382996e+03|2.897425781e+03|2.961015076e+03|2.884755371e+03|2.950992182e+03
1.562136024e+06|3.080928646e+06|3.080928646e+06|3.080928646e+06|3.080928646e+06|2.134764798e+03|2.134764798e+03|2.134764798e+03|2.141711030e+03|3.980324831e+00|3.980324831e+00|3.980324831e+00|3.980324831e+00|2.761353760e+03|2.871794312e+03|2.955181396e+03|2.858750244e+03|2.950992182e+03
1.563125987e+06|3.080928646e+06|3.080928646e+06|3.080928646e+06|3.080928646e+06|2.134764798e+03|2.134764798e+03|2.134764798e+03|2.136377848e+03|3.980324831e+00|3.980324831e+00|3.980324831e+00|3.980324831e+00|2.805511047e+03|2.874974731e+03|2.948800415e+03|2.867766357e+03|2.950992182e+03
1.564200183e+06|3.080928646e+06|3.080928646e+06|3.080928646e+06|3.080928646e+06|2.134764798e+03|2.134764798e+03|2.134764798e+03|2.138158643e+03|3.980324831e+00|3.980324831e+00|3.980324831e+00|3.980324831e+00|2.820261841e+03|2.866975952e+03|2.937393555e+03|2.867997803e+03|2.950992182e+03
1.565456106e+06|3.080928646e+06|3.080928646e+06|3.080928646e+06|3.080928646e+06|2.134764798e+03|2.134764798e+03|2.134764798e+03|2.140098116e+03|3.980324831e+00|3.980324831e+00|3.980324831e+00|3.980324831e+00|2.785995911e+03|2.850447998e+03|2.914064941e+03|2.847205078e+03|2.950992182e+03
1.566628555e+06|3.080928646e+06|3.080928646e+06|3.080928646e+06|3.080928646e+06|2.134764798e+03|2.134764798e+03|2.134764798e+03|2.136936248e+03|3.980324831e+00|3.980324831e+00|3.980324831e+00|3.980324831e+00|2.765202271e+03|2.829566162e+03|2.900367126e+03|2.833928711e+03|2.950992182e+03
1.567892075e+06|3.080928646e+06|3.080928646e+06|3.080928646e+06|3.080928646e+06|2.134764798e+03|2.134764798e+03|2.134764798e+03|2.134764798e+03|3.980324831e+00|3.980324831e+00|3.980324831e+00|3.980324831e+00|2.735079834e+03|2.797300293e+03|2.896265137e+03|2.793094727e+03|2.950992182e+03
