#RRR|P25fit|P50fit|P75fit|P25model|P50model|P75model
8.775493607e+04|7.344119576e+09|7.542547575e+09|7.742630880e+09|0.000000|0.000000|0.000000
1.334392832e+05|7.315840788e+09|7.510015683e+09|7.699536034e+09|0.000000|0.000000|0.000000
1.587794801e+05|7.282777868e+09|7.473233586e+09|7.658840880e+09|0.000000|0.000000|0.000000
1.791658564e+05|7.248110064e+09|7.435022304e+09|7.618111725e+09|0.000000|0.000000|0.000000
1.977788890e+05|7.210632219e+09|7.393958832e+09|7.575060074e+09|0.000000|0.000000|0.000000
2.138623153e+05|7.174044312e+09|7.354052839e+09|7.533569390e+09|0.000000|0.000000|0.000000
2.296599026e+05|7.134521592e+09|7.311111964e+09|7.489114416e+09|0.000000|0.000000|0.000000
2.444576551e+05|7.094436539e+09|7.267713462e+09|7.444278316e+09|0.000000|0.000000|0.000000
2.580729806e+05|7.055054546e+09|7.225211769e+09|7.400396284e+09|0.000000|0.000000|0.000000
2.707761856e+05|7.016236864e+09|7.183440847e+09|7.357258773e+09|0.000000|0.000000|0.000000
2.837060663e+05|6.974745091e+09|7.138918116e+09|7.311243344e+09|0.000000|0.000000|0.000000
2.952143684e+05|6.936188106e+09|7.097655444e+09|7.268549530e+09|0.000000|0.000000|0.000000
3.063690756e+05|6.897395567e+09|7.056244194e+09|7.225647215e+09|0.000000|0.000000|0.000000
3.179592812e+05|6.855645454e+09|7.011787776e+09|7.179523659e+09|0.000000|0.000000|0.000000
3.287801422e+05|6.815369559e+09|6.969007924e+09|7.135072260e+09|0.000000|0.000000|0.000000
3.389472224e+05|6.776408494e+09|6.927721765e+09|7.092110206e+09|0.000000|0.000000|0.000000
3.493197829e+05|6.735562080e+09|6.884537821e+09|7.047108900e+09|0.000000|0.000000|0.000000
3.596092078e+05|6.693963094e+09|6.840661155e+09|7.001321123e+09|0.000000|0.000000|0.000000
3.686670101e+05|6.656463502e+09|6.801195474e+09|6.960084145e+09|0.000000|0.000000|0.000000
3.780708632e+05|6.616667338e+09|6.759401370e+09|6.916364308e+09|0.000000|0.000000|0.000000
3.874737684e+05|6.576000951e+09|6.716785744e+09|6.871737083e+09|0.000000|0.000000|0.000000
3.965643203e+05|6.535857994e+09|6.674808453e+09|6.827736320e+09|0.000000|0.000000|0.000000
4.050227579e+05|6.497777381e+09|6.635068656e+09|6.786047688e+09|0.000000|0.000000|0.000000
4.131902578e+05|6.460339795e+09|6.596075274e+09|6.745115697e+09|0.000000|0.000000|0.000000
4.215734112e+05|6.421231277e+09|6.555419853e+09|6.702416664e+09|0.000000|0.000000|0.000000
4.301940860e+05|6.380291204e+09|6.512944535e+09|6.657788122e+09|0.000000|0.000000|0.000000
4.383964998e+05|6.340652842e+09|6.471900075e+09|6.614651692e+09|0.000000|0.000000|0.000000
4.454574926e+05|6.305992191e+09|6.436073402e+09|6.576994881e+09|0.000000|0.000000|0.000000
4.525899107e+05|6.270471540e+09|6.399418090e+09|6.538467730e+09|0.000000|0.000000|0.000000
4.607140407e+05|6.229382763e+09|6.357091405e+09|6.493986251e+09|0.000000|0.000000|0.000000
4.685424238e+05|6.189149083e+09|6.315721481e+09|6.450523515e+09|0.000000|0.000000|0.000000
4.757862928e+05|6.151352678e+09|6.276924545e+09|6.409781663e+09|0.000000|0.000000|0.000000
4.826947265e+05|6.114792554e+09|6.239456899e+09|6.370457124e+09|0.000000|0.000000|0.000000
4.900416815e+05|6.075353863e+09|6.199104191e+09|6.328133529e+09|0.000000|0.000000|0.000000
4.966094479e+05|6.039604333e+09|6.162583063e+09|6.289859321e+09|0.000000|0.000000|0.000000
5.038322341e+05|5.999743384e+09|6.121924060e+09|6.247288256e+09|0.000000|0.000000|0.000000
5.108781323e+05|5.960298837e+09|6.081752835e+09|6.205274365e+09|0.000000|0.000000|0.000000
5.171094373e+05|5.924946382e+09|6.045801021e+09|6.167717046e+09|0.000000|0.000000|0.000000
5.240238086e+05|5.885195633e+09|6.005433450e+09|6.125600759e+09|0.000000|0.000000|0.000000
5.307286348e+05|5.846115079e+09|5.965803833e+09|6.084314807e+09|0.000000|0.000000|0.000000
5.369585920e+05|5.809322313e+09|5.928544681e+09|6.045557302e+09|0.000000|0.000000|0.000000
5.437613737e+05|5.768608661e+09|5.887370438e+09|6.002798395e+09|0.000000|0.000000|0.000000
5.497487796e+05|5.732301822e+09|5.850700633e+09|5.964784097e+09|0.000000|0.000000|0.000000
5.561666017e+05|5.692883860e+09|5.810938070e+09|5.923638893e+09|0.000000|0.000000|0.000000
5.629531868e+05|5.650625979e+09|5.768366188e+09|5.879678067e+09|0.000000|0.000000|0.000000
5.686571572e+05|5.614643140e+09|5.732159757e+09|5.842368301e+09|0.000000|0.000000|0.000000
5.748033006e+05|5.575385142e+09|5.692702269e+09|5.801793530e+09|0.000000|0.000000|0.000000
5.813636006e+05|5.532914836e+09|5.650066663e+09|5.758054392e+09|0.000000|0.000000|0.000000
5.870423172e+05|5.495669634e+09|5.612718234e+09|5.719831049e+09|0.000000|0.000000|0.000000
5.922904844e+05|5.460842833e+09|5.577829012e+09|5.684204422e+09|0.000000|0.000000|0.000000
5.988241060e+05|5.416930903e+09|5.533883732e+09|5.639443399e+09|0.000000|0.000000|0.000000
6.054655640e+05|5.371650371e+09|5.488619795e+09|5.593474799e+09|0.000000|0.000000|0.000000
6.108225725e+05|5.334644098e+09|5.451664026e+09|5.556048404e+09|0.000000|0.000000|0.000000
6.164441911e+05|5.295336781e+09|5.412445350e+09|5.516435579e+09|0.000000|0.000000|0.000000
6.220876848e+05|5.255379774e+09|5.372614013e+09|5.476317112e+09|0.000000|0.000000|0.000000
6.271329906e+05|5.219228670e+09|5.336606341e+09|5.440149772e+09|0.000000|0.000000|0.000000
6.325420463e+05|5.180012452e+09|5.297576426e+09|5.401055645e+09|0.000000|0.000000|0.000000
6.385987210e+05|5.135526597e+09|5.253339031e+09|5.356884425e+09|0.000000|0.000000|0.000000
6.447992634e+05|5.089342316e+09|5.207452579e+09|5.311224855e+09|0.000000|0.000000|0.000000
6.496281863e+05|5.052915590e+09|5.171288143e+09|5.275354176e+09|0.000000|0.000000|0.000000
6.549972695e+05|5.011933248e+09|5.130628486e+09|5.235147059e+09|0.000000|0.000000|0.000000
6.602268503e+05|4.971519895e+09|5.090560727e+09|5.195652959e+09|0.000000|0.000000|0.000000
6.650176348e+05|4.934060127e+09|5.053444514e+09|5.159182108e+09|0.000000|0.000000|0.000000
6.700531993e+05|4.894227441e+09|5.014000569e+09|5.120544890e+09|0.000000|0.000000|0.000000
6.759953027e+05|4.846607292e+09|4.966875330e+09|5.074547706e+09|0.000000|0.000000|0.000000
6.820368164e+05|4.797492201e+09|4.918303283e+09|5.027326364e+09|0.000000|0.000000|0.000000
6.875766790e+05|4.751823486e+09|4.873167529e+09|4.983617481e+09|0.000000|0.000000|0.000000
6.921312206e+05|4.713815860e+09|4.835622939e+09|4.947386117e+09|0.000000|0.000000|0.000000
6.963924570e+05|4.677872229e+09|4.800132673e+09|4.913242844e+09|0.000000|0.000000|0.000000
7.005564717e+05|4.642384810e+09|4.765106941e+09|4.879647165e+09|0.000000|0.000000|0.000000
7.053734845e+05|4.600876471e+09|4.724155508e+09|4.840494543e+09|0.000000|0.000000|0.000000
7.112018474e+05|4.549987985e+09|4.673973235e+09|4.792702781e+09|0.000000|0.000000|0.000000
7.172961689e+05|4.495982584e+09|4.620743726e+09|4.742232644e+09|0.000000|0.000000|0.000000
7.221852007e+05|4.452058798e+09|4.577469691e+09|4.701371111e+09|0.000000|0.000000|0.000000
7.270709036e+05|4.407621962e+09|4.533706124e+09|4.660201117e+09|0.000000|0.000000|0.000000
7.315623368e+05|4.366284155e+09|4.493008117e+09|4.622053231e+09|0.000000|0.000000|0.000000
7.360372657e+05|4.324626705e+09|4.452007730e+09|4.583756002e+09|0.000000|0.000000|0.000000
7.403648488e+05|4.283886181e+09|4.411921011e+09|4.546441692e+09|0.000000|0.000000|0.000000
7.457202003e+05|4.232840735e+09|4.361709288e+09|4.499882205e+09|0.000000|0.000000|0.000000
7.513896363e+05|4.178029210e+09|4.307809591e+09|4.450123706e+09|0.000000|0.000000|0.000000
7.558570042e+05|4.134331176e+09|4.264848719e+09|4.410608303e+09|1.000000|1.000000|1.000000
7.597371925e+05|4.095721403e+09|4.226902083e+09|4.375892923e+09|1.000000|1.000000|1.000000
7.634849090e+05|4.058429788e+09|4.190250965e+09|4.342362745e+09|1.000000|1.000000|1.000000
7.677109663e+05|4.016378449e+09|4.148921874e+09|4.304552934e+09|1.000000|1.000000|1.000000
7.715650928e+05|3.978028002e+09|4.111230110e+09|4.270070724e+09|1.000000|1.000000|1.000000
7.763630232e+05|3.930286245e+09|4.064308336e+09|4.227144462e+09|1.000000|1.000000|1.000000
7.849972750e+05|3.844371211e+09|3.979868924e+09|4.149895289e+09|1.000000|1.000000|1.000000
7.935170546e+05|3.759595232e+09|3.896549004e+09|4.073670280e+09|1.000000|1.000000|1.000000
7.969157337e+05|3.725776710e+09|3.863311328e+09|4.043262880e+09|1.000000|1.000000|1.000000
7.992001539e+05|3.703045611e+09|3.840970644e+09|4.022824564e+09|1.000000|1.000000|1.000000
8.012634889e+05|3.682514417e+09|3.820792081e+09|4.004364259e+09|1.000000|1.000000|1.000000
8.038303335e+05|3.656973056e+09|3.795689403e+09|3.981399140e+09|1.000000|1.000000|1.000000
8.064127141e+05|3.631277104e+09|3.770434788e+09|3.958295023e+09|1.000000|1.000000|1.000000
8.088968501e+05|3.606558735e+09|3.746140966e+09|3.936069884e+09|1.000000|1.000000|1.000000
8.113387847e+05|3.582260290e+09|3.722259856e+09|3.914222313e+09|1.000000|1.000000|1.000000
8.202007337e+05|3.494079557e+09|3.635593660e+09|3.834935972e+09|1.000000|1.000000|1.000000
8.403751706e+05|3.293334031e+09|3.438296013e+09|3.654438740e+09|1.000000|1.000000|1.000000
8.426651045e+05|3.270548066e+09|3.415901406e+09|3.633951094e+09|1.000000|1.000000|1.000000
8.440673339e+05|3.256595197e+09|3.402188182e+09|3.621405587e+09|1.000000|1.000000|1.000000
8.453432681e+05|3.243899027e+09|3.389710074e+09|3.609990022e+09|1.000000|1.000000|1.000000
8.467936671e+05|3.229466847e+09|3.375525772e+09|3.597013551e+09|1.000000|1.000000|1.000000
8.485517022e+05|3.211973536e+09|3.358332915e+09|3.581284711e+09|1.000000|1.000000|1.000000
8.503019060e+05|3.194558151e+09|3.341216646e+09|3.565625938e+09|1.000000|1.000000|1.000000
8.519237269e+05|3.178420239e+09|3.325355909e+09|3.551115784e+09|1.000000|1.000000|1.000000
8.533457367e+05|3.164270546e+09|3.311449241e+09|3.538393306e+09|1.000000|1.000000|1.000000
8.547857961e+05|3.149941249e+09|3.297366056e+09|3.525509341e+09|1.000000|1.000000|1.000000
8.560002478e+05|3.137856860e+09|3.285489221e+09|3.514643850e+09|1.000000|1.000000|1.000000
8.573616672e+05|3.124310070e+09|3.272175102e+09|3.502463463e+09|1.000000|1.000000|1.000000
8.621501704e+05|3.076662118e+09|3.225345521e+09|3.459621545e+09|1.000000|1.000000|1.000000
9.018331890e+05|2.681796650e+09|2.837262014e+09|3.104584373e+09|1.000000|1.000000|1.000000
9.081136018e+05|2.619303467e+09|2.775842175e+09|3.048394595e+09|1.000000|1.000000|1.000000
9.104989220e+05|2.595568363e+09|2.752514730e+09|3.027053544e+09|1.000000|1.000000|1.000000
9.135561876e+05|2.565147072e+09|2.722615937e+09|2.999700711e+09|1.000000|1.000000|1.000000
9.166091867e+05|2.534768236e+09|2.692758868e+09|2.972386051e+09|1.000000|1.000000|1.000000
9.190731240e+05|2.510250854e+09|2.668662581e+09|2.950341627e+09|1.000000|1.000000|1.000000
9.220569561e+05|2.409074030e+09|2.543273317e+09|2.738009513e+09|2.000000|2.000000|2.000000
9.534913110e+05|2.454818200e+09|2.568650643e+09|2.719407259e+09|2.000000|2.000000|2.000000
9.646155473e+05|2.471006506e+09|2.577631371e+09|2.712824148e+09|2.000000|2.000000|2.000000
9.676404724e+05|2.475408464e+09|2.580073428e+09|2.711034054e+09|2.000000|2.000000|2.000000
9.702980992e+05|2.479275918e+09|2.582218962e+09|2.709461321e+09|2.000000|2.000000|2.000000
9.731793841e+05|2.483468846e+09|2.584545057e+09|2.707756232e+09|2.000000|2.000000|2.000000
9.761339779e+05|2.485545640e+09|2.586930336e+09|2.706007759e+09|3.000000|2.000000|2.000000
9.792105488e+05|2.487417572e+09|2.587226569e+09|2.704187103e+09|3.000000|3.000000|2.000000
9.933414305e+05|2.484712458e+09|2.580618811e+09|2.684526162e+09|3.000000|3.000000|3.000000
1.010119667e+06|2.460608320e+09|2.552865327e+09|2.646166177e+09|3.000000|3.000000|3.000000
1.015334767e+06|2.449197232e+09|2.540486813e+09|2.631266400e+09|3.000000|3.000000|3.000000
1.019292712e+06|2.439443816e+09|2.530041860e+09|2.619116980e+09|3.000000|3.000000|3.000000
1.023231753e+06|2.428860447e+09|2.518802868e+09|2.606346178e+09|3.000000|3.000000|3.000000
1.027192369e+06|2.417390127e+09|2.506702758e+09|2.592858706e+09|3.000000|3.000000|3.000000
1.033716490e+06|2.396817818e+09|2.485148976e+09|2.569321844e+09|3.000000|3.000000|3.000000
1.048733578e+06|2.342584667e+09|2.428859099e+09|2.509652293e+09|3.000000|3.000000|3.000000
1.057955554e+06|2.305337129e+09|2.390443920e+09|2.469797727e+09|3.000000|3.000000|3.000000
1.062317217e+06|2.286858870e+09|2.371429481e+09|2.450231099e+09|3.000000|3.000000|3.000000
1.066249993e+06|2.269780245e+09|2.353873658e+09|2.432236200e+09|3.000000|3.000000|3.000000
1.070278336e+06|2.251913505e+09|2.335522713e+09|2.413485707e+09|3.000000|3.000000|3.000000
1.075037270e+06|2.230367700e+09|2.313408995e+09|2.390955852e+09|3.000000|3.000000|3.000000
1.084682163e+06|2.185459682e+09|2.267356006e+09|2.344203150e+09|3.000000|3.000000|3.000000
1.098203851e+06|2.120373784e+09|2.200658840e+09|2.276725117e+09|3.000000|3.000000|3.000000
1.104189132e+06|2.091006300e+09|2.170570725e+09|2.246325390e+09|3.000000|3.000000|3.000000
1.108200649e+06|2.071190049e+09|2.150268142e+09|2.225816372e+09|3.000000|3.000000|3.000000
1.112113227e+06|2.051783641e+09|2.130384667e+09|2.205729883e+09|3.000000|3.000000|3.000000
1.116343748e+06|2.030734465e+09|2.108816619e+09|2.183937464e+09|3.000000|3.000000|3.000000
1.121382366e+06|2.005605459e+09|2.083065672e+09|2.157908859e+09|3.000000|3.000000|3.000000
1.130203778e+06|1.961554543e+09|2.037916891e+09|2.112235389e+09|3.000000|3.000000|3.000000
1.141799810e+06|1.903775243e+09|1.978683240e+09|2.052215396e+09|3.000000|3.000000|3.000000
1.149061232e+06|1.867793595e+09|1.941789946e+09|2.014765694e+09|3.000000|3.000000|3.000000
1.153522435e+06|1.845797784e+09|1.919235918e+09|1.991844430e+09|3.000000|3.000000|3.000000
1.157702090e+06|1.825279745e+09|1.898197392e+09|1.970444474e+09|3.000000|3.000000|3.000000
1.161820227e+06|1.805157367e+09|1.877565548e+09|1.949440531e+09|3.000000|3.000000|3.000000
1.166958837e+06|1.780190405e+09|1.851969101e+09|1.923358557e+09|3.000000|3.000000|3.000000
1.173790428e+06|1.747260969e+09|1.818216861e+09|1.888927332e+09|3.000000|3.000000|3.000000
1.183676532e+06|1.700181208e+09|1.769984652e+09|1.839655764e+09|3.000000|3.000000|3.000000
1.191542515e+06|1.663231697e+09|1.732160266e+09|1.800969436e+09|3.000000|3.000000|3.000000
1.197311363e+06|1.636427771e+09|1.704743856e+09|1.772909478e+09|3.000000|3.000000|3.000000
1.201744166e+06|1.616001528e+09|1.683866179e+09|1.751534843e+09|3.000000|3.000000|3.000000
1.206128022e+06|1.595945257e+09|1.663381561e+09|1.730559704e+09|3.000000|3.000000|3.000000
1.210662964e+06|1.575347038e+09|1.642360790e+09|1.709035562e+09|3.000000|3.000000|3.000000
1.216568170e+06|1.548747709e+09|1.615245282e+09|1.681276160e+09|3.000000|3.000000|3.000000
1.223828536e+06|1.516377583e+09|1.582298234e+09|1.647565740e+09|3.000000|3.000000|3.000000
1.232414539e+06|1.478544377e+09|1.543873246e+09|1.608296874e+09|3.000000|3.000000|3.000000
1.239348033e+06|1.448318801e+09|1.513247897e+09|1.577052306e+09|3.000000|3.000000|3.000000
1.244755328e+06|1.424930367e+09|1.489599616e+09|1.552968666e+09|3.000000|3.000000|3.000000
1.248888875e+06|1.407150579e+09|1.471653381e+09|1.534721863e+09|3.000000|3.000000|3.000000
1.253166678e+06|1.388833093e+09|1.453194069e+09|1.515984020e+09|3.000000|3.000000|3.000000
1.257661952e+06|1.369666798e+09|1.433913086e+09|1.496449113e+09|3.000000|3.000000|3.000000
1.264475942e+06|1.340754685e+09|1.404896347e+09|1.467130354e+09|3.000000|3.000000|3.000000
1.273607015e+06|1.302222797e+09|1.366359380e+09|1.428362049e+09|3.000000|3.000000|3.000000
1.280105754e+06|1.274904163e+09|1.339133945e+09|1.401104871e+09|3.000000|3.000000|3.000000
1.285730200e+06|1.251303591e+09|1.315680068e+09|1.377719606e+09|3.000000|3.000000|3.000000
1.290297272e+06|1.232153940e+09|1.296694862e+09|1.358858968e+09|3.000000|3.000000|3.000000
1.294049518e+06|1.216421805e+09|1.281128227e+09|1.343442475e+09|3.000000|3.000000|3.000000
1.298137320e+06|1.199276010e+09|1.264193808e+09|1.326721992e+09|3.000000|3.000000|3.000000
1.303313481e+06|1.177542992e+09|1.242774534e+09|1.305650705e+09|3.000000|3.000000|3.000000
1.309716391e+06|1.150602642e+09|1.216292360e+09|1.279720728e+09|3.000000|3.000000|3.000000
1.317647001e+06|1.117106161e+09|1.183467488e+09|1.247769612e+09|3.000000|3.000000|3.000000
1.325142368e+06|1.085271999e+09|1.152368725e+09|1.217690908e+09|3.000000|3.000000|3.000000
1.331450588e+06|1.058314942e+09|1.126101243e+09|1.192427075e+09|3.000000|3.000000|3.000000
1.336202896e+06|1.037891605e+09|1.106236773e+09|1.173404672e+09|3.000000|3.000000|3.000000
1.340559393e+06|1.019073183e+09|1.087957990e+09|1.155961067e+09|3.000000|3.000000|3.000000
1.344526420e+06|1.001851143e+09|1.071248162e+09|1.140062822e+09|3.000000|3.000000|3.000000
1.348408862e+06|9.849121569e+08|1.054827852e+09|1.124482279e+09|3.000000|3.000000|3.000000
1.352981596e+06|9.648489927e+08|1.035395064e+09|1.106093742e+09|3.000000|3.000000|3.000000
1.358279870e+06|9.414427027e+08|1.012741291e+09|1.084720081e+09|3.000000|3.000000|3.000000
1.364490458e+06|9.137772004e+08|9.859806707e+08|1.059547513e+09|3.000000|3.000000|3.000000
1.371041594e+06|8.843159096e+08|9.574897116e+08|1.032821085e+09|3.000000|3.000000|3.000000
1.376612132e+06|8.590327653e+08|9.330346373e+08|1.009926251e+09|3.000000|3.000000|3.000000
1.383292604e+06|8.284264994e+08|9.034115902e+08|9.822290616e+08|3.000000|3.000000|3.000000
1.390626257e+06|7.944686053e+08|8.705012824e+08|9.514749557e+08|3.000000|3.000000|3.000000
1.397917831e+06|7.603387614e+08|8.373559820e+08|9.204828117e+08|3.000000|3.000000|3.000000
1.403540702e+06|7.337782412e+08|8.114988217e+08|8.962673835e+08|3.000000|3.000000|3.000000
1.407833455e+06|7.133656027e+08|7.915812460e+08|8.775784445e+08|3.000000|3.000000|3.000000
1.411389848e+06|6.963701046e+08|7.749633912e+08|8.619545697e+08|3.000000|3.000000|3.000000
1.414450483e+06|6.816855624e+08|7.605771812e+08|8.484016390e+08|3.000000|3.000000|3.000000
1.417378092e+06|6.675914780e+08|7.467429433e+08|8.353414755e+08|3.000000|3.000000|3.000000
1.420156023e+06|6.541771740e+08|7.335500371e+08|8.228589718e+08|3.000000|3.000000|3.000000
1.423902588e+06|6.360269309e+08|7.156559816e+08|8.058801136e+08|3.000000|3.000000|3.000000
1.428334709e+06|6.144771406e+08|6.943399441e+08|7.855727444e+08|3.000000|3.000000|3.000000
1.435226289e+06|5.808284437e+08|6.608855622e+08|7.534949727e+08|3.000000|3.000000|3.000000
1.453370229e+06|4.918137325e+08|5.711510897e+08|6.658586227e+08|3.000000|3.000000|3.000000
1.465491616e+06|4.325003237e+08|5.100847099e+08|6.044905733e+08|3.000000|3.000000|3.000000
1.468777139e+06|4.165192761e+08|4.934150807e+08|5.874387372e+08|3.000000|3.000000|3.000000
1.470775810e+06|4.068269455e+08|4.832549077e+08|5.769756268e+08|3.000000|3.000000|3.000000
1.472262147e+06|3.996354287e+08|4.756905818e+08|5.691499263e+08|3.000000|3.000000|3.000000
1.473797383e+06|3.922232475e+08|4.678704415e+08|5.610264429e+08|3.000000|3.000000|3.000000
1.475492187e+06|3.840609428e+08|4.592301012e+08|5.520106696e+08|3.000000|3.000000|3.000000
1.477249446e+06|3.756221097e+08|4.502641576e+08|5.426091060e+08|3.000000|3.000000|3.000000
1.479368766e+06|3.654801926e+08|4.394427037e+08|5.311973388e+08|3.000000|3.000000|3.000000
1.481897958e+06|3.534325316e+08|4.265193406e+08|5.174729418e+08|3.000000|3.000000|3.000000
1.484722409e+06|3.400573005e+08|4.120798009e+08|5.020091156e+08|3.000000|3.000000|3.000000
1.489190592e+06|3.190895541e+08|3.892332123e+08|4.772463961e+08|3.000000|3.000000|3.000000
1.522004199e+06|1.760570102e+08|2.235780907e+08|2.836932336e+08|3.000000|3.000000|3.000000
1.532229716e+06|1.372832006e+08|1.738801968e+08|2.190392422e+08|3.000000|3.000000|3.000000
1.534190459e+06|1.302722400e+08|1.645250114e+08|2.064032388e+08|3.000000|3.000000|3.000000
1.535577017e+06|1.254038796e+08|1.579479631e+08|1.974212504e+08|3.000000|3.000000|3.000000
1.536955659e+06|1.206389561e+08|1.514415339e+08|1.884525241e+08|3.000000|3.000000|3.000000
1.538218088e+06|1.163434603e+08|1.455135545e+08|1.802066063e+08|3.000000|3.000000|3.000000
1.539467825e+06|1.121564340e+08|1.396743803e+08|1.720123347e+08|3.000000|3.000000|3.000000
1.540745635e+06|1.079440169e+08|1.337350853e+08|1.636018847e+08|3.000000|3.000000|3.000000
1.542000965e+06|1.038748033e+08|1.279318356e+08|1.553078240e+08|3.000000|3.000000|3.000000
1.543390539e+06|9.945209592e+07|1.215456627e+08|1.460903602e+08|3.000000|3.000000|3.000000
1.545336689e+06|9.340596873e+07|1.126706595e+08|1.331167204e+08|3.000000|3.000000|3.000000
1.547250341e+06|8.763424153e+07|1.040257834e+08|1.202868163e+08|3.000000|3.000000|3.000000
1.548835140e+06|8.298850057e+07|9.693063442e+07|1.096071107e+08|3.000000|3.000000|3.000000
