#RRR|U50|U25|U75|Umean|T50|T25|T75|Tmean|P50|P25|P75|Pmean|rho50|rho25|rho75|Pmean|S
8.042784440e+04|1.703249776e+06|1.703978709e+06|1.704564312e+06|1.703974941e+06|2.454506563e+03|2.457817105e+03|2.460478902e+03|2.457777243e+03|7.786843153e+09|7.868214486e+09|7.934064822e+09|7.867797360e+09|6.614182373e+03|6.618204102e+03|6.621436157e+03|6.618151367e+03|1.949969863e+03
1.217964820e+05|1.702677772e+06|1.703430193e+06|1.703938666e+06|1.703422830e+06|2.451910866e+03|2.455325666e+03|2.457635162e+03|2.455234197e+03|7.723450703e+09|7.806921784e+09|7.863727245e+09|7.804920163e+09|6.611027588e+03|6.615177734e+03|6.617982422e+03|6.615064453e+03|1.949969863e+03
1.452734500e+05|1.702432509e+06|1.703100253e+06|1.703596045e+06|1.703138309e+06|2.450742652e+03|2.453827862e+03|2.456078807e+03|2.453900964e+03|7.694270975e+09|7.770233144e+09|7.825415255e+09|7.772181358e+09|6.609611694e+03|6.613358643e+03|6.616093872e+03|6.613443359e+03|1.949969863e+03
1.644986504e+05|1.702317307e+06|1.702791529e+06|1.703560014e+06|1.702971436e+06|2.450191106e+03|2.452426933e+03|2.455915173e+03|2.453171970e+03|7.680478142e+09|7.736025604e+09|7.821394551e+09|7.754139129e+09|6.608939453e+03|6.611657471e+03|6.615895630e+03|6.612558594e+03|1.949969863e+03
1.807700108e+05|1.701772032e+06|1.702494315e+06|1.703119694e+06|1.702486072e+06|2.447581708e+03|2.451038591e+03|2.453916097e+03|2.450897182e+03|7.615416569e+09|7.701677586e+09|7.772391287e+09|7.697799159e+09|6.605773193e+03|6.609971191e+03|6.613465942e+03|6.609794922e+03|1.949969863e+03
1.974224589e+05|1.701679093e+06|1.702153327e+06|1.702696636e+06|1.702252218e+06|2.447137143e+03|2.449406179e+03|2.451996438e+03|2.449798485e+03|7.604363816e+09|7.660873597e+09|7.725534820e+09|7.670528392e+09|6.605228394e+03|6.607985107e+03|6.611133545e+03|6.608459961e+03|1.949969863e+03
2.113111316e+05|1.701464241e+06|1.701914838e+06|1.702626337e+06|1.701955364e+06|2.446109637e+03|2.448264915e+03|2.451670827e+03|2.448392427e+03|7.578853562e+09|7.632420470e+09|7.717514616e+09|7.635752878e+09|6.603980225e+03|6.606597900e+03|6.610738770e+03|6.606751465e+03|1.949969863e+03
2.249323163e+05|1.700943344e+06|1.701530617e+06|1.701941125e+06|1.701387696e+06|2.443619766e+03|2.446427042e+03|2.448390688e+03|2.445722162e+03|7.517243120e+09|7.586728590e+09|7.635553223e+09|7.569645553e+09|6.600955078e+03|6.604367432e+03|6.606754028e+03|6.603506348e+03|1.949969863e+03
2.379866624e+05|1.700708816e+06|1.701260251e+06|1.701996137e+06|1.701344642e+06|2.442499303e+03|2.445134361e+03|2.448653922e+03|2.445517003e+03|7.489612140e+09|7.554685979e+09|7.642112018e+09|7.564513721e+09|6.599589600e+03|6.602796631e+03|6.607073853e+03|6.603257324e+03|1.949969863e+03
2.503569059e+05|1.700346255e+06|1.700937385e+06|1.701558523e+06|1.700980772e+06|2.440767872e+03|2.443591290e+03|2.446560494e+03|2.443759609e+03|7.447031690e+09|7.516539480e+09|7.590041039e+09|7.521183441e+09|6.597485229e+03|6.600918701e+03|6.604528198e+03|6.601120605e+03|1.949969863e+03
2.616396353e+05|1.699869818e+06|1.700503563e+06|1.700997782e+06|1.700418390e+06|2.438493929e+03|2.441519000e+03|2.443879894e+03|2.441089153e+03|7.391324797e+09|7.465486602e+09|7.523665584e+09|7.455237970e+09|6.594719849e+03|6.598396484e+03|6.601269775e+03|6.597873047e+03|1.949969863e+03
2.727473443e+05|1.699756684e+06|1.700445620e+06|1.701094477e+06|1.700491864e+06|2.437954173e+03|2.441242310e+03|2.444341992e+03|2.441436171e+03|7.378137091e+09|7.458685310e+09|7.535083814e+09|7.463923672e+09|6.594061401e+03|6.598063477e+03|6.601833252e+03|6.598293945e+03|1.949969863e+03
2.835010346e+05|1.699512037e+06|1.699991351e+06|1.700529827e+06|1.699976555e+06|2.436787282e+03|2.439073838e+03|2.441644428e+03|2.438982073e+03|7.349675931e+09|7.405507765e+09|7.468571135e+09|7.403479422e+09|6.592637817e+03|6.595422363e+03|6.598551880e+03|6.595310059e+03|1.949969863e+03
2.942222427e+05|1.699141344e+06|1.699747211e+06|1.700208454e+06|1.699655007e+06|2.435019915e+03|2.437908986e+03|2.440110019e+03|2.437421194e+03|7.306688789e+09|7.377033968e+09|7.430890547e+09|7.365213457e+09|6.590483887e+03|6.594006348e+03|6.596683838e+03|6.593408203e+03|1.949969863e+03
3.036322693e+05|1.698754471e+06|1.699452233e+06|1.699942629e+06|1.699392415e+06|2.433135453e+03|2.436502086e+03|2.438841341e+03|2.436151183e+03|7.260438722e+09|7.342728323e+09|7.399819585e+09|7.334036863e+09|6.588189575e+03|6.592291504e+03|6.595139893e+03|6.591862305e+03|1.949969863e+03
3.131596792e+05|1.698771380e+06|1.699354279e+06|1.699973486e+06|1.699402820e+06|2.433220625e+03|2.436035021e+03|2.438988586e+03|2.436212255e+03|7.262563918e+09|7.331360255e+09|7.403421669e+09|7.335616568e+09|6.588291748e+03|6.591721924e+03|6.595317627e+03|6.591935547e+03|1.949969863e+03
3.233037257e+05|1.698576169e+06|1.698967931e+06|1.699626237e+06|1.699063351e+06|2.432237429e+03|2.434193438e+03|2.437331929e+03|2.434565857e+03|7.238054285e+09|7.286637860e+09|7.362951664e+09|7.295222847e+09|6.587098877e+03|6.589477783e+03|6.593301270e+03|6.589931641e+03|1.949969863e+03
3.317882171e+05|1.698037277e+06|1.698549528e+06|1.699131875e+06|1.698468394e+06|2.429524728e+03|2.432103269e+03|2.434974781e+03|2.431629738e+03|7.170736726e+09|7.234714260e+09|7.305593010e+09|7.222963459e+09|6.583792847e+03|6.586935059e+03|6.590433716e+03|6.586356445e+03|1.949969863e+03
3.400079157e+05|1.697779930e+06|1.698361514e+06|1.698940338e+06|1.698328941e+06|2.428230044e+03|2.431156627e+03|2.434061953e+03|2.430939736e+03|7.138766912e+09|7.211179436e+09|7.283451205e+09|7.205975817e+09|6.582215576e+03|6.585782227e+03|6.589317383e+03|6.585515137e+03|1.949969863e+03
3.492870993e+05|1.697405118e+06|1.697955332e+06|1.698553114e+06|1.697928801e+06|2.426345301e+03|2.429112416e+03|2.432121328e+03|2.428959178e+03|7.092410684e+09|7.160544379e+09|7.235163748e+09|7.157192327e+09|6.579919312e+03|6.583290039e+03|6.586954468e+03|6.583102539e+03|1.949969863e+03
3.580807632e+05|1.697321922e+06|1.697813472e+06|1.698318996e+06|1.697827100e+06|2.425927085e+03|2.428398765e+03|2.430942589e+03|2.428442219e+03|7.082152139e+09|7.142927320e+09|7.205865991e+09|7.144428901e+09|6.579409180e+03|6.582420654e+03|6.585518921e+03|6.582471680e+03|1.949969863e+03
3.658268598e+05|1.697018103e+06|1.697411517e+06|1.697895411e+06|1.697363251e+06|2.424400278e+03|2.426377463e+03|2.428810959e+03|2.426119667e+03|7.044795542e+09|7.093198499e+09|7.153099326e+09|7.087476631e+09|6.577548584e+03|6.579960938e+03|6.582922729e+03|6.579641113e+03|1.949969863e+03
3.735478985e+05|1.696708452e+06|1.697338817e+06|1.698157642e+06|1.697322957e+06|2.422844877e+03|2.426012009e+03|2.430130439e+03|2.425895942e+03|7.006885189e+09|7.084234349e+09|7.185728804e+09|7.082217860e+09|6.575649780e+03|6.579514648e+03|6.584533813e+03|6.579366211e+03|1.949969863e+03
3.815122197e+05|1.696617616e+06|1.696963078e+06|1.697618883e+06|1.697030469e+06|2.422388736e+03|2.424123832e+03|2.427420090e+03|2.424444963e+03|6.995796272e+09|7.038046901e+09|7.118818520e+09|7.046421226e+09|6.575095581e+03|6.577212891e+03|6.581230957e+03|6.577600098e+03|1.949969863e+03
3.899145774e+05|1.696080624e+06|1.696722015e+06|1.697322179e+06|1.696709068e+06|2.419693430e+03|2.422912992e+03|2.425928378e+03|2.422806879e+03|6.930522555e+09|7.008543310e+09|7.082184773e+09|7.006606556e+09|6.571805054e+03|6.575735352e+03|6.579412964e+03|6.575599609e+03|1.949969863e+03
3.971136430e+05|1.695794673e+06|1.696339761e+06|1.697033459e+06|1.696349510e+06|2.418259046e+03|2.420993836e+03|2.424477441e+03|2.420994720e+03|6.895964862e+09|6.961959879e+09|7.046681502e+09|6.962311241e+09|6.570054932e+03|6.573394043e+03|6.577641602e+03|6.573390625e+03|1.949969863e+03
4.042145359e+05|1.695717183e+06|1.696081903e+06|1.696820279e+06|1.696156016e+06|2.417870446e+03|2.419699848e+03|2.423406509e+03|2.420015205e+03|6.886623918e+09|6.930677553e+09|7.020557639e+09|6.938633314e+09|6.569577271e+03|6.571812012e+03|6.576335327e+03|6.572193848e+03|1.949969863e+03
4.113849656e+05|1.695264337e+06|1.695749406e+06|1.696348715e+06|1.695812603e+06|2.415574082e+03|2.418032034e+03|2.421038779e+03|2.418284899e+03|6.831228814e+09|6.890506948e+09|6.963048165e+09|6.896506295e+09|6.566774048e+03|6.569776123e+03|6.573446655e+03|6.570083984e+03|1.949969863e+03
4.188258761e+05|1.695111436e+06|1.695438965e+06|1.695882909e+06|1.695417781e+06|2.414760757e+03|2.416475592e+03|2.418701587e+03|2.416264179e+03|6.811132460e+09|6.853170146e+09|6.906613451e+09|6.847521534e+09|6.565782471e+03|6.567875977e+03|6.570594971e+03|6.567615723e+03|1.949969863e+03
4.262543282e+05|1.694741538e+06|1.695116500e+06|1.695476297e+06|1.695189515e+06|2.412793975e+03|2.414787684e+03|2.416662722e+03|2.415083032e+03|6.762680591e+09|6.811796207e+09|6.857651413e+09|6.818663690e+09|6.563381226e+03|6.565812012e+03|6.568102051e+03|6.566173828e+03|1.949969863e+03
4.326992624e+05|1.694379918e+06|1.694743226e+06|1.695183302e+06|1.694732230e+06|2.410872343e+03|2.412802947e+03|2.415143007e+03|2.412680787e+03|6.715545202e+09|6.762901297e+09|6.820572368e+09|6.760062090e+09|6.561033691e+03|6.563390625e+03|6.566248901e+03|6.563239258e+03|1.949969863e+03
4.398580603e+05|1.694207332e+06|1.694641964e+06|1.695119153e+06|1.694717103e+06|2.409955624e+03|2.412264733e+03|2.414801799e+03|2.412606576e+03|6.693130038e+09|6.749678844e+09|6.812145365e+09|6.758152264e+09|6.559914307e+03|6.562735352e+03|6.565833740e+03|6.563149902e+03|1.949969863e+03
4.461024199e+05|1.694029461e+06|1.694438013e+06|1.695058623e+06|1.694413228e+06|2.409011100e+03|2.411180981e+03|2.414479880e+03|2.411020067e+03|6.670082310e+09|6.723102129e+09|6.804201053e+09|6.719501182e+09|6.558760010e+03|6.561411621e+03|6.565437378e+03|6.561211426e+03|1.949969863e+03
4.534522749e+05|1.693689919e+06|1.693999336e+06|1.694647269e+06|1.694172534e+06|2.407208832e+03|2.408851156e+03|2.412292925e+03|2.409751653e+03|6.626239681e+09|6.666184251e+09|6.750371533e+09|6.688523777e+09|6.556555786e+03|6.558563965e+03|6.562767334e+03|6.559662109e+03|1.949969863e+03
4.600339956e+05|1.693434043e+06|1.693729919e+06|1.694237943e+06|1.693806795e+06|2.405851309e+03|2.407421094e+03|2.410118204e+03|2.407807428e+03|6.593333005e+09|6.631394018e+09|6.697102315e+09|6.641289639e+09|6.554897339e+03|6.556814453e+03|6.560110596e+03|6.557285156e+03|1.949969863e+03
4.664149612e+05|1.693154118e+06|1.693597877e+06|1.694053562e+06|1.693637482e+06|2.404366842e+03|2.406720444e+03|2.409139063e+03|2.406915096e+03|6.557464959e+09|6.614389382e+09|6.673201936e+09|6.619611399e+09|6.553081909e+03|6.555958252e+03|6.558914551e+03|6.556194336e+03|1.949969863e+03
4.724230888e+05|1.692932040e+06|1.693236982e+06|1.693727750e+06|1.693461082e+06|2.403189614e+03|2.404806209e+03|2.407409586e+03|2.405974491e+03|6.529103709e+09|6.568068372e+09|6.631114487e+09|6.596772148e+09|6.551643311e+03|6.553619385e+03|6.556803223e+03|6.555044434e+03|1.949969863e+03
4.784271048e+05|1.692297764e+06|1.692946973e+06|1.693588962e+06|1.692944558e+06|2.399829671e+03|2.403268758e+03|2.406673149e+03|2.403191363e+03|6.448576759e+09|6.531007998e+09|6.613243103e+09|6.529586822e+09|6.547526123e+03|6.551739014e+03|6.555901001e+03|6.551638184e+03|1.949969863e+03
4.847792028e+05|1.692315821e+06|1.692662793e+06|1.693059213e+06|1.692629338e+06|2.399925279e+03|2.401762913e+03|2.403863701e+03|2.401543736e+03|6.450860049e+09|6.494835119e+09|6.545333786e+09|6.489588707e+09|6.547645264e+03|6.549896973e+03|6.552466064e+03|6.549625000e+03|1.949969863e+03
4.915328456e+05|1.691860613e+06|1.692150426e+06|1.692501940e+06|1.692189997e+06|2.397470265e+03|2.399049673e+03|2.400910873e+03|2.399171390e+03|6.391717842e+09|6.429970568e+09|6.474422722e+09|6.432500863e+09|6.544637329e+03|6.546573242e+03|6.548852173e+03|6.546719238e+03|1.949969863e+03
4.973215923e+05|1.691628803e+06|1.691913311e+06|1.692259966e+06|1.691947704e+06|2.396163436e+03|2.397767430e+03|2.399629549e+03|2.397860734e+03|6.359554785e+09|6.399048387e+09|6.443799770e+09|6.400747447e+09|6.543039795e+03|6.545003418e+03|6.547284546e+03|6.545115723e+03|1.949969863e+03
5.032630015e+05|1.691388885e+06|1.691866267e+06|1.692425852e+06|1.691963978e+06|2.394811458e+03|2.397502148e+03|2.400507913e+03|2.397936081e+03|6.326407306e+09|6.392504047e+09|6.464782317e+09|6.402407790e+09|6.541384521e+03|6.544677490e+03|6.548356934e+03|6.545208008e+03|1.949969863e+03
5.083218489e+05|1.691339594e+06|1.691601214e+06|1.692078207e+06|1.691751546e+06|2.394533766e+03|2.396007938e+03|2.398667415e+03|2.396784234e+03|6.319614791e+09|6.355735720e+09|6.420864519e+09|6.374439886e+09|6.541042969e+03|6.542849121e+03|6.546105713e+03|6.543798828e+03|1.949969863e+03
5.139694941e+05|1.691028054e+06|1.691402225e+06|1.691823295e+06|1.691515054e+06|2.392779193e+03|2.394886618e+03|2.397259850e+03|2.395457539e+03|6.276822646e+09|6.328246730e+09|6.386531047e+09|6.342234967e+09|6.538898193e+03|6.541475342e+03|6.544380493e+03|6.542173340e+03|1.949969863e+03
5.202528437e+05|1.690792290e+06|1.691083440e+06|1.691876897e+06|1.691263251e+06|2.391452022e+03|2.393091051e+03|2.397562089e+03|2.394056907e+03|6.244597917e+09|6.284412733e+09|6.393982367e+09|6.308189198e+09|6.537268921e+03|6.539280273e+03|6.544749390e+03|6.540458008e+03|1.949969863e+03
5.268256428e+05|1.690386391e+06|1.690674759e+06|1.691140636e+06|1.690849803e+06|2.389168417e+03|2.390790620e+03|2.393413136e+03|2.391732677e+03|6.189438783e+09|6.228584644e+09|6.292259051e+09|6.251935264e+09|6.534470337e+03|6.536460205e+03|6.539670532e+03|6.537609863e+03|1.949969863e+03
5.320963002e+05|1.690089713e+06|1.690429779e+06|1.691070328e+06|1.690554183e+06|2.387500325e+03|2.389412440e+03|2.393017221e+03|2.390089142e+03|6.149377149e+09|6.195315640e+09|6.282615388e+09|6.212248665e+09|6.532428101e+03|6.534769531e+03|6.539188599e+03|6.535596191e+03|1.949969863e+03
5.370980502e+05|1.689815450e+06|1.690171277e+06|1.690667075e+06|1.690228179e+06|2.385959042e+03|2.387958838e+03|2.390747386e+03|2.388248440e+03|6.112533057e+09|6.160369599e+09|6.227539836e+09|6.167959369e+09|6.530533691e+03|6.532986816e+03|6.536405273e+03|6.533339355e+03|1.949969863e+03
5.424014504e+05|1.689743842e+06|1.690069605e+06|1.690840887e+06|1.690302531e+06|2.385556745e+03|2.387387297e+03|2.391725539e+03|2.388657846e+03|6.102943228e+09|6.146669500e+09|6.251229031e+09|6.177894119e+09|6.530041382e+03|6.532288330e+03|6.537606201e+03|6.533840820e+03|1.949969863e+03
5.477773104e+05|1.689453826e+06|1.689766883e+06|1.690109595e+06|1.689792109e+06|2.383927952e+03|2.385686184e+03|2.387612088e+03|2.385808765e+03|6.064232349e+09|6.106027558e+09|6.152055363e+09|6.109375821e+09|6.528044922e+03|6.530202881e+03|6.532562744e+03|6.530348633e+03|1.949969863e+03
5.537602203e+05|1.689071280e+06|1.689403688e+06|1.689972231e+06|1.689530219e+06|2.381780755e+03|2.383646447e+03|2.386840016e+03|2.384327979e+03|6.013479897e+09|6.057559892e+09|6.133572378e+09|6.074056644e+09|6.525409546e+03|6.527698242e+03|6.531618774e+03|6.528532715e+03|1.949969863e+03
5.600158672e+05|1.688714348e+06|1.689067667e+06|1.689573305e+06|1.689196981e+06|2.379733241e+03|2.381760484e+03|2.384598869e+03|2.382415139e+03|5.964679804e+09|6.013002248e+09|6.080155249e+09|6.028391588e+09|6.522896484e+03|6.525383789e+03|6.528865723e+03|6.526183594e+03|1.949969863e+03
5.652017187e+05|1.688471704e+06|1.688832982e+06|1.689466474e+06|1.688895668e+06|2.378279700e+03|2.380443207e+03|2.383998964e+03|2.380687539e+03|5.929262416e+09|5.982014557e+09|6.065915807e+09|5.986948354e+09|6.521112671e+03|6.523765137e+03|6.528132935e+03|6.524064453e+03|1.949969863e+03
5.696494250e+05|1.688280279e+06|1.688740582e+06|1.689462634e+06|1.688861755e+06|2.377133458e+03|2.379890437e+03|2.383977407e+03|2.380464568e+03|5.901427514e+09|5.968518714e+09|6.065404692e+09|5.981469590e+09|6.519704346e+03|6.523086914e+03|6.528105591e+03|6.523790039e+03|1.949969863e+03
5.741026513e+05|1.688118483e+06|1.688656804e+06|1.689156635e+06|1.688718287e+06|2.376164968e+03|2.379388467e+03|2.382259735e+03|2.379641261e+03|5.877974911e+09|5.956266641e+09|6.024777165e+09|5.961734297e+09|6.518514282e+03|6.522471436e+03|6.525997070e+03|6.522779297e+03|1.949969863e+03
5.791016631e+05|1.687886921e+06|1.688347116e+06|1.689218959e+06|1.688546075e+06|2.374779384e+03|2.377533629e+03|2.382609490e+03|2.378604069e+03|5.844526162e+09|5.911135438e+09|6.033030414e+09|5.936719490e+09|6.516812988e+03|6.520195068e+03|6.526423096e+03|6.521506348e+03|1.949969863e+03
5.847142966e+05|1.687596825e+06|1.687935134e+06|1.688447166e+06|1.688088486e+06|2.373044432e+03|2.375067827e+03|2.378132746e+03|2.375933595e+03|5.802816650e+09|5.851479882e+09|5.925688886e+09|5.872519885e+09|6.514683105e+03|6.517167725e+03|6.520929321e+03|6.518228027e+03|1.949969863e+03
5.910509385e+05|1.687261544e+06|1.687562575e+06|1.688100930e+06|1.687734564e+06|2.371040447e+03|2.372839660e+03|2.376059915e+03|2.373819907e+03|5.754878819e+09|5.797906486e+09|5.875434784e+09|5.821944453e+09|6.512216309e+03|6.514428711e+03|6.518385620e+03|6.515630859e+03|1.949969863e+03
5.965591650e+05|1.686925695e+06|1.687208700e+06|1.687661310e+06|1.687287264e+06|2.369034380e+03|2.370724715e+03|2.373430007e+03|2.371164822e+03|5.707149582e+09|5.747349438e+09|5.812069539e+09|5.758353752e+09|6.509752319e+03|6.511830322e+03|6.515153809e+03|6.512367676e+03|1.949969863e+03
6.006943191e+05|1.686748392e+06|1.687243788e+06|1.687916102e+06|1.687349505e+06|2.367975835e+03|2.370934356e+03|2.374953961e+03|2.371526843e+03|5.682065344e+09|5.752348093e+09|5.848733893e+09|5.767161240e+09|6.508449951e+03|6.512087891e+03|6.517030151e+03|6.512812012e+03|1.949969863e+03
6.048627645e+05|1.686595407e+06|1.687050177e+06|1.687692814e+06|1.687202086e+06|2.367062772e+03|2.369777772e+03|2.373618394e+03|2.370637458e+03|5.660487447e+09|5.724805806e+09|5.816593896e+09|5.745905659e+09|6.507326294e+03|6.510663818e+03|6.515386963e+03|6.511718262e+03|1.949969863e+03
6.089488099e+05|1.686452365e+06|1.687018898e+06|1.687412053e+06|1.687016305e+06|2.366209301e+03|2.369590955e+03|2.371939883e+03|2.369559878e+03|5.640365989e+09|5.720365367e+09|5.776362765e+09|5.720209899e+09|6.506278320e+03|6.510436768e+03|6.513323486e+03|6.510394531e+03|1.949969863e+03
6.141406852e+05|1.686149419e+06|1.686591603e+06|1.687177206e+06|1.686717600e+06|2.364402528e+03|2.367040076e+03|2.370536577e+03|2.367759034e+03|5.597923594e+09|5.659951739e+09|5.742868687e+09|5.677459247e+09|6.504052490e+03|6.507299316e+03|6.511598022e+03|6.508178711e+03|1.949969863e+03
6.203819433e+05|1.685798286e+06|1.686223144e+06|1.686805659e+06|1.686227173e+06|2.362278120e+03|2.364842119e+03|2.368317693e+03|2.364791748e+03|5.547790573e+09|5.608229884e+09|5.690157981e+09|5.606863480e+09|6.501436279e+03|6.504593506e+03|6.508870117e+03|6.504529785e+03|1.949969863e+03
6.258765643e+05|1.685473307e+06|1.685986983e+06|1.686428702e+06|1.686001969e+06|2.360193566e+03|2.363434181e+03|2.366068137e+03|2.363397253e+03|5.497085047e+09|5.575260535e+09|5.637042575e+09|5.573545057e+09|6.498871338e+03|6.502860840e+03|6.506103638e+03|6.502812988e+03|1.949969863e+03
6.308373342e+05|1.685090678e+06|1.685499813e+06|1.686153222e+06|1.685685652e+06|2.357741071e+03|2.360363538e+03|2.364425194e+03|2.361417131e+03|5.437890707e+09|5.501206385e+09|5.598454094e+09|5.526111904e+09|6.495855103e+03|6.499080078e+03|6.504080200e+03|6.500375000e+03|1.949969863e+03
6.343925171e+05|1.685003130e+06|1.685579924e+06|1.686074431e+06|1.685555138e+06|2.357180200e+03|2.360877298e+03|2.363955455e+03|2.360615950e+03|5.424420423e+09|5.513676810e+09|5.587453408e+09|5.507101314e+09|6.495163452e+03|6.499715088e+03|6.503500610e+03|6.499389160e+03|1.949969863e+03
6.381177102e+05|1.684880651e+06|1.685397716e+06|1.686101680e+06|1.685496021e+06|2.356395722e+03|2.359708903e+03|2.364117902e+03|2.360214204e+03|5.405625884e+09|5.485347296e+09|5.591256267e+09|5.497450621e+09|6.494197144e+03|6.498277344e+03|6.503704468e+03|6.498893066e+03|1.949969863e+03
6.425209399e+05|1.684494428e+06|1.684927758e+06|1.685539279e+06|1.685051511e+06|2.353923304e+03|2.356697420e+03|2.360616625e+03|2.357456338e+03|5.346720445e+09|5.412849228e+09|5.507346424e+09|5.431567324e+09|6.491152100e+03|6.494569092e+03|6.499395142e+03|6.495498535e+03|1.949969863e+03
6.468847179e+05|1.684496782e+06|1.684869267e+06|1.685412834e+06|1.685049803e+06|2.353938372e+03|2.356322817e+03|2.359805826e+03|2.357437280e+03|5.347078117e+09|5.403881367e+09|5.487692902e+09|5.431042187e+09|6.491167603e+03|6.494106689e+03|6.498395020e+03|6.495475098e+03|1.949969863e+03
6.527969490e+05|1.684090048e+06|1.684676931e+06|1.685193541e+06|1.684655237e+06|2.351336840e+03|2.355091347e+03|2.358400179e+03|2.354921854e+03|5.285632863e+09|5.374486708e+09|5.453748816e+09|5.371290131e+09|6.487958374e+03|6.492587646e+03|6.496663696e+03|6.492375488e+03|1.949969863e+03
6.591319926e+05|1.683682431e+06|1.684124380e+06|1.684685173e+06|1.684204849e+06|2.348731905e+03|2.351556344e+03|2.355144111e+03|2.352046437e+03|5.224653950e+09|5.290795530e+09|5.375743618e+09|5.303049107e+09|6.484744995e+03|6.488230469e+03|6.492652222e+03|6.488833008e+03|1.949969863e+03
6.638269406e+05|1.683545927e+06|1.683984309e+06|1.684613935e+06|1.684067249e+06|2.347860061e+03|2.350660877e+03|2.354688119e+03|2.351163935e+03|5.204367532e+09|5.269755311e+09|5.364888886e+09|5.282363276e+09|6.483672607e+03|6.487126709e+03|6.492092896e+03|6.487743164e+03|1.949969863e+03
6.673178548e+05|1.683506312e+06|1.684122026e+06|1.684764657e+06|1.684213053e+06|2.347607086e+03|2.351541295e+03|2.355652969e+03|2.352085924e+03|5.198492493e+09|5.290442039e+09|5.387877138e+09|5.304311079e+09|6.483358276e+03|6.488211426e+03|6.493279663e+03|6.488878906e+03|1.949969863e+03
6.707612801e+05|1.683426496e+06|1.684000003e+06|1.684601768e+06|1.684013475e+06|2.347097495e+03|2.350761207e+03|2.354610244e+03|2.350814277e+03|5.186679798e+09|5.272112167e+09|5.363036638e+09|5.274149374e+09|6.482730957e+03|6.487248779e+03|6.491996338e+03|6.487312500e+03|1.949969863e+03
6.740340926e+05|1.683328054e+06|1.683812081e+06|1.684411032e+06|1.683906634e+06|2.346469040e+03|2.349560209e+03|2.353389715e+03|2.350114669e+03|5.172127281e+09|5.243984751e+09|5.334073515e+09|5.257706490e+09|6.481954834e+03|6.485771240e+03|6.490490479e+03|6.486448730e+03|1.949969863e+03
6.782055921e+05|1.683234912e+06|1.683744999e+06|1.684270938e+06|1.683763826e+06|2.345874570e+03|2.349131606e+03|2.352493553e+03|2.349208591e+03|5.158396269e+09|5.233974521e+09|5.312884303e+09|5.236168922e+09|6.481219604e+03|6.485238525e+03|6.489385986e+03|6.485332031e+03|1.949969863e+03
6.832774212e+05|1.682774517e+06|1.683346486e+06|1.684063171e+06|1.683452722e+06|2.342775249e+03|2.346586700e+03|2.351165003e+03|2.347164345e+03|5.084595109e+09|5.174848394e+09|5.281591930e+09|5.187931454e+09|6.477394287e+03|6.482100586e+03|6.487746582e+03|6.482809570e+03|1.949969863e+03
6.893996149e+05|1.681858501e+06|1.682890968e+06|1.683354526e+06|1.682731240e+06|2.336491838e+03|2.343575002e+03|2.346638025e+03|2.342358526e+03|4.935267843e+09|5.103817819e+09|5.176036334e+09|5.074568126e+09|6.469635864e+03|6.478380127e+03|6.482163818e+03|6.476875488e+03|1.949969863e+03
6.957656392e+05|1.681458038e+06|1.682192020e+06|1.682724040e+06|1.682082614e+06|2.333749083e+03|2.338778054e+03|2.342428649e+03|2.337997764e+03|4.871031593e+09|4.989250333e+09|5.076279452e+09|4.971608911e+09|6.466240967e+03|6.472462158e+03|6.476967163e+03|6.471490723e+03|1.949969863e+03
6.996153876e+05|1.681557097e+06|1.682102395e+06|1.682751920e+06|1.682088017e+06|2.334427299e+03|2.338163515e+03|2.342620082e+03|2.338026160e+03|4.886862106e+09|4.974700386e+09|5.080870453e+09|4.972324997e+09|6.467081543e+03|6.471701172e+03|6.477204468e+03|6.471525391e+03|1.949969863e+03
7.025986400e+05|1.681355888e+06|1.681808415e+06|1.682272359e+06|1.681830978e+06|2.333049878e+03|2.336148661e+03|2.339329028e+03|2.336292891e+03|4.854747683e+09|4.927199091e+09|5.002319860e+09|4.931305399e+09|6.465378662e+03|6.469213379e+03|6.473139648e+03|6.469384766e+03|1.949969863e+03
7.055081595e+05|1.681070595e+06|1.681877261e+06|1.682403897e+06|1.681763598e+06|2.331097976e+03|2.336620385e+03|2.340231358e+03|2.335811576e+03|4.809491146e+09|4.938292253e+09|5.023774306e+09|4.920219671e+09|6.462965210e+03|6.469792236e+03|6.474254761e+03|6.468789551e+03|1.949969863e+03
7.083574379e+05|1.680996867e+06|1.681553091e+06|1.682132452e+06|1.681649258e+06|2.330593729e+03|2.334399867e+03|2.338369593e+03|2.335033965e+03|4.797841108e+09|4.886221130e+09|4.979576558e+09|4.901956869e+09|6.462339478e+03|6.467050049e+03|6.471956543e+03|6.467828125e+03|1.949969863e+03
7.121482871e+05|1.680735842e+06|1.681392851e+06|1.682099299e+06|1.681512531e+06|2.328809289e+03|2.333302863e+03|2.338142283e+03|2.334065922e+03|4.756784751e+09|4.860635131e+09|4.974198230e+09|4.879242213e+09|6.460132202e+03|6.465692139e+03|6.471672974e+03|6.466630859e+03|1.949969863e+03
7.175625277e+05|1.680408989e+06|1.680987583e+06|1.681832092e+06|1.681125278e+06|2.326498014e+03|2.330530256e+03|2.336310884e+03|2.331367064e+03|4.702688642e+09|4.796378978e+09|4.931012122e+09|4.815885549e+09|6.457268799e+03|6.462260986e+03|6.469412231e+03|6.463291016e+03|1.949969863e+03
7.242172548e+05|1.680307238e+06|1.681058944e+06|1.681575672e+06|1.680938253e+06|2.325739072e+03|2.331018263e+03|2.334554490e+03|2.330061492e+03|4.684398535e+09|4.807644346e+09|4.889835485e+09|4.785153066e+09|6.456330811e+03|6.462864014e+03|6.467237793e+03|6.461677734e+03|1.949969863e+03
7.299616265e+05|1.680306070e+06|1.680908944e+06|1.681415065e+06|1.680827319e+06|2.325730364e+03|2.329992541e+03|2.333454918e+03|2.329281221e+03|4.684189054e+09|4.783982055e+09|4.864176216e+09|4.766906756e+09|6.456320801e+03|6.461596436e+03|6.465880127e+03|6.460711426e+03|1.949969863e+03
7.337905626e+05|1.680336929e+06|1.680848511e+06|1.681469327e+06|1.680810540e+06|2.325960511e+03|2.329579392e+03|2.333826369e+03|2.329171132e+03|4.689729924e+09|4.774473628e+09|4.872833735e+09|4.764401782e+09|6.456604126e+03|6.461085205e+03|6.466339111e+03|6.460576172e+03|1.949969863e+03
7.366299925e+05|1.680475048e+06|1.681060400e+06|1.681665269e+06|1.681051636e+06|2.326990824e+03|2.331028224e+03|2.335168078e+03|2.330865845e+03|4.714592688e+09|4.807874561e+09|4.904193198e+09|4.804102440e+09|6.457879272e+03|6.462876953e+03|6.467996826e+03|6.462671875e+03|1.949969863e+03
7.390483123e+05|1.680314410e+06|1.680989039e+06|1.681297806e+06|1.680862544e+06|2.325792563e+03|2.330540200e+03|2.332652384e+03|2.329552964e+03|4.685685830e+09|4.796605944e+09|4.845506980e+09|4.773222433e+09|6.456395996e+03|6.462274414e+03|6.464885742e+03|6.461048828e+03|1.949969863e+03
7.414872955e+05|1.680267206e+06|1.680854336e+06|1.681494456e+06|1.680878462e+06|2.325440543e+03|2.329619211e+03|2.333998405e+03|2.329669768e+03|4.677220531e+09|4.775389653e+09|4.876847292e+09|4.775951804e+09|6.455960083e+03|6.461134277e+03|6.466550293e+03|6.461194336e+03|1.949969863e+03
7.451717089e+05|1.680214499e+06|1.680807010e+06|1.681433638e+06|1.680712827e+06|2.325047539e+03|2.329295706e+03|2.333582053e+03|2.328456601e+03|4.667784801e+09|4.767952240e+09|4.867138404e+09|4.747567375e+09|6.455475220e+03|6.460732178e+03|6.466038330e+03|6.459689941e+03|1.949969863e+03
7.506222266e+05|1.679048033e+06|1.680072232e+06|1.681107369e+06|1.680091865e+06|2.316363701e+03|2.323987004e+03|2.331349481e+03|2.323898676e+03|4.463153954e+09|4.642396942e+09|4.815302683e+09|4.640784209e+09|6.444713989e+03|6.454162354e+03|6.463276245e+03|6.454042969e+03|1.949969863e+03
7.577558759e+05|1.677842907e+06|1.678604902e+06|1.679332072e+06|1.678598563e+06|2.307205461e+03|2.313071724e+03|2.318475808e+03|2.312818645e+03|4.251482038e+09|4.387495295e+09|4.512247164e+09|4.381944787e+09|6.433350220e+03|6.440632812e+03|6.447333618e+03|6.440309570e+03|1.949969863e+03
7.628804954e+05|1.677418308e+06|1.678060381e+06|1.678917198e+06|1.678122168e+06|2.303784218e+03|2.308959408e+03|2.315391336e+03|2.309164845e+03|4.171005521e+09|4.293167200e+09|4.440696082e+09|4.297010439e+09|6.429100708e+03|6.435527100e+03|6.443511841e+03|6.435774414e+03|1.949969863e+03
7.662161112e+05|1.677148374e+06|1.677866354e+06|1.678489763e+06|1.677793637e+06|2.301611398e+03|2.307394507e+03|2.312216975e+03|2.306658948e+03|4.120468814e+09|4.255960016e+09|4.368015791e+09|4.238911797e+09|6.426400024e+03|6.433584961e+03|6.439568359e+03|6.432664551e+03|1.949969863e+03
7.689685165e+05|1.677077910e+06|1.677786053e+06|1.678298828e+06|1.677709187e+06|2.301044475e+03|2.306747103e+03|2.310800151e+03|2.306000376e+03|4.107353889e+09|4.240635297e+09|4.335891638e+09|4.223451527e+09|6.425697510e+03|6.432781006e+03|6.437811523e+03|6.431847656e+03|1.949969863e+03
7.710462809e+05|1.677021695e+06|1.677653350e+06|1.678175037e+06|1.677567190e+06|2.300592283e+03|2.305677594e+03|2.309880740e+03|2.304897610e+03|4.096917427e+09|4.215413931e+09|4.315119097e+09|4.197750120e+09|6.425132446e+03|6.431450684e+03|6.436670776e+03|6.430479492e+03|1.949969863e+03
7.727971598e+05|1.676661621e+06|1.677372959e+06|1.677957848e+06|1.677252949e+06|2.297697578e+03|2.303419056e+03|2.308132324e+03|2.302384787e+03|4.030545464e+09|4.162480361e+09|4.273473187e+09|4.139633667e+09|6.421532349e+03|6.428646973e+03|6.434499268e+03|6.427356445e+03|1.949969863e+03
7.751178048e+05|1.676422585e+06|1.676993357e+06|1.677668366e+06|1.676974299e+06|2.295777605e+03|2.300364351e+03|2.305798566e+03|2.300112611e+03|3.986957032e+09|4.091659628e+09|4.218254072e+09|4.086909029e+09|6.419141846e+03|6.424850830e+03|6.431604614e+03|6.424529785e+03|1.949969863e+03
7.789715360e+05|1.675837772e+06|1.676748914e+06|1.677336343e+06|1.676681325e+06|2.290942951e+03|2.298399073e+03|2.303124259e+03|2.297719420e+03|3.876261905e+09|4.046559955e+09|4.155608060e+09|4.031604956e+09|6.413122314e+03|6.422405762e+03|6.428281860e+03|6.421554199e+03|1.949969863e+03
7.928002759e+05|1.675667586e+06|1.676939748e+06|1.678579074e+06|1.677260866e+06|2.289422607e+03|2.299933225e+03|2.312879973e+03|2.301889435e+03|3.840065938e+09|4.081735093e+09|4.383120973e+09|4.129370687e+09|6.411230225e+03|6.424314941e+03|6.440392822e+03|6.426715820e+03|1.949969863e+03
7.988738034e+05|1.678051492e+06|1.679314903e+06|1.680313576e+06|1.679089229e+06|2.308887691e+03|2.318348127e+03|2.325786343e+03|2.316275551e+03|4.291456946e+09|4.509276500e+09|4.685535944e+09|4.463238754e+09|6.435437866e+03|6.447176270e+03|6.456387939e+03|6.444584961e+03|1.949969863e+03
8.008623510e+05|1.678062834e+06|1.679492616e+06|1.680653574e+06|1.679361381e+06|2.308979189e+03|2.319670324e+03|2.328247115e+03|2.318275029e+03|4.293638279e+09|4.540209756e+09|4.743900710e+09|4.509830158e+09|6.435552246e+03|6.448816650e+03|6.459436279e+03|6.447063965e+03|1.949969863e+03
8.023644058e+05|1.678766875e+06|1.679701361e+06|1.680718369e+06|1.679722272e+06|2.314274559e+03|2.321224190e+03|2.328689877e+03|2.321131919e+03|4.415017616e+09|4.576781425e+09|4.754045971e+09|4.576279287e+09|6.442122192e+03|6.450739502e+03|6.459981323e+03|6.450613281e+03|1.949969863e+03
8.035110072e+05|1.679252056e+06|1.680121599e+06|1.680791174e+06|1.680212851e+06|2.317880653e+03|2.324354973e+03|2.329187468e+03|2.324727753e+03|4.498369557e+09|4.651194446e+09|4.765466145e+09|4.660470423e+09|6.446599243e+03|6.454617920e+03|6.460598389e+03|6.455067383e+03|1.949969863e+03
8.044004935e+05|1.679551968e+06|1.680386804e+06|1.681421256e+06|1.680512350e+06|2.320112034e+03|2.326332513e+03|2.333497303e+03|2.326909721e+03|4.550577509e+09|4.698693781e+09|4.865164959e+09|4.711247292e+09|6.449364136e+03|6.457067383e+03|6.465932373e+03|6.457771484e+03|1.949969863e+03
8.052371922e+05|1.679920973e+06|1.680749493e+06|1.681757785e+06|1.680907042e+06|2.322859874e+03|2.328902585e+03|2.335801812e+03|2.329672991e+03|4.615539248e+09|4.758925519e+09|4.919056630e+09|4.776427615e+09|6.452766968e+03|6.460248535e+03|6.468779907e+03|6.461189453e+03|1.949969863e+03
8.061953819e+05|1.680166798e+06|1.680838318e+06|1.681806048e+06|1.681068864e+06|2.324691901e+03|2.329509714e+03|2.336132439e+03|2.330887556e+03|4.659258643e+09|4.772871685e+09|4.926817743e+09|4.804867848e+09|6.455034546e+03|6.460997803e+03|6.469191895e+03|6.462694336e+03|1.949969863e+03
8.075968639e+05|1.680630642e+06|1.681781096e+06|1.683049346e+06|1.681962208e+06|2.328090431e+03|2.335961497e+03|2.344663061e+03|2.336945760e+03|4.740314776e+09|4.922802682e+09|5.130050147e+09|4.947397890e+09|6.459241821e+03|6.468979004e+03|6.479724121e+03|6.470179199e+03|1.949969863e+03
8.297616264e+05|1.668834048e+06|1.669086051e+06|1.681281422e+06|1.672780685e+06|2.215679014e+03|2.219465520e+03|2.332540318e+03|2.251516074e+03|2.165906403e+09|2.253554141e+09|4.842915866e+09|2.990693786e+09|6.318777222e+03|6.323552490e+03|6.464749634e+03|6.363495605e+03|1.949969863e+03
8.395913817e+05|1.668867843e+06|1.669066805e+06|1.669258633e+06|1.669018362e+06|2.216186452e+03|2.219176136e+03|2.222062097e+03|2.218384809e+03|2.177470648e+09|2.246744764e+09|2.315487834e+09|2.229938096e+09|6.319419434e+03|6.323189453e+03|6.326824829e+03|6.322187012e+03|1.949969863e+03
8.410339418e+05|1.668709692e+06|1.668970263e+06|1.669176316e+06|1.668944196e+06|2.213812634e+03|2.217725003e+03|2.220823259e+03|2.217293346e+03|2.123840892e+09|2.212876862e+09|2.285750791e+09|2.204703704e+09|6.316422852e+03|6.321360352e+03|6.325265625e+03|6.320810547e+03|1.949969863e+03
8.418335029e+05|1.668357901e+06|1.668809956e+06|1.669155877e+06|1.668743839e+06|2.208540658e+03|2.215317311e+03|2.220515751e+03|2.214156658e+03|2.008972151e+09|2.157696477e+09|2.278422828e+09|2.134708527e+09|6.309762207e+03|6.318320068e+03|6.324878540e+03|6.316846680e+03|1.949969863e+03
8.424397991e+05|1.668507035e+06|1.668894879e+06|1.669101479e+06|1.668770477e+06|2.210774188e+03|2.216592487e+03|2.219697533e+03|2.214628668e+03|2.056930194e+09|2.186764766e+09|2.259026909e+09|2.144824544e+09|6.312585083e+03|6.319929688e+03|6.323844360e+03|6.317444336e+03|1.949969863e+03
8.430338232e+05|1.668174522e+06|1.668745233e+06|1.669025055e+06|1.668635903e+06|2.205797025e+03|2.214345898e+03|2.218548471e+03|2.212509400e+03|1.951415110e+09|2.135785448e+09|2.232039124e+09|2.097863903e+09|6.306292114e+03|6.317094971e+03|6.322397827e+03|6.314767090e+03|1.949969863e+03
8.434610567e+05|1.668305675e+06|1.668821088e+06|1.669033007e+06|1.668656055e+06|2.207758946e+03|2.215484429e+03|2.218668012e+03|2.212839613e+03|1.992411546e+09|2.161486934e+09|2.234833069e+09|2.104765795e+09|6.308771362e+03|6.318532959e+03|6.322547974e+03|6.315185059e+03|1.949969863e+03
8.438847105e+05|1.668165835e+06|1.668723765e+06|1.668949349e+06|1.668591970e+06|2.205648368e+03|2.214023788e+03|2.217410755e+03|2.211823134e+03|1.947921136e+09|2.128568381e+09|2.205603400e+09|2.082398306e+09|6.306104370e+03|6.316689209e+03|6.320960205e+03|6.313898926e+03|1.949969863e+03
8.442797657e+05|1.668539233e+06|1.668736963e+06|1.668982828e+06|1.668669018e+06|2.211256676e+03|2.214221814e+03|2.217913812e+03|2.213048386e+03|2.067427463e+09|2.132999592e+09|2.217257316e+09|2.109142793e+09|6.313192993e+03|6.316936768e+03|6.321596313e+03|6.315448730e+03|1.949969863e+03
8.446667573e+05|1.668553384e+06|1.668771948e+06|1.668996744e+06|1.668732427e+06|2.211468765e+03|2.214746828e+03|2.218122954e+03|2.214118750e+03|2.072056616e+09|2.144807036e+09|2.222118639e+09|2.132928738e+09|6.313459717e+03|6.317599854e+03|6.321862915e+03|6.316803223e+03|1.949969863e+03
8.450611378e+05|1.668517847e+06|1.668750480e+06|1.668985134e+06|1.668656416e+06|2.210936197e+03|2.214424642e+03|2.217948468e+03|2.212874099e+03|2.060449446e+09|2.137552752e+09|2.218062252e+09|2.105216686e+09|6.312788696e+03|6.317192871e+03|6.321642944e+03|6.315229492e+03|1.949969863e+03
8.454479343e+05|1.668484775e+06|1.668798347e+06|1.668966446e+06|1.668693005e+06|2.210440681e+03|2.215143043e+03|2.217667648e+03|2.213479513e+03|2.049703789e+09|2.153749618e+09|2.211548722e+09|2.118210943e+09|6.312161499e+03|6.318101074e+03|6.321287598e+03|6.315996094e+03|1.949969863e+03
8.460324773e+05|1.668505207e+06|1.668714383e+06|1.668859971e+06|1.668642178e+06|2.210746791e+03|2.213883018e+03|2.216068249e+03|2.212684513e+03|2.056335667e+09|2.125416557e+09|2.174776838e+09|2.100467111e+09|6.312548706e+03|6.316509277e+03|6.319269165e+03|6.314991211e+03|1.949969863e+03
8.470387623e+05|1.668502027e+06|1.668676855e+06|1.668914281e+06|1.668662051e+06|2.210699145e+03|2.213320050e+03|2.216883926e+03|2.213056491e+03|2.055302302e+09|2.112863088e+09|2.193459111e+09|2.108687110e+09|6.312489868e+03|6.315802002e+03|6.320296997e+03|6.315463867e+03|1.949969863e+03
1.018477412e+06|1.665305571e+06|1.665305574e+06|1.665305584e+06|1.666112408e+06|2.115248195e+03|2.115248236e+03|2.115248259e+03|2.138687572e+03|1.721461721e+02|1.721462716e+02|1.721463289e+02|5.055118975e+08|5.634871338e+03|5.887730469e+03|5.999261719e+03|5.717858398e+03|1.949969863e+03
8.967665682e+05|2.896954570e+06|2.898052943e+06|2.899282620e+06|2.898676383e+06|2.307208582e+03|2.308826448e+03|2.310628585e+03|2.309440041e+03|4.610298663e+09|4.685961533e+09|4.771256468e+09|4.713677983e+09|3.227839661e+03|3.230476562e+03|3.233414307e+03|3.231499023e+03|2.842194027e+03
8.996671984e+05|2.895947984e+06|2.897173954e+06|2.898422904e+06|2.897049960e+06|2.305726369e+03|2.307531684e+03|2.309371506e+03|2.307337889e+03|4.541904403e+09|4.625320105e+09|4.711697980e+09|4.617342820e+09|3.225425415e+03|3.228365601e+03|3.231363647e+03|3.228051514e+03|2.842194027e+03
9.009775198e+05|2.895526088e+06|2.896880803e+06|2.897896374e+06|2.896746060e+06|2.305105254e+03|2.307099943e+03|2.308595795e+03|2.306881264e+03|4.513513755e+09|4.605254142e+09|4.675108110e+09|4.596013684e+09|3.224413452e+03|3.227663940e+03|3.230100159e+03|3.227307861e+03|2.842194027e+03
9.018501134e+05|2.895710739e+06|2.896791645e+06|2.897616623e+06|2.896602488e+06|2.305377086e+03|2.306968641e+03|2.308183702e+03|2.306677309e+03|4.525916786e+09|4.599165547e+09|4.655772300e+09|4.586654833e+09|3.224857117e+03|3.227448242e+03|3.229427551e+03|3.226975342e+03|2.842194027e+03
9.026595865e+05|2.895583469e+06|2.896474161e+06|2.897691691e+06|2.896579505e+06|2.305189723e+03|2.306501116e+03|2.308294278e+03|2.306649979e+03|4.517361708e+09|4.577542094e+09|4.660952994e+09|4.585281863e+09|3.224550598e+03|3.226686401e+03|3.229607605e+03|3.226929932e+03|2.842194027e+03
9.035920704e+05|2.895007774e+06|2.896175309e+06|2.896995622e+06|2.895960278e+06|2.304342292e+03|2.306061070e+03|2.307269039e+03|2.305743478e+03|4.478838623e+09|4.557270767e+09|4.613103541e+09|4.543751825e+09|3.223170654e+03|3.225970459e+03|3.227938049e+03|3.225453857e+03|2.842194027e+03
9.044983543e+05|2.894367465e+06|2.895269322e+06|2.896491156e+06|2.895309507e+06|2.303399915e+03|2.304727277e+03|2.306526143e+03|2.304786944e+03|4.436335501e+09|4.496303360e+09|4.578697336e+09|4.500046645e+09|3.221634521e+03|3.223797363e+03|3.226727844e+03|3.223894775e+03|2.842194027e+03
9.273262800e+05|2.871101252e+06|2.888225813e+06|2.894722855e+06|2.884472930e+06|2.262413429e+03|2.294370443e+03|2.303922941e+03|2.286117576e+03|2.696256540e+09|4.047521487e+09|4.459883580e+09|3.703936094e+09|3.155411072e+03|3.206932983e+03|3.222487610e+03|3.193701904e+03|2.842194027e+03
9.501649524e+05|2.869328231e+06|2.870138742e+06|2.871340854e+06|2.870669303e+06|2.258152171e+03|2.260099474e+03|2.262989701e+03|2.261180047e+03|2.522592523e+09|2.600646304e+09|2.720562165e+09|2.648408012e+09|3.148595154e+03|3.151708862e+03|3.156333008e+03|3.153450195e+03|2.842194027e+03
9.521539465e+05|2.869402313e+06|2.870250190e+06|2.870874773e+06|2.870351742e+06|2.258330111e+03|2.260367323e+03|2.261868811e+03|2.260579983e+03|2.529634896e+09|2.611552360e+09|2.673469162e+09|2.621891960e+09|3.148880981e+03|3.152138550e+03|3.154538757e+03|3.152479736e+03|2.842194027e+03
9.536324307e+05|2.869541687e+06|2.870302983e+06|2.870926208e+06|2.870399246e+06|2.258664902e+03|2.260494211e+03|2.261992491e+03|2.260684423e+03|2.542934779e+09|2.616733719e+09|2.678628575e+09|2.627405535e+09|3.149415833e+03|3.152340820e+03|3.154737549e+03|3.152647461e+03|2.842194027e+03
9.549232952e+05|2.869768061e+06|2.870710499e+06|2.871412054e+06|2.870368058e+06|2.259208750e+03|2.261473834e+03|2.263160964e+03|2.260643195e+03|2.564676473e+09|2.657053145e+09|2.727822227e+09|2.627078408e+09|3.150285034e+03|3.153907715e+03|3.156605530e+03|3.152583496e+03|2.842194027e+03
9.561418409e+05|2.869953591e+06|2.870616632e+06|2.871374497e+06|2.870577348e+06|2.259654537e+03|2.261248163e+03|2.263070626e+03|2.261149352e+03|2.582619843e+09|2.647715389e+09|2.723990886e+09|2.646749502e+09|3.150997986e+03|3.153546631e+03|3.156461304e+03|3.153389648e+03|2.842194027e+03
9.576929549e+05|2.870108632e+06|2.871066047e+06|2.871851420e+06|2.870964127e+06|2.260027112e+03|2.262328766e+03|2.264218002e+03|2.262052285e+03|2.597706363e+09|2.692703799e+09|2.773034426e+09|2.685123765e+09|3.151593811e+03|3.155275146e+03|3.158296265e+03|3.154834961e+03|2.842194027e+03
9.607823108e+05|2.870742766e+06|2.871409902e+06|2.872540534e+06|2.871652273e+06|2.261551413e+03|2.263155789e+03|2.265876561e+03|2.263668832e+03|2.660270109e+09|2.727603944e+09|2.845354232e+09|2.752363641e+09|3.154032166e+03|3.156596436e+03|3.160948975e+03|3.157421875e+03|2.842194027e+03
9.888420405e+05|2.874157270e+06|2.875021099e+06|2.876111338e+06|2.875605377e+06|2.269692793e+03|2.271268411e+03|2.273257882e+03|2.272202788e+03|3.016105359e+09|3.075588602e+09|3.152202186e+09|3.112167144e+09|3.167059509e+03|3.169598877e+03|3.172806885e+03|3.171114014e+03|2.842194027e+03
9.939290920e+05|2.873194974e+06|2.873853282e+06|2.874758045e+06|2.874263734e+06|2.267452417e+03|2.269038333e+03|2.270788535e+03|2.269572273e+03|2.915649022e+09|2.987989640e+09|3.057361679e+09|3.004685856e+09|3.163471619e+03|3.166008789e+03|3.168825256e+03|3.166881348e+03|2.842194027e+03
9.967235244e+05|2.872746987e+06|2.873478989e+06|2.874269762e+06|2.873671512e+06|2.266373607e+03|2.268136539e+03|2.269897942e+03|2.268345955e+03|2.867353938e+09|2.946655832e+09|3.023791604e+09|2.952831038e+09|3.161745605e+03|3.164565796e+03|3.167390442e+03|3.164910889e+03|2.842194027e+03
9.993639749e+05|2.872477524e+06|2.873310651e+06|2.874245876e+06|2.873854367e+06|2.265724873e+03|2.267731038e+03|2.269854381e+03|2.268590190e+03|2.838664458e+09|2.928240263e+09|3.022157589e+09|2.961824075e+09|3.160706421e+03|3.163917358e+03|3.167318970e+03|3.165309570e+03|2.842194027e+03
1.002208828e+06|2.871560914e+06|2.872361880e+06|2.873092023e+06|2.872284077e+06|2.263519058e+03|2.265446498e+03|2.267204466e+03|2.265166137e+03|2.743062447e+09|2.826435328e+09|2.904482595e+09|2.816611650e+09|3.157179382e+03|3.160262695e+03|3.163074158e+03|3.159818115e+03|2.842194027e+03
1.005504576e+06|2.870621521e+06|2.871414988e+06|2.872425474e+06|2.871289058e+06|2.261259920e+03|2.263168025e+03|2.265599576e+03|2.262866196e+03|2.648205336e+09|2.728127636e+09|2.833154235e+09|2.719076628e+09|3.153564941e+03|3.156617188e+03|3.160506958e+03|3.156135010e+03|2.842194027e+03
1.016094493e+06|2.869598181e+06|2.870588473e+06|2.871993064e+06|2.871604979e+06|2.258800620e+03|2.261180467e+03|2.264558843e+03|2.263040123e+03|2.548348216e+09|2.644919998e+09|2.787756146e+09|2.727845056e+09|3.149633606e+03|3.153437500e+03|3.158841187e+03|3.156449951e+03|2.842194027e+03
1.032151835e+06|2.868107424e+06|2.868704767e+06|2.869665037e+06|2.869364488e+06|2.255221235e+03|2.256655027e+03|2.258961231e+03|2.257999505e+03|2.409136449e+09|2.464042549e+09|2.554759666e+09|2.523356081e+09|3.143910278e+03|3.146202271e+03|3.149889465e+03|3.148378174e+03|2.842194027e+03
1.035705493e+06|2.868315903e+06|2.869069839e+06|2.869626330e+06|2.869133399e+06|2.255721575e+03|2.257531604e+03|2.258868241e+03|2.257654414e+03|2.428168232e+09|2.498171272e+09|2.551042215e+09|2.506184400e+09|3.144710266e+03|3.147603882e+03|3.149740784e+03|3.147801514e+03|2.842194027e+03
1.038246927e+06|2.868145328e+06|2.868712584e+06|2.869483825e+06|2.868940554e+06|2.255312197e+03|2.256673794e+03|2.258525908e+03|2.257166311e+03|2.412585818e+09|2.464768844e+09|2.537404685e+09|2.487086297e+09|3.144055115e+03|3.146230835e+03|3.149194153e+03|3.147024414e+03|2.842194027e+03
1.040886937e+06|2.867958352e+06|2.868841566e+06|2.869428311e+06|2.868659473e+06|2.254863515e+03|2.256983469e+03|2.258392557e+03|2.256518865e+03|2.395612597e+09|2.476780418e+09|2.532110454e+09|2.461696412e+09|3.143338379e+03|3.146725830e+03|3.148979187e+03|3.145990967e+03|2.842194027e+03
1.044220654e+06|2.868446431e+06|2.869221901e+06|2.869768647e+06|2.869130892e+06|2.256034874e+03|2.257896789e+03|2.259210157e+03|2.257636512e+03|2.440158547e+09|2.512516508e+09|2.564729828e+09|2.504957816e+09|3.145211121e+03|3.148187378e+03|3.150287598e+03|3.147781494e+03|2.842194027e+03
1.048855034e+06|2.867927483e+06|2.868706721e+06|2.869425965e+06|2.868561908e+06|2.254789447e+03|2.256659720e+03|2.258386923e+03|2.256261269e+03|2.392821627e+09|2.464225196e+09|2.531887025e+09|2.452091087e+09|3.143220581e+03|3.146209351e+03|3.148971375e+03|3.145581543e+03|2.842194027e+03
1.060158495e+06|2.867835661e+06|2.869015114e+06|2.870299073e+06|2.869589521e+06|2.254569130e+03|2.257400191e+03|2.260484814e+03|2.258658949e+03|2.384535180e+09|2.493029214e+09|2.616353209e+09|2.551049482e+09|3.142866394e+03|3.147394043e+03|3.152325623e+03|3.149416016e+03|2.842194027e+03
1.073199996e+06|2.867674101e+06|2.868460109e+06|2.868923453e+06|2.868917841e+06|2.254181521e+03|2.256067705e+03|2.257180091e+03|2.257004351e+03|2.370022797e+09|2.441414606e+09|2.484437966e+09|2.484374271e+09|3.142247681e+03|3.145262451e+03|3.147041504e+03|3.146771484e+03|2.842194027e+03
1.077065256e+06|2.867931195e+06|2.868602368e+06|2.869069643e+06|2.868662199e+06|2.254798353e+03|2.256409196e+03|2.257531135e+03|2.256461758e+03|2.393156482e+09|2.454548210e+09|2.498152577e+09|2.459952579e+09|3.143233521e+03|3.145809082e+03|3.147601929e+03|3.145906006e+03|2.842194027e+03
1.079647995e+06|2.867261938e+06|2.868037283e+06|2.868674086e+06|2.867880795e+06|2.253192877e+03|2.255052917e+03|2.256581369e+03|2.254651256e+03|2.333367289e+09|2.402764043e+09|2.461194402e+09|2.389063179e+09|3.140667847e+03|3.143640747e+03|3.146083557e+03|3.143008545e+03|2.842194027e+03
1.082951161e+06|2.866886159e+06|2.867618816e+06|2.868464799e+06|2.867530513e+06|2.252291761e+03|2.254048895e+03|2.256078962e+03|2.253764549e+03|2.300409521e+09|2.365073935e+09|2.441846465e+09|2.355983827e+09|3.139227234e+03|3.142034790e+03|3.145281494e+03|3.141608643e+03|2.842194027e+03
1.086468754e+06|2.866629549e+06|2.867421131e+06|2.868003483e+06|2.867230808e+06|2.251676550e+03|2.253574695e+03|2.254971809e+03|2.253038320e+03|2.278153463e+09|2.347461638e+09|2.399699050e+09|2.329088720e+09|3.138244873e+03|3.141278198e+03|3.143511230e+03|3.140447754e+03|2.842194027e+03
1.091117137e+06|2.865777861e+06|2.867053535e+06|2.867749703e+06|2.866883921e+06|2.249635478e+03|2.252693097e+03|2.254362897e+03|2.252002849e+03|2.205716706e+09|2.315035315e+09|2.376803070e+09|2.290282781e+09|3.134982361e+03|3.139868408e+03|3.142536621e+03|3.138865234e+03|2.842194027e+03
1.100017218e+06|2.865956105e+06|2.866880105e+06|2.867686017e+06|2.867037172e+06|2.250062537e+03|2.252277246e+03|2.254210108e+03|2.252468958e+03|2.220696554e+09|2.299883188e+09|2.371089171e+09|2.309892048e+09|3.135663635e+03|3.139204224e+03|3.142293152e+03|3.139580322e+03|2.842194027e+03
1.112481025e+06|2.865237690e+06|2.866182977e+06|2.867442227e+06|2.866669693e+06|2.248193943e+03|2.250606183e+03|2.253625296e+03|2.251457077e+03|2.152373253e+09|2.239899767e+09|2.349335144e+09|2.272416002e+09|3.132732483e+03|3.136532959e+03|3.141357239e+03|3.138011230e+03|2.842194027e+03
1.117709018e+06|2.865263814e+06|2.865642575e+06|2.866140608e+06|2.865691287e+06|2.248291726e+03|2.249311378e+03|2.250504649e+03|2.249195889e+03|2.156542412e+09|2.194409622e+09|2.236301836e+09|2.187616966e+09|3.132874084e+03|3.134463501e+03|3.136369629e+03|3.134364990e+03|2.842194027e+03
1.120556680e+06|2.865096323e+06|2.865547702e+06|2.866195277e+06|2.865685962e+06|2.247664856e+03|2.249084116e+03|2.250635662e+03|2.249083860e+03|2.129917688e+09|2.186512901e+09|2.240945876e+09|2.182314234e+09|3.131956482e+03|3.134100952e+03|3.136580444e+03|3.134222168e+03|2.842194027e+03
1.123593833e+06|2.865035507e+06|2.865450101e+06|2.866081058e+06|2.865579555e+06|2.247437269e+03|2.248850331e+03|2.250361947e+03|2.248792123e+03|2.120322040e+09|2.178416612e+09|2.231253731e+09|2.170790774e+09|3.131622742e+03|3.133727051e+03|3.136142822e+03|3.133769043e+03|2.842194027e+03
1.127434902e+06|2.864814972e+06|2.865400130e+06|2.865936776e+06|2.865513459e+06|2.246612146e+03|2.248730642e+03|2.250016225e+03|2.248438483e+03|2.085860345e+09|2.174282322e+09|2.219067110e+09|2.156900435e+09|3.130412476e+03|3.133536255e+03|3.135589478e+03|3.133275879e+03|2.842194027e+03
1.131882532e+06|2.864415985e+06|2.865141086e+06|2.865766538e+06|2.865088810e+06|2.245119955e+03|2.247832377e+03|2.249608350e+03|2.247121069e+03|2.024800740e+09|2.137002780e+09|2.204767878e+09|2.106408301e+09|3.128223633e+03|3.132202881e+03|3.134937500e+03|3.131280518e+03|2.842194027e+03
1.138627017e+06|2.864357767e+06|2.864796062e+06|2.865320009e+06|2.864927059e+06|2.244902289e+03|2.246541405e+03|2.248502081e+03|2.246607843e+03|2.016029059e+09|2.082928475e+09|2.165543537e+09|2.085343702e+09|3.127904053e+03|3.130308716e+03|3.133184875e+03|3.130505859e+03|2.842194027e+03
1.148895340e+06|2.864011341e+06|2.864706548e+06|2.865248575e+06|2.864693895e+06|2.243607408e+03|2.246206569e+03|2.248234685e+03|2.245704121e+03|1.964536072e+09|2.069108045e+09|2.154108684e+09|2.052245697e+09|3.126005554e+03|3.129817871e+03|3.132791260e+03|3.129191895e+03|2.842194027e+03
1.157095044e+06|2.864074448e+06|2.864567792e+06|2.864947209e+06|2.864386721e+06|2.243843247e+03|2.245687612e+03|2.247106878e+03|2.244762301e+03|1.973826039e+09|2.047837204e+09|2.106462195e+09|2.018254219e+09|3.126352356e+03|3.129056396e+03|3.131138672e+03|3.127823486e+03|2.842194027e+03
1.160299420e+06|2.863972988e+06|2.864417073e+06|2.864871839e+06|2.864434199e+06|2.243464087e+03|2.245124023e+03|2.246824888e+03|2.244993897e+03|1.958909624e+09|2.024963370e+09|2.094698629e+09|2.021841602e+09|3.125796326e+03|3.128229370e+03|3.130723755e+03|3.128084961e+03|2.842194027e+03
1.163308043e+06|2.863731320e+06|2.864275611e+06|2.864801096e+06|2.864254009e+06|2.242561170e+03|2.244595150e+03|2.246560235e+03|2.244356380e+03|1.923791931e+09|2.003705638e+09|2.083707894e+09|1.997405063e+09|3.124471985e+03|3.127454468e+03|3.130336853e+03|3.127142090e+03|2.842194027e+03
1.166919837e+06|2.863266946e+06|2.863915731e+06|2.864345797e+06|2.863806708e+06|2.240826986e+03|2.243250138e+03|2.244857537e+03|2.242783677e+03|1.857914849e+09|1.950536905e+09|2.014227066e+09|1.936178713e+09|3.121928101e+03|3.125482178e+03|3.127839355e+03|3.124812500e+03|2.842194027e+03
1.171181884e+06|2.863431746e+06|2.863986724e+06|2.864373410e+06|2.863893968e+06|2.241442302e+03|2.243515419e+03|2.244960771e+03|2.242948653e+03|1.881054666e+09|1.960925278e+09|2.018380218e+09|1.943900265e+09|3.122829895e+03|3.125871338e+03|3.127990051e+03|3.125092529e+03|2.842194027e+03
1.175966846e+06|2.863231458e+06|2.863764774e+06|2.864210459e+06|2.863707577e+06|2.240694501e+03|2.242686144e+03|2.244351606e+03|2.242388006e+03|1.852964799e+09|1.928618771e+09|1.993983746e+09|1.921107290e+09|3.121734253e+03|3.124654053e+03|3.127096069e+03|3.124238525e+03|2.842194027e+03
1.183134609e+06|2.862964701e+06|2.863539034e+06|2.863876019e+06|2.863508298e+06|2.239698835e+03|2.241842959e+03|2.243101759e+03|2.241572579e+03|1.816145634e+09|1.896261647e+09|1.944749091e+09|1.890071617e+09|3.120275391e+03|3.123419189e+03|3.125263184e+03|3.123059326e+03|2.842194027e+03
1.193037547e+06|2.862377978e+06|2.863120238e+06|2.863576702e+06|2.863013225e+06|2.237510132e+03|2.240279334e+03|2.241983637e+03|2.239751553e+03|1.737496952e+09|1.837534402e+09|1.901624929e+09|1.822927876e+09|3.117065247e+03|3.121125488e+03|3.123625977e+03|3.120393555e+03|2.842194027e+03
1.198859897e+06|2.862243276e+06|2.862764582e+06|2.863270617e+06|2.862767487e+06|2.237007882e+03|2.238952123e+03|2.240840691e+03|2.238884679e+03|1.719881047e+09|1.788962539e+09|1.858426905e+09|1.789994685e+09|3.116328552e+03|3.119179688e+03|3.121949402e+03|3.119100098e+03|2.842194027e+03
1.202568313e+06|2.862170152e+06|2.862748812e+06|2.863058920e+06|2.862630979e+06|2.236735266e+03|2.238893289e+03|2.240050465e+03|2.238410198e+03|1.710387714e+09|1.786836686e+09|1.829073480e+09|1.772743579e+09|3.115929688e+03|3.119093994e+03|3.120789429e+03|3.118402832e+03|2.842194027e+03
1.205900093e+06|2.862196656e+06|2.862638698e+06|2.862872117e+06|2.862511855e+06|2.236834073e+03|2.238482511e+03|2.239353349e+03|2.237988849e+03|1.713822995e+09|1.772053476e+09|1.803523900e+09|1.756960105e+09|3.116075317e+03|3.118491455e+03|3.119767944e+03|3.117774414e+03|2.842194027e+03
1.209457267e+06|2.862038043e+06|2.862533483e+06|2.862896724e+06|2.862396875e+06|2.236242817e+03|2.238090061e+03|2.239445169e+03|2.237551665e+03|1.693357721e+09|1.758032354e+09|1.806870245e+09|1.742598526e+09|3.115206970e+03|3.117914917e+03|3.119902344e+03|3.117142822e+03|2.842194027e+03
1.213825353e+06|2.861734025e+06|2.862353782e+06|2.862832283e+06|2.862242452e+06|2.235109886e+03|2.237419910e+03|2.239204719e+03|2.236971195e+03|1.654751401e+09|1.734318842e+09|1.798117067e+09|1.724115402e+09|3.113545593e+03|3.116932983e+03|3.119550415e+03|3.116288818e+03|2.842194027e+03
1.218847654e+06|2.861515919e+06|2.862168657e+06|2.862460351e+06|2.861930645e+06|2.234297390e+03|2.236729692e+03|2.237817313e+03|2.235823936e+03|1.627556421e+09|1.710194088e+09|1.748346441e+09|1.682489989e+09|3.112355347e+03|3.115921509e+03|3.117517029e+03|3.114606934e+03|2.842194027e+03
1.225500445e+06|2.861152038e+06|2.861730492e+06|2.862088195e+06|2.861629586e+06|2.232942358e+03|2.235096722e+03|2.236429752e+03|2.234663740e+03|1.583076825e+09|1.654307519e+09|1.699804272e+09|1.644177779e+09|3.110367798e+03|3.113526978e+03|3.115480530e+03|3.112932129e+03|2.842194027e+03
1.234613912e+06|2.861165760e+06|2.861584542e+06|2.861933665e+06|2.861507523e+06|2.232993448e+03|2.234553001e+03|2.235853798e+03|2.234182872e+03|1.584733883e+09|1.636065778e+09|1.680011307e+09|1.626768119e+09|3.110442627e+03|3.112729614e+03|3.114637573e+03|3.112236572e+03|2.842194027e+03
1.240087504e+06|2.861186413e+06|2.861661457e+06|2.861886370e+06|2.861569298e+06|2.233070338e+03|2.234839527e+03|2.235677546e+03|2.234214123e+03|1.587230750e+09|1.645656232e+09|1.673995617e+09|1.631591535e+09|3.110556152e+03|3.113149902e+03|3.114377808e+03|3.112413086e+03|2.842194027e+03
1.243326584e+06|2.860923514e+06|2.861367670e+06|2.861678444e+06|2.861213169e+06|2.232091712e+03|2.233745257e+03|2.234902810e+03|2.233126489e+03|1.555715678e+09|1.609295978e+09|1.647780743e+09|1.591043194e+09|3.109121948e+03|3.111544556e+03|3.113242981e+03|3.110668701e+03|2.842194027e+03
1.246746469e+06|2.860929085e+06|2.861296470e+06|2.861648955e+06|2.861071761e+06|2.232112447e+03|2.233480123e+03|2.234792951e+03|2.232511662e+03|1.556381994e+09|1.600596494e+09|1.644093431e+09|1.571225013e+09|3.109151062e+03|3.111156860e+03|3.113081909e+03|3.109826660e+03|2.842194027e+03
1.250523962e+06|2.860350521e+06|2.861029622e+06|2.861435203e+06|2.860936338e+06|2.229959946e+03|2.232486651e+03|2.233996760e+03|2.232024393e+03|1.488997313e+09|1.568365636e+09|1.617588694e+09|1.556738559e+09|3.105994934e+03|3.109699585e+03|3.111913757e+03|3.109101562e+03|2.842194027e+03
1.254830485e+06|2.860552781e+06|2.860964136e+06|2.861314134e+06|2.860826436e+06|2.230712250e+03|2.232242903e+03|2.233545897e+03|2.231625643e+03|1.512244613e+09|1.560547511e+09|1.602749688e+09|1.542397729e+09|3.107099121e+03|3.109342285e+03|3.111252625e+03|3.108509277e+03|2.842194027e+03
1.259470335e+06|2.860115406e+06|2.860692700e+06|2.861149864e+06|2.860555013e+06|2.229085692e+03|2.231232797e+03|2.232934265e+03|2.230308837e+03|1.462384245e+09|1.528518952e+09|1.582814338e+09|1.502111345e+09|3.104715088e+03|3.107862061e+03|3.110355896e+03|3.106780029e+03|2.842194027e+03
1.265429155e+06|2.860059721e+06|2.860582938e+06|2.860891588e+06|2.860360391e+06|2.228878670e+03|2.230824437e+03|2.231972890e+03|2.229651814e+03|1.456146085e+09|1.515740810e+09|1.551927301e+09|1.480300219e+09|3.104410706e+03|3.107264160e+03|3.108946106e+03|3.105777588e+03|2.842194027e+03
1.273058965e+06|2.859393614e+06|2.860081452e+06|2.860516647e+06|2.859989962e+06|2.226403456e+03|2.228959456e+03|2.230577837e+03|2.228228015e+03|1.383375299e+09|1.458577152e+09|1.508067073e+09|1.435991918e+09|3.100782715e+03|3.104530396e+03|3.106901184e+03|3.103721191e+03|2.842194027e+03
1.280404384e+06|2.859398230e+06|2.859822050e+06|2.860191603e+06|2.859883366e+06|2.226420604e+03|2.227995250e+03|2.229368992e+03|2.227721843e+03|1.383867508e+09|1.429788483e+09|1.470961220e+09|1.422493441e+09|3.100807434e+03|3.103115601e+03|3.105130127e+03|3.103053955e+03|2.842194027e+03
1.284001117e+06|2.859219764e+06|2.859664791e+06|2.859961662e+06|2.859588713e+06|2.225609133e+03|2.227410871e+03|2.228514153e+03|2.226495937e+03|1.358773210e+09|1.412589611e+09|1.445217621e+09|1.383021241e+09|3.099718445e+03|3.102259277e+03|3.103876953e+03|3.101343750e+03|2.842194027e+03
1.287180523e+06|2.859190892e+06|2.859584128e+06|2.859928796e+06|2.859447277e+06|2.225359116e+03|2.227111172e+03|2.228391988e+03|2.225559791e+03|1.349840036e+09|1.403840988e+09|1.441571805e+09|1.362512740e+09|3.099448547e+03|3.101820068e+03|3.103698303e+03|3.100475098e+03|2.842194027e+03
1.290623442e+06|2.859058051e+06|2.859363877e+06|2.859683260e+06|2.859406551e+06|2.224209164e+03|2.226293006e+03|2.227479495e+03|2.225644155e+03|1.309529131e+09|1.380204943e+09|1.414599686e+09|1.356801889e+09|3.098204224e+03|3.100620972e+03|3.102361267e+03|3.100213379e+03|2.842194027e+03
1.294747362e+06|2.858977593e+06|2.859222525e+06|2.859586843e+06|2.859261200e+06|2.223512916e+03|2.225633036e+03|2.227121262e+03|2.224898886e+03|1.285663013e+09|1.359617045e+09|1.404134781e+09|1.332950437e+09|3.097450562e+03|3.099745605e+03|3.101835693e+03|3.099258789e+03|2.842194027e+03
1.299078269e+06|2.858875524e+06|2.859121710e+06|2.859458248e+06|2.859091214e+06|2.222629958e+03|2.224760163e+03|2.226643540e+03|2.223681258e+03|1.256003953e+09|1.328693743e+09|1.390287655e+09|1.295703853e+09|3.096493835e+03|3.098799805e+03|3.101134827e+03|3.097867920e+03|2.842194027e+03
1.304176812e+06|2.858505930e+06|2.858909678e+06|2.859115793e+06|2.858758384e+06|2.219435416e+03|2.222925375e+03|2.224708948e+03|2.221507866e+03|1.154050223e+09|1.265853107e+09|1.326898664e+09|1.227503083e+09|3.093036926e+03|3.096814087e+03|3.098745483e+03|3.095312500e+03|2.842194027e+03
1.310417591e+06|2.858486134e+06|2.858767228e+06|2.859047402e+06|2.858720135e+06|2.219264427e+03|2.221693479e+03|2.224116995e+03|2.220936332e+03|1.148810209e+09|1.225261094e+09|1.306334900e+09|1.209393595e+09|3.092851807e+03|3.095481567e+03|3.098104309e+03|3.094763428e+03|2.842194027e+03
1.317931390e+06|2.858371622e+06|2.858680783e+06|2.858945883e+06|2.858713570e+06|2.218275575e+03|2.220946215e+03|2.223238575e+03|2.220623934e+03|1.119005915e+09|1.201241768e+09|1.276376796e+09|1.197382283e+09|3.091781677e+03|3.094672485e+03|3.097153015e+03|3.094519775e+03|2.842194027e+03
1.323238351e+06|2.858267052e+06|2.858662169e+06|2.858923481e+06|2.858513654e+06|2.217372919e+03|2.220785340e+03|2.223044781e+03|2.219366873e+03|1.092444997e+09|1.196128475e+09|1.269855193e+09|1.163761127e+09|3.090804321e+03|3.094497803e+03|3.096944397e+03|3.093002441e+03|2.842194027e+03
1.326542269e+06|2.858331876e+06|2.858596707e+06|2.858843105e+06|2.858484853e+06|2.217932441e+03|2.220219646e+03|2.222349586e+03|2.219257523e+03|1.108837224e+09|1.178315968e+09|1.246722491e+09|1.155889655e+09|3.091411194e+03|3.093885498e+03|3.096192322e+03|3.092843994e+03|2.842194027e+03
1.330022208e+06|2.857986638e+06|2.858475881e+06|2.858728106e+06|2.858269466e+06|2.214954030e+03|2.219175875e+03|2.221355269e+03|2.217275358e+03|1.024184531e+09|1.146110618e+09|1.214331488e+09|1.107034436e+09|3.088185913e+03|3.092756958e+03|3.095114197e+03|3.090954590e+03|2.842194027e+03
1.333392573e+06|2.857971341e+06|2.858338342e+06|2.858613821e+06|2.858219951e+06|2.214822142e+03|2.217988266e+03|2.220367530e+03|2.216885034e+03|1.020581706e+09|1.110487542e+09|1.182947679e+09|1.087578112e+09|3.088041870e+03|3.091471069e+03|3.094047058e+03|3.090300049e+03|2.842194027e+03
1.337039180e+06|2.857874985e+06|2.858283928e+06|2.858583693e+06|2.858181344e+06|2.213991564e+03|2.217518572e+03|2.220107206e+03|2.216397634e+03|9.981713013e+08|1.096690697e+09|1.174806679e+09|1.076921235e+09|3.087141907e+03|3.090961548e+03|3.093765747e+03|3.089987793e+03|2.842194027e+03
1.341634148e+06|2.857519002e+06|2.858017864e+06|2.858344888e+06|2.857758942e+06|2.210925471e+03|2.215223269e+03|2.218044771e+03|2.212743857e+03|9.194177379e+08|1.031576336e+09|1.112156585e+09|9.849626690e+08|3.083822388e+03|3.088477905e+03|3.091533142e+03|3.086392822e+03|2.842194027e+03
1.347180525e+06|2.857392940e+06|2.857884762e+06|2.858264055e+06|2.857657129e+06|2.209840628e+03|2.214075830e+03|2.217347055e+03|2.211933940e+03|8.930017551e+08|1.000421769e+09|1.091690966e+09|9.620945215e+08|3.082645752e+03|3.087233398e+03|3.090777100e+03|3.085358154e+03|2.842194027e+03
1.353736796e+06|2.856910267e+06|2.857620155e+06|2.857955018e+06|2.857252991e+06|2.205691385e+03|2.211796312e+03|2.214681424e+03|2.208146153e+03|7.984697942e+08|9.411627076e+08|1.016750880e+09|8.776196546e+08|3.078147949e+03|3.084765137e+03|3.087890259e+03|3.081981934e+03|2.842194027e+03
1.360749051e+06|2.856696507e+06|2.857305118e+06|2.857615582e+06|2.857084492e+06|2.203856092e+03|2.209085144e+03|2.211756937e+03|2.207020538e+03|7.597657921e+08|8.750291683e+08|9.401703653e+08|8.280519176e+08|3.076159119e+03|3.081826904e+03|3.084722046e+03|3.079990967e+03|2.842194027e+03
1.365527099e+06|2.856667975e+06|2.857163851e+06|2.857549513e+06|2.857035702e+06|2.203611225e+03|2.207870405e+03|2.211188113e+03|2.206623795e+03|7.547325842e+08|8.468543299e+08|9.259257664e+08|8.135503514e+08|3.075895142e+03|3.080511841e+03|3.084106201e+03|3.079506836e+03|2.842194027e+03
1.368878920e+06|2.856701000e+06|2.857189392e+06|2.857467756e+06|2.856725168e+06|2.203894641e+03|2.208089983e+03|2.210484414e+03|2.203146586e+03|7.605497863e+08|8.518797936e+08|9.085903557e+08|7.757094739e+08|3.076202271e+03|3.080748535e+03|3.083343567e+03|3.077316895e+03|2.842194027e+03
1.372282384e+06|2.856520514e+06|2.857100788e+06|2.857356439e+06|2.856805896e+06|2.202346094e+03|2.207328327e+03|2.209526600e+03|2.204385708e+03|7.292618402e+08|8.345626000e+08|8.854858776e+08|7.711571080e+08|3.074522034e+03|3.079923462e+03|3.082304993e+03|3.077696289e+03|2.842194027e+03
1.375306061e+06|2.856197797e+06|2.856824115e+06|2.857179538e+06|2.856388354e+06|2.199579671e+03|2.204951525e+03|2.208005270e+03|2.200125699e+03|6.763830614e+08|7.826350399e+08|8.499417264e+08|7.048472256e+08|3.071522095e+03|3.077347290e+03|3.080657837e+03|3.074530273e+03|2.842194027e+03
1.377921727e+06|2.856135386e+06|2.856837834e+06|2.857202715e+06|2.856438618e+06|2.199045071e+03|2.205069723e+03|2.208204525e+03|2.200882248e+03|6.666391167e+08|7.856671638e+08|8.545139479e+08|6.899392536e+08|3.070941223e+03|3.077474976e+03|3.080873962e+03|3.074723877e+03|2.842194027e+03
