#RRR|U50|U25|U75|Umean|T50|T25|T75|Tmean|P50|P25|P75|Pmean|rho50|rho25|rho75|Pmean|S
8.768588669e+04|1.910406795e+06|1.910876365e+06|1.911441723e+06|1.910970077e+06|2.773718000e+03|2.775719429e+03|2.778130391e+03|2.776119864e+03|9.281923901e+09|9.326255247e+09|9.379699869e+09|9.335230196e+09|6.528470581e+03|6.530594971e+03|6.533151245e+03|6.531017578e+03|2.035784016e+03
1.332470430e+05|1.909396491e+06|1.910246170e+06|1.910705380e+06|1.910047901e+06|2.769415059e+03|2.773033594e+03|2.774990537e+03|2.772152052e+03|9.186980480e+09|9.266789178e+09|9.310097901e+09|9.247153569e+09|6.523899170e+03|6.527742432e+03|6.529821167e+03|6.526805176e+03|2.035784016e+03
1.582943732e+05|1.908982405e+06|1.909827301e+06|1.910439128e+06|1.909572445e+06|2.767569270e+03|2.771249364e+03|2.773855783e+03|2.770088343e+03|9.145516389e+09|9.227392860e+09|9.284972461e+09|9.201335213e+09|6.521937256e+03|6.525848389e+03|6.528615601e+03|6.524612305e+03|2.035784016e+03
1.786758646e+05|1.908349153e+06|1.909210676e+06|1.909914643e+06|1.909156619e+06|2.764738245e+03|2.768590262e+03|2.771621350e+03|2.768263849e+03|9.082057334e+09|9.168473841e+09|9.235599337e+09|9.160810838e+09|6.518931030e+03|6.523021484e+03|6.526239746e+03|6.522674316e+03|2.035784016e+03
1.970978549e+05|1.908311833e+06|1.909022031e+06|1.909635092e+06|1.908826634e+06|2.764571460e+03|2.767746488e+03|2.770430876e+03|2.766822620e+03|9.078327831e+09|9.149498464e+09|9.209349082e+09|9.128848371e+09|6.518754272e+03|6.522127930e+03|6.524974854e+03|6.521142090e+03|2.035784016e+03
2.135104993e+05|1.906967470e+06|1.908302339e+06|1.908899225e+06|1.907929529e+06|2.758568073e+03|2.764529038e+03|2.767197295e+03|2.762842935e+03|8.944757494e+09|9.077379767e+09|9.137161711e+09|9.040280003e+09|6.512369995e+03|6.518708740e+03|6.521544312e+03|6.516913086e+03|2.035784016e+03
2.286504022e+05|1.907267808e+06|1.907989400e+06|1.908530201e+06|1.907733187e+06|2.759908497e+03|2.763130800e+03|2.765547444e+03|2.761966689e+03|8.974467635e+09|9.046154973e+09|9.100166551e+09|9.020713247e+09|6.513799683e+03|6.517223633e+03|6.519791504e+03|6.515981934e+03|2.035784016e+03
2.433783012e+05|1.906479113e+06|1.907288421e+06|1.908022459e+06|1.907017576e+06|2.756389438e+03|2.760000501e+03|2.763278487e+03|2.758759824e+03|8.896606137e+09|8.976508380e+09|9.049449671e+09|8.949563881e+09|6.510056030e+03|6.513895264e+03|6.517380859e+03|6.512571777e+03|2.035784016e+03
2.564876917e+05|1.905684860e+06|1.906785916e+06|1.907791712e+06|1.906661634e+06|2.752848648e+03|2.757757996e+03|2.762247761e+03|2.757182408e+03|8.818716201e+09|8.926833301e+09|9.026472169e+09|8.914726858e+09|6.506284180e+03|6.511510010e+03|6.516283447e+03|6.510893555e+03|2.035784016e+03
2.695461634e+05|1.905482507e+06|1.906318208e+06|1.907049583e+06|1.906156677e+06|2.751947051e+03|2.755671872e+03|2.758934497e+03|2.754917567e+03|8.798955331e+09|8.880784311e+09|8.952871658e+09|8.864515814e+09|6.505325439e+03|6.509292236e+03|6.512761719e+03|6.508485840e+03|2.035784016e+03
2.819651694e+05|1.904932766e+06|1.905723764e+06|1.906671104e+06|1.905731942e+06|2.749498642e+03|2.753022009e+03|2.757245798e+03|2.752992240e+03|8.745439763e+09|8.822519026e+09|8.915512139e+09|8.822157403e+09|6.502718018e+03|6.506469727e+03|6.510968628e+03|6.506433594e+03|2.035784016e+03
2.935607588e+05|1.904572154e+06|1.905550501e+06|1.906357779e+06|1.905296466e+06|2.747852258e+03|2.752249976e+03|2.755848328e+03|2.751036694e+03|8.709100607e+09|8.805591247e+09|8.884673252e+09|8.779018595e+09|6.500964600e+03|6.505648926e+03|6.509478027e+03|6.504352539e+03|2.035784016e+03
3.051300898e+05|1.903917324e+06|1.905070023e+06|1.905803208e+06|1.904790928e+06|2.744807859e+03|2.750109811e+03|2.753376052e+03|2.748726394e+03|8.641501911e+09|8.758777913e+09|8.830289180e+09|8.728112455e+09|6.497724976e+03|6.503369141e+03|6.506846436e+03|6.501892090e+03|2.035784016e+03
3.156653986e+05|1.903340310e+06|1.904374617e+06|1.905201407e+06|1.904128771e+06|2.742127166e+03|2.746933635e+03|2.750694917e+03|2.745720639e+03|8.582209752e+09|8.688675727e+09|8.771560068e+09|8.661895908e+09|6.494867432e+03|6.499987305e+03|6.503994507e+03|6.498690430e+03|2.035784016e+03
3.267937325e+05|1.903145716e+06|1.903823125e+06|1.904621620e+06|1.903569624e+06|2.741223528e+03|2.744370104e+03|2.748082326e+03|2.743157638e+03|8.562271862e+09|8.631804579e+09|8.714220708e+09|8.605465197e+09|6.493902588e+03|6.497258545e+03|6.501209595e+03|6.495958984e+03|2.035784016e+03
3.375595294e+05|1.902409756e+06|1.903299950e+06|1.904416878e+06|1.903211188e+06|2.737807800e+03|2.741939728e+03|2.747130147e+03|2.741477606e+03|8.487132126e+09|8.578071814e+09|8.693043288e+09|8.568456840e+09|6.490259521e+03|6.494664795e+03|6.500195801e+03|6.494167480e+03|2.035784016e+03
3.467744492e+05|1.901889783e+06|1.902888270e+06|1.903652890e+06|1.902738729e+06|2.735396279e+03|2.740028336e+03|2.743579128e+03|2.739281075e+03|8.434298026e+09|8.535939225e+09|8.614297730e+09|8.520062346e+09|6.487687622e+03|6.492628906e+03|6.496414551e+03|6.491825195e+03|2.035784016e+03
3.565044771e+05|1.901424024e+06|1.902425393e+06|1.903327482e+06|1.902406512e+06|2.733237441e+03|2.737880347e+03|2.742067587e+03|2.737754067e+03|8.387152047e+09|8.488725076e+09|8.580894004e+09|8.486499590e+09|6.485384521e+03|6.490340332e+03|6.494803833e+03|6.490198730e+03|2.035784016e+03
3.663200327e+05|1.900662485e+06|1.901935741e+06|1.902700290e+06|1.901654336e+06|2.729710151e+03|2.735609361e+03|2.739155871e+03|2.734235514e+03|8.310426457e+09|8.438959541e+09|8.516744617e+09|8.409300695e+09|6.481616211e+03|6.487918213e+03|6.491698730e+03|6.486443359e+03|2.035784016e+03
3.756544764e+05|1.900428492e+06|1.901569366e+06|1.902670266e+06|1.901456502e+06|2.728626975e+03|2.733910983e+03|2.739016537e+03|2.733307701e+03|8.286942359e+09|8.401845355e+09|8.513681529e+09|8.388907146e+09|6.480459473e+03|6.486105469e+03|6.491550781e+03|6.485453125e+03|2.035784016e+03
3.842482679e+05|1.900250282e+06|1.901388080e+06|1.902100194e+06|1.901225299e+06|2.727771860e+03|2.733070882e+03|2.736371942e+03|2.732214659e+03|8.268086211e+09|8.383519890e+09|8.455652436e+09|8.365018829e+09|6.479547607e+03|6.485205566e+03|6.488727783e+03|6.484286133e+03|2.035784016e+03
3.930524670e+05|1.899430221e+06|1.900605625e+06|1.901434963e+06|1.900233804e+06|2.723779967e+03|2.729446911e+03|2.733288122e+03|2.727512415e+03|8.179739629e+09|8.304715909e+09|8.388256365e+09|8.262071352e+09|6.475285278e+03|6.481335449e+03|6.485437256e+03|6.479263184e+03|2.035784016e+03
4.015820547e+05|1.898831150e+06|1.899959057e+06|1.900880262e+06|1.899883529e+06|2.720866459e+03|2.726353726e+03|2.730718548e+03|2.725798095e+03|8.115675936e+09|8.236620475e+09|8.332324555e+09|8.224694337e+09|6.472171143e+03|6.478034912e+03|6.482692505e+03|6.477429199e+03|2.035784016e+03
4.104905598e+05|1.898549353e+06|1.899620943e+06|1.900643428e+06|1.899387581e+06|2.719496740e+03|2.724707997e+03|2.729621923e+03|2.723438390e+03|8.085678183e+09|8.200220741e+09|8.308512548e+09|8.173003432e+09|6.470705200e+03|6.476273438e+03|6.481520264e+03|6.474908691e+03|2.035784016e+03
4.188512747e+05|1.898359335e+06|1.899232391e+06|1.900295450e+06|1.899083319e+06|2.718573413e+03|2.722817603e+03|2.727991791e+03|2.722029723e+03|8.065501332e+09|8.158540699e+09|8.272963348e+09|8.142023234e+09|6.469719116e+03|6.474256104e+03|6.479780884e+03|6.473407715e+03|2.035784016e+03
4.266429218e+05|1.897672156e+06|1.899047055e+06|1.899995012e+06|1.898799340e+06|2.715236077e+03|2.721916234e+03|2.726528771e+03|2.720602760e+03|7.992849336e+09|8.138719118e+09|8.240498705e+09|8.110952847e+09|6.466147949e+03|6.473293213e+03|6.478218018e+03|6.471878906e+03|2.035784016e+03
4.347464373e+05|1.897251664e+06|1.898501846e+06|1.899588262e+06|1.898237754e+06|2.713195383e+03|2.719265866e+03|2.724548948e+03|2.717874710e+03|7.948652357e+09|8.080628455e+09|8.196706061e+09|8.051269444e+09|6.463966431e+03|6.470457275e+03|6.476106323e+03|6.468962402e+03|2.035784016e+03
4.422850646e+05|1.896453958e+06|1.898033375e+06|1.898986766e+06|1.897389761e+06|2.709326943e+03|2.716989994e+03|2.721623071e+03|2.713697306e+03|7.865322636e+09|8.030973114e+09|8.132280177e+09|7.960350721e+09|6.459821655e+03|6.468023682e+03|6.472980835e+03|6.464490723e+03|2.035784016e+03
4.502094294e+05|1.895825870e+06|1.897450474e+06|1.898408024e+06|1.897151231e+06|2.706191028e+03|2.714160091e+03|2.718809962e+03|2.712564732e+03|7.797096028e+09|7.969524652e+09|8.070664578e+09|7.935520891e+09|6.456462524e+03|6.464997803e+03|6.469971436e+03|6.463281738e+03|2.035784016e+03
4.576034072e+05|1.896206616e+06|1.897424952e+06|1.898305597e+06|1.897109238e+06|2.708128263e+03|2.714036226e+03|2.718312306e+03|2.712394190e+03|7.839625182e+09|7.966840675e+09|8.059797946e+09|7.931813454e+09|6.458538330e+03|6.464864746e+03|6.469441406e+03|6.463100586e+03|2.035784016e+03
4.648098127e+05|1.895008928e+06|1.896397902e+06|1.897516055e+06|1.896058525e+06|2.702024671e+03|2.709055250e+03|2.714478371e+03|2.707131773e+03|7.705924750e+09|7.859492647e+09|7.976418556e+09|7.817665378e+09|6.452002441e+03|6.459532471e+03|6.465338013e+03|6.457461914e+03|2.035784016e+03
4.721312184e+05|1.894433336e+06|1.896362906e+06|1.897656427e+06|1.895904673e+06|2.699091968e+03|2.708885639e+03|2.715159721e+03|2.706300287e+03|7.642115042e+09|7.855855000e+09|7.991192511e+09|7.799765562e+09|6.448857910e+03|6.459350342e+03|6.466068970e+03|6.456567383e+03|2.035784016e+03
4.797199045e+05|1.893626286e+06|1.895386932e+06|1.897132089e+06|1.895260357e+06|2.694983857e+03|2.703951902e+03|2.712615243e+03|2.703083347e+03|7.553244980e+09|7.748023383e+09|7.936114317e+09|7.729888463e+09|6.444449707e+03|6.454065918e+03|6.463344116e+03|6.453120605e+03|2.035784016e+03
4.866842322e+05|1.894343803e+06|1.895688374e+06|1.896752946e+06|1.895160711e+06|2.698635986e+03|2.705489485e+03|2.710776408e+03|2.702622992e+03|7.632220381e+09|7.781702154e+09|7.896473123e+09|7.719760896e+09|6.448370361e+03|6.455712646e+03|6.461373657e+03|6.452629883e+03|2.035784016e+03
4.937551635e+05|1.893338956e+06|1.894908666e+06|1.896227671e+06|1.894776067e+06|2.693522295e+03|2.701513660e+03|2.708230288e+03|2.700718909e+03|7.521762507e+09|7.694784674e+09|7.841810082e+09|7.678343904e+09|6.442882812e+03|6.451452637e+03|6.458645142e+03|6.450590820e+03|2.035784016e+03
5.001432688e+05|1.894005701e+06|1.895285522e+06|1.896488659e+06|1.894987439e+06|2.696914642e+03|2.703434771e+03|2.709495145e+03|2.701767877e+03|7.594941382e+09|7.736713962e+09|7.868933146e+09|7.701075191e+09|6.446523193e+03|6.453512207e+03|6.460005615e+03|6.451714844e+03|2.035784016e+03
5.073173385e+05|1.892089315e+06|1.894046517e+06|1.895553423e+06|1.893304664e+06|2.687143803e+03|2.697122383e+03|2.704801051e+03|2.692998047e+03|7.384920556e+09|7.599432597e+09|7.766612069e+09|7.512003121e+09|6.436035034e+03|6.446745361e+03|6.454978882e+03|6.442296387e+03|2.035784016e+03
5.143253365e+05|1.892224958e+06|1.894405181e+06|1.895268621e+06|1.893591187e+06|2.687861285e+03|2.698948565e+03|2.703348588e+03|2.694589280e+03|7.400557465e+09|7.639002095e+09|7.734829692e+09|7.545824176e+09|6.436804565e+03|6.448703613e+03|6.453419678e+03|6.444012695e+03|2.035784016e+03
5.210156756e+05|1.892067414e+06|1.893226965e+06|1.894901907e+06|1.893103664e+06|2.687026604e+03|2.692952815e+03|2.701479216e+03|2.692017076e+03|7.382353780e+09|7.509520202e+09|7.694034375e+09|7.490458488e+09|6.435908813e+03|6.442271484e+03|6.451417847e+03|6.441247559e+03|2.035784016e+03
5.274676107e+05|1.891068221e+06|1.893131298e+06|1.894347182e+06|1.892379602e+06|2.681683140e+03|2.692466399e+03|2.698653196e+03|2.688278639e+03|7.265921345e+09|7.499070582e+09|7.632594071e+09|7.409565586e+09|6.430166870e+03|6.441751465e+03|6.448388306e+03|6.437235840e+03|2.035784016e+03
5.337728819e+05|1.890409774e+06|1.892368392e+06|1.893889163e+06|1.891847333e+06|2.678166238e+03|2.688589707e+03|2.696321446e+03|2.685519954e+03|7.190017820e+09|7.416091814e+09|7.582110961e+09|7.349990445e+09|6.426384521e+03|6.437588623e+03|6.445885254e+03|6.434272461e+03|2.035784016e+03
5.406192880e+05|1.889579226e+06|1.891994232e+06|1.893662025e+06|1.891286575e+06|2.673734830e+03|2.686634966e+03|2.695165636e+03|2.682477551e+03|7.095165227e+09|7.373773596e+09|7.557158511e+09|7.284749569e+09|6.421619019e+03|6.435487061e+03|6.444648071e+03|6.430997559e+03|2.035784016e+03
5.468504820e+05|1.889306905e+06|1.891698863e+06|1.893364563e+06|1.890643718e+06|2.672283057e+03|2.685054758e+03|2.693652521e+03|2.678903927e+03|7.064290887e+09|7.339233142e+09|7.524563818e+09|7.208336782e+09|6.420057251e+03|6.433789795e+03|6.443023926e+03|6.427145020e+03|2.035784016e+03
5.531757401e+05|1.888969022e+06|1.890806628e+06|1.892929851e+06|1.890834986e+06|2.670482539e+03|2.680285493e+03|2.691442348e+03|2.680198381e+03|7.026127385e+09|7.235685088e+09|7.477098102e+09|7.235297533e+09|6.418116455e+03|6.428667725e+03|6.440648926e+03|6.428554199e+03|2.035784016e+03
5.592740985e+05|1.888623471e+06|1.890629940e+06|1.892182058e+06|1.890188294e+06|2.668642097e+03|2.679341779e+03|2.687638398e+03|2.676591175e+03|6.987274288e+09|7.215319755e+09|7.395745947e+09|7.158267478e+09|6.416131470e+03|6.427649170e+03|6.436566284e+03|6.424665039e+03|2.035784016e+03
5.655240407e+05|1.887890764e+06|1.890117050e+06|1.891920252e+06|1.889525353e+06|2.664568686e+03|2.676603756e+03|2.686239112e+03|2.672913190e+03|6.899620165e+09|7.156465137e+09|7.365110138e+09|7.079673597e+09|6.411746338e+03|6.424705322e+03|6.435060303e+03|6.420700195e+03|2.035784016e+03
5.714962998e+05|1.887887003e+06|1.890312903e+06|1.891790460e+06|1.889369139e+06|2.664547405e+03|2.677649055e+03|2.685544724e+03|2.672049725e+03|6.899160072e+09|7.178892908e+09|7.349930627e+09|7.061093474e+09|6.411721680e+03|6.425830566e+03|6.434317261e+03|6.419770020e+03|2.035784016e+03
5.777016340e+05|1.886552367e+06|1.888743447e+06|1.891164063e+06|1.888395887e+06|2.657000702e+03|2.669280995e+03|2.682195398e+03|2.666781899e+03|6.736900651e+09|7.000744394e+09|7.277035730e+09|6.948162965e+09|6.403588379e+03|6.416821289e+03|6.430715698e+03|6.414098633e+03|2.035784016e+03
5.835249525e+05|1.886864824e+06|1.889285304e+06|1.890858410e+06|1.888472181e+06|2.658766041e+03|2.672167955e+03|2.680562112e+03|2.667165409e+03|6.774645559e+09|7.061851952e+09|7.241662153e+09|6.956381941e+09|6.405491821e+03|6.419932861e+03|6.428960815e+03|6.414510742e+03|2.035784016e+03
5.895528901e+05|1.885778834e+06|1.888451482e+06|1.890352664e+06|1.887605184e+06|2.652634098e+03|2.667725175e+03|2.677861319e+03|2.662222861e+03|6.644080687e+09|6.967960597e+09|7.183456060e+09|6.851017032e+09|6.398873779e+03|6.415146484e+03|6.426059692e+03|6.409175781e+03|2.035784016e+03
5.951729056e+05|1.885320077e+06|1.887631284e+06|1.889789428e+06|1.886790736e+06|2.650047004e+03|2.663100229e+03|2.674855843e+03|2.657478083e+03|6.589448974e+09|6.867869046e+09|7.119072147e+09|6.750389413e+09|6.396082031e+03|6.410163330e+03|6.422826782e+03|6.404046875e+03|2.035784016e+03
6.008562835e+05|1.886362711e+06|1.887687437e+06|1.889601633e+06|1.887197796e+06|2.655929583e+03|2.663417924e+03|2.673854333e+03|2.660122472e+03|6.714058046e+09|6.874725565e+09|7.097714250e+09|6.805587286e+09|6.402431641e+03|6.410506348e+03|6.421747803e+03|6.406921875e+03|2.035784016e+03
6.068409410e+05|1.884765590e+06|1.886972581e+06|1.888598677e+06|1.886452187e+06|2.646903562e+03|2.659375057e+03|2.668510084e+03|2.655935028e+03|6.523207754e+09|6.787697334e+09|6.984494179e+09|6.716274050e+09|6.392686401e+03|6.406151123e+03|6.415991821e+03|6.402404297e+03|2.035784016e+03
6.130773825e+05|1.883647002e+06|1.886628790e+06|1.889081823e+06|1.886072864e+06|2.640255419e+03|2.657432491e+03|2.671083571e+03|2.653603537e+03|6.380525606e+09|6.746133807e+09|7.038856037e+09|6.667177873e+09|6.385502319e+03|6.404052490e+03|6.418765625e+03|6.399876953e+03|2.035784016e+03
6.185201666e+05|1.884463345e+06|1.886313609e+06|1.888907960e+06|1.886016344e+06|2.645105971e+03|2.655652332e+03|2.670157253e+03|2.653330153e+03|6.484399379e+09|6.708154146e+09|7.019250160e+09|6.661158894e+09|6.390741943e+03|6.402134277e+03|6.417768555e+03|6.399585449e+03|2.035784016e+03
6.232928549e+05|1.882488083e+06|1.884865978e+06|1.888138498e+06|1.884724035e+06|2.633381061e+03|2.647477679e+03|2.665971292e+03|2.645670051e+03|6.235440274e+09|6.535347251e+09|6.930038275e+09|6.498921407e+09|6.378062988e+03|6.393304443e+03|6.413256958e+03|6.391299316e+03|2.035784016e+03
6.291345156e+05|1.881675201e+06|1.884603074e+06|1.887186859e+06|1.883809343e+06|2.628567416e+03|2.645936901e+03|2.660586422e+03|2.640128755e+03|6.135308441e+09|6.502318909e+09|6.813703304e+09|6.381733563e+09|6.372846313e+03|6.391642822e+03|6.407456177e+03|6.385299316e+03|2.035784016e+03
6.341942992e+05|1.882797832e+06|1.884670925e+06|1.886666370e+06|1.884126758e+06|2.635217039e+03|2.646340439e+03|2.657644716e+03|2.642312149e+03|6.273943876e+09|6.511030658e+09|6.750657822e+09|6.427189433e+09|6.380051025e+03|6.392075439e+03|6.404285034e+03|6.387677734e+03|2.035784016e+03
6.401787906e+05|1.882077457e+06|1.884344979e+06|1.886290061e+06|1.883798716e+06|2.630948718e+03|2.644402313e+03|2.655519369e+03|2.640430251e+03|6.184711017e+09|6.469267129e+09|6.705323270e+09|6.387173171e+09|6.375427856e+03|6.389982422e+03|6.401992554e+03|6.385646484e+03|2.035784016e+03
6.457350359e+05|1.880996759e+06|1.883348968e+06|1.886180096e+06|1.882838007e+06|2.624355242e+03|2.638486290e+03|2.654898675e+03|2.634498455e+03|6.046031969e+09|6.342955448e+09|6.692137645e+09|6.262001786e+09|6.368283325e+03|6.383587646e+03|6.401318359e+03|6.379214844e+03|2.035784016e+03
6.511888024e+05|1.880606098e+06|1.883840739e+06|1.886331646e+06|1.883088001e+06|2.621867892e+03|2.641405946e+03|2.655754173e+03|2.635969080e+03|5.992839285e+09|6.405051053e+09|6.710322042e+09|6.293356598e+09|6.365586304e+03|6.386746338e+03|6.402245483e+03|6.380805664e+03|2.035784016e+03
6.567434621e+05|1.878372611e+06|1.882195205e+06|1.885000362e+06|1.881227883e+06|2.607678129e+03|2.631645937e+03|2.648245067e+03|2.623976872e+03|5.695528788e+09|6.199205407e+09|6.551563234e+09|6.041812095e+09|6.350178101e+03|6.376185547e+03|6.394135132e+03|6.367776855e+03|2.035784016e+03
6.614256496e+05|1.879385145e+06|1.881729445e+06|1.884412817e+06|1.881240158e+06|2.614105972e+03|2.628888423e+03|2.644805535e+03|2.624200890e+03|5.828831862e+09|6.141948183e+09|6.477927628e+09|6.046175855e+09|6.357167358e+03|6.373195801e+03|6.390418457e+03|6.368028809e+03|2.035784016e+03
6.664831596e+05|1.878001527e+06|1.880437189e+06|1.884681127e+06|1.880731835e+06|2.605224099e+03|2.620793031e+03|2.646401124e+03|2.621278312e+03|5.643771963e+09|5.969924566e+09|6.512342471e+09|5.983776894e+09|6.347513550e+03|6.364420654e+03|6.392143188e+03|6.364873047e+03|2.035784016e+03
6.716385089e+05|1.877103227e+06|1.880627653e+06|1.883153621e+06|1.879891931e+06|2.599186280e+03|2.622005112e+03|2.637327148e+03|2.615577026e+03|5.516556700e+09|5.995774185e+09|6.318418917e+09|5.865249648e+09|6.340945435e+03|6.365736328e+03|6.382334961e+03|6.358662109e+03|2.035784016e+03
6.770778621e+05|1.876754872e+06|1.880426193e+06|1.882848553e+06|1.879306726e+06|2.596847999e+03|2.620723069e+03|2.635517786e+03|2.611562127e+03|5.467900912e+09|5.968435432e+09|6.280269607e+09|5.781451034e+09|6.338401367e+03|6.364346924e+03|6.380373169e+03|6.354288574e+03|2.035784016e+03
6.822829603e+05|1.877001650e+06|1.880215957e+06|1.882603965e+06|1.879347284e+06|2.598504238e+03|2.619385700e+03|2.634067804e+03|2.612221327e+03|5.502326423e+09|5.940015547e+09|6.249819350e+09|5.794191210e+09|6.340206543e+03|6.362895996e+03|6.378805786e+03|6.355026367e+03|2.035784016e+03
6.877041745e+05|1.875211325e+06|1.879185807e+06|1.882436186e+06|1.878407411e+06|2.586456610e+03|2.612840694e+03|2.633073523e+03|2.605968142e+03|5.253982011e+09|5.802470177e+09|6.229004108e+09|5.663858307e+09|6.327074341e+03|6.355791016e+03|6.377730469e+03|6.348221680e+03|2.035784016e+03
6.924423086e+05|1.874940717e+06|1.877915010e+06|1.882781004e+06|1.877966638e+06|2.584490465e+03|2.604642101e+03|2.635117270e+03|2.602758845e+03|5.212110095e+09|5.631411908e+09|6.271846886e+09|5.597415158e+09|6.324930908e+03|6.346878418e+03|6.379941772e+03|6.344714844e+03|2.035784016e+03
6.977476451e+05|1.874991118e+06|1.878258431e+06|1.880519882e+06|1.877319435e+06|2.584856897e+03|2.606942867e+03|2.621319207e+03|2.598756893e+03|5.219877744e+09|5.680263259e+09|5.981133226e+09|5.513012873e+09|6.325333618e+03|6.349381836e+03|6.364993530e+03|6.340376953e+03|2.035784016e+03
7.022330301e+05|1.872681104e+06|1.876956968e+06|1.880937803e+06|1.876210765e+06|2.568069351e+03|2.598204333e+03|2.623979758e+03|2.590863148e+03|4.872041541e+09|5.496090865e+09|6.037995066e+09|5.349336335e+09|6.306995972e+03|6.339879150e+03|6.367875488e+03|6.331761719e+03|2.035784016e+03
7.068453203e+05|1.872158704e+06|1.876370379e+06|1.879721691e+06|1.875796682e+06|2.564114144e+03|2.594268773e+03|2.616243691e+03|2.587462987e+03|4.790178827e+09|5.414463512e+09|5.873659451e+09|5.279953489e+09|6.302671875e+03|6.335591064e+03|6.359483643e+03|6.328026855e+03|2.035784016e+03
7.118725063e+05|1.871855855e+06|1.875808784e+06|1.879743242e+06|1.875408290e+06|2.561760875e+03|2.590505373e+03|2.616380781e+03|2.584583726e+03|4.741098028e+09|5.337076422e+09|5.876571947e+09|5.220341790e+09|6.300096924e+03|6.331491943e+03|6.359636230e+03|6.324879395e+03|2.035784016e+03
7.169715250e+05|1.871559945e+06|1.875068343e+06|1.880176378e+06|1.874959523e+06|2.559463282e+03|2.585418570e+03|2.619134056e+03|2.580824514e+03|4.693519606e+09|5.231831544e+09|5.934692275e+09|5.143766199e+09|6.297579346e+03|6.325943848e+03|6.362624512e+03|6.320748047e+03|2.035784016e+03
7.223968810e+05|1.869431202e+06|1.874740837e+06|1.879005810e+06|1.873881267e+06|2.542572906e+03|2.583037666e+03|2.611698165e+03|2.572773944e+03|4.348199246e+09|5.181398072e+09|5.778664323e+09|4.977772017e+09|6.279056763e+03|6.323346680e+03|6.354551025e+03|6.311943359e+03|2.035784016e+03
7.277381570e+05|1.870292565e+06|1.873502024e+06|1.878222484e+06|1.873955096e+06|2.549641846e+03|2.574046036e+03|2.606707490e+03|2.574356485e+03|4.493830316e+09|4.993986765e+09|5.675325095e+09|5.008144046e+09|6.286814697e+03|6.313531006e+03|6.349125122e+03|6.313723145e+03|2.035784016e+03
7.322304937e+05|1.869076957e+06|1.873842631e+06|1.878476708e+06|1.873375371e+06|2.539572288e+03|2.576515615e+03|2.608342468e+03|2.568594882e+03|4.285866274e+09|5.044898998e+09|5.709264258e+09|4.892343700e+09|6.275760864e+03|6.316231934e+03|6.350899780e+03|6.307352051e+03|2.035784016e+03
7.366373644e+05|1.867554873e+06|1.871911332e+06|1.876675853e+06|1.871519354e+06|2.526651385e+03|2.562191829e+03|2.596317634e+03|2.551404261e+03|4.025750139e+09|4.750060903e+09|5.456893396e+09|4.544658673e+09|6.261544067e+03|6.300567627e+03|6.337826172e+03|6.288386719e+03|2.035784016e+03
7.413608376e+05|1.866010152e+06|1.870488879e+06|1.875003106e+06|1.870328982e+06|2.512408746e+03|2.551161220e+03|2.584944239e+03|2.542993028e+03|3.735834260e+09|4.524349599e+09|5.221769185e+09|4.370142945e+09|6.245846191e+03|6.288481445e+03|6.325428711e+03|6.279211426e+03|2.035784016e+03
7.457992402e+05|1.864371489e+06|1.870755493e+06|1.875952099e+06|1.870515057e+06|2.496232376e+03|2.553226054e+03|2.591466309e+03|2.543541241e+03|3.409177114e+09|4.566087016e+09|5.356927351e+09|4.383215013e+09|6.227963379e+03|6.290744385e+03|6.332538208e+03|6.279770020e+03|2.035784016e+03
7.503246976e+05|1.864746800e+06|1.869417980e+06|1.875455292e+06|1.869985681e+06|2.500050195e+03|2.542459800e+03|2.588138819e+03|2.540669937e+03|3.485736498e+09|4.345579729e+09|5.288795246e+09|4.321908801e+09|6.232188965e+03|6.278929688e+03|6.328912231e+03|6.276682617e+03|2.035784016e+03
7.551191793e+05|1.862805986e+06|1.867323888e+06|1.871964338e+06|1.867398387e+06|2.479393342e+03|2.524517143e+03|2.562603664e+03|2.515151774e+03|3.072887370e+09|3.981259967e+09|4.758641223e+09|3.808344044e+09|6.209299316e+03|6.259194336e+03|6.301016357e+03|6.246986816e+03|2.035784016e+03
7.601338897e+05|1.862770398e+06|1.869619822e+06|1.875247722e+06|1.868736890e+06|2.478987203e+03|2.544170118e+03|2.586723557e+03|2.523225463e+03|3.064573677e+09|4.381261855e+09|5.259677542e+09|3.978890589e+09|6.208847656e+03|6.280809326e+03|6.327368896e+03|6.253521484e+03|2.035784016e+03
7.647926704e+05|1.863336498e+06|1.869374523e+06|1.874399294e+06|1.868916082e+06|2.485445632e+03|2.542091650e+03|2.580555849e+03|2.526436475e+03|3.196206868e+09|4.337919771e+09|5.129071208e+09|4.039632374e+09|6.216013184e+03|6.278528076e+03|6.320640381e+03|6.259531250e+03|2.035784016e+03
7.692223602e+05|1.860724810e+06|1.865249714e+06|1.872598958e+06|1.866228902e+06|2.454109418e+03|2.505174332e+03|2.567500501e+03|2.498948900e+03|2.573036368e+09|3.590873078e+09|4.860913893e+09|3.487803045e+09|6.181166748e+03|6.237855469e+03|6.306372681e+03|6.229356445e+03|2.035784016e+03
7.735455004e+05|1.860388622e+06|1.865706936e+06|1.873770608e+06|1.866662596e+06|2.449778013e+03|2.509621267e+03|2.575993832e+03|2.501888059e+03|2.491021565e+09|3.680978963e+09|5.034231885e+09|3.547955603e+09|6.176334106e+03|6.242766113e+03|6.315661133e+03|6.231857422e+03|2.035784016e+03
7.774990507e+05|1.858721513e+06|1.864763958e+06|1.871815582e+06|1.865711630e+06|2.424281285e+03|2.500224886e+03|2.561448407e+03|2.491495996e+03|1.987038168e+09|3.489283533e+09|4.734672294e+09|3.341818720e+09|6.147816528e+03|6.232382324e+03|6.299753418e+03|6.214399414e+03|2.035784016e+03
7.818468399e+05|1.856776703e+06|1.864048496e+06|1.867767838e+06|1.863474501e+06|2.383853702e+03|2.492950758e+03|2.528513051e+03|2.465160799e+03|1.203529486e+09|3.344496182e+09|4.063265536e+09|2.815129267e+09|6.102320801e+03|6.224332275e+03|6.263596558e+03|6.188728027e+03|2.035784016e+03
7.873671691e+05|1.858002068e+06|1.860792252e+06|1.865964109e+06|1.862228782e+06|2.411434227e+03|2.454972418e+03|2.511985277e+03|2.453347660e+03|1.739828988e+09|2.589559128e+09|3.727457271e+09|2.579440470e+09|6.133394165e+03|6.182132080e+03|6.245375854e+03|6.171080566e+03|2.035784016e+03
7.936273674e+05|1.859515458e+06|1.864308688e+06|1.871351512e+06|1.865189714e+06|2.436877556e+03|2.495594515e+03|2.557845981e+03|2.483664062e+03|2.233943990e+09|3.396661480e+09|4.660236358e+09|3.185026151e+09|6.161921997e+03|6.227258789e+03|6.295809448e+03|6.206459961e+03|2.035784016e+03
7.987889501e+05|1.861402843e+06|1.870760428e+06|1.876513494e+06|1.869209524e+06|2.462797644e+03|2.553263943e+03|2.595228536e+03|2.525808670e+03|2.743512171e+09|4.566789557e+09|5.434318543e+09|4.033713086e+09|6.190849854e+03|6.290784912e+03|6.336637817e+03|6.259010742e+03|2.035784016e+03
8.024868563e+05|1.863495126e+06|1.871611352e+06|1.877518698e+06|1.870498014e+06|2.487256375e+03|2.559862366e+03|2.601977457e+03|2.533435678e+03|3.233408545e+09|4.701770932e+09|5.575092729e+09|4.194094716e+09|6.218020386e+03|6.298017334e+03|6.343985596e+03|6.263959961e+03|2.035784016e+03
8.061094504e+05|1.860488323e+06|1.871159525e+06|1.875621700e+06|1.869144655e+06|2.451085770e+03|2.556356904e+03|2.589252822e+03|2.521053891e+03|2.515995032e+09|4.629712881e+09|5.311512392e+09|3.943403825e+09|6.177797363e+03|6.294177002e+03|6.330126221e+03|6.244417480e+03|2.035784016e+03
8.091162986e+05|1.862632469e+06|1.871111134e+06|1.876285798e+06|1.869252651e+06|2.477412066e+03|2.555981697e+03|2.593701681e+03|2.523495161e+03|3.034523097e+09|4.622044724e+09|5.402754021e+09|3.987835890e+09|6.207093628e+03|6.293764893e+03|6.334976440e+03|6.254845215e+03|2.035784016e+03
8.124665254e+05|1.860096468e+06|1.866121341e+06|1.872705681e+06|1.866613304e+06|2.445599983e+03|2.513433488e+03|2.568279730e+03|2.499757625e+03|2.407732728e+09|3.756588563e+09|4.876701208e+09|3.511375415e+09|6.171668945e+03|6.246975830e+03|6.307226196e+03|6.223642090e+03|2.035784016e+03
8.155928594e+05|1.858183279e+06|1.862577537e+06|1.867611169e+06|1.863346090e+06|2.414903116e+03|2.476791407e+03|2.527167946e+03|2.465855301e+03|1.806891216e+09|3.021110189e+09|4.036465010e+09|2.827466252e+09|6.137292847e+03|6.206408936e+03|6.262113647e+03|6.189426758e+03|2.035784016e+03
8.190792566e+05|1.856566248e+06|1.859358588e+06|1.863135364e+06|1.860390520e+06|2.377991150e+03|2.434533116e+03|2.483148751e+03|2.428694654e+03|1.093712557e+09|2.187758575e+09|3.148749634e+09|2.090826255e+09|6.095691040e+03|6.159300781e+03|6.213466553e+03|6.142696777e+03|2.035784016e+03
8.243028132e+05|1.855687712e+06|1.859496599e+06|1.862541603e+06|1.859853620e+06|2.339531431e+03|2.436599329e+03|2.476381802e+03|2.418896152e+03|2.909776006e+08|2.227425987e+09|3.012862795e+09|1.903143290e+09|6.051832397e+03|6.161613525e+03|6.205956055e+03|6.108752441e+03|2.035784016e+03
8.350014248e+05|1.855571898e+06|1.857967385e+06|1.861581796e+06|1.859005979e+06|2.328339974e+03|2.411150890e+03|2.465095762e+03|2.406263118e+03|2.934872187e+07|1.739104224e+09|2.790388601e+09|1.652855787e+09|6.036041260e+03|6.133075928e+03|6.193407959e+03|6.065068359e+03|2.035784016e+03
8.426454136e+05|1.856959478e+06|1.860133994e+06|1.863327351e+06|1.860577768e+06|2.388890788e+03|2.446161564e+03|2.485339898e+03|2.434724419e+03|1.305543262e+09|2.418403967e+09|3.193648647e+09|2.209792345e+09|6.108004517e+03|6.172300049e+03|6.215894165e+03|6.119591309e+03|2.035784016e+03
8.459586454e+05|1.860045756e+06|1.861865909e+06|1.864288889e+06|1.861795080e+06|2.444835770e+03|2.468700983e+03|2.495392861e+03|2.454549569e+03|2.391138763e+09|2.864251116e+09|3.392546879e+09|2.596798310e+09|6.170820435e+03|6.197417236e+03|6.227036621e+03|6.142892090e+03|2.035784016e+03
8.482114304e+05|1.859525360e+06|1.861080013e+06|1.863794286e+06|1.861231693e+06|2.437030054e+03|2.458657485e+03|2.490370723e+03|2.447206279e+03|2.235747296e+09|2.661070605e+09|3.294406870e+09|2.450161378e+09|6.162095459e+03|6.186237793e+03|6.221472290e+03|6.136291992e+03|2.035784016e+03
8.503907102e+05|1.858216147e+06|1.860865788e+06|1.862039635e+06|1.860168774e+06|2.415254876e+03|2.455913577e+03|2.470673732e+03|2.431942452e+03|1.811765241e+09|2.607634978e+09|2.901849886e+09|2.151603901e+09|6.137685913e+03|6.183177979e+03|6.199610474e+03|6.113643555e+03|2.035784016e+03
8.527526900e+05|1.857073276e+06|1.860085051e+06|1.861698657e+06|1.859817162e+06|2.391556064e+03|2.445426137e+03|2.466596931e+03|2.425178801e+03|1.354703691e+09|2.403263264e+09|2.821167888e+09|2.021969865e+09|6.111012207e+03|6.171478516e+03|6.195076538e+03|6.104439453e+03|2.035784016e+03
8.550301496e+05|1.857720585e+06|1.859945243e+06|1.861610003e+06|1.859892170e+06|2.406025645e+03|2.443326250e+03|2.465458042e+03|2.428990823e+03|1.635184839e+09|2.360371925e+09|2.797793591e+09|2.095758374e+09|6.127312012e+03|6.169132324e+03|6.193810303e+03|6.103922363e+03|2.035784016e+03
8.566935947e+05|1.855867098e+06|1.857393157e+06|1.859498263e+06|1.858016892e+06|2.351384566e+03|2.398786385e+03|2.436623962e+03|2.395644440e+03|5.718432067e+08|1.490390963e+09|2.227794208e+09|1.439909101e+09|6.065519775e+03|6.119166992e+03|6.161638916e+03|6.075852051e+03|2.035784016e+03
8.582464512e+05|1.855547260e+06|1.856681470e+06|1.858999649e+06|1.857326469e+06|2.318869121e+03|2.381236377e+03|2.429133343e+03|2.377534656e+03|2.152623605e+03|1.155875893e+09|2.086409638e+09|1.098261278e+09|5.985759399e+03|6.099360352e+03|6.153251953e+03|6.030098633e+03|2.035784016e+03
8.601887096e+05|1.855547249e+06|1.855568239e+06|1.857326459e+06|1.856594238e+06|2.318868907e+03|2.327337482e+03|2.397314557e+03|2.357970899e+03|2.152618460e+03|2.161655307e+07|1.462554609e+09|7.256898716e+08|5.852758545e+03|6.034213379e+03|6.117507812e+03|5.940501953e+03|2.035784016e+03
8.625819789e+05|1.855547248e+06|1.855547254e+06|1.855547263e+06|1.855782622e+06|2.318868791e+03|2.318868968e+03|2.318869100e+03|2.328084926e+03|2.152615677e+03|2.152619929e+03|2.152623082e+03|1.670547665e+08|5.784061646e+03|5.887752686e+03|5.969828735e+03|5.835537598e+03|2.035784016e+03
8.652766153e+05|1.855547238e+06|1.855547250e+06|1.855547255e+06|1.855553697e+06|2.318868554e+03|2.318868799e+03|2.318868957e+03|2.319527604e+03|2.152610005e+03|2.152615869e+03|2.152619669e+03|9.058601258e+06|5.647780029e+03|5.788647705e+03|5.881556641e+03|5.715815430e+03|2.035784016e+03
8.697004355e+05|1.855547228e+06|1.855547239e+06|1.855547249e+06|1.855547236e+06|2.318868108e+03|2.318868541e+03|2.318868706e+03|2.318868393e+03|2.152599311e+03|2.152609690e+03|2.152613656e+03|2.152606127e+03|5.414682983e+03|5.641805176e+03|5.736809814e+03|5.572659180e+03|2.035784016e+03
9.588019384e+05|1.855547226e+06|1.855547249e+06|1.855547255e+06|1.855713457e+06|2.318868191e+03|2.318868644e+03|2.318868991e+03|2.326194035e+03|2.152601293e+03|2.152612149e+03|2.152620469e+03|1.326267815e+08|5.458347290e+03|5.698579346e+03|5.905633789e+03|5.665250488e+03|2.035784016e+03
9.791641086e+05|1.855547209e+06|1.855547226e+06|1.855547248e+06|1.855572526e+06|2.318867725e+03|2.318868269e+03|2.318868667e+03|2.320449205e+03|2.152590121e+03|2.152603166e+03|2.152612717e+03|2.455849693e+07|5.224679199e+03|5.500171875e+03|5.718085205e+03|5.420823242e+03|2.035784016e+03
9.975278073e+05|1.855547222e+06|1.855547245e+06|1.855547255e+06|1.855692286e+06|2.318868127e+03|2.318868665e+03|2.318868979e+03|2.324900828e+03|2.152599758e+03|2.152612663e+03|2.152620202e+03|1.088870276e+08|5.424385010e+03|5.717809082e+03|5.895542114e+03|5.559970215e+03|2.035784016e+03
1.097721981e+06|1.855547131e+06|1.855547200e+06|1.855547230e+06|1.855550481e+06|2.318865351e+03|2.318867553e+03|2.318868351e+03|2.319212224e+03|2.152533198e+03|2.152586002e+03|2.152605130e+03|6.088648858e+06|4.296709839e+03|5.144284912e+03|5.540366699e+03|4.877317383e+03|2.035784016e+03
1.303600472e+06|1.855546976e+06|1.855547023e+06|1.855547025e+06|1.855547005e+06|2.318861280e+03|2.318862555e+03|2.318862614e+03|2.318862081e+03|2.152435569e+03|2.152466132e+03|2.152467553e+03|2.152454763e+03|3.300812195e+03|3.556933472e+03|3.569864563e+03|3.463385986e+03|2.035784016e+03
9.010015042e+05|3.435538963e+06|3.442835418e+06|3.464836985e+06|3.450616439e+06|2.437120117e+03|2.450271674e+03|2.485647882e+03|2.460619994e+03|5.865421375e+09|6.198131440e+09|7.098389263e+09|6.473118730e+09|3.188987305e+03|3.201651978e+03|3.235772766e+03|3.211657227e+03|3.075041882e+03
9.101544099e+05|3.432620325e+06|3.438054658e+06|3.444065400e+06|3.440064449e+06|2.431777874e+03|2.441730631e+03|2.452259014e+03|2.444062311e+03|5.732956180e+09|5.981546115e+09|6.246647624e+09|6.047893372e+09|3.183839050e+03|3.193426025e+03|3.203570923e+03|3.195681152e+03|3.075041882e+03
9.146847232e+05|3.430575100e+06|3.435729894e+06|3.439112777e+06|3.435262302e+06|2.428038606e+03|2.437469853e+03|2.443671400e+03|2.436132927e+03|5.641555664e+09|5.874172924e+09|6.030913948e+09|5.846895226e+09|3.180234680e+03|3.189323608e+03|3.195294495e+03|3.188033691e+03|3.075041882e+03
9.181969375e+05|3.428617523e+06|3.434753379e+06|3.438912599e+06|3.433347003e+06|2.424462822e+03|2.435681486e+03|2.443304160e+03|2.432800230e+03|5.555137955e+09|5.829530985e+09|6.021547081e+09|5.763519442e+09|3.176786377e+03|3.187601318e+03|3.194940918e+03|3.184821045e+03|3.075041882e+03
9.211494882e+05|3.423025056e+06|3.430499792e+06|3.438286260e+06|3.429749282e+06|2.414265310e+03|2.427900996e+03|2.442155323e+03|2.425906067e+03|5.314075171e+09|5.638215188e+09|5.992315910e+09|5.596583342e+09|3.166946228e+03|3.180103394e+03|3.193835571e+03|3.178176514e+03|3.075041882e+03
9.241337876e+05|3.422076043e+06|3.432443790e+06|3.437479348e+06|3.429486988e+06|2.412311540e+03|2.431455010e+03|2.440675768e+03|2.425439828e+03|5.265443932e+09|5.725031660e+09|5.954823243e+09|5.585371169e+09|3.165066223e+03|3.183528198e+03|3.192409119e+03|3.177725830e+03|3.075041882e+03
9.307435321e+05|3.424415336e+06|3.429647794e+06|3.432647879e+06|3.426133078e+06|2.416797937e+03|2.426344330e+03|2.431828256e+03|2.419006130e+03|5.373209592e+09|5.600480865e+09|5.734189815e+09|5.407325793e+09|3.169391541e+03|3.178602173e+03|3.183888855e+03|3.171525879e+03|3.075041882e+03
9.608358864e+05|3.405244256e+06|3.410844780e+06|3.416358179e+06|3.410304923e+06|2.376607150e+03|2.388735460e+03|2.400289656e+03|2.386646128e+03|4.418545982e+09|4.698306516e+09|4.970135027e+09|4.635191780e+09|3.130663513e+03|3.142356445e+03|3.153492859e+03|3.140338379e+03|3.075041882e+03
9.687276613e+05|3.404703227e+06|3.411842908e+06|3.417119489e+06|3.407633212e+06|2.375272762e+03|2.390824447e+03|2.401888020e+03|2.380561012e+03|4.386094530e+09|4.746595694e+09|5.008658916e+09|4.359603648e+09|3.129377625e+03|3.144372192e+03|3.155033630e+03|3.134467285e+03|3.075041882e+03
9.739408049e+05|3.385046935e+06|3.399245231e+06|3.412009667e+06|3.395845325e+06|2.323290778e+03|2.361841138e+03|2.391173594e+03|2.350956993e+03|3.200921552e+09|4.069698720e+09|4.754708986e+09|3.397810526e+09|3.079259827e+03|3.116440796e+03|3.144708923e+03|3.106153809e+03|3.075041882e+03
9.780225829e+05|3.381152726e+06|3.393553655e+06|3.400862477e+06|3.389789499e+06|2.311787651e+03|2.347892014e+03|2.365815034e+03|2.338625297e+03|2.960120232e+09|3.760155923e+09|4.161274395e+09|3.012957824e+09|3.068147278e+03|3.102982422e+03|3.120270325e+03|3.094028076e+03|3.075041882e+03
9.820354857e+05|3.389596596e+06|3.394502519e+06|3.399152268e+06|3.394339698e+06|2.336785880e+03|2.350213345e+03|2.361612419e+03|2.349365179e+03|3.503665191e+09|3.810314948e+09|4.064331624e+09|3.561883914e+09|3.092277100e+03|3.105223877e+03|3.116219360e+03|3.104399170e+03|3.075041882e+03
9.895929856e+05|3.390379434e+06|3.394519443e+06|3.400800312e+06|3.394975239e+06|2.339113851e+03|2.350254762e+03|2.365662211e+03|2.351030556e+03|3.558126085e+09|3.811214504e+09|4.157728880e+09|3.658958576e+09|3.094518738e+03|3.105263184e+03|3.120122437e+03|3.106005615e+03|3.075041882e+03
1.008603553e+06|3.396774853e+06|3.402963745e+06|3.408887622e+06|3.402574137e+06|2.355779151e+03|2.370985964e+03|2.384642859e+03|2.368936199e+03|3.932734509e+09|4.283034554e+09|4.604791783e+09|4.191249928e+09|3.110593994e+03|3.125249634e+03|3.138410400e+03|3.123270020e+03|3.075041882e+03
1.017211278e+06|3.398231915e+06|3.404572141e+06|3.411576646e+06|3.403492876e+06|2.359353019e+03|2.374949492e+03|2.390267101e+03|2.371485949e+03|4.012961742e+09|4.378245973e+09|4.733685864e+09|4.229903383e+09|3.114041931e+03|3.129067627e+03|3.143835510e+03|3.125726318e+03|3.075041882e+03
1.023032602e+06|3.396272160e+06|3.402498786e+06|3.408364836e+06|3.402556602e+06|2.354547037e+03|2.369841111e+03|2.383550440e+03|2.369046584e+03|3.905365717e+09|4.255854197e+09|4.580067737e+09|4.244689358e+09|3.109406799e+03|3.124147583e+03|3.137354736e+03|3.123376465e+03|3.075041882e+03
1.028699269e+06|3.398748387e+06|3.401989902e+06|3.407966143e+06|3.402989327e+06|2.360620731e+03|2.368588463e+03|2.382718023e+03|2.370347153e+03|4.041721850e+09|4.226237486e+09|4.561440009e+09|4.206770596e+09|3.115264771e+03|3.122941406e+03|3.136551880e+03|3.124631592e+03|3.075041882e+03
1.034518879e+06|3.394905907e+06|3.399588528e+06|3.405128560e+06|3.398914540e+06|2.351200769e+03|2.362683967e+03|2.376321742e+03|2.360185610e+03|3.831830613e+09|4.088880030e+09|4.411585895e+09|3.953117214e+09|3.106177673e+03|3.117252808e+03|3.130386841e+03|3.114826660e+03|3.075041882e+03
1.042598958e+06|3.390742871e+06|3.399112103e+06|3.406299321e+06|3.397895268e+06|2.340195303e+03|2.361513819e+03|2.379195726e+03|2.357351144e+03|3.583687001e+09|4.062090458e+09|4.481865711e+09|3.849669671e+09|3.095562317e+03|3.116125244e+03|3.133152405e+03|3.112095947e+03|3.075041882e+03
1.050785439e+06|3.393776118e+06|3.401709115e+06|3.407986816e+06|3.400213307e+06|2.348436105e+03|2.367897553e+03|2.382760784e+03|2.363443585e+03|3.771864324e+09|4.209991637e+09|4.562274788e+09|4.041148924e+09|3.103508728e+03|3.122276367e+03|3.136594116e+03|3.117974365e+03|3.075041882e+03
1.058492542e+06|3.388131767e+06|3.395255405e+06|3.402998624e+06|3.392944519e+06|2.332434582e+03|2.352056398e+03|2.371071890e+03|2.344201477e+03|3.403679100e+09|3.850513482e+09|4.285089913e+09|3.389600377e+09|3.088081116e+03|3.107003540e+03|3.125333862e+03|3.099168457e+03|3.075041882e+03
1.065433425e+06|3.389354202e+06|3.394573975e+06|3.397334078e+06|3.392661560e+06|2.336065282e+03|2.350388220e+03|2.357150356e+03|2.345110363e+03|3.486893713e+09|3.814113296e+09|3.963365781e+09|3.547089628e+09|3.091582153e+03|3.105393311e+03|3.111916138e+03|3.100297119e+03|3.075041882e+03
1.071234714e+06|3.388746517e+06|3.393216540e+06|3.396807467e+06|3.391921374e+06|2.334259745e+03|2.347067680e+03|2.355859090e+03|2.343216008e+03|3.445255020e+09|3.742469587e+09|3.934510600e+09|3.500194286e+09|3.089841980e+03|3.102186646e+03|3.110672485e+03|3.098467285e+03|3.075041882e+03
1.075889742e+06|3.388287873e+06|3.392515474e+06|3.396304146e+06|3.390853034e+06|2.332897800e+03|2.345354059e+03|2.354625435e+03|2.340547008e+03|3.414136403e+09|3.705914858e+09|3.907106730e+09|3.359617644e+09|3.088529114e+03|3.100532593e+03|3.109481873e+03|3.095893555e+03|3.075041882e+03
1.082635787e+06|3.386481408e+06|3.390553167e+06|3.394390951e+06|3.388373033e+06|2.327539283e+03|2.339630755e+03|2.349940337e+03|2.334747537e+03|3.293862344e+09|3.570320070e+09|3.804395136e+09|3.193452295e+09|3.083359436e+03|3.095016968e+03|3.104959473e+03|3.090295410e+03|3.075041882e+03
1.093121922e+06|3.383798027e+06|3.388755006e+06|3.394154972e+06|3.387553968e+06|2.319596819e+03|2.334284960e+03|2.349362927e+03|2.332266310e+03|3.121899746e+09|3.445833482e+09|3.791885686e+09|3.061528093e+09|3.075693665e+03|3.089866943e+03|3.104401672e+03|3.087902832e+03|3.075041882e+03
1.101891031e+06|3.385524421e+06|3.390452276e+06|3.395258861e+06|3.389104066e+06|2.324704258e+03|2.339330606e+03|2.352064906e+03|2.335641662e+03|3.231588066e+09|3.563250683e+09|3.850714610e+09|3.254440885e+09|3.080624939e+03|3.094728516e+03|3.107010498e+03|3.091167236e+03|3.075041882e+03
1.107672052e+06|3.385809478e+06|3.390360139e+06|3.395321566e+06|3.388675177e+06|2.325548640e+03|2.339056533e+03|2.352218516e+03|2.335035541e+03|3.250104487e+09|3.556808301e+09|3.854099776e+09|3.250968772e+09|3.081439026e+03|3.094464844e+03|3.107157837e+03|3.090573730e+03|3.075041882e+03
1.112967177e+06|3.382683883e+06|3.390880067e+06|3.393547702e+06|3.385287692e+06|2.316305297e+03|2.340603613e+03|2.347877455e+03|2.327286206e+03|3.052849741e+09|3.593362974e+09|3.759842736e+09|2.822426589e+09|3.072512878e+03|3.095954956e+03|3.102968262e+03|3.083140625e+03|3.075041882e+03
1.117415035e+06|3.385435010e+06|3.390823437e+06|3.394755452e+06|3.388392681e+06|2.324439783e+03|2.340435058e+03|2.350832432e+03|2.334851193e+03|3.225924206e+09|3.589362109e+09|3.823789397e+09|3.210783245e+09|3.080368958e+03|3.095792725e+03|3.105820984e+03|3.090399414e+03|3.075041882e+03
1.122520215e+06|3.384846503e+06|3.388232823e+06|3.391464707e+06|3.386475479e+06|2.322697648e+03|2.332734310e+03|2.342344300e+03|2.329515432e+03|3.188124635e+09|3.410393584e+09|3.634901534e+09|2.998461502e+09|3.078686340e+03|3.088370972e+03|3.097631348e+03|3.085254395e+03|3.075041882e+03
1.130220523e+06|3.383627210e+06|3.388738034e+06|3.392835916e+06|3.385752733e+06|2.319091949e+03|2.334234618e+03|2.346137208e+03|2.325510862e+03|3.111229616e+09|3.444703972e+09|3.722585812e+09|2.951105471e+09|3.075205261e+03|3.089817871e+03|3.101287842e+03|3.081522217e+03|3.075041882e+03
1.138480812e+06|3.385238129e+06|3.388591398e+06|3.392370142e+06|3.386218845e+06|2.323856700e+03|2.333799040e+03|2.344998938e+03|2.328435003e+03|3.213177930e+09|3.434698735e+09|3.698376003e+09|2.951680206e+09|3.079805908e+03|3.089397339e+03|3.100188843e+03|3.084006592e+03|3.075041882e+03
1.146164099e+06|3.378994467e+06|3.385342979e+06|3.390605427e+06|3.383037939e+06|2.307919570e+03|2.324167067e+03|2.339786357e+03|2.320651847e+03|7.823050736e+08|3.219905753e+09|3.574034815e+09|2.525584475e+09|3.064414246e+03|3.080105835e+03|3.095168274e+03|3.076855957e+03|3.075041882e+03
1.152200650e+06|3.382635102e+06|3.387549219e+06|3.391056402e+06|3.384618499e+06|2.316161363e+03|2.330705508e+03|2.341128532e+03|2.323927356e+03|3.049892414e+09|3.364474384e+09|3.605852478e+09|2.848494081e+09|3.072374084e+03|3.086414307e+03|3.096460022e+03|3.080071289e+03|3.075041882e+03
1.158154521e+06|3.380636103e+06|3.386682183e+06|3.390197475e+06|3.383703792e+06|2.310291111e+03|2.328134282e+03|2.338572581e+03|2.323121770e+03|2.889463373e+09|3.307009668e+09|3.545398821e+09|2.623561922e+09|3.066700439e+03|3.083933350e+03|3.093998962e+03|3.079083984e+03|3.075041882e+03
1.163164411e+06|3.382863899e+06|3.387428872e+06|3.389960451e+06|3.385168688e+06|2.316836884e+03|2.330348512e+03|2.337867617e+03|2.325835455e+03|3.063918502e+09|3.356457212e+09|3.528864170e+09|2.919906921e+09|3.073026367e+03|3.086069946e+03|3.093320190e+03|3.081703125e+03|3.075041882e+03
1.168239161e+06|3.378751640e+06|3.385139458e+06|3.388759637e+06|3.381981458e+06|2.307573431e+03|2.323564737e+03|2.334298723e+03|2.315807456e+03|6.165114338e+08|3.206889630e+09|3.446151964e+09|2.479868354e+09|3.064080505e+03|3.079523682e+03|3.089879456e+03|3.071757812e+03|3.075041882e+03
1.174212363e+06|3.380830605e+06|3.384979609e+06|3.388498022e+06|3.381611327e+06|2.310838018e+03|2.323091529e+03|2.333521750e+03|2.316382043e+03|2.940895651e+09|3.196617708e+09|3.428359294e+09|2.536303606e+09|3.067230103e+03|3.079066650e+03|3.089130371e+03|3.072693115e+03|3.075041882e+03
1.181534303e+06|3.374641405e+06|3.383327206e+06|3.387178155e+06|3.379586753e+06|2.301719046e+03|2.318205432e+03|2.329604833e+03|2.311685678e+03|2.025057879e+07|3.092556520e+09|3.339774037e+09|2.163936985e+09|3.058430664e+03|3.074348999e+03|3.085352356e+03|3.068145996e+03|3.075041882e+03
1.189275275e+06|3.371310105e+06|3.382677973e+06|3.386434869e+06|3.378304200e+06|2.296979885e+03|2.316287820e+03|2.327401282e+03|2.307783656e+03|1.380562112e+06|3.052476227e+09|3.290782583e+09|2.073123363e+09|3.053853088e+03|3.072496704e+03|3.083227722e+03|3.064342285e+03|3.075041882e+03
1.195872365e+06|3.372960737e+06|3.382571663e+06|3.385878597e+06|3.378712319e+06|2.299327432e+03|2.315973931e+03|2.325753144e+03|2.308810485e+03|5.022770140e+06|3.045955981e+09|3.254502545e+09|2.047488238e+09|3.056120056e+03|3.072194580e+03|3.081637024e+03|3.065500977e+03|3.075041882e+03
1.200993543e+06|3.373407346e+06|3.381886638e+06|3.386513017e+06|3.378139138e+06|2.299962832e+03|2.313952182e+03|2.327632851e+03|2.305776529e+03|7.239872121e+06|3.004251430e+09|3.295890599e+09|1.897706613e+09|3.056733521e+03|3.070239136e+03|3.083450684e+03|3.062770996e+03|3.075041882e+03
1.205977893e+06|3.374035005e+06|3.383530629e+06|3.386795820e+06|3.378947177e+06|2.300856096e+03|2.318806508e+03|2.328471137e+03|2.310233830e+03|1.397130754e+07|3.105202366e+09|3.314487050e+09|2.175105696e+09|3.057597290e+03|3.074929321e+03|3.084259277e+03|3.066632812e+03|3.075041882e+03
1.212140158e+06|3.367486402e+06|3.382113598e+06|3.385731833e+06|3.376674756e+06|2.291546448e+03|2.314621894e+03|2.325318454e+03|2.304498773e+03|5.932861640e+04|3.018022968e+09|3.244988077e+09|1.854978630e+09|3.048604004e+03|3.070886108e+03|3.081215576e+03|3.061156494e+03|3.075041882e+03
1.218125242e+06|3.370593406e+06|3.381014891e+06|3.384266860e+06|3.376665385e+06|2.295960872e+03|2.311381268e+03|2.320982984e+03|2.303805502e+03|6.928861820e+05|2.951881083e+09|3.151365026e+09|1.742390051e+09|3.052868286e+03|3.067755249e+03|3.077031860e+03|3.060465088e+03|3.075041882e+03
1.224456653e+06|3.367770165e+06|3.379556166e+06|3.383614624e+06|3.375297770e+06|2.291949333e+03|2.308720339e+03|2.319054758e+03|2.300249003e+03|6.590323058e+04|1.353132877e+09|3.110446353e+09|1.570940170e+09|3.048993408e+03|3.065185547e+03|3.075168213e+03|3.057061279e+03|3.075041882e+03
1.231036216e+06|3.362105975e+06|3.373905475e+06|3.382829741e+06|3.372694911e+06|2.283912183e+03|2.300671642e+03|2.316735979e+03|2.295518541e+03|6.405125971e+02|1.090187301e+07|3.061804535e+09|1.156128008e+09|3.041220581e+03|3.057419556e+03|3.072928650e+03|3.052685547e+03|3.075041882e+03
1.237145765e+06|3.364583166e+06|3.373798315e+06|3.382547528e+06|3.373041444e+06|2.287425334e+03|2.300519156e+03|2.315902697e+03|2.297595273e+03|4.717132713e+03|1.009157901e+07|3.044485904e+09|1.158061855e+09|3.044619446e+03|3.057271606e+03|3.072123901e+03|3.054466797e+03|3.075041882e+03
1.243380707e+06|3.361165026e+06|3.373246675e+06|3.380783126e+06|3.371426428e+06|2.282578386e+03|2.299734310e+03|2.310698088e+03|2.289432221e+03|2.719464598e+02|7.120862071e+06|2.938077645e+09|1.022037136e+09|3.039929810e+03|3.056513428e+03|3.067094055e+03|3.047277100e+03|3.075041882e+03
1.248818075e+06|3.356352221e+06|3.371732290e+06|3.380483034e+06|3.370432641e+06|2.272408006e+03|2.297580500e+03|2.310041845e+03|2.290733804e+03|4.806572688e+00|2.838033671e+06|2.585994905e+09|9.450794397e+08|3.030089722e+03|3.054434448e+03|3.066460693e+03|3.047909180e+03|3.075041882e+03
1.254115460e+06|3.358213432e+06|3.373422736e+06|3.381821425e+06|3.371401777e+06|2.278397301e+03|2.299984743e+03|2.313759743e+03|2.290662487e+03|2.278158944e+01|7.464579271e+06|3.000291703e+09|1.043347191e+09|3.035883179e+03|3.056755005e+03|3.070054138e+03|3.048135010e+03|3.075041882e+03
1.259340037e+06|3.364520730e+06|3.371909149e+06|3.381204312e+06|3.372049196e+06|2.287336740e+03|2.297831659e+03|2.311939686e+03|2.294219256e+03|4.410136905e+03|2.077887814e+06|2.963182722e+09|9.412994899e+08|3.044533569e+03|3.054675537e+03|3.068294495e+03|3.051431885e+03|3.075041882e+03
1.265442923e+06|3.357035740e+06|3.372553953e+06|3.379676746e+06|3.370487256e+06|2.276349238e+03|2.298748759e+03|2.308892166e+03|2.290403622e+03|8.919472687e+00|3.542733109e+06|1.326589584e+09|7.934396978e+08|3.033902405e+03|3.055562256e+03|3.065351990e+03|3.046925537e+03|3.075041882e+03
1.271978925e+06|3.356352221e+06|3.369411706e+06|3.378274574e+06|3.368716997e+06|2.270976724e+03|2.294281375e+03|2.306893528e+03|2.287952325e+03|4.806572688e+00|2.682255676e+05|4.158479622e+08|6.514707985e+08|3.028704163e+03|3.051246094e+03|3.063424316e+03|3.045113525e+03|3.075041882e+03
1.278337113e+06|3.356352221e+06|3.363423646e+06|3.372953837e+06|3.365522544e+06|2.256099621e+03|2.285780513e+03|2.299317607e+03|2.275577411e+03|4.806572688e+00|1.758912982e+03|4.937865546e+06|4.130263290e+08|3.014303650e+03|3.043028198e+03|3.056110046e+03|3.033603760e+03|3.075041882e+03
1.284747778e+06|3.356352221e+06|3.360452780e+06|3.374534213e+06|3.365581198e+06|2.252080052e+03|2.281569295e+03|2.301566467e+03|2.275232130e+03|4.806572688e+00|1.991216425e+02|1.840121470e+07|4.604643497e+08|3.010407227e+03|3.038954590e+03|3.058283508e+03|3.033034912e+03|3.075041882e+03
1.290553507e+06|3.356352221e+06|3.367133158e+06|3.375247455e+06|3.367137709e+06|2.264429972e+03|2.291044717e+03|2.302581778e+03|2.279585158e+03|4.806572688e+00|3.882057010e+04|3.334177557e+07|3.881475999e+08|3.022371887e+03|3.048118042e+03|3.059262207e+03|3.036579346e+03|3.075041882e+03
1.295950098e+06|3.356352221e+06|3.361397580e+06|3.374575071e+06|3.365513207e+06|2.265569992e+03|2.282907968e+03|2.301624623e+03|2.277743890e+03|4.806572688e+00|3.256332276e+02|1.902971607e+07|3.879754350e+08|3.023475159e+03|3.040250122e+03|3.058338440e+03|3.035473145e+03|3.075041882e+03
1.300809469e+06|3.356352221e+06|3.361409335e+06|3.372830791e+06|3.364810254e+06|2.264205159e+03|2.282924824e+03|2.299142562e+03|2.275033962e+03|4.806572688e+00|4.309427993e+02|4.458910378e+06|3.191715274e+08|3.022153442e+03|3.040265015e+03|3.055942444e+03|3.032362305e+03|3.075041882e+03
1.305099543e+06|3.356352221e+06|3.362319523e+06|3.370840967e+06|3.364208675e+06|2.258136036e+03|2.284214862e+03|2.296312862e+03|2.271753767e+03|4.806572688e+00|7.040008310e+02|9.397280161e+05|2.051693988e+08|3.016275513e+03|3.041513916e+03|3.053210266e+03|3.029583740e+03|3.075041882e+03
1.310421534e+06|3.356352221e+06|3.359962311e+06|3.369234218e+06|3.363269311e+06|2.259709197e+03|2.280874196e+03|2.294029167e+03|2.273201570e+03|4.806572688e+00|9.928620182e+01|2.308557050e+05|1.249897521e+08|3.017799500e+03|3.038282104e+03|3.051003418e+03|3.031256592e+03|3.075041882e+03
1.315363738e+06|3.356352221e+06|3.356352221e+06|3.367947048e+06|3.362269504e+06|2.256131424e+03|2.274467987e+03|2.292200563e+03|2.268629002e+03|4.806572688e+00|4.806572688e+00|7.693497283e+04|6.885918170e+07|3.014334229e+03|3.032081665e+03|3.049234680e+03|3.027094482e+03|3.075041882e+03
1.321181305e+06|3.356352221e+06|3.357066154e+06|3.365592256e+06|3.361664135e+06|2.258638951e+03|2.276773215e+03|2.288857274e+03|2.268231059e+03|4.806572688e+00|8.886347921e+00|1.133949712e+04|8.330413962e+07|3.016762939e+03|3.034311279e+03|3.046003967e+03|3.026497070e+03|3.075041882e+03
1.328178324e+06|3.356352221e+06|3.356352221e+06|3.365032390e+06|3.360546603e+06|2.232957771e+03|2.267554326e+03|2.288062762e+03|2.257283930e+03|4.806572688e+00|4.806572688e+00|7.217249180e+03|3.025129053e+07|2.991856873e+03|3.025393555e+03|3.045235779e+03|3.016125000e+03|3.075041882e+03
1.334735134e+06|3.356352221e+06|3.356352221e+06|3.361805126e+06|3.359568617e+06|2.240399284e+03|2.264627999e+03|2.283485632e+03|2.256807371e+03|4.806572688e+00|4.806572688e+00|4.559202412e+02|2.265426053e+07|2.999075439e+03|3.022561890e+03|3.040807861e+03|3.014396484e+03|3.075041882e+03
1.341232424e+06|3.356352221e+06|3.356352221e+06|3.358995061e+06|3.358865612e+06|2.233339577e+03|2.258663510e+03|2.279504133e+03|2.250622983e+03|4.806572688e+00|4.806572688e+00|4.420091984e+01|3.111678985e+06|2.992227661e+03|3.016786865e+03|3.036954834e+03|3.009376465e+03|3.075041882e+03
1.347142933e+06|3.356352221e+06|3.356352221e+06|3.358561452e+06|3.359549759e+06|2.240840661e+03|2.265678022e+03|2.278890090e+03|2.258248304e+03|4.806572688e+00|4.806572688e+00|3.103694792e+01|6.478558201e+07|2.999505310e+03|3.023578491e+03|3.036360229e+03|3.017041016e+03|3.075041882e+03
1.352594848e+06|3.356352221e+06|3.356352221e+06|3.358484340e+06|3.358812188e+06|2.226137969e+03|2.251806937e+03|2.278780888e+03|2.247987560e+03|4.806572688e+00|4.806572688e+00|2.856489076e+01|3.282642305e+05|2.985234253e+03|3.010142334e+03|3.036256104e+03|3.007885986e+03|3.075041882e+03
1.357644895e+06|3.356352221e+06|3.356352221e+06|3.358602637e+06|3.359008886e+06|2.226863328e+03|2.257800970e+03|2.278948399e+03|2.248135756e+03|4.806572688e+00|4.806572688e+00|3.149120179e+01|2.988408263e+07|2.985939514e+03|3.015951050e+03|3.036416870e+03|3.007688965e+03|3.075041882e+03
1.362224188e+06|3.356352221e+06|3.356352221e+06|3.356352221e+06|3.358151148e+06|2.230209294e+03|2.258237485e+03|2.273256820e+03|2.250310085e+03|4.806572688e+00|4.806572688e+00|4.806572688e+00|3.017170235e+06|2.989189392e+03|3.016374146e+03|3.030910461e+03|3.009721191e+03|3.075041882e+03
1.366743359e+06|3.356352221e+06|3.356352221e+06|3.356352221e+06|3.357976455e+06|2.218122134e+03|2.252209601e+03|2.271327258e+03|2.241445332e+03|4.806572688e+00|4.806572688e+00|4.806572688e+00|6.798380370e+04|2.977443054e+03|3.010533691e+03|3.029043274e+03|3.001206543e+03|3.075041882e+03
1.371090009e+06|3.356352221e+06|3.356352221e+06|3.356352221e+06|3.357848148e+06|2.211448049e+03|2.247399038e+03|2.264409901e+03|2.238642238e+03|4.806572688e+00|4.806572688e+00|4.806572688e+00|2.338992549e+05|2.970951050e+03|3.005868530e+03|3.022350952e+03|2.999240234e+03|3.075041882e+03
1.375713404e+06|3.356352221e+06|3.356352221e+06|3.356352221e+06|3.357421216e+06|2.207389512e+03|2.239702884e+03|2.270297817e+03|2.232722912e+03|4.806572688e+00|4.806572688e+00|4.806572688e+00|4.274097272e+03|2.966999634e+03|2.998402100e+03|3.028049133e+03|2.992356201e+03|3.075041882e+03
1.380921474e+06|3.356352221e+06|3.356352221e+06|3.356352221e+06|3.356626600e+06|2.183662532e+03|2.222215916e+03|2.255073902e+03|2.220707006e+03|4.806572688e+00|4.806572688e+00|4.806572688e+00|3.777795981e+01|2.953231079e+03|2.981423096e+03|3.013309509e+03|2.982820312e+03|3.075041882e+03
1.386366040e+06|3.356352221e+06|3.356352221e+06|3.356352221e+06|3.356624045e+06|2.193988295e+03|2.225368072e+03|2.260278321e+03|2.221237001e+03|4.806572688e+00|4.806572688e+00|4.806572688e+00|6.854328095e+01|2.959173645e+03|2.984487305e+03|3.018350342e+03|2.982503418e+03|3.075041882e+03
1.391982881e+06|3.356352221e+06|3.356352221e+06|3.356352221e+06|3.356851268e+06|2.163905646e+03|2.211503754e+03|2.238951947e+03|2.206337348e+03|4.806572688e+00|4.806572688e+00|4.806572688e+00|1.635838665e+03|2.941814148e+03|2.971005127e+03|2.997673340e+03|2.970674072e+03|3.075041882e+03
1.398308432e+06|3.356352221e+06|3.356352221e+06|3.356352221e+06|3.356426748e+06|2.171982759e+03|2.206987772e+03|2.235450157e+03|2.203276307e+03|4.806572688e+00|4.806572688e+00|4.806572688e+00|6.869085423e+00|2.946488953e+03|2.966799805e+03|2.994276855e+03|2.964909912e+03|3.075041882e+03
1.406870223e+06|3.356352221e+06|3.356352221e+06|3.356352221e+06|3.356510038e+06|2.156444197e+03|2.209677439e+03|2.248031910e+03|2.206801496e+03|4.806572688e+00|4.806572688e+00|4.806572688e+00|9.657039063e+00|2.937486572e+03|2.969227539e+03|3.006481750e+03|2.969162598e+03|3.075041882e+03
1.415139402e+06|3.356352221e+06|3.356352221e+06|3.356352221e+06|3.356438364e+06|2.156664717e+03|2.218277378e+03|2.250889815e+03|2.209711796e+03|4.806572688e+00|4.806572688e+00|4.806572688e+00|6.777258753e+00|2.937615112e+03|2.977594604e+03|3.009253296e+03|2.971072754e+03|3.075041882e+03
1.421464740e+06|3.356352221e+06|3.356352221e+06|3.356352221e+06|3.356493755e+06|2.175304501e+03|2.219132441e+03|2.241995761e+03|2.210061010e+03|4.806572688e+00|4.806572688e+00|4.806572688e+00|4.004442271e+01|2.948407227e+03|2.978426636e+03|3.000624451e+03|2.970792236e+03|3.075041882e+03
1.425500286e+06|3.356352221e+06|3.356352221e+06|3.356352221e+06|3.356635252e+06|2.181268118e+03|2.222082058e+03|2.247008972e+03|2.214576856e+03|4.806572688e+00|4.806572688e+00|4.806572688e+00|2.053833832e+02|2.951849915e+03|2.981293945e+03|3.005489502e+03|2.975540527e+03|3.075041882e+03
1.428403190e+06|3.356352221e+06|3.356352221e+06|3.356352221e+06|3.356362847e+06|2.149294872e+03|2.188038937e+03|2.228146269e+03|2.191039871e+03|4.806572688e+00|4.806572688e+00|4.806572688e+00|4.860282437e+00|2.924898376e+03|2.955751221e+03|2.987186096e+03|2.949629639e+03|3.075041882e+03
1.431078131e+06|3.356352221e+06|3.356352221e+06|3.356352221e+06|3.356352221e+06|2.149294872e+03|2.186247483e+03|2.225432473e+03|2.189291588e+03|4.806572688e+00|4.806572688e+00|4.806572688e+00|4.806572688e+00|2.908389771e+03|2.954719360e+03|2.984549683e+03|2.947181885e+03|3.075041882e+03
1.433908444e+06|3.356352221e+06|3.356352221e+06|3.356352221e+06|3.356352221e+06|2.149294872e+03|2.155058719e+03|2.226936649e+03|2.185108127e+03|4.806572688e+00|4.806572688e+00|4.806572688e+00|4.806572688e+00|2.903599243e+03|2.936682617e+03|2.986009583e+03|2.941581543e+03|3.075041882e+03
1.436584220e+06|3.356352221e+06|3.356352221e+06|3.356352221e+06|3.356352221e+06|2.149294872e+03|2.168199037e+03|2.219195246e+03|2.186166256e+03|4.806572688e+00|4.806572688e+00|4.806572688e+00|4.806572688e+00|2.912519714e+03|2.944300415e+03|2.978486572e+03|2.945675293e+03|3.075041882e+03
1.440361216e+06|3.356352221e+06|3.356352221e+06|3.356352221e+06|3.356352221e+06|2.149294872e+03|2.149294872e+03|2.211731917e+03|2.178219141e+03|4.806572688e+00|4.806572688e+00|4.806572688e+00|4.806572688e+00|2.899759094e+03|2.923692627e+03|2.971226807e+03|2.932826172e+03|3.075041882e+03
1.444683479e+06|3.356352221e+06|3.356352221e+06|3.356352221e+06|3.356352221e+06|2.149294872e+03|2.149294872e+03|2.157945014e+03|2.161903294e+03|4.806572688e+00|4.806572688e+00|4.806572688e+00|4.806572688e+00|2.879551575e+03|2.909149414e+03|2.938358215e+03|2.910065674e+03|3.075041882e+03
1.450499302e+06|3.356352221e+06|3.356352221e+06|3.356352221e+06|3.356352221e+06|2.149294872e+03|2.149294872e+03|2.149294872e+03|2.158867249e+03|4.806572688e+00|4.806572688e+00|4.806572688e+00|4.806572688e+00|2.872302917e+03|2.899428833e+03|2.923449890e+03|2.901656006e+03|3.075041882e+03
1.459580110e+06|3.356352221e+06|3.356352221e+06|3.356352221e+06|3.356352221e+06|2.149294872e+03|2.149294872e+03|2.149294872e+03|2.157544444e+03|4.806572688e+00|4.806572688e+00|4.806572688e+00|4.806572688e+00|2.860231873e+03|2.878514282e+03|2.909269287e+03|2.886686279e+03|3.075041882e+03
1.476331104e+06|3.356352221e+06|3.356352221e+06|3.356352221e+06|3.356352221e+06|2.149294872e+03|2.149294872e+03|2.150553285e+03|2.158020626e+03|4.806572688e+00|4.806572688e+00|4.806572688e+00|4.806572688e+00|2.856508240e+03|2.897696289e+03|2.934064819e+03|2.893249268e+03|3.075041882e+03
1.485304286e+06|3.356352221e+06|3.356352221e+06|3.356352221e+06|3.356352221e+06|2.149294872e+03|2.149294872e+03|2.149294872e+03|2.157704773e+03|4.806572688e+00|4.806572688e+00|4.806572688e+00|4.806572688e+00|2.851294373e+03|2.876397217e+03|2.909986633e+03|2.882030029e+03|3.075041882e+03
1.488651220e+06|3.356352221e+06|3.356352221e+06|3.356352221e+06|3.356352221e+06|2.149294872e+03|2.149294872e+03|2.149294872e+03|2.155019756e+03|4.806572688e+00|4.806572688e+00|4.806572688e+00|4.806572688e+00|2.844911011e+03|2.867048340e+03|2.905119385e+03|2.871210693e+03|3.075041882e+03
1.491107616e+06|3.356352221e+06|3.356352221e+06|3.356352221e+06|3.356352221e+06|2.149294872e+03|2.149294872e+03|2.149294872e+03|2.154946443e+03|4.806572688e+00|4.806572688e+00|4.806572688e+00|4.806572688e+00|2.817678284e+03|2.864424316e+03|2.890770813e+03|2.860079590e+03|3.075041882e+03
1.493157818e+06|3.356352221e+06|3.356352221e+06|3.356352221e+06|3.356352221e+06|2.149294872e+03|2.149294872e+03|2.149294872e+03|2.151739242e+03|4.806572688e+00|4.806572688e+00|4.806572688e+00|4.806572688e+00|2.835871094e+03|2.863231201e+03|2.886963379e+03|2.863239990e+03|3.075041882e+03
1.495010668e+06|3.356352221e+06|3.356352221e+06|3.356352221e+06|3.356352221e+06|2.149294872e+03|2.149294872e+03|2.149294872e+03|2.149556395e+03|4.806572688e+00|4.806572688e+00|4.806572688e+00|4.806572688e+00|2.817826843e+03|2.853361694e+03|2.881729614e+03|2.849323730e+03|3.075041882e+03
1.496526895e+06|3.356352221e+06|3.356352221e+06|3.356352221e+06|3.356352221e+06|2.149294872e+03|2.149294872e+03|2.149294872e+03|2.153038893e+03|4.806572688e+00|4.806572688e+00|4.806572688e+00|4.806572688e+00|2.818216431e+03|2.842895020e+03|2.872293884e+03|2.846533691e+03|3.075041882e+03
1.497819502e+06|3.356352221e+06|3.356352221e+06|3.356352221e+06|3.356352221e+06|2.149294872e+03|2.149294872e+03|2.149294872e+03|2.152742119e+03|4.806572688e+00|4.806572688e+00|4.806572688e+00|4.806572688e+00|2.801040833e+03|2.848312500e+03|2.881415588e+03|2.842845215e+03|3.075041882e+03
1.499726089e+06|3.356352221e+06|3.356352221e+06|3.356352221e+06|3.356352221e+06|2.149294872e+03|2.149294872e+03|2.149294872e+03|2.151819603e+03|4.806572688e+00|4.806572688e+00|4.806572688e+00|4.806572688e+00|2.826447266e+03|2.852801880e+03|2.878590698e+03|2.854152588e+03|3.075041882e+03
1.501964934e+06|3.356352221e+06|3.356352221e+06|3.356352221e+06|3.356352221e+06|2.149294872e+03|2.149294872e+03|2.149294872e+03|2.150147588e+03|4.806572688e+00|4.806572688e+00|4.806572688e+00|4.806572688e+00|2.796227722e+03|2.828731201e+03|2.865176453e+03|2.829813232e+03|3.075041882e+03
1.504946570e+06|3.356352221e+06|3.356352221e+06|3.356352221e+06|3.356352221e+06|2.149294872e+03|2.149294872e+03|2.149294872e+03|2.150489910e+03|4.806572688e+00|4.806572688e+00|4.806572688e+00|4.806572688e+00|2.799020813e+03|2.834452148e+03|2.868641541e+03|2.832229980e+03|3.075041882e+03
1.510331941e+06|3.356352221e+06|3.356352221e+06|3.356352221e+06|3.356352221e+06|2.149294872e+03|2.149294872e+03|2.149294872e+03|2.150264780e+03|4.806572688e+00|4.806572688e+00|4.806572688e+00|4.806572688e+00|2.783855347e+03|2.816308594e+03|2.866591064e+03|2.818065674e+03|3.075041882e+03
1.545479677e+06|3.356352221e+06|3.356352221e+06|3.356352221e+06|3.356352221e+06|2.149294872e+03|2.149294872e+03|2.149294872e+03|2.151683870e+03|4.806572688e+00|4.806572688e+00|4.806572688e+00|4.806572688e+00|2.782317322e+03|2.820560547e+03|2.869875793e+03|2.827249023e+03|3.075041882e+03
1.553773313e+06|3.356352221e+06|3.356352221e+06|3.356352221e+06|3.356352221e+06|2.149294872e+03|2.149294872e+03|2.149294872e+03|2.150033862e+03|4.806572688e+00|4.806572688e+00|4.806572688e+00|4.806572688e+00|2.757021179e+03|2.802942139e+03|2.853210449e+03|2.807365234e+03|3.075041882e+03
1.556270359e+06|3.356352221e+06|3.356352221e+06|3.356352221e+06|3.356352221e+06|2.149294872e+03|2.149294872e+03|2.149294872e+03|2.149294872e+03|4.806572688e+00|4.806572688e+00|4.806572688e+00|4.806572688e+00|2.748876526e+03|2.775571533e+03|2.812614197e+03|2.779067871e+03|3.075041882e+03
1.557905057e+06|3.356352221e+06|3.356352221e+06|3.356352221e+06|3.356352221e+06|2.149294872e+03|2.149294872e+03|2.149294872e+03|2.150624006e+03|4.806572688e+00|4.806572688e+00|4.806572688e+00|4.806572688e+00|2.722119568e+03|2.767932617e+03|2.823929077e+03|2.777453125e+03|3.075041882e+03
1.559164833e+06|3.356352221e+06|3.356352221e+06|3.356352221e+06|3.356352221e+06|2.149294872e+03|2.149294872e+03|2.149294872e+03|2.149652041e+03|4.806572688e+00|4.806572688e+00|4.806572688e+00|4.806572688e+00|2.717101440e+03|2.767082031e+03|2.799801270e+03|2.761230713e+03|3.075041882e+03
1.560333798e+06|3.356352221e+06|3.356352221e+06|3.356352221e+06|3.356352221e+06|2.149294872e+03|2.149294872e+03|2.149294872e+03|2.149294872e+03|4.806572688e+00|4.806572688e+00|4.806572688e+00|4.806572688e+00|2.706238159e+03|2.740912598e+03|2.800094177e+03|2.748267090e+03|3.075041882e+03
1.561344331e+06|3.356352221e+06|3.356352221e+06|3.356352221e+06|3.356352221e+06|2.149294872e+03|2.149294872e+03|2.149294872e+03|2.149294872e+03|4.806572688e+00|4.806572688e+00|4.806572688e+00|4.806572688e+00|2.703768066e+03|2.747018555e+03|2.810754456e+03|2.753241455e+03|3.075041882e+03
1.562558296e+06|3.356352221e+06|3.356352221e+06|3.356352221e+06|3.356352221e+06|2.149294872e+03|2.149294872e+03|2.149294872e+03|2.149294872e+03|4.806572688e+00|4.806572688e+00|4.806572688e+00|4.806572688e+00|2.681675720e+03|2.741425171e+03|2.786145935e+03|2.729654297e+03|3.075041882e+03
1.563664154e+06|3.356352221e+06|3.356352221e+06|3.356352221e+06|3.356352221e+06|2.149294872e+03|2.149294872e+03|2.149294872e+03|2.149499700e+03|4.806572688e+00|4.806572688e+00|4.806572688e+00|4.806572688e+00|2.685957581e+03|2.755406738e+03|2.799114990e+03|2.743433105e+03|3.075041882e+03
1.564815840e+06|3.356352221e+06|3.356352221e+06|3.356352221e+06|3.356352221e+06|2.149294872e+03|2.149294872e+03|2.149294872e+03|2.149294872e+03|4.806572688e+00|4.806572688e+00|4.806572688e+00|4.806572688e+00|2.685071594e+03|2.734555542e+03|2.790635864e+03|2.729705078e+03|3.075041882e+03
1.565951508e+06|3.356352221e+06|3.356352221e+06|3.356352221e+06|3.356352222e+06|2.149294872e+03|2.149294872e+03|2.149294872e+03|2.149294872e+03|4.806572688e+00|4.806572688e+00|4.806572688e+00|4.806572688e+00|2.650059082e+03|2.719336426e+03|2.761284485e+03|2.703605225e+03|3.075041882e+03
1.567352611e+06|3.356352221e+06|3.356352221e+06|3.356352221e+06|3.356352222e+06|2.149294872e+03|2.149294872e+03|2.149294872e+03|2.149294872e+03|4.806572688e+00|4.806572688e+00|4.806572688e+00|4.806572688e+00|2.653195251e+03|2.716496826e+03|2.763306580e+03|2.696925537e+03|3.075041882e+03
1.568451754e+06|3.356352221e+06|3.356352221e+06|3.356352221e+06|3.356352222e+06|2.149294872e+03|2.149294872e+03|2.149294872e+03|2.149294872e+03|4.806572688e+00|4.806572688e+00|4.806572688e+00|4.806572688e+00|2.613068054e+03|2.677185669e+03|2.727070984e+03|2.661250000e+03|3.075041882e+03
