#RRR|P25fit|P50fit|P75fit|P25model|P50model|P75model
8.020089368e+04|7.848361552e+09|7.868890002e+09|7.899792409e+09|0.000000|0.000000|0.000000
1.219642497e+05|7.788550388e+09|7.801095229e+09|7.818435460e+09|0.000000|0.000000|0.000000
1.452118933e+05|7.747572718e+09|7.758332574e+09|7.772123246e+09|0.000000|0.000000|0.000000
1.623779082e+05|7.713631972e+09|7.723993827e+09|7.736570055e+09|0.000000|0.000000|0.000000
1.782353667e+05|7.679425760e+09|7.689974540e+09|7.702289587e+09|0.000000|0.000000|0.000000
1.920402816e+05|7.647372722e+09|7.658434049e+09|7.671073660e+09|0.000000|0.000000|0.000000
2.052696470e+05|7.614637179e+09|7.626433069e+09|7.639775594e+09|0.000000|0.000000|0.000000
2.179683786e+05|7.581330443e+09|7.594006390e+09|7.608312771e+09|0.000000|0.000000|0.000000
2.293104056e+05|7.550003206e+09|7.563574706e+09|7.578929530e+09|0.000000|0.000000|0.000000
2.407375441e+05|7.516918683e+09|7.531467248e+09|7.548013500e+09|0.000000|0.000000|0.000000
2.517203067e+05|7.483667852e+09|7.499201552e+09|7.516984034e+09|0.000000|0.000000|0.000000
2.616936995e+05|7.452229403e+09|7.468678290e+09|7.487633037e+09|0.000000|0.000000|0.000000
2.715221532e+05|7.420081932e+09|7.437436832e+09|7.457570317e+09|0.000000|0.000000|0.000000
2.816509153e+05|7.385733891e+09|7.404012903e+09|7.425364411e+09|0.000000|0.000000|0.000000
2.904145811e+05|7.355011942e+09|7.374072750e+09|7.396465510e+09|0.000000|0.000000|0.000000
2.994494798e+05|7.322360334e+09|7.342201417e+09|7.365642196e+09|0.000000|0.000000|0.000000
3.079129712e+05|7.290868780e+09|7.311410539e+09|7.335799192e+09|0.000000|0.000000|0.000000
3.166199060e+05|7.257554668e+09|7.278780833e+09|7.304100944e+09|0.000000|0.000000|0.000000
3.249059301e+05|7.224985056e+09|7.246823517e+09|7.272981125e+09|0.000000|0.000000|0.000000
3.329085897e+05|7.192725527e+09|7.215115506e+09|7.242030377e+09|0.000000|0.000000|0.000000
3.402814002e+05|7.162304585e+09|7.185165443e+09|7.212728558e+09|0.000000|0.000000|0.000000
3.482054956e+05|7.128858794e+09|7.152183679e+09|7.180386520e+09|0.000000|0.000000|0.000000
3.559970960e+05|7.095213356e+09|7.118950239e+09|7.147721028e+09|0.000000|0.000000|0.000000
3.629563045e+05|7.064525475e+09|7.088592138e+09|7.117816608e+09|0.000000|0.000000|0.000000
3.703456891e+05|7.031282405e+09|7.055659051e+09|7.085308000e+09|0.000000|0.000000|0.000000
3.774059463e+05|6.998886374e+09|7.023520201e+09|7.053518343e+09|0.000000|0.000000|0.000000
3.843557594e+05|6.966392285e+09|6.991242052e+09|7.021529304e+09|0.000000|0.000000|0.000000
3.914255830e+05|6.932721457e+09|6.957753327e+09|6.988278696e+09|0.000000|0.000000|0.000000
3.979810869e+05|6.900945549e+09|6.926112971e+09|6.956808717e+09|0.000000|0.000000|0.000000
4.041957599e+05|6.870329256e+09|6.895596290e+09|6.926409091e+09|0.000000|0.000000|0.000000
4.111124099e+05|6.835691569e+09|6.861037452e+09|6.891930370e+09|0.000000|0.000000|0.000000
4.173208895e+05|6.804095583e+09|6.829484659e+09|6.860405423e+09|0.000000|0.000000|0.000000
4.243052731e+05|6.767980895e+09|6.793388980e+09|6.824292694e+09|0.000000|0.000000|0.000000
4.299155884e+05|6.738534732e+09|6.763936732e+09|6.794790943e+09|0.000000|0.000000|0.000000
4.359431104e+05|6.706466219e+09|6.731841970e+09|6.762608952e+09|0.000000|0.000000|0.000000
4.415485811e+05|6.676241694e+09|6.701576133e+09|6.732231839e+09|0.000000|0.000000|0.000000
4.483221389e+05|6.639203668e+09|6.664468604e+09|6.694953386e+09|0.000000|0.000000|0.000000
4.547510943e+05|6.603529582e+09|6.628711169e+09|6.658999500e+09|0.000000|0.000000|0.000000
4.601203675e+05|6.573348224e+09|6.598449177e+09|6.628550079e+09|0.000000|0.000000|0.000000
4.654515395e+05|6.543033009e+09|6.568045716e+09|6.597941467e+09|0.000000|0.000000|0.000000
4.711338080e+05|6.510340469e+09|6.535252098e+09|6.564910538e+09|0.000000|0.000000|0.000000
4.765852839e+05|6.478607397e+09|6.503417264e+09|6.532832296e+09|0.000000|0.000000|0.000000
4.825763207e+05|6.443318702e+09|6.468013845e+09|6.497146558e+09|0.000000|0.000000|0.000000
4.889797708e+05|6.405122089e+09|6.429694477e+09|6.458512084e+09|0.000000|0.000000|0.000000
4.935160722e+05|6.377764698e+09|6.402252050e+09|6.430840476e+09|0.000000|0.000000|0.000000
4.985138330e+05|6.347338846e+09|6.371736263e+09|6.400068761e+09|0.000000|0.000000|0.000000
5.036930353e+05|6.315493577e+09|6.339803976e+09|6.367869908e+09|0.000000|0.000000|0.000000
5.086096469e+05|6.284967431e+09|6.309203086e+09|6.337017175e+09|0.000000|0.000000|0.000000
5.143117862e+05|6.249205039e+09|6.273366314e+09|6.300893098e+09|0.000000|0.000000|0.000000
5.200259433e+05|6.212981973e+09|6.237085111e+09|6.264332977e+09|0.000000|0.000000|0.000000
5.251754036e+05|6.180009614e+09|6.204077267e+09|6.231084980e+09|0.000000|0.000000|0.000000
5.297346261e+05|6.150557342e+09|6.174609124e+09|6.201415749e+09|0.000000|0.000000|0.000000
5.342585224e+05|6.121093565e+09|6.145145955e+09|6.171766136e+09|0.000000|0.000000|0.000000
5.389484121e+05|6.090297609e+09|6.114369842e+09|6.140813003e+09|0.000000|0.000000|0.000000
5.442366839e+05|6.055267133e+09|6.079387875e+09|6.105654610e+09|0.000000|0.000000|0.000000
5.500353189e+05|6.016485812e+09|6.040695232e+09|6.066801307e+09|0.000000|0.000000|0.000000
5.549266913e+05|5.983472793e+09|6.007788980e+09|6.033790076e+09|0.000000|0.000000|0.000000
5.596023341e+05|5.951660897e+09|5.976109109e+09|6.002039275e+09|0.000000|0.000000|0.000000
5.642373968e+05|5.919880394e+09|5.944490805e+09|5.970382061e+09|0.000000|0.000000|0.000000
5.682136983e+05|5.892423471e+09|5.917199707e+09|5.943084806e+09|0.000000|0.000000|0.000000
5.726808622e+05|5.861365225e+09|5.886359177e+09|5.912269904e+09|0.000000|0.000000|0.000000
5.774870728e+05|5.827700646e+09|5.852968453e+09|5.878948355e+09|0.000000|0.000000|0.000000
5.824343807e+05|5.792779572e+09|5.818375123e+09|5.844475011e+09|0.000000|0.000000|0.000000
5.880738513e+05|5.752642993e+09|5.778672929e+09|5.804975089e+09|0.000000|0.000000|0.000000
5.923615471e+05|5.721893414e+09|5.748299814e+09|5.774806094e+09|0.000000|0.000000|0.000000
5.961691311e+05|5.694418749e+09|5.721194873e+09|5.747921350e+09|0.000000|0.000000|0.000000
6.005614115e+05|5.662529517e+09|5.689775641e+09|5.716804325e+09|0.000000|0.000000|0.000000
6.045536127e+05|5.633364238e+09|5.661079944e+09|5.688430600e+09|0.000000|0.000000|0.000000
6.086086774e+05|5.603564504e+09|5.631800501e+09|5.659526836e+09|0.000000|0.000000|0.000000
6.133464952e+05|5.568525038e+09|5.597426880e+09|5.625657635e+09|0.000000|0.000000|0.000000
6.187421932e+05|5.528330252e+09|5.558070404e+09|5.586966614e+09|0.000000|0.000000|0.000000
6.234370614e+05|5.493106946e+09|5.523649484e+09|5.553208215e+09|0.000000|0.000000|0.000000
6.274328783e+05|5.462946840e+09|5.494228360e+09|5.524415488e+09|0.000000|0.000000|0.000000
6.312126302e+05|5.434265009e+09|5.466294978e+09|5.497133658e+09|0.000000|0.000000|0.000000
6.348767810e+05|5.406319659e+09|5.439122760e+09|5.470648284e+09|0.000000|0.000000|0.000000
6.386458632e+05|5.377430349e+09|5.411079334e+09|5.443370326e+09|0.000000|0.000000|0.000000
6.426378100e+05|5.346674937e+09|5.381277784e+09|5.414447267e+09|0.000000|0.000000|0.000000
6.472481900e+05|5.310954191e+09|5.346735672e+09|5.381010090e+09|0.000000|0.000000|0.000000
6.523530283e+05|5.271153444e+09|5.308340204e+09|5.343956131e+09|0.000000|0.000000|0.000000
6.570382212e+05|5.234396217e+09|5.272969344e+09|5.309930728e+09|0.000000|0.000000|0.000000
6.606639854e+05|5.205801862e+09|5.245513762e+09|5.283594541e+09|0.000000|0.000000|0.000000
6.646974426e+05|5.173840909e+09|5.214889512e+09|5.254298703e+09|0.000000|0.000000|0.000000
6.679647775e+05|5.147834621e+09|5.190021602e+09|5.230573170e+09|0.000000|0.000000|0.000000
6.711302129e+05|5.122541003e+09|5.165879628e+09|5.207596253e+09|0.000000|0.000000|0.000000
6.748300079e+05|5.092855631e+09|5.137602776e+09|5.180755972e+09|0.000000|0.000000|0.000000
6.792410023e+05|5.057293514e+09|5.103810503e+09|5.148785180e+09|0.000000|0.000000|0.000000
6.840356878e+05|5.018429628e+09|5.066985849e+09|5.114079424e+09|0.000000|0.000000|0.000000
6.892110143e+05|4.976239265e+09|5.027136451e+09|5.076685943e+09|0.000000|0.000000|0.000000
6.930949292e+05|4.944413968e+09|4.997166592e+09|5.048678511e+09|0.000000|0.000000|0.000000
6.967363152e+05|4.914450387e+09|4.969021755e+09|5.022469564e+09|0.000000|0.000000|0.000000
6.999359056e+05|4.888022664e+09|4.944256964e+09|4.999484569e+09|0.000000|0.000000|0.000000
7.028125589e+05|4.864183441e+09|4.921965797e+09|4.978858007e+09|0.000000|0.000000|0.000000
7.058724858e+05|4.838744022e+09|4.898229271e+09|4.956960625e+09|0.000000|0.000000|0.000000
7.093710263e+05|4.809556068e+09|4.871060834e+09|4.931983455e+09|0.000000|0.000000|0.000000
7.134718783e+05|4.775205726e+09|4.839178577e+09|4.902793003e+09|0.000000|0.000000|0.000000
7.181229927e+05|4.736068564e+09|4.802976057e+09|4.869809213e+09|0.000000|0.000000|0.000000
7.241657434e+05|4.684942959e+09|4.755885080e+09|4.827172245e+09|0.000000|0.000000|0.000000
7.279540518e+05|4.652732968e+09|4.726336380e+09|4.800577954e+09|0.000000|0.000000|0.000000
7.310874365e+05|4.626000251e+09|4.701883804e+09|4.778666190e+09|0.000000|0.000000|0.000000
7.339417729e+05|4.601577033e+09|4.679601138e+09|4.758776284e+09|0.000000|0.000000|0.000000
7.363184307e+05|4.581189679e+09|4.661043082e+09|4.742268498e+09|0.000000|0.000000|0.000000
7.390908728e+05|4.557348642e+09|4.639390790e+09|4.723075594e+09|0.000000|0.000000|0.000000
7.423986734e+05|4.528822036e+09|4.613554132e+09|4.700270321e+09|0.000000|0.000000|0.000000
7.460556363e+05|4.497231035e+09|4.584988970e+09|4.675112014e+09|1.000000|0.000000|1.000000
7.523308878e+05|4.442539126e+09|4.535978693e+09|4.632595424e+09|1.000000|0.000000|1.000000
7.584522927e+05|4.389188065e+09|4.488192993e+09|4.591121189e+09|1.000000|0.000000|1.000000
7.618074925e+05|4.359945846e+09|4.462016990e+09|4.568388770e+09|1.000000|0.000000|1.000000
7.643726420e+05|4.337589304e+09|4.442014474e+09|4.551009162e+09|1.000000|0.000000|1.000000
7.668291901e+05|4.316179276e+09|4.422868076e+09|4.534365360e+09|1.000000|0.000000|1.000000
7.687991517e+05|4.299010090e+09|4.407521465e+09|4.521018317e+09|1.000000|0.000000|1.000000
7.705544587e+05|4.283711724e+09|4.393853081e+09|4.509125619e+09|1.000000|0.000000|1.000000
7.727997692e+05|4.264142737e+09|4.376378023e+09|4.493913011e+09|1.000000|0.000000|1.000000
7.751784364e+05|4.243411480e+09|4.357876893e+09|4.477796874e+09|1.000000|0.000000|1.000000
7.790820488e+05|4.209389574e+09|4.327543914e+09|4.451348804e+09|1.000000|0.000000|1.000000
7.929707247e+05|4.088342919e+09|4.219980392e+09|4.357249130e+09|1.000000|0.000000|1.000000
7.977714846e+05|4.046501930e+09|4.182957016e+09|4.324722635e+09|1.000000|0.000000|1.000000
7.996736904e+05|4.029923270e+09|4.168313095e+09|4.311834657e+09|1.000000|0.000000|1.000000
8.009222079e+05|4.019041824e+09|4.158709926e+09|4.303375600e+09|1.000000|0.000000|1.000000
8.019969724e+05|4.009674722e+09|4.150448686e+09|4.296093769e+09|1.000000|0.000000|1.000000
8.030287402e+05|4.000682357e+09|4.142522813e+09|4.289103253e+09|1.000000|0.000000|1.000000
8.040521670e+05|3.991762688e+09|4.134665818e+09|4.282169250e+09|1.000000|0.000000|1.000000
8.050709854e+05|3.982883183e+09|4.126849044e+09|4.275266469e+09|1.000000|0.000000|1.000000
8.063235357e+05|3.971966590e+09|4.117245737e+09|4.266780089e+09|1.000000|0.000000|1.000000
8.081591693e+05|3.955968139e+09|4.103185701e+09|4.254343157e+09|1.000000|0.000000|1.000000
8.303520456e+05|3.762546285e+09|3.934685619e+09|4.103980195e+09|1.000000|0.000000|1.000000
8.376551337e+05|3.698896273e+09|3.879934279e+09|4.054499724e+09|1.000000|0.000000|1.000000
8.387223867e+05|3.689594637e+09|3.871966003e+09|4.047268786e+09|1.000000|0.000000|1.000000
8.394115515e+05|3.683588226e+09|3.866825218e+09|4.042599501e+09|1.000000|0.000000|1.000000
8.400132248e+05|3.678344346e+09|3.862340066e+09|4.038522995e+09|1.000000|0.000000|1.000000
8.406018018e+05|3.673214608e+09|3.857955262e+09|4.034535221e+09|1.000000|0.000000|1.000000
8.412502717e+05|3.667562874e+09|3.853127405e+09|4.030141656e+09|1.000000|0.000000|1.000000
8.418103901e+05|3.662681166e+09|3.848959992e+09|4.026346697e+09|1.000000|0.000000|1.000000
8.424275437e+05|3.657302367e+09|3.844371105e+09|4.022165308e+09|1.000000|0.000000|1.000000
8.429594074e+05|3.652666913e+09|3.840418838e+09|4.018561782e+09|1.000000|0.000000|1.000000
8.434764370e+05|3.648160746e+09|3.836578982e+09|4.015058761e+09|1.000000|0.000000|1.000000
8.439571701e+05|3.643970919e+09|3.833010629e+09|4.011801660e+09|1.000000|0.000000|1.000000
8.446060312e+05|3.638315776e+09|3.828197290e+09|4.007405444e+09|1.000000|0.000000|1.000000
8.453254111e+05|3.632046025e+09|3.822864861e+09|4.002531443e+09|1.000000|0.000000|1.000000
8.461847081e+05|3.624556828e+09|3.816500893e+09|3.996709465e+09|1.000000|0.000000|1.000000
8.715397350e+05|3.403575273e+09|3.631741115e+09|3.824922045e+09|1.000000|0.000000|1.000000
8.958149035e+05|3.192005216e+09|3.461286990e+09|3.660450970e+09|1.000000|0.000000|1.000000
8.971479153e+05|3.180387362e+09|3.452137560e+09|3.651419441e+09|1.000000|0.000000|1.000000
8.982917899e+05|3.170417931e+09|3.444305063e+09|3.643669369e+09|1.000000|0.000000|1.000000
8.993477369e+05|3.161214832e+09|3.437090143e+09|3.636515032e+09|1.000000|0.000000|1.000000
9.004088957e+05|3.151966310e+09|3.429854737e+09|3.629325384e+09|1.000000|0.000000|1.000000
9.014805721e+05|3.142626122e+09|3.422563127e+09|3.622064475e+09|1.000000|0.000000|1.000000
9.027158172e+05|3.131860352e+09|3.414178106e+09|3.613695343e+09|1.000000|0.000000|1.000000
9.161132038e+05|3.015095525e+09|3.324628950e+09|3.522924291e+09|1.000000|0.000000|1.000000
9.456424479e+05|3.160186340e+09|3.137247973e+09|3.322855379e+09|3.000000|0.000000|1.000000
9.477659504e+05|3.138642709e+09|3.124357166e+09|3.308468054e+09|3.000000|0.000000|1.000000
9.493158079e+05|3.123157325e+09|3.115001618e+09|3.297967335e+09|3.000000|0.000000|1.000000
9.508206109e+05|3.108311294e+09|3.105961209e+09|3.287771872e+09|3.000000|0.000000|1.000000
9.520027393e+05|3.096777570e+09|3.098889415e+09|3.279762620e+09|3.000000|0.000000|1.000000
9.531652707e+05|3.085544208e+09|3.091960866e+09|3.271886144e+09|3.000000|0.000000|1.000000
9.547126447e+05|3.070757886e+09|3.082779020e+09|3.261402252e+09|3.000000|0.000000|1.000000
9.574376947e+05|3.045169592e+09|3.066722182e+09|3.279542993e+09|3.000000|0.000000|2.000000
9.830720752e+05|2.829879850e+09|2.905694110e+09|3.005914320e+09|3.000000|2.000000|2.000000
9.891363480e+05|2.784871498e+09|2.852862397e+09|2.941182546e+09|3.000000|2.000000|2.000000
9.917874284e+05|2.765817276e+09|2.833608212e+09|2.918654824e+09|3.000000|3.000000|3.000000
9.941990667e+05|2.748798129e+09|2.815186248e+09|2.896796917e+09|3.000000|3.000000|3.000000
9.964442346e+05|2.733214829e+09|2.798361562e+09|2.876934609e+09|3.000000|3.000000|3.000000
9.991467593e+05|2.714780913e+09|2.778512737e+09|2.853628242e+09|3.000000|3.000000|3.000000
1.002769234e+06|2.690607238e+09|2.752572170e+09|2.823379850e+09|3.000000|3.000000|3.000000
1.017079721e+06|2.600596398e+09|2.656872177e+09|2.713959391e+09|3.000000|3.000000|3.000000
1.028452946e+06|2.534532320e+09|2.587515417e+09|2.636907659e+09|3.000000|3.000000|3.000000
1.031459399e+06|2.517773283e+09|2.570035840e+09|2.617795859e+09|3.000000|3.000000|3.000000
1.034198135e+06|2.502741642e+09|2.554396005e+09|2.600800731e+09|3.000000|3.000000|3.000000
1.036410970e+06|2.490753437e+09|2.541948000e+09|2.587344783e+09|3.000000|3.000000|3.000000
1.038624177e+06|2.478898352e+09|2.529659774e+09|2.574122766e+09|3.000000|3.000000|3.000000
1.041471244e+06|2.463839050e+09|2.514080405e+09|2.557446313e+09|3.000000|3.000000|3.000000
1.046840099e+06|2.435993241e+09|2.485358249e+09|2.526952277e+09|3.000000|3.000000|3.000000
1.062015494e+06|2.360698386e+09|2.408188385e+09|2.446549049e+09|3.000000|3.000000|3.000000
1.069371567e+06|2.325724973e+09|2.372548654e+09|2.410097640e+09|3.000000|3.000000|3.000000
1.072612644e+06|2.310580268e+09|2.357147397e+09|2.394462629e+09|3.000000|3.000000|3.000000
1.075506440e+06|2.297182111e+09|2.343536116e+09|2.380698599e+09|3.000000|3.000000|3.000000
1.078138265e+06|2.285091660e+09|2.331263297e+09|2.368328631e+09|3.000000|3.000000|3.000000
1.080698847e+06|2.273409759e+09|2.319413165e+09|2.356418869e+09|3.000000|3.000000|3.000000
1.083996804e+06|2.258473889e+09|2.304272132e+09|2.341246908e+09|3.000000|3.000000|3.000000
1.088806534e+06|2.236894090e+09|2.282411930e+09|2.319422505e+09|3.000000|3.000000|3.000000
1.099933950e+06|2.187739387e+09|2.232661354e+09|2.270034516e+09|3.000000|3.000000|3.000000
1.109556809e+06|2.145891398e+09|2.190315558e+09|2.228199854e+09|3.000000|3.000000|3.000000
1.113283847e+06|2.129802635e+09|2.174029921e+09|2.212136763e+09|3.000000|3.000000|3.000000
1.116270020e+06|2.116949040e+09|2.161015066e+09|2.199304306e+09|3.000000|3.000000|3.000000
1.119188744e+06|2.104412348e+09|2.148316906e+09|2.186785270e+09|3.000000|3.000000|3.000000
1.122536994e+06|2.090057213e+09|2.133770987e+09|2.172442959e+09|3.000000|3.000000|3.000000
1.125885152e+06|2.075724551e+09|2.119240756e+09|2.158111321e+09|3.000000|3.000000|3.000000
1.130019935e+06|2.058045814e+09|2.101307501e+09|2.140412104e+09|3.000000|3.000000|3.000000
1.136617705e+06|2.029859501e+09|2.072688132e+09|2.112129090e+09|3.000000|3.000000|3.000000
1.147032812e+06|1.985336590e+09|2.027406714e+09|2.067249736e+09|3.000000|3.000000|3.000000
1.152906120e+06|1.960168863e+09|2.001768325e+09|2.041751629e+09|3.000000|3.000000|3.000000
1.156113764e+06|1.946395173e+09|1.987724320e+09|2.027754549e+09|3.000000|3.000000|3.000000
1.159040817e+06|1.933805260e+09|1.974879621e+09|2.014933402e+09|3.000000|3.000000|3.000000
1.162240522e+06|1.920016891e+09|1.960803997e+09|2.000861838e+09|3.000000|3.000000|3.000000
1.165386825e+06|1.906429925e+09|1.946925858e+09|1.986965086e+09|3.000000|3.000000|3.000000
1.169545610e+06|1.888422962e+09|1.928521193e+09|1.968500773e+09|3.000000|3.000000|3.000000
1.174167204e+06|1.868342897e+09|1.907982849e+09|1.947848750e+09|3.000000|3.000000|3.000000
1.181395714e+06|1.836776649e+09|1.875668253e+09|1.915256051e+09|3.000000|3.000000|3.000000
1.190205284e+06|1.798019521e+09|1.835954615e+09|1.875041061e+09|3.000000|3.000000|3.000000
1.194826889e+06|1.777553234e+09|1.814970910e+09|1.853725798e+09|3.000000|3.000000|3.000000
1.198354820e+06|1.761865945e+09|1.798883092e+09|1.837354709e+09|3.000000|3.000000|3.000000
1.201330218e+06|1.748591616e+09|1.785268030e+09|1.823481296e+09|3.000000|3.000000|3.000000
1.204682082e+06|1.733589078e+09|1.769879254e+09|1.807781117e+09|3.000000|3.000000|3.000000
1.208502488e+06|1.716426094e+09|1.752274085e+09|1.789796100e+09|3.000000|3.000000|3.000000
1.212393997e+06|1.698874074e+09|1.734270914e+09|1.771380539e+09|3.000000|3.000000|3.000000
1.217828146e+06|1.674246747e+09|1.709015279e+09|1.745509998e+09|3.000000|3.000000|3.000000
1.224290747e+06|1.644781626e+09|1.678811016e+09|1.714523121e+09|3.000000|3.000000|3.000000
1.231397782e+06|1.612160492e+09|1.645395768e+09|1.680195775e+09|3.000000|3.000000|3.000000
1.236420680e+06|1.588971623e+09|1.621662930e+09|1.655794387e+09|3.000000|3.000000|3.000000
1.239676357e+06|1.573883886e+09|1.606232266e+09|1.639923107e+09|3.000000|3.000000|3.000000
1.242921886e+06|1.558799381e+09|1.590814648e+09|1.624062549e+09|3.000000|3.000000|3.000000
1.246139187e+06|1.543804020e+09|1.575498673e+09|1.608305545e+09|3.000000|3.000000|3.000000
1.249780610e+06|1.526782875e+09|1.558127409e+09|1.590434939e+09|3.000000|3.000000|3.000000
1.253688744e+06|1.508459153e+09|1.539444526e+09|1.571218693e+09|3.000000|3.000000|3.000000
1.258304906e+06|1.486744496e+09|1.517330061e+09|1.548481836e+09|3.000000|3.000000|3.000000
1.263799590e+06|1.460802293e+09|1.490950074e+09|1.521378615e+09|3.000000|3.000000|3.000000
1.270218527e+06|1.430375561e+09|1.460070109e+09|1.489689184e+09|3.000000|3.000000|3.000000
1.276078932e+06|1.402493219e+09|1.431834282e+09|1.460758907e+09|3.000000|3.000000|3.000000
1.280152400e+06|1.383060407e+09|1.412192411e+09|1.440665147e+09|3.000000|3.000000|3.000000
1.283446217e+06|1.367318507e+09|1.396304687e+09|1.424433235e+09|3.000000|3.000000|3.000000
1.287155997e+06|1.349560763e+09|1.378408623e+09|1.406174624e+09|3.000000|3.000000|3.000000
1.290514254e+06|1.333462494e+09|1.362209670e+09|1.389672414e+09|3.000000|3.000000|3.000000
1.293814726e+06|1.317621908e+09|1.346293584e+09|1.373483182e+09|3.000000|3.000000|3.000000
1.298147790e+06|1.296799763e+09|1.325408702e+09|1.352279949e+09|3.000000|3.000000|3.000000
1.302991120e+06|1.273496387e+09|1.302085593e+09|1.328659158e+09|3.000000|3.000000|3.000000
1.308612227e+06|1.246420411e+09|1.275055460e+09|1.301366554e+09|3.000000|3.000000|3.000000
1.314265662e+06|1.219165500e+09|1.247923133e+09|1.274066800e+09|3.000000|3.000000|3.000000
1.319290067e+06|1.194931708e+09|1.223863924e+09|1.249945161e+09|3.000000|3.000000|3.000000
1.322769315e+06|1.178148084e+09|1.207237798e+09|1.233325617e+09|3.000000|3.000000|3.000000
1.325967253e+06|1.162721932e+09|1.191982961e+09|1.218113937e+09|3.000000|3.000000|3.000000
1.329316009e+06|1.146570652e+09|1.176038360e+09|1.202253526e+09|3.000000|3.000000|3.000000
1.332856560e+06|1.129499084e+09|1.159215602e+09|1.185564042e+09|3.000000|3.000000|3.000000
1.336892998e+06|1.110045191e+09|1.140083124e+09|1.166640006e+09|3.000000|3.000000|3.000000
1.341174382e+06|1.089424246e+09|1.119846582e+09|1.146691335e+09|3.000000|3.000000|3.000000
1.346200705e+06|1.065237782e+09|1.096167481e+09|1.123438909e+09|3.000000|3.000000|3.000000
1.351097842e+06|1.041701123e+09|1.073181816e+09|1.100961606e+09|3.000000|3.000000|3.000000
1.356635995e+06|1.015122902e+09|1.047291453e+09|1.075756090e+09|3.000000|3.000000|3.000000
1.361064806e+06|9.939024072e+08|1.026668058e+09|1.055763462e+09|3.000000|3.000000|3.000000
1.364470318e+06|9.776073568e+08|1.010859004e+09|1.040488821e+09|3.000000|3.000000|3.000000
1.367971500e+06|9.608760428e+08|9.946503010e+08|1.024873394e+09|3.000000|3.000000|3.000000
1.371045936e+06|9.462028512e+08|9.804540813e+08|1.011233948e+09|3.000000|3.000000|3.000000
1.374487446e+06|9.297993826e+08|9.646031764e+08|9.960448805e+08|3.000000|3.000000|3.000000
1.378373000e+06|9.113077655e+08|9.467570789e+08|9.789932394e+08|3.000000|3.000000|3.000000
1.382928783e+06|8.896657421e+08|9.258977827e+08|9.591260502e+08|3.000000|3.000000|3.000000
1.387531329e+06|8.678453759e+08|9.048920228e+08|9.391845639e+08|3.000000|3.000000|3.000000
1.392526704e+06|8.442127746e+08|8.821645535e+08|9.176763320e+08|3.000000|3.000000|3.000000
1.397725753e+06|8.196716024e+08|8.585808241e+08|8.954239431e+08|3.000000|3.000000|3.000000
1.401944389e+06|7.997985757e+08|8.394899985e+08|8.774531217e+08|3.000000|3.000000|3.000000
1.405623779e+06|7.824942363e+08|8.228672596e+08|8.618310433e+08|3.000000|3.000000|3.000000
1.408878355e+06|7.672089633e+08|8.081812217e+08|8.480448290e+08|3.000000|3.000000|3.000000
1.412583612e+06|7.498299080e+08|7.914764915e+08|8.323768337e+08|3.000000|3.000000|3.000000
1.416059755e+06|7.335461631e+08|7.758140242e+08|8.176943262e+08|3.000000|3.000000|3.000000
1.419626623e+06|7.168564494e+08|7.597463216e+08|8.026344521e+08|3.000000|3.000000|3.000000
1.423550996e+06|6.985137478e+08|7.420647389e+08|7.860578914e+08|3.000000|3.000000|3.000000
1.427567770e+06|6.797574456e+08|7.239537631e+08|7.690658936e+08|3.000000|3.000000|3.000000
1.432084759e+06|6.586827305e+08|7.035583399e+08|7.499031261e+08|3.000000|3.000000|3.000000
1.436338824e+06|6.388461494e+08|6.843076651e+08|7.317767059e+08|3.000000|3.000000|3.000000
1.440312435e+06|6.203220787e+08|6.662754585e+08|7.147515143e+08|3.000000|3.000000|3.000000
1.444182153e+06|6.022816261e+08|6.486549186e+08|6.980613004e+08|3.000000|3.000000|3.000000
1.447373484e+06|5.873994653e+08|6.340697609e+08|6.841985938e+08|3.000000|3.000000|3.000000
1.450387697e+06|5.733365607e+08|6.202421713e+08|6.710102996e+08|3.000000|3.000000|3.000000
1.453605540e+06|5.583131003e+08|6.054169915e+08|6.568152602e+08|3.000000|3.000000|3.000000
1.457782052e+06|5.387915157e+08|5.860633507e+08|6.381878893e+08|3.000000|3.000000|3.000000
1.464077965e+06|5.092974627e+08|5.566083592e+08|6.095995573e+08|3.000000|3.000000|3.000000
1.473132061e+06|4.666813293e+08|5.135228785e+08|5.671742912e+08|3.000000|3.000000|3.000000
1.478299336e+06|4.422155317e+08|4.884674040e+08|5.421227965e+08|3.000000|3.000000|3.000000
1.481583477e+06|4.265979670e+08|4.723384841e+08|5.258338993e+08|3.000000|3.000000|3.000000
1.484207485e+06|4.140765483e+08|4.593266352e+08|5.125953572e+08|3.000000|3.000000|3.000000
1.486220015e+06|4.044447845e+08|4.492669809e+08|5.022987134e+08|3.000000|3.000000|3.000000
1.487942488e+06|3.961804096e+08|4.405993075e+08|4.933826347e+08|3.000000|3.000000|3.000000
1.489269824e+06|3.897981214e+08|4.338821929e+08|4.864443753e+08|3.000000|3.000000|3.000000
1.490446187e+06|3.841313274e+08|4.279007217e+08|4.802446400e+08|3.000000|3.000000|3.000000
1.491700800e+06|3.780763783e+08|4.214911813e+08|4.735786481e+08|3.000000|3.000000|3.000000
1.493048116e+06|3.715606864e+08|4.145723996e+08|4.663565534e+08|3.000000|3.000000|3.000000
1.495029923e+06|3.619503649e+08|4.043260866e+08|4.556099180e+08|3.000000|3.000000|3.000000
1.506660493e+06|3.048323944e+08|3.423519973e+08|3.892660990e+08|3.000000|3.000000|3.000000
1.534654726e+06|1.603311411e+08|1.763646590e+08|1.998307383e+08|3.000000|3.000000|3.000000
1.535979474e+06|1.531697932e+08|1.677711325e+08|1.895652874e+08|3.000000|3.000000|3.000000
1.537438059e+06|1.452443662e+08|1.582192492e+08|1.781043746e+08|3.000000|3.000000|3.000000
1.539141493e+06|1.359332515e+08|1.469415914e+08|1.645048010e+08|3.000000|3.000000|3.000000
1.540502933e+06|1.284475672e+08|1.378312349e+08|1.534655593e+08|3.000000|3.000000|3.000000
1.541609020e+06|1.223364688e+08|1.303649464e+08|1.443833929e+08|3.000000|3.000000|3.000000
1.542366845e+06|1.181339981e+08|1.252154954e+08|1.381012169e+08|3.000000|3.000000|3.000000
1.543009009e+06|1.145629039e+08|1.208300629e+08|1.327394414e+08|3.000000|3.000000|3.000000
1.543528279e+06|1.116684405e+08|1.172690675e+08|1.283777869e+08|3.000000|3.000000|3.000000
1.544099730e+06|1.084760327e+08|1.133347825e+08|1.235507563e+08|3.000000|3.000000|3.000000
1.544763330e+06|1.047594259e+08|1.087455858e+08|1.179094395e+08|3.000000|3.000000|3.000000
1.545310722e+06|1.016859863e+08|1.049433362e+08|1.132267480e+08|3.000000|3.000000|3.000000
1.545914530e+06|9.828764808e+07|1.007315369e+08|1.080304769e+08|3.000000|3.000000|3.000000
1.546318975e+06|9.600654368e+07|9.789992627e+07|1.045315930e+08|3.000000|3.000000|3.000000
