#PHASE|Nmant|Nmant/Nmanttot|Mmant|Mmant/Mmanttot|RRRminmant|RRRminmantEq|RRRmaxmant|RRRmaxmantEq|Ncore|Ncore/Ncoretot|Mcore|Mcore/Mcoretot|RRRmincore|RRRmaxcore|
0.000000000e+00|0.000000000e+00|0.000000000e+00|0.000000000e+00|0.000000000e+00|inf|inf|-inf|inf|0.000000000e+00|0.000000000e+00|0.000000000e+00|0.000000000e+00|inf|-inf
1.000000000e+00|9.800000000e+01|6.886858749e-04|4.213745005e+19|6.851774007e-04|9.310002708e+05|1.691531712e+06|4.463142337e+07|inf|9.800000000e+01|0.000000000e+00|0.000000000e+00|0.000000000e+00|inf|-inf
2.000000000e+00|5.380000000e+02|3.780744905e-03|2.295094198e+20|3.731945515e-03|1.528518729e+06|1.970834813e+06|9.085584849e+07|inf|5.380000000e+02|0.000000000e+00|0.000000000e+00|0.000000000e+00|inf|-inf
3.000000000e+00|1.233690000e+05|8.669641602e-01|5.334963283e+22|8.674934699e-01|8.973943247e+05|9.726257015e+05|4.463682868e+07|inf|1.233690000e+05|0.000000000e+00|0.000000000e+00|0.000000000e+00|inf|-inf
4.000000000e+00|1.757000000e+04|1.234715390e-01|7.566211757e+21|1.230306366e-01|1.028688853e+06|1.140009833e+06|1.917747040e+06|inf|1.757000000e+04|9.976213818e-01|2.682262193e+22|9.976891454e-01|2.770422120e+04|1.208585207e+06
5.000000000e+00|7.250000000e+02|5.094869993e-03|3.111073025e+20|5.058770586e-03|1.594158098e+06|1.865629318e+06|9.086534028e+07|inf|7.250000000e+02|2.378618151e-03|6.212674540e+19|2.310854610e-03|1.027179838e+06|2.792264073e+07
6.000000000e+00|0.000000000e+00|0.000000000e+00|0.000000000e+00|0.000000000e+00|inf|inf|-inf|inf|0.000000000e+00|0.000000000e+00|0.000000000e+00|0.000000000e+00|inf|-inf
7.000000000e+00|0.000000000e+00|0.000000000e+00|0.000000000e+00|0.000000000e+00|inf|inf|-inf|inf|0.000000000e+00|0.000000000e+00|0.000000000e+00|0.000000000e+00|inf|-inf
8.000000000e+00|0.000000000e+00|0.000000000e+00|0.000000000e+00|0.000000000e+00|inf|inf|-inf|inf|0.000000000e+00|0.000000000e+00|0.000000000e+00|0.000000000e+00|inf|-inf
