#RRR|P25fit|P50fit|P75fit|P25model|P50model|P75model
8.731417002e+04|7.623742668e+09|7.697090305e+09|7.767879931e+09|0.000000|0.000000|0.000000
1.327729177e+05|7.584760831e+09|1.320149331e+10|7.742779148e+09|0.000000|2.000000|0.000000
1.589390202e+05|7.544469800e+09|1.289085977e+10|7.708472029e+09|0.000000|2.000000|0.000000
1.782883656e+05|7.507169093e+09|1.266115206e+10|7.674713790e+09|0.000000|2.000000|0.000000
1.982760070e+05|7.462442169e+09|1.242386674e+10|7.632899980e+09|0.000000|2.000000|0.000000
2.139220555e+05|7.423311054e+09|1.223812309e+10|7.595546193e+09|0.000000|2.000000|0.000000
2.299324882e+05|7.379737289e+09|1.204805362e+10|7.553357145e+09|0.000000|2.000000|0.000000
2.447699839e+05|7.336325031e+09|1.187190879e+10|7.510855895e+09|0.000000|2.000000|0.000000
2.573977029e+05|7.297184176e+09|1.172199754e+10|7.472222698e+09|0.000000|2.000000|0.000000
2.720527832e+05|7.249333681e+09|1.154801827e+10|7.424669389e+09|0.000000|2.000000|0.000000
2.834738812e+05|7.210300062e+09|1.141243154e+10|7.385661586e+09|0.000000|2.000000|0.000000
2.941245376e+05|7.172567728e+09|1.128599120e+10|7.347799872e+09|0.000000|2.000000|0.000000
3.075787859e+05|7.123117458e+09|1.112626773e+10|7.297986751e+09|0.000000|2.000000|0.000000
3.176438792e+05|7.084852839e+09|1.100677895e+10|7.259313949e+09|0.000000|2.000000|0.000000
3.270479437e+05|7.048139508e+09|1.089513765e+10|7.222120203e+09|0.000000|2.000000|0.000000
3.386048811e+05|7.001771764e+09|1.075793829e+10|7.175039570e+09|0.000000|2.000000|0.000000
3.489626688e+05|6.959062648e+09|1.063497476e+10|7.131584995e+09|0.000000|2.000000|0.000000
3.572639653e+05|6.924056893e+09|1.053642508e+10|7.095914608e+09|0.000000|2.000000|0.000000
3.666873819e+05|6.883490233e+09|1.042455404e+10|7.054526668e+09|0.000000|2.000000|0.000000
3.770960100e+05|6.837665394e+09|1.030098695e+10|7.007719207e+09|0.000000|2.000000|0.000000
3.859133195e+05|6.798015723e+09|1.019631137e+10|6.967181183e+09|0.000000|2.000000|0.000000
3.936506539e+05|6.762596554e+09|1.010445682e+10|6.930944537e+09|0.000000|2.000000|0.000000
4.016956003e+05|6.725149192e+09|1.000895042e+10|6.892613592e+09|0.000000|2.000000|0.000000
4.111880739e+05|6.680149961e+09|9.896259561e+09|6.846533182e+09|0.000000|2.000000|0.000000
4.203252967e+05|6.635999717e+09|9.787786093e+09|6.801308707e+09|0.000000|2.000000|0.000000
4.269879876e+05|6.603287157e+09|9.708689284e+09|6.767795659e+09|0.000000|2.000000|0.000000
4.345010338e+05|6.565871092e+09|9.619497394e+09|6.729462908e+09|0.000000|2.000000|0.000000
4.426584804e+05|6.524606796e+09|9.522655440e+09|6.687190358e+09|0.000000|2.000000|0.000000
4.516033844e+05|6.478586834e+09|9.416465105e+09|6.640054528e+09|0.000000|2.000000|0.000000
4.589568845e+05|6.440142367e+09|9.329167283e+09|6.600688762e+09|0.000000|2.000000|0.000000
4.652244938e+05|6.406933855e+09|9.254760724e+09|6.566694906e+09|0.000000|2.000000|0.000000
4.720116689e+05|6.370509159e+09|9.174186087e+09|6.529422255e+09|0.000000|2.000000|0.000000
4.797060920e+05|6.328625224e+09|9.082840964e+09|6.486583492e+09|0.000000|2.000000|0.000000
4.881330118e+05|6.282022962e+09|8.982799930e+09|6.438947943e+09|0.000000|2.000000|0.000000
4.954510112e+05|6.240922474e+09|8.895923560e+09|6.396964679e+09|0.000000|2.000000|0.000000
5.009040908e+05|6.209908485e+09|8.831186772e+09|6.365303870e+09|0.000000|2.000000|0.000000
5.070055626e+05|6.174808391e+09|8.758752531e+09|6.329493176e+09|0.000000|2.000000|0.000000
5.138548433e+05|6.134897125e+09|8.677440601e+09|6.288803218e+09|0.000000|2.000000|0.000000
5.215282464e+05|6.089532065e+09|8.586345019e+09|6.242593166e+09|0.000000|2.000000|0.000000
5.292796522e+05|6.042992249e+09|8.494323418e+09|6.195233286e+09|0.000000|2.000000|0.000000
5.350435540e+05|6.007911058e+09|8.425896673e+09|6.159566716e+09|0.000000|2.000000|0.000000
5.402159537e+05|5.976079060e+09|8.364492007e+09|6.127228810e+09|0.000000|2.000000|0.000000
5.460579809e+05|5.939720060e+09|8.295137788e+09|6.090322188e+09|0.000000|2.000000|0.000000
5.530028719e+05|5.895926411e+09|8.212690812e+09|6.045912915e+09|0.000000|2.000000|0.000000
5.604707425e+05|5.848128212e+09|8.124035228e+09|5.997499134e+09|0.000000|2.000000|0.000000
5.678387728e+05|5.800234302e+09|8.036564909e+09|5.949048879e+09|0.000000|2.000000|0.000000
5.730549591e+05|5.765876873e+09|7.974640426e+09|5.914330381e+09|0.000000|2.000000|0.000000
5.776472107e+05|5.735313669e+09|7.920123044e+09|5.883473084e+09|0.000000|2.000000|0.000000
5.831370261e+05|5.698382484e+09|7.854950145e+09|5.846220966e+09|0.000000|2.000000|0.000000
5.887996864e+05|5.659830443e+09|7.787725299e+09|5.807374523e+09|0.000000|2.000000|0.000000
5.961250850e+05|5.609253328e+09|7.700761088e+09|5.756474726e+09|0.000000|2.000000|0.000000
6.038760679e+05|5.554850846e+09|7.608744508e+09|5.701806393e+09|0.000000|2.000000|0.000000
6.087253834e+05|5.520339795e+09|7.551175368e+09|5.667170629e+09|0.000000|2.000000|0.000000
6.129656597e+05|5.489857612e+09|7.500836497e+09|5.636606770e+09|0.000000|2.000000|0.000000
6.175653274e+05|5.456464318e+09|7.446231076e+09|5.603154726e+09|0.000000|2.000000|0.000000
6.225043635e+05|5.420221422e+09|7.387596809e+09|5.566884468e+09|0.000000|2.000000|0.000000
6.283462683e+05|5.376827865e+09|7.318244044e+09|5.523508013e+09|0.000000|2.000000|0.000000
6.358994974e+05|5.319859801e+09|7.228575118e+09|5.466644821e+09|0.000000|2.000000|0.000000
6.429357443e+05|5.265893608e+09|7.145043600e+09|5.412864045e+09|0.000000|2.000000|0.000000
6.473117370e+05|5.231884208e+09|7.093093560e+09|5.379014342e+09|0.000000|2.000000|0.000000
6.508400623e+05|5.204208714e+09|7.051206687e+09|5.351493152e+09|0.000000|2.000000|0.000000
6.550002333e+05|5.171281525e+09|7.001818796e+09|5.318777899e+09|0.000000|2.000000|0.000000
6.599463923e+05|5.131710603e+09|6.943099968e+09|5.279502239e+09|0.000000|2.000000|0.000000
6.651997836e+05|5.089169936e+09|6.880733801e+09|5.237328088e+09|0.000000|2.000000|0.000000
6.734631897e+05|5.021163772e+09|6.782633937e+09|5.170012562e+09|0.000000|2.000000|0.000000
6.806857070e+05|4.960603300e+09|6.696891092e+09|5.110174348e+09|0.000000|2.000000|0.000000
6.845358291e+05|4.927882913e+09|6.651183977e+09|5.077885738e+09|0.000000|2.000000|0.000000
6.874971313e+05|4.902505730e+09|6.616028577e+09|5.052863314e+09|0.000000|2.000000|0.000000
6.908399284e+05|4.873636676e+09|6.576344223e+09|5.024418805e+09|0.000000|2.000000|0.000000
6.946996704e+05|4.840005867e+09|6.530522904e+09|4.991310502e+09|0.000000|2.000000|0.000000
6.993021143e+05|4.799481185e+09|6.475884525e+09|4.951455013e+09|0.000000|2.000000|0.000000
7.058715972e+05|4.740825740e+09|6.397894244e+09|4.893843852e+09|0.000000|2.000000|0.000000
7.156752347e+05|4.651475114e+09|6.281509367e+09|4.806252976e+09|0.000000|2.000000|0.000000
7.199949859e+05|4.611395914e+09|6.230227003e+09|4.767028173e+09|0.000000|2.000000|0.000000
7.230549286e+05|4.582737541e+09|6.193900583e+09|4.739005025e+09|0.000000|2.000000|0.000000
7.260819371e+05|4.554166336e+09|6.157965144e+09|4.711087069e+09|0.000000|2.000000|0.000000
7.290406199e+05|4.526025039e+09|6.122840842e+09|4.683608489e+09|0.000000|2.000000|0.000000
7.323883524e+05|4.493924140e+09|6.083097895e+09|4.652286708e+09|0.000000|2.000000|0.000000
7.376143421e+05|4.443255243e+09|6.021057029e+09|4.602897180e+09|0.000000|2.000000|0.000000
7.472536581e+05|4.347974145e+09|5.906622912e+09|4.510182994e+09|0.000000|2.000000|0.000000
7.542791873e+05|4.277001166e+09|5.823218630e+09|4.441255299e+09|0.000000|2.000000|0.000000
7.571834113e+05|4.247277075e+09|5.788740841e+09|4.412420801e+09|0.000000|2.000000|0.000000
7.597681211e+05|4.220660313e+09|5.758056196e+09|4.386614437e+09|1.000000|2.000000|1.000000
7.622511527e+05|4.194802524e+09|5.728578635e+09|4.361568275e+09|1.000000|2.000000|1.000000
7.647978201e+05|4.168282044e+09|5.698345615e+09|4.335880222e+09|1.000000|2.000000|1.000000
7.675704126e+05|4.139408825e+09|5.665430502e+09|4.307913280e+09|1.000000|2.000000|1.000000
7.721881534e+05|4.091320604e+09|5.610610523e+09|4.261334456e+09|1.000000|2.000000|1.000000
7.908680439e+05|3.896791996e+09|5.388850311e+09|4.072911733e+09|1.000000|2.000000|1.000000
7.941225955e+05|3.862899752e+09|5.350213571e+09|4.040083302e+09|1.000000|2.000000|1.000000
7.957277975e+05|3.846183504e+09|5.331157253e+09|4.023891745e+09|1.000000|2.000000|1.000000
7.973206943e+05|3.829595397e+09|5.312247017e+09|4.007824307e+09|1.000000|2.000000|1.000000
7.989532210e+05|3.812594594e+09|5.292866310e+09|3.991357127e+09|1.000000|2.000000|1.000000
8.002479879e+05|3.799111153e+09|5.277495354e+09|3.978296906e+09|1.000000|2.000000|1.000000
8.014461758e+05|3.786633466e+09|5.263270945e+09|3.966210870e+09|1.000000|2.000000|1.000000
8.027860434e+05|3.739833417e+09|5.247364571e+09|3.952695721e+09|2.000000|2.000000|1.000000
8.103809667e+05|3.699703320e+09|5.157200670e+09|3.876086271e+09|2.000000|2.000000|1.000000
8.371718582e+05|3.558145462e+09|4.839149885e+09|3.605848458e+09|2.000000|2.000000|1.000000
8.388963898e+05|3.549033373e+09|4.818676934e+09|3.588453231e+09|2.000000|2.000000|1.000000
8.400196017e+05|3.543098540e+09|4.805342609e+09|3.577123472e+09|2.000000|2.000000|1.000000
8.410117622e+05|3.537856157e+09|4.793564076e+09|3.567115619e+09|2.000000|2.000000|1.000000
8.420260408e+05|3.532496906e+09|4.781522964e+09|3.556884663e+09|2.000000|2.000000|1.000000
8.428948393e+05|3.527906344e+09|4.771208936e+09|3.548121155e+09|2.000000|2.000000|1.000000
8.437805842e+05|3.523226240e+09|4.760693724e+09|3.539186709e+09|2.000000|2.000000|1.000000
8.444290792e+05|3.519799719e+09|4.752995051e+09|3.532645387e+09|2.000000|2.000000|1.000000
8.450338041e+05|3.516604470e+09|4.745815998e+09|3.526545570e+09|2.000000|2.000000|1.000000
8.456321868e+05|3.513442732e+09|4.738712236e+09|3.520509726e+09|2.000000|2.000000|1.000000
8.462979462e+05|3.509924989e+09|4.730808606e+09|3.513794258e+09|2.000000|2.000000|1.000000
8.471556748e+05|3.505392918e+09|4.720625994e+09|3.505142411e+09|2.000000|2.000000|1.000000
8.483881005e+05|3.498881020e+09|4.705995127e+09|3.492711020e+09|2.000000|2.000000|1.000000
8.991051006e+05|3.230902261e+09|4.103903120e+09|2.981132255e+09|2.000000|2.000000|1.000000
9.035739819e+05|3.207289562e+09|4.050850342e+09|2.936054968e+09|2.000000|2.000000|1.000000
9.054359763e+05|3.197451146e+09|4.028745488e+09|2.917273163e+09|2.000000|2.000000|1.000000
9.070421073e+05|3.188964662e+09|4.009678141e+09|2.901072234e+09|2.000000|2.000000|1.000000
9.084353283e+05|3.181603154e+09|3.993138376e+09|2.887018913e+09|2.000000|2.000000|1.000000
9.097259209e+05|3.174783914e+09|3.977816976e+09|2.874000798e+09|2.000000|2.000000|1.000000
9.115329214e+05|3.165236074e+09|3.956364985e+09|2.855773712e+09|2.000000|2.000000|1.000000
9.512649677e+05|2.955299674e+09|3.484681971e+09|3.784316072e+09|2.000000|2.000000|3.000000
9.594138548e+05|2.912242540e+09|3.387941632e+09|3.611564171e+09|2.000000|2.000000|3.000000
9.619073409e+05|2.899067445e+09|3.358339959e+09|3.562065468e+09|2.000000|2.000000|3.000000
9.638162044e+05|2.888981381e+09|3.335678692e+09|3.525189698e+09|2.000000|2.000000|3.000000
9.655585412e+05|2.879775213e+09|3.314994364e+09|3.492284111e+09|2.000000|2.000000|3.000000
9.675999928e+05|2.868988579e+09|3.290759064e+09|3.454625088e+09|2.000000|2.000000|3.000000
9.702327642e+05|2.855077528e+09|3.259503852e+09|3.407451221e+09|2.000000|2.000000|3.000000
9.911757017e+05|2.744419122e+09|3.010877647e+09|3.082977636e+09|2.000000|2.000000|3.000000
1.004438833e+06|2.674339317e+09|2.853423040e+09|2.917830252e+09|2.000000|2.000000|3.000000
1.008758584e+06|2.653085663e+09|2.802140673e+09|2.869770704e+09|3.000000|2.000000|3.000000
1.012090757e+06|2.635954899e+09|2.772988059e+09|2.834449139e+09|3.000000|3.000000|3.000000
1.015545422e+06|2.618251046e+09|2.739130511e+09|2.799358773e+09|3.000000|3.000000|3.000000
1.019523476e+06|2.597936145e+09|2.701866074e+09|2.760786131e+09|3.000000|3.000000|3.000000
1.028861922e+06|2.550543827e+09|2.621084408e+09|2.677353419e+09|3.000000|3.000000|3.000000
1.045224120e+06|2.468491904e+09|2.499122822e+09|2.551902849e+09|3.000000|3.000000|3.000000
1.051420190e+06|2.437740386e+09|2.458432383e+09|2.510190850e+09|3.000000|3.000000|3.000000
1.055174683e+06|2.419190212e+09|2.435038569e+09|2.486241526e+09|3.000000|3.000000|3.000000
1.058787352e+06|2.401399555e+09|2.413357324e+09|2.464065508e+09|3.000000|3.000000|3.000000
1.062487597e+06|2.383236714e+09|2.391937139e+09|2.442174703e+09|3.000000|3.000000|3.000000
1.067825659e+06|2.357138467e+09|2.362328750e+09|2.411943662e+09|3.000000|3.000000|3.000000
1.079332804e+06|2.301286331e+09|2.303024055e+09|2.351474410e+09|3.000000|3.000000|3.000000
1.091786282e+06|2.241443946e+09|2.244449864e+09|2.291821250e+09|3.000000|3.000000|3.000000
1.097115128e+06|2.216020688e+09|2.220777392e+09|2.267719901e+09|3.000000|3.000000|3.000000
1.100902086e+06|2.198018041e+09|2.204366822e+09|2.251010947e+09|3.000000|3.000000|3.000000
1.104945035e+06|2.178856202e+09|2.187176259e+09|2.233505033e+09|3.000000|3.000000|3.000000
1.109549995e+06|2.157101676e+09|2.167955640e+09|2.213926449e+09|3.000000|3.000000|3.000000
1.115470471e+06|2.129240446e+09|2.143712722e+09|2.189220713e+09|3.000000|3.000000|3.000000
1.125726974e+06|2.081249621e+09|2.102634889e+09|2.147320253e+09|3.000000|3.000000|3.000000
1.136715894e+06|2.030196016e+09|2.059384582e+09|2.103140603e+09|3.000000|3.000000|3.000000
1.142001341e+06|2.005765835e+09|2.038694438e+09|2.081981494e+09|3.000000|3.000000|3.000000
1.145772384e+06|1.988382663e+09|2.023933180e+09|2.066876260e+09|3.000000|3.000000|3.000000
1.149967907e+06|1.969087212e+09|2.007485773e+09|2.050036855e+09|3.000000|3.000000|3.000000
1.154971798e+06|1.946132825e+09|1.987804635e+09|2.029875501e+09|3.000000|3.000000|3.000000
1.160547565e+06|1.920626852e+09|1.965750588e+09|2.007270681e+09|3.000000|3.000000|3.000000
1.168990044e+06|1.882142019e+09|1.932018578e+09|1.972676014e+09|3.000000|3.000000|3.000000
1.178812949e+06|1.837550847e+09|1.892114928e+09|1.931732962e+09|3.000000|3.000000|3.000000
1.185088750e+06|1.809156150e+09|1.866186745e+09|1.905126593e+09|3.000000|3.000000|3.000000
1.189736765e+06|1.788169218e+09|1.846745113e+09|1.885178652e+09|3.000000|3.000000|3.000000
1.194272789e+06|1.767720355e+09|1.827567098e+09|1.865505345e+09|3.000000|3.000000|3.000000
1.198582098e+06|1.748320942e+09|1.809154981e+09|1.846623439e+09|3.000000|3.000000|3.000000
1.204050026e+06|1.723740811e+09|1.785517326e+09|1.822393627e+09|3.000000|3.000000|3.000000
1.210749272e+06|1.693673087e+09|1.756133417e+09|1.792295586e+09|3.000000|3.000000|3.000000
1.219135774e+06|1.656095009e+09|1.718695561e+09|1.753992323e+09|3.000000|3.000000|3.000000
1.226891751e+06|1.621391343e+09|1.683442358e+09|1.717979604e+09|3.000000|3.000000|3.000000
1.231893036e+06|1.599032502e+09|1.660402105e+09|1.694476482e+09|3.000000|3.000000|3.000000
1.236407691e+06|1.578858806e+09|1.639406024e+09|1.673084066e+09|3.000000|3.000000|3.000000
1.240777628e+06|1.559338104e+09|1.618912744e+09|1.652229054e+09|3.000000|3.000000|3.000000
1.245583349e+06|1.537875282e+09|1.596193081e+09|1.629139213e+09|3.000000|3.000000|3.000000
1.251987320e+06|1.509277053e+09|1.565641841e+09|1.598144712e+09|3.000000|3.000000|3.000000
1.258455436e+06|1.480388964e+09|1.534496434e+09|1.566616136e+09|3.000000|3.000000|3.000000
1.265465818e+06|1.449067075e+09|1.500456592e+09|1.532242277e+09|3.000000|3.000000|3.000000
1.272235844e+06|1.418799324e+09|1.467351218e+09|1.498902272e+09|3.000000|3.000000|3.000000
1.277167203e+06|1.396735238e+09|1.443121314e+09|1.474559980e+09|3.000000|3.000000|3.000000
1.281991010e+06|1.375135511e+09|1.419346652e+09|1.450725868e+09|3.000000|3.000000|3.000000
1.286860689e+06|1.353310661e+09|1.395291558e+09|1.426663657e+09|3.000000|3.000000|3.000000
1.292069222e+06|1.329942065e+09|1.369524049e+09|1.400949689e+09|3.000000|3.000000|3.000000
1.297994716e+06|1.303321062e+09|1.340190827e+09|1.371757014e+09|3.000000|3.000000|3.000000
1.303630208e+06|1.277963438e+09|1.312305262e+09|1.344086206e+09|3.000000|3.000000|3.000000
1.310333876e+06|1.247743519e+09|1.279191181e+09|1.311333223e+09|3.000000|3.000000|3.000000
1.317110747e+06|1.217125394e+09|1.245825560e+09|1.278451460e+09|3.000000|3.000000|3.000000
1.322151653e+06|1.194301930e+09|1.221107312e+09|1.254171342e+09|3.000000|3.000000|3.000000
1.326488859e+06|1.174629165e+09|1.199924574e+09|1.233419034e+09|3.000000|3.000000|3.000000
1.331677399e+06|1.151049392e+09|1.174704014e+09|1.208778008e+09|3.000000|3.000000|3.000000
1.336615634e+06|1.128558698e+09|1.150837610e+09|1.185527806e+09|3.000000|3.000000|3.000000
1.341768055e+06|1.105039558e+09|1.126095233e+09|1.161494254e+09|3.000000|3.000000|3.000000
1.347483976e+06|1.078881862e+09|1.098855293e+09|1.135117147e+09|3.000000|3.000000|3.000000
1.353808635e+06|1.049853092e+09|1.068991108e+09|1.106297488e+09|3.000000|3.000000|3.000000
1.359373348e+06|1.024234821e+09|1.042971685e+09|1.081270656e+09|3.000000|3.000000|3.000000
1.364290403e+06|1.001535404e+09|1.020189708e+09|1.059419035e+09|3.000000|3.000000|3.000000
1.368781000e+06|9.807516021e+08|9.995600964e+08|1.039679320e+09|3.000000|3.000000|3.000000
1.373647473e+06|9.581692420e+08|9.773972423e+08|1.018520154e+09|3.000000|3.000000|3.000000
1.379550048e+06|9.306944348e+08|9.507877964e+08|9.931760853e+08|3.000000|3.000000|3.000000
1.384968185e+06|9.053907490e+08|9.266232366e+08|9.702114551e+08|3.000000|3.000000|3.000000
1.390206959e+06|8.808464925e+08|9.034912833e+08|9.482664182e+08|3.000000|3.000000|3.000000
1.396185657e+06|8.527394684e+08|8.773610609e+08|9.235117237e+08|3.000000|3.000000|3.000000
1.401083669e+06|8.296350481e+08|8.561557953e+08|9.034405741e+08|3.000000|3.000000|3.000000
1.406324464e+06|8.048345833e+08|8.336521201e+08|8.821472719e+08|3.000000|3.000000|3.000000
1.410952840e+06|7.828632122e+08|8.139223439e+08|8.634749129e+08|3.000000|3.000000|3.000000
1.416097589e+06|7.583636290e+08|7.921294710e+08|8.428340691e+08|3.000000|3.000000|3.000000
1.421343137e+06|7.332996966e+08|7.700329555e+08|8.218743484e+08|3.000000|3.000000|3.000000
1.426530286e+06|7.084302392e+08|7.482735203e+08|8.011877110e+08|3.000000|3.000000|3.000000
1.431344461e+06|6.852731564e+08|7.281284895e+08|7.819797834e+08|3.000000|3.000000|3.000000
1.435814193e+06|6.637071790e+08|7.094390139e+08|7.640986677e+08|3.000000|3.000000|3.000000
1.440466456e+06|6.411930149e+08|6.899694261e+08|7.453956156e+08|3.000000|3.000000|3.000000
1.445449633e+06|6.170008714e+08|6.690561779e+08|7.252045225e+08|3.000000|3.000000|3.000000
1.449985189e+06|5.949129156e+08|6.499293750e+08|7.066324994e+08|3.000000|3.000000|3.000000
1.454532334e+06|5.727026506e+08|6.306249820e+08|6.877726487e+08|3.000000|3.000000|3.000000
1.461026331e+06|5.408690453e+08|6.027466507e+08|6.603076960e+08|3.000000|3.000000|3.000000
1.471249340e+06|4.904858623e+08|5.578153911e+08|6.154029271e+08|3.000000|3.000000|3.000000
1.478738516e+06|4.533692699e+08|5.237847564e+08|5.808155781e+08|3.000000|3.000000|3.000000
1.482135281e+06|4.364780030e+08|5.079575790e+08|5.645514922e+08|3.000000|3.000000|3.000000
1.485058579e+06|4.219131469e+08|4.941115601e+08|5.502290913e+08|3.000000|3.000000|3.000000
1.487210776e+06|4.111737491e+08|4.837737625e+08|5.394781276e+08|3.000000|3.000000|3.000000
1.489100686e+06|4.017317577e+08|4.745885243e+08|5.298845831e+08|3.000000|3.000000|3.000000
1.491281517e+06|3.908231844e+08|4.638576678e+08|5.186277691e+08|3.000000|3.000000|3.000000
1.493710406e+06|3.786573667e+08|4.517306344e+08|5.058432451e+08|3.000000|3.000000|3.000000
1.496046182e+06|3.669417471e+08|4.398836255e+08|4.932898653e+08|3.000000|3.000000|3.000000
1.499374327e+06|3.502215593e+08|4.226691433e+08|4.749377523e+08|3.000000|3.000000|3.000000
1.531721783e+06|1.861657057e+08|2.280998253e+08|2.595070002e+08|3.000000|3.000000|3.000000
1.540228281e+06|1.426063071e+08|1.660329033e+08|1.883195857e+08|3.000000|3.000000|3.000000
1.541691595e+06|1.350978808e+08|1.547771811e+08|1.753124588e+08|3.000000|3.000000|3.000000
1.543008040e+06|1.283394237e+08|1.444970287e+08|1.634087538e+08|3.000000|3.000000|3.000000
1.544107974e+06|1.226899054e+08|1.357933495e+08|1.533131745e+08|3.000000|3.000000|3.000000
1.545461941e+06|1.157324321e+08|1.249338777e+08|1.406954535e+08|3.000000|3.000000|3.000000
1.546843080e+06|1.086317787e+08|1.136875575e+08|1.276037749e+08|3.000000|3.000000|3.000000
1.548043807e+06|1.024557945e+08|1.037688561e+08|1.160375655e+08|3.000000|3.000000|3.000000
1.549084706e+06|9.709977137e+07|9.506198376e+07|1.058694976e+08|3.000000|3.000000|3.000000
1.550153686e+06|9.159725389e+07|8.601365557e+07|9.528825476e+07|3.000000|3.000000|3.000000
1.551225197e+06|8.607970404e+07|7.683379194e+07|8.453858899e+07|3.000000|3.000000|3.000000
1.551840320e+06|8.291134763e+07|7.151340552e+07|7.830181878e+07|3.000000|3.000000|3.000000
