#PHASE|Nmant|Nmant/Nmanttot|Mmant|Mmant/Mmanttot|RRRminmant|RRRminmantEq|RRRmaxmant|RRRmaxmantEq|Ncore|Ncore/Ncoretot|Mcore|Mcore/Mcoretot|RRRmincore|RRRmaxcore|
0.000000000e+00|0.000000000e+00|0.000000000e+00|0.000000000e+00|0.000000000e+00|inf|inf|-inf|inf|0.000000000e+00|0.000000000e+00|0.000000000e+00|0.000000000e+00|inf|-inf
1.000000000e+00|3.169800000e+04|2.230761111e-01|1.080418687e+22|2.227682244e-01|8.563454400e+05|8.725901250e+05|3.495314454e+07|inf|3.169800000e+04|0.000000000e+00|0.000000000e+00|0.000000000e+00|inf|-inf
2.000000000e+00|5.966000000e+03|4.198599528e-02|2.041069696e+21|4.208419175e-02|1.394009837e+06|1.515925179e+06|8.373029641e+07|inf|5.966000000e+03|0.000000000e+00|0.000000000e+00|0.000000000e+00|inf|-inf
3.000000000e+00|1.019740000e+05|7.176466449e-01|3.481254710e+22|7.177892603e-01|8.141578031e+05|8.141578031e+05|4.795432606e+07|inf|1.019740000e+05|0.000000000e+00|0.000000000e+00|0.000000000e+00|inf|-inf
4.000000000e+00|2.416000000e+03|1.700270945e-02|8.278374832e+20|1.706892785e-02|9.703195101e+05|1.599893372e+06|3.498648217e+07|inf|2.416000000e+03|9.985478160e-01|2.088887881e+22|9.985272385e-01|1.736982777e+04|1.085088870e+06
5.000000000e+00|4.100000000e+01|2.885393575e-04|1.403559393e+19|2.893956180e-04|1.547355790e+06|1.666082854e+06|8.274766192e+07|inf|4.100000000e+01|1.452183987e-03|3.080971123e+19|1.472761471e-03|9.784495668e+05|1.628226925e+06
6.000000000e+00|0.000000000e+00|0.000000000e+00|0.000000000e+00|0.000000000e+00|inf|inf|-inf|inf|0.000000000e+00|0.000000000e+00|0.000000000e+00|0.000000000e+00|inf|-inf
7.000000000e+00|0.000000000e+00|0.000000000e+00|0.000000000e+00|0.000000000e+00|inf|inf|-inf|inf|0.000000000e+00|0.000000000e+00|0.000000000e+00|0.000000000e+00|inf|-inf
8.000000000e+00|0.000000000e+00|0.000000000e+00|0.000000000e+00|0.000000000e+00|inf|inf|-inf|inf|0.000000000e+00|0.000000000e+00|0.000000000e+00|0.000000000e+00|inf|-inf
