#PHASE|Nmant|Nmant/Nmanttot|Mmant|Mmant/Mmanttot|RRRminmant|RRRminmantEq|RRRmaxmant|RRRmaxmantEq|Ncore|Ncore/Ncoretot|Mcore|Mcore/Mcoretot|RRRmincore|RRRmaxcore|
0.000000000e+00|0.000000000e+00|0.000000000e+00|0.000000000e+00|0.000000000e+00|inf|inf|-inf|inf|0.000000000e+00|0.000000000e+00|0.000000000e+00|0.000000000e+00|inf|-inf
1.000000000e+00|3.794200000e+04|2.750795688e-01|1.470670283e+22|2.755146221e-01|8.551567875e+05|9.424799300e+05|5.240360907e+07|inf|3.794200000e+04|0.000000000e+00|0.000000000e+00|0.000000000e+00|inf|-inf
2.000000000e+00|9.235000000e+03|6.695376674e-02|3.558817141e+21|6.667069912e-02|1.310686949e+06|1.550731156e+06|6.470584059e+07|inf|9.235000000e+03|0.000000000e+00|0.000000000e+00|0.000000000e+00|inf|-inf
3.000000000e+00|8.794100000e+04|6.375724094e-01|3.402876968e+22|6.374932386e-01|8.635589680e+05|9.471600092e+05|5.249678359e+07|inf|8.794100000e+04|0.000000000e+00|0.000000000e+00|0.000000000e+00|inf|-inf
4.000000000e+00|2.522000000e+03|1.828450457e-02|9.726130578e+20|1.822088350e-02|9.316744523e+05|1.205175797e+06|5.245986157e+07|inf|2.522000000e+03|9.852169689e-01|2.354418615e+22|9.853295522e-01|2.294864918e+04|2.393549864e+07
5.000000000e+00|2.910000000e+02|2.109750527e-03|1.121256754e+20|2.100556695e-03|1.407176547e+06|1.735425334e+06|2.519647391e+07|inf|2.910000000e+02|1.478303109e-02|3.505464264e+20|1.467044778e-02|1.077503213e+06|2.524060363e+07
6.000000000e+00|0.000000000e+00|0.000000000e+00|0.000000000e+00|0.000000000e+00|inf|inf|-inf|inf|0.000000000e+00|0.000000000e+00|0.000000000e+00|0.000000000e+00|inf|-inf
7.000000000e+00|0.000000000e+00|0.000000000e+00|0.000000000e+00|0.000000000e+00|inf|inf|-inf|inf|0.000000000e+00|0.000000000e+00|0.000000000e+00|0.000000000e+00|inf|-inf
8.000000000e+00|0.000000000e+00|0.000000000e+00|0.000000000e+00|0.000000000e+00|inf|inf|-inf|inf|0.000000000e+00|0.000000000e+00|0.000000000e+00|0.000000000e+00|inf|-inf
