#PHASE|Nmant|Nmant/Nmanttot|Mmant|Mmant/Mmanttot|RRRminmant|RRRminmantEq|RRRmaxmant|RRRmaxmantEq|Ncore|Ncore/Ncoretot|Mcore|Mcore/Mcoretot|RRRmincore|RRRmaxcore|
0.000000000e+00|0.000000000e+00|0.000000000e+00|0.000000000e+00|0.000000000e+00|inf|inf|-inf|inf|0.000000000e+00|0.000000000e+00|0.000000000e+00|0.000000000e+00|inf|-inf
1.000000000e+00|4.426300000e+04|3.235102799e-01|1.715696738e+22|3.240012107e-01|8.541912735e+05|9.315000983e+05|1.225438330e+08|inf|4.426300000e+04|0.000000000e+00|0.000000000e+00|0.000000000e+00|inf|-inf
2.000000000e+00|7.258000000e+03|5.304741231e-02|2.794560840e+21|5.277395914e-02|1.305052850e+06|1.635345459e+06|1.226929458e+08|inf|7.258000000e+03|0.000000000e+00|0.000000000e+00|0.000000000e+00|inf|-inf
3.000000000e+00|8.368400000e+04|6.116312554e-01|3.237896851e+22|6.114614994e-01|8.820027341e+05|8.879081192e+05|1.217044197e+08|inf|8.368400000e+04|0.000000000e+00|0.000000000e+00|0.000000000e+00|inf|-inf
4.000000000e+00|1.566000000e+03|1.144561142e-02|6.036333783e+20|1.139933073e-02|1.208207351e+06|1.743036222e+06|1.829931169e+06|inf|1.566000000e+03|9.872069615e-01|2.352918312e+22|9.873034498e-01|2.080312684e+04|8.985572714e+06
5.000000000e+00|5.000000000e+01|3.654409776e-04|1.927504384e+19|3.640000825e-04|1.510297030e+06|1.806665465e+06|4.869213552e+07|inf|5.000000000e+01|1.279303851e-02|3.025811923e+20|1.269655021e-02|1.071909087e+06|7.405598689e+07
6.000000000e+00|0.000000000e+00|0.000000000e+00|0.000000000e+00|0.000000000e+00|inf|inf|-inf|inf|0.000000000e+00|0.000000000e+00|0.000000000e+00|0.000000000e+00|inf|-inf
7.000000000e+00|0.000000000e+00|0.000000000e+00|0.000000000e+00|0.000000000e+00|inf|inf|-inf|inf|0.000000000e+00|0.000000000e+00|0.000000000e+00|0.000000000e+00|inf|-inf
8.000000000e+00|0.000000000e+00|0.000000000e+00|0.000000000e+00|0.000000000e+00|inf|inf|-inf|inf|0.000000000e+00|0.000000000e+00|0.000000000e+00|0.000000000e+00|inf|-inf
