#RRR|P25fit|P50fit|P75fit|P25model|P50model|P75model
8.757881714e+04|7.587775679e+09|7.652303081e+09|7.740116132e+09|0.000000|0.000000|0.000000
1.333773884e+05|7.546279907e+09|7.607761972e+09|7.683094467e+09|0.000000|0.000000|0.000000
1.584073036e+05|7.507508147e+09|7.569562488e+09|7.641383446e+09|0.000000|0.000000|0.000000
1.777245305e+05|7.470525686e+09|7.533758845e+09|7.604090874e+09|0.000000|0.000000|0.000000
1.933481016e+05|7.436385910e+09|7.500916503e+09|7.570681556e+09|0.000000|0.000000|0.000000
2.096706928e+05|7.396879863e+09|7.463003634e+09|7.532681374e+09|0.000000|0.000000|0.000000
2.232103084e+05|7.361259228e+09|7.428833168e+09|7.498765402e+09|0.000000|0.000000|0.000000
2.373782791e+05|7.321326683e+09|7.390496580e+09|7.460957499e+09|0.000000|0.000000|0.000000
2.499114455e+05|7.283812406e+09|7.354429258e+09|7.425542910e+09|0.000000|0.000000|0.000000
2.628126950e+05|7.243117235e+09|7.315231334e+09|7.387164923e+09|0.000000|0.000000|0.000000
2.746081933e+05|7.204115207e+09|7.277586103e+09|7.350375997e+09|0.000000|0.000000|0.000000
2.861734624e+05|7.164251281e+09|7.239026794e+09|7.312735473e+09|0.000000|0.000000|0.000000
2.965732014e+05|7.127061483e+09|7.202979105e+09|7.277567424e+09|0.000000|0.000000|0.000000
3.079737940e+05|7.084858663e+09|7.161986701e+09|7.237585032e+09|0.000000|0.000000|0.000000
3.179369562e+05|7.046768520e+09|7.124914015e+09|7.201425661e+09|0.000000|0.000000|0.000000
3.278312972e+05|7.007841357e+09|7.071653045e+09|7.164397880e+09|0.000000|2.000000|0.000000
3.373466346e+05|6.969382544e+09|7.012198999e+09|7.127743194e+09|0.000000|2.000000|0.000000
3.472393389e+05|6.928344902e+09|6.950387077e+09|7.088554607e+09|0.000000|2.000000|0.000000
3.560969258e+05|6.890696108e+09|6.895042809e+09|7.052537701e+09|0.000000|2.000000|0.000000
3.650261094e+05|6.851881746e+09|6.839251189e+09|7.015346994e+09|0.000000|2.000000|0.000000
3.738349988e+05|6.812745535e+09|6.784211195e+09|6.977794371e+09|0.000000|2.000000|0.000000
3.829323727e+05|6.771448118e+09|6.727368682e+09|6.938118241e+09|0.000000|2.000000|0.000000
3.911537717e+05|6.733358137e+09|6.675999465e+09|6.901486624e+09|0.000000|2.000000|0.000000
3.990051643e+05|6.696299517e+09|6.626942134e+09|6.865820674e+09|0.000000|2.000000|0.000000
4.070396276e+05|6.657683860e+09|6.576740935e+09|6.828637050e+09|0.000000|2.000000|0.000000
4.153920925e+05|6.616793228e+09|6.524552788e+09|6.789251232e+09|0.000000|2.000000|0.000000
4.229586493e+05|6.579089164e+09|6.477275177e+09|6.752933181e+09|0.000000|2.000000|0.000000
4.303795368e+05|6.541496342e+09|6.430907742e+09|6.716729409e+09|0.000000|2.000000|0.000000
4.379691632e+05|6.502414074e+09|6.383485987e+09|6.679107721e+09|0.000000|2.000000|0.000000
4.450052146e+05|6.465603998e+09|6.339523098e+09|6.643696919e+09|0.000000|2.000000|0.000000
4.527912456e+05|6.424215039e+09|6.290874162e+09|6.603918400e+09|0.000000|2.000000|0.000000
4.601638141e+05|6.384382350e+09|6.244808636e+09|6.565682361e+09|0.000000|2.000000|0.000000
4.666604470e+05|6.348758793e+09|6.204216159e+09|6.531533404e+09|0.000000|2.000000|0.000000
4.731956290e+05|6.312423233e+09|6.163382818e+09|6.496754433e+09|0.000000|2.000000|0.000000
4.805697856e+05|6.270812357e+09|6.117307369e+09|6.457000044e+09|0.000000|2.000000|0.000000
4.874718195e+05|6.231270885e+09|6.074181853e+09|6.419304584e+09|0.000000|2.000000|0.000000
4.940362217e+05|6.193122417e+09|6.033165938e+09|6.383020641e+09|0.000000|2.000000|0.000000
5.003601532e+05|6.155865142e+09|5.993652540e+09|6.347670557e+09|0.000000|2.000000|0.000000
5.065156788e+05|6.119115939e+09|5.955191381e+09|6.312892418e+09|0.000000|2.000000|0.000000
5.130452873e+05|6.079603605e+09|5.914392865e+09|6.275605874e+09|0.000000|2.000000|0.000000
5.198508897e+05|6.037831398e+09|5.871869875e+09|6.236314603e+09|0.000000|2.000000|0.000000
5.261859177e+05|5.998397580e+09|5.832287144e+09|6.199350631e+09|0.000000|2.000000|0.000000
5.317394142e+05|5.963385330e+09|5.797587603e+09|6.166640725e+09|0.000000|2.000000|0.000000
5.382556244e+05|5.921766940e+09|5.756872803e+09|6.127899294e+09|0.000000|2.000000|0.000000
5.443063569e+05|5.882594075e+09|5.719066416e+09|6.091579418e+09|0.000000|2.000000|0.000000
5.498866591e+05|5.846009005e+09|5.684199387e+09|6.057790947e+09|0.000000|2.000000|0.000000
5.563390564e+05|5.803149360e+09|5.643883305e+09|6.018375698e+09|0.000000|2.000000|0.000000
5.625860058e+05|5.761075169e+09|5.604850909e+09|5.979865254e+09|0.000000|2.000000|0.000000
5.678004608e+05|5.725510969e+09|5.572269779e+09|5.947458709e+09|0.000000|2.000000|0.000000
5.732030284e+05|5.688230486e+09|5.538513277e+09|5.913634996e+09|0.000000|2.000000|0.000000
5.791787875e+05|5.646472465e+09|5.501175342e+09|5.875931575e+09|0.000000|2.000000|0.000000
5.848711925e+05|5.606175483e+09|5.465607869e+09|5.839734548e+09|0.000000|2.000000|0.000000
5.901236515e+05|5.568535869e+09|5.432789280e+09|5.806094115e+09|0.000000|2.000000|0.000000
5.959366136e+05|5.526359335e+09|5.396468539e+09|5.768597164e+09|0.000000|2.000000|0.000000
6.015918185e+05|5.484793607e+09|5.361133500e+09|5.731851954e+09|0.000000|2.000000|0.000000
6.068066990e+05|5.445989448e+09|5.328549712e+09|5.697738034e+09|0.000000|2.000000|0.000000
6.121321105e+05|5.405884544e+09|5.295275299e+09|5.662676113e+09|0.000000|2.000000|0.000000
6.175660941e+05|5.364455295e+09|5.261322503e+09|5.626667731e+09|0.000000|2.000000|0.000000
6.233668584e+05|5.319654781e+09|5.225077975e+09|5.587973792e+09|0.000000|2.000000|0.000000
6.279852796e+05|5.283553975e+09|5.196221003e+09|5.556980546e+09|0.000000|2.000000|0.000000
6.330695043e+05|5.243362024e+09|5.164453583e+09|5.522672856e+09|0.000000|2.000000|0.000000
6.388845530e+05|5.196804651e+09|5.128119803e+09|5.483194366e+09|0.000000|2.000000|0.000000
6.439695370e+05|5.155569136e+09|5.096347638e+09|5.448465712e+09|0.000000|2.000000|0.000000
6.486779826e+05|5.116944246e+09|5.066928172e+09|5.416139006e+09|0.000000|2.000000|0.000000
6.542333051e+05|5.070815328e+09|5.032217222e+09|5.377790799e+09|0.000000|2.000000|0.000000
6.588512501e+05|5.032003652e+09|5.003363226e+09|5.345744812e+09|0.000000|2.000000|0.000000
6.642064449e+05|4.986456504e+09|4.969902721e+09|5.308393808e+09|0.000000|2.000000|0.000000
6.691996454e+05|4.943457857e+09|4.938704040e+09|5.273387303e+09|0.000000|2.000000|0.000000
6.736535549e+05|4.904664343e+09|4.910874975e+09|5.242016849e+09|0.000000|2.000000|0.000000
6.790388352e+05|4.857196757e+09|4.877226489e+09|5.203906585e+09|0.000000|2.000000|0.000000
6.837975248e+05|4.814732012e+09|4.847493087e+09|5.170069014e+09|0.000000|2.000000|0.000000
6.889162676e+05|4.768500286e+09|4.815509989e+09|5.133504576e+09|0.000000|2.000000|0.000000
6.933418796e+05|4.728058646e+09|4.787857734e+09|5.101754136e+09|0.000000|2.000000|0.000000
6.973447986e+05|4.691098438e+09|4.762846563e+09|5.072928146e+09|0.000000|2.000000|0.000000
7.022573253e+05|4.645237416e+09|4.732151951e+09|5.037413558e+09|0.000000|2.000000|0.000000
7.070469754e+05|4.599982676e+09|4.702225101e+09|5.002642738e+09|0.000000|2.000000|0.000000
7.117735658e+05|4.554791922e+09|4.672692262e+09|4.968192023e+09|0.000000|2.000000|0.000000
7.164686471e+05|4.509371188e+09|4.643356300e+09|4.933837747e+09|0.000000|2.000000|0.000000
7.215943529e+05|4.459170325e+09|4.611329695e+09|4.896183524e+09|0.000000|2.000000|0.000000
7.265329624e+05|4.410185551e+09|4.580472112e+09|4.859759177e+09|0.000000|2.000000|0.000000
7.303269830e+05|4.372136574e+09|4.556766187e+09|4.831681933e+09|0.000000|2.000000|0.000000
7.344532581e+05|4.330338325e+09|4.530984259e+09|4.801053946e+09|0.000000|2.000000|0.000000
7.385461028e+05|4.288443647e+09|4.505411211e+09|4.770580938e+09|0.000000|2.000000|0.000000
7.431222734e+05|4.241081369e+09|4.476818231e+09|4.736401341e+09|0.000000|2.000000|0.000000
7.484644823e+05|4.185085316e+09|4.443438864e+09|4.696358626e+09|0.000000|2.000000|0.000000
7.528839655e+05|4.138177763e+09|4.415824903e+09|4.663119275e+09|0.000000|2.000000|0.000000
7.574215350e+05|4.089538101e+09|4.387473111e+09|4.628887534e+09|1.000000|2.000000|0.000000
7.616529050e+05|4.043348798e+09|4.361034525e+09|4.596872449e+09|1.000000|2.000000|0.000000
7.657176605e+05|3.998978244e+09|4.335636985e+09|4.566034803e+09|1.000000|2.000000|0.000000
7.690979411e+05|3.962079367e+09|4.314516204e+09|4.540329026e+09|1.000000|2.000000|0.000000
7.730472007e+05|3.918969558e+09|4.289840310e+09|4.510227520e+09|1.000000|2.000000|0.000000
7.776932574e+05|3.868253566e+09|4.260810665e+09|4.474721836e+09|1.000000|2.000000|0.000000
7.832561231e+05|3.807529759e+09|4.226052583e+09|4.432080455e+09|1.000000|2.000000|0.000000
7.901899083e+05|3.731841103e+09|4.182728677e+09|4.378738959e+09|1.000000|2.000000|0.000000
7.948349106e+05|3.681136621e+09|4.153705620e+09|4.342889798e+09|1.000000|2.000000|0.000000
7.981241788e+05|3.645231227e+09|4.133153506e+09|4.317449541e+09|1.000000|2.000000|0.000000
8.008488969e+05|3.615488417e+09|4.116128832e+09|4.296342258e+09|1.000000|2.000000|0.000000
8.035338205e+05|3.586180002e+09|4.099352804e+09|4.275514119e+09|1.000000|2.000000|0.000000
8.059906496e+05|3.559361448e+09|4.084001963e+09|4.256430478e+09|1.000000|2.000000|0.000000
8.086473549e+05|3.530361060e+09|4.067402249e+09|4.235767900e+09|1.000000|2.000000|0.000000
8.127303489e+05|3.485791417e+09|4.041890751e+09|4.203959928e+09|1.000000|2.000000|0.000000
8.195198109e+05|3.411678182e+09|3.999468610e+09|4.150931140e+09|1.000000|2.000000|0.000000
8.292075202e+05|3.305927905e+09|3.938937544e+09|4.074984215e+09|1.000000|2.000000|0.000000
8.362260908e+05|3.229313737e+09|3.895083879e+09|4.019766794e+09|1.000000|2.000000|0.000000
8.399530676e+05|3.188630350e+09|3.871796859e+09|3.990382208e+09|1.000000|2.000000|0.000000
8.421046634e+05|3.165143699e+09|3.858353187e+09|3.973399119e+09|1.000000|2.000000|0.000000
8.438806318e+05|3.145757367e+09|3.847256523e+09|3.959370553e+09|1.000000|2.000000|0.000000
8.453678129e+05|3.129523414e+09|3.837964268e+09|3.947616027e+09|1.000000|2.000000|0.000000
8.470917984e+05|3.110704523e+09|3.827192405e+09|3.933981817e+09|1.000000|2.000000|0.000000
8.487847974e+05|3.092223878e+09|3.816614153e+09|3.920584423e+09|1.000000|2.000000|0.000000
8.508740256e+05|3.069418027e+09|3.803560168e+09|3.904040436e+09|1.000000|2.000000|0.000000
8.530755332e+05|3.045386542e+09|3.789804635e+09|3.886594351e+09|1.000000|2.000000|0.000000
8.561116109e+05|3.012244956e+09|3.770834514e+09|3.862513269e+09|1.000000|2.000000|0.000000
8.607726043e+05|2.961365917e+09|3.741711541e+09|3.825497309e+09|1.000000|2.000000|0.000000
8.667168205e+05|2.896479318e+09|3.704570693e+09|3.778212302e+09|1.000000|2.000000|0.000000
8.734371265e+05|2.783472982e+09|3.662580655e+09|3.724654696e+09|2.000000|2.000000|0.000000
8.791938221e+05|2.774069070e+09|3.626611479e+09|3.678698997e+09|2.000000|2.000000|0.000000
8.924475667e+05|2.752418272e+09|3.543798994e+09|3.572651435e+09|2.000000|2.000000|0.000000
9.048470277e+05|2.732162998e+09|3.466324271e+09|3.473178345e+09|2.000000|2.000000|0.000000
9.083163890e+05|2.726495586e+09|3.444646893e+09|3.445308103e+09|2.000000|2.000000|0.000000
9.105533691e+05|2.722841343e+09|3.430669720e+09|3.427330220e+09|2.000000|2.000000|0.000000
9.141824577e+05|2.716913006e+09|3.407994329e+09|3.398152562e+09|2.000000|2.000000|0.000000
9.211558400e+05|2.705521562e+09|3.364423010e+09|3.342050326e+09|2.000000|2.000000|0.000000
9.323677830e+05|2.687206171e+09|3.294368177e+09|3.251768209e+09|2.000000|2.000000|0.000000
9.423961557e+05|2.670824215e+09|3.231708568e+09|3.170962191e+09|2.000000|2.000000|0.000000
9.570576073e+05|2.646873842e+09|3.140100401e+09|3.052795205e+09|2.000000|2.000000|0.000000
9.629007478e+05|2.637328717e+09|3.103591097e+09|3.005709812e+09|2.000000|2.000000|0.000000
9.661724050e+05|2.631984266e+09|3.083149020e+09|2.979351725e+09|2.000000|2.000000|0.000000
9.696990491e+05|2.626223278e+09|3.061113726e+09|2.950945448e+09|2.000000|2.000000|0.000000
9.749146715e+05|2.617703242e+09|3.028525302e+09|2.908949253e+09|2.000000|2.000000|0.000000
9.808985631e+05|2.607928191e+09|2.991136552e+09|2.860793163e+09|2.000000|2.000000|0.000000
9.879997838e+05|2.596327915e+09|2.946766470e+09|2.803690315e+09|2.000000|2.000000|0.000000
9.956809825e+05|2.571187045e+09|2.898772550e+09|2.741991018e+09|3.000000|2.000000|0.000000
1.002708856e+06|2.550740330e+09|2.854743755e+09|3.207632737e+09|3.000000|3.000000|3.000000
1.007900972e+06|2.534351172e+09|2.822328823e+09|3.166468588e+09|3.000000|3.000000|3.000000
1.012808566e+06|2.517935379e+09|2.791760312e+09|3.127777248e+09|3.000000|3.000000|3.000000
1.018127005e+06|2.499204273e+09|2.758732611e+09|3.086115596e+09|3.000000|3.000000|3.000000
1.024068510e+06|2.477212319e+09|2.721986187e+09|3.039940481e+09|3.000000|3.000000|3.000000
1.031369638e+06|2.448790836e+09|2.677090913e+09|2.983785491e+09|3.000000|3.000000|3.000000
1.038946677e+06|2.417845276e+09|2.630852867e+09|2.926258242e+09|3.000000|3.000000|3.000000
1.046413988e+06|2.386082980e+09|2.585685705e+09|2.870373797e+09|3.000000|3.000000|3.000000
1.051818793e+06|2.362406297e+09|2.553267076e+09|2.830457459e+09|3.000000|3.000000|3.000000
1.056870052e+06|2.339816915e+09|2.523191060e+09|2.793574632e+09|3.000000|3.000000|3.000000
1.062242779e+06|2.315354050e+09|2.491448638e+09|2.754807390e+09|3.000000|3.000000|3.000000
1.068434436e+06|2.286673222e+09|2.455199219e+09|2.710740238e+09|3.000000|3.000000|3.000000
1.075733588e+06|2.252289461e+09|2.412941442e+09|2.659651390e+09|3.000000|3.000000|3.000000
1.083484577e+06|2.215223146e+09|2.368653478e+09|2.606443793e+09|3.000000|3.000000|3.000000
1.090784745e+06|2.179904959e+09|2.327510898e+09|2.557331901e+09|3.000000|3.000000|3.000000
1.096492428e+06|2.152081800e+09|2.295736699e+09|2.519617314e+09|3.000000|3.000000|3.000000
1.101837383e+06|2.125903215e+09|2.266299225e+09|2.484846588e+09|3.000000|3.000000|3.000000
1.106688387e+06|2.102069428e+09|2.239850188e+09|2.453747878e+09|3.000000|3.000000|3.000000
1.112463514e+06|2.073636515e+09|2.208696691e+09|2.417293144e+09|3.000000|3.000000|3.000000
1.118995894e+06|2.041442260e+09|2.173896676e+09|2.376799521e+09|3.000000|3.000000|3.000000
1.125844401e+06|2.007703392e+09|2.137911107e+09|2.335183779e+09|3.000000|3.000000|3.000000
1.132354000e+06|1.975692489e+09|2.104176151e+09|2.296411993e+09|3.000000|3.000000|3.000000
1.138265825e+06|1.946703988e+09|2.073931523e+09|2.261852481e+09|3.000000|3.000000|3.000000
1.144174705e+06|1.917835893e+09|2.044069983e+09|2.227918602e+09|3.000000|3.000000|3.000000
1.149434257e+06|1.892248248e+09|2.017794355e+09|2.198214934e+09|3.000000|3.000000|3.000000
1.154537860e+06|1.867531188e+09|1.992566817e+09|2.169833257e+09|3.000000|3.000000|3.000000
1.160090519e+06|1.840778559e+09|1.965414167e+09|2.139435950e+09|3.000000|3.000000|3.000000
1.165950406e+06|1.812717491e+09|1.937083884e+09|2.107885804e+09|3.000000|3.000000|3.000000
1.172685431e+06|1.780700666e+09|1.904921842e+09|2.072271910e+09|3.000000|3.000000|3.000000
1.178991260e+06|1.750966170e+09|1.875182363e+09|2.039530955e+09|3.000000|3.000000|3.000000
1.184736478e+06|1.724088401e+09|1.848388267e+09|2.010186758e+09|3.000000|3.000000|3.000000
1.190067641e+06|1.699335208e+09|1.823771686e+09|1.983353527e+09|3.000000|3.000000|3.000000
1.195564350e+06|1.674006215e+09|1.798628376e+09|1.956067956e+09|3.000000|3.000000|3.000000
1.201194009e+06|1.648270057e+09|1.773115304e+09|1.928503375e+09|3.000000|3.000000|3.000000
1.206464283e+06|1.624366280e+09|1.749438395e+09|1.903029053e+09|3.000000|3.000000|3.000000
1.212982452e+06|1.595055542e+09|1.720416338e+09|1.871937677e+09|3.000000|3.000000|3.000000
1.218832980e+06|1.568983189e+09|1.694596636e+09|1.844394669e+09|3.000000|3.000000|3.000000
1.224135641e+06|1.545542369e+09|1.671368927e+09|1.819705746e+09|3.000000|3.000000|3.000000
1.229724794e+06|1.521026564e+09|1.647051951e+09|1.793943558e+09|3.000000|3.000000|3.000000
1.235231316e+06|1.497060305e+09|1.623247204e+09|1.768801636e+09|3.000000|3.000000|3.000000
1.240457773e+06|1.474479239e+09|1.600780815e+09|1.745137732e+09|3.000000|3.000000|3.000000
1.245847922e+06|1.451354175e+09|1.577728177e+09|1.720915173e+09|3.000000|3.000000|3.000000
1.250630934e+06|1.430966909e+09|1.557361478e+09|1.699559190e+09|3.000000|3.000000|3.000000
1.256015340e+06|1.408158756e+09|1.534522496e+09|1.675654144e+09|3.000000|3.000000|3.000000
1.262040370e+06|1.382805755e+09|1.509061650e+09|1.649050597e+09|3.000000|3.000000|3.000000
1.267539747e+06|1.359809906e+09|1.485895050e+09|1.624878119e+09|3.000000|3.000000|3.000000
1.273306999e+06|1.335831260e+09|1.461658983e+09|1.599615734e+09|3.000000|3.000000|3.000000
1.278758694e+06|1.313282847e+09|1.438790262e+09|1.575795188e+09|3.000000|3.000000|3.000000
1.283707798e+06|1.292903342e+09|1.418053030e+09|1.554202460e+09|3.000000|3.000000|3.000000
1.288697688e+06|1.272433958e+09|1.397156865e+09|1.532445836e+09|3.000000|3.000000|3.000000
1.294080523e+06|1.250430433e+09|1.374617134e+09|1.508973442e+09|3.000000|3.000000|3.000000
1.299365116e+06|1.228896422e+09|1.352479110e+09|1.485908429e+09|3.000000|3.000000|3.000000
1.304341103e+06|1.208671741e+09|1.331614803e+09|1.464154933e+09|3.000000|3.000000|3.000000
1.309764142e+06|1.186676423e+09|1.308843778e+09|1.440390269e+09|3.000000|3.000000|3.000000
1.315295678e+06|1.164279046e+09|1.285570723e+09|1.416070408e+09|3.000000|3.000000|3.000000
1.320607257e+06|1.142796943e+09|1.263167848e+09|1.392624262e+09|3.000000|3.000000|3.000000
1.326571108e+06|1.118691897e+09|1.237936470e+09|1.366169554e+09|3.000000|3.000000|3.000000
1.331312173e+06|1.099530870e+09|1.217811080e+09|1.345027321e+09|3.000000|3.000000|3.000000
1.336722917e+06|1.077654814e+09|1.194760967e+09|1.320763441e+09|3.000000|3.000000|3.000000
1.341732683e+06|1.057382829e+09|1.173333339e+09|1.298156852e+09|3.000000|3.000000|3.000000
1.346348674e+06|1.038682298e+09|1.153510805e+09|1.277197514e+09|3.000000|3.000000|3.000000
1.351828048e+06|1.016447769e+09|1.129874859e+09|1.252145075e+09|3.000000|3.000000|3.000000
1.357204709e+06|9.945826380e+08|1.106563129e+09|1.227368462e+09|3.000000|3.000000|3.000000
1.361917757e+06|9.753704557e+08|1.086026382e+09|1.205483432e+09|3.000000|3.000000|3.000000
1.367114716e+06|9.541289996e+08|1.063265066e+09|1.181162844e+09|3.000000|3.000000|3.000000
1.372258709e+06|9.330387811e+08|1.040611255e+09|1.156887977e+09|3.000000|3.000000|3.000000
1.377378963e+06|9.119751763e+08|1.017934877e+09|1.132518857e+09|3.000000|3.000000|3.000000
1.382321035e+06|8.915724286e+08|9.959241266e+08|1.108797449e+09|3.000000|3.000000|3.000000
1.387375244e+06|8.706287855e+08|9.732858748e+08|1.084330104e+09|3.000000|3.000000|3.000000
1.392935617e+06|8.474918540e+08|9.482285503e+08|1.057166064e+09|3.000000|3.000000|3.000000
1.397596116e+06|8.280188834e+08|9.271026726e+08|1.034197422e+09|3.000000|3.000000|3.000000
1.402493356e+06|8.074753658e+08|9.047816019e+08|1.009863945e+09|3.000000|3.000000|3.000000
1.407343627e+06|7.870451762e+08|8.825515745e+08|9.855640093e+08|3.000000|3.000000|3.000000
1.412334795e+06|7.659336971e+08|8.595489187e+08|9.603519021e+08|3.000000|3.000000|3.000000
1.417377828e+06|7.445123646e+08|8.361783289e+08|9.346679099e+08|3.000000|3.000000|3.000000
1.422355914e+06|7.232786085e+08|8.129842358e+08|9.091116118e+08|3.000000|3.000000|3.000000
1.427373504e+06|7.017894191e+08|7.894843728e+08|8.831534884e+08|3.000000|3.000000|3.000000
1.432501669e+06|6.797394724e+08|7.653448934e+08|8.564236477e+08|3.000000|3.000000|3.000000
1.437542866e+06|6.579815974e+08|7.415002404e+08|8.299585252e+08|3.000000|3.000000|3.000000
1.441965895e+06|6.388289201e+08|7.204909233e+08|8.065921570e+08|3.000000|3.000000|3.000000
1.446410275e+06|6.195290411e+08|6.993019160e+08|7.829828286e+08|3.000000|3.000000|3.000000
1.450708564e+06|6.008160292e+08|6.787399687e+08|7.600333188e+08|3.000000|3.000000|3.000000
1.455228139e+06|5.810949499e+08|6.570519692e+08|7.357883979e+08|3.000000|3.000000|3.000000
1.460348578e+06|5.587051823e+08|6.324059217e+08|7.081925751e+08|3.000000|3.000000|3.000000
1.465137065e+06|5.377314611e+08|6.092955719e+08|6.822778594e+08|3.000000|3.000000|3.000000
1.471671619e+06|5.090738550e+08|5.776805772e+08|6.467743855e+08|3.000000|3.000000|3.000000
1.477469142e+06|4.836355332e+08|5.495775172e+08|6.151729899e+08|3.000000|3.000000|3.000000
1.483636498e+06|4.565883987e+08|5.196520701e+08|5.814895842e+08|3.000000|3.000000|3.000000
1.488593344e+06|4.348812424e+08|4.955975867e+08|5.543976271e+08|3.000000|3.000000|3.000000
1.492122451e+06|4.194541600e+08|4.784799881e+08|5.351132861e+08|3.000000|3.000000|3.000000
1.495281256e+06|4.056717907e+08|4.631702906e+08|5.178643207e+08|3.000000|3.000000|3.000000
1.498729553e+06|3.906607583e+08|4.464760169e+08|4.990562043e+08|3.000000|3.000000|3.000000
1.502009651e+06|3.764216869e+08|4.306197002e+08|4.811951878e+08|3.000000|3.000000|3.000000
1.506392158e+06|3.574690032e+08|4.094804372e+08|4.573919752e+08|3.000000|3.000000|3.000000
1.512769805e+06|3.300668558e+08|3.788397942e+08|4.229187806e+08|3.000000|3.000000|3.000000
1.519314195e+06|3.022200630e+08|3.475936810e+08|3.878177380e+08|3.000000|3.000000|3.000000
1.524290061e+06|2.812704717e+08|3.240026145e+08|3.613658848e+08|3.000000|3.000000|3.000000
1.530098056e+06|2.571052687e+08|2.966856876e+08|3.308061514e+08|3.000000|3.000000|3.000000
1.544851030e+06|1.974634355e+08|2.286530090e+08|2.551557296e+08|3.000000|3.000000|3.000000
1.549113755e+06|1.807934173e+08|2.094397528e+08|2.339494943e+08|3.000000|3.000000|3.000000
1.551390624e+06|1.720093403e+08|1.992726208e+08|2.227632136e+08|3.000000|3.000000|3.000000
1.553686189e+06|1.632428329e+08|1.890934426e+08|2.115907037e+08|3.000000|3.000000|3.000000
1.555431566e+06|1.566402412e+08|1.814040416e+08|2.031701013e+08|3.000000|3.000000|3.000000
1.556887871e+06|1.511741901e+08|1.750225049e+08|1.961950017e+08|3.000000|3.000000|3.000000
1.558572728e+06|1.449006464e+08|1.676796769e+08|1.881848756e+08|3.000000|3.000000|3.000000
1.560690741e+06|1.370934191e+08|1.585123950e+08|1.782093742e+08|3.000000|3.000000|3.000000
1.564077733e+06|1.248000681e+08|1.440058772e+08|1.624847915e+08|3.000000|3.000000|3.000000
1.569330694e+06|1.062309305e+08|1.219054176e+08|1.386892801e+08|3.000000|3.000000|3.000000
1.573931551e+06|9.050256235e+07|1.029778805e+08|1.184874638e+08|3.000000|3.000000|3.000000
1.578636662e+06|7.497847194e+07|8.407113571e+07|9.849886661e+07|3.000000|3.000000|3.000000
1.582259728e+06|6.343850225e+07|6.984449470e+07|8.360317699e+07|3.000000|3.000000|3.000000
1.584931652e+06|5.517239597e+07|5.954865243e+07|7.291097208e+07|3.000000|3.000000|3.000000
1.587941564e+06|4.612110900e+07|4.815925389e+07|6.117870778e+07|3.000000|3.000000|3.000000
1.593221905e+06|3.094628536e+07|2.874286048e+07|4.144146836e+07|3.000000|3.000000|3.000000
