#RRR|P25fit|P50fit|P75fit|P25model|P50model|P75model
8.039209287e+04|7.897904382e+09|8.021790312e+09|8.139752572e+09|0.000000|0.000000|0.000000
1.219112208e+05|7.883004182e+09|7.969999206e+09|8.054009988e+09|0.000000|0.000000|0.000000
1.450779361e+05|7.861713079e+09|7.933888545e+09|8.003698201e+09|0.000000|0.000000|0.000000
1.626510515e+05|7.839755935e+09|7.902936414e+09|7.963887164e+09|0.000000|0.000000|0.000000
1.763878500e+05|7.819246910e+09|7.876561277e+09|7.931606952e+09|0.000000|0.000000|0.000000
1.897825786e+05|7.796514817e+09|7.848974568e+09|7.899039364e+09|0.000000|0.000000|0.000000
2.017480596e+05|7.773989532e+09|7.822753536e+09|7.868959234e+09|0.000000|0.000000|0.000000
2.127454631e+05|7.751486955e+09|7.797327916e+09|7.840434844e+09|0.000000|0.000000|0.000000
2.236324165e+05|7.727551259e+09|7.770896048e+09|7.811321995e+09|0.000000|0.000000|0.000000
2.336586273e+05|7.704078338e+09|7.745435468e+09|7.783704136e+09|0.000000|0.000000|0.000000
2.435919227e+05|7.679497553e+09|7.719146317e+09|7.755547582e+09|0.000000|0.000000|0.000000
2.533253184e+05|7.654154954e+09|7.692352424e+09|7.727162408e+09|0.000000|0.000000|0.000000
2.620537200e+05|7.630388953e+09|7.667450332e+09|7.701017245e+09|0.000000|0.000000|0.000000
2.704506591e+05|7.606611379e+09|7.642709819e+09|7.675231395e+09|0.000000|0.000000|0.000000
2.791563551e+05|7.581026252e+09|7.616244558e+09|7.647825332e+09|0.000000|0.000000|0.000000
2.879133314e+05|7.554344687e+09|7.588783293e+09|7.619551973e+09|0.000000|0.000000|0.000000
2.956230435e+05|7.530078578e+09|7.563906499e+09|7.594061987e+09|0.000000|0.000000|0.000000
3.036684737e+05|7.503990387e+09|7.537245902e+09|7.566854215e+09|0.000000|0.000000|0.000000
3.111686683e+05|7.478973319e+09|7.511746167e+09|7.540922308e+09|0.000000|0.000000|0.000000
3.189146755e+05|7.452437297e+09|7.484755084e+09|7.513556749e+09|0.000000|0.000000|0.000000
3.260612847e+05|7.427330153e+09|7.459260706e+09|7.487775860e+09|0.000000|0.000000|0.000000
3.332429989e+05|7.401500691e+09|7.433067955e+09|7.461347037e+09|0.000000|0.000000|0.000000
3.401701088e+05|7.376022080e+09|7.407258759e+09|7.435354922e+09|0.000000|0.000000|0.000000
3.468468220e+05|7.350942891e+09|7.381875474e+09|7.409833154e+09|0.000000|0.000000|0.000000
3.539038266e+05|7.323881967e+09|7.354504968e+09|7.382352872e+09|0.000000|0.000000|0.000000
3.603680249e+05|7.298597863e+09|7.328945093e+09|7.356722354e+09|0.000000|0.000000|0.000000
3.669616346e+05|7.272320900e+09|7.302392078e+09|7.330123932e+09|0.000000|0.000000|0.000000
3.731649731e+05|7.247152299e+09|7.276966746e+09|7.304678164e+09|0.000000|0.000000|0.000000
3.792847731e+05|7.221899466e+09|7.251462036e+09|7.279172496e+09|0.000000|0.000000|0.000000
3.853002900e+05|7.196668488e+09|7.225983735e+09|7.253710156e+09|0.000000|0.000000|0.000000
3.916073879e+05|7.169780692e+09|7.198836019e+09|7.226595531e+09|0.000000|0.000000|0.000000
3.972346101e+05|7.145417100e+09|7.174239480e+09|7.202041412e+09|0.000000|0.000000|0.000000
4.034733955e+05|7.117993814e+09|7.146556454e+09|7.174418403e+09|0.000000|0.000000|0.000000
4.091847762e+05|7.092509423e+09|7.120832857e+09|7.148760764e+09|0.000000|0.000000|0.000000
4.147449790e+05|7.067351418e+09|7.095440810e+09|7.123442285e+09|0.000000|0.000000|0.000000
4.204019688e+05|7.041402988e+09|7.069253414e+09|7.097338592e+09|0.000000|0.000000|0.000000
4.263816434e+05|7.013587750e+09|7.041185236e+09|7.069368034e+09|0.000000|0.000000|0.000000
4.321039177e+05|6.986597472e+09|7.013953353e+09|7.042237949e+09|0.000000|0.000000|0.000000
4.373253597e+05|6.961651349e+09|6.988787972e+09|7.017172361e+09|0.000000|0.000000|0.000000
4.424002433e+05|6.937114109e+09|6.964039579e+09|6.992527150e+09|0.000000|0.000000|0.000000
4.474962123e+05|6.912185458e+09|6.938901780e+09|6.967499060e+09|0.000000|0.000000|0.000000
4.530334922e+05|6.884768469e+09|6.911262052e+09|6.939985518e+09|0.000000|0.000000|0.000000
4.580666596e+05|6.859549045e+09|6.885845515e+09|6.914690106e+09|0.000000|0.000000|0.000000
4.633617619e+05|6.832709492e+09|6.858805541e+09|6.887784384e+09|0.000000|0.000000|0.000000
4.687708501e+05|6.804965430e+09|6.830865784e+09|6.859989310e+09|0.000000|0.000000|0.000000
4.734285114e+05|6.780810072e+09|6.806550681e+09|6.835805219e+09|0.000000|0.000000|0.000000
4.782491378e+05|6.755549924e+09|6.781135210e+09|6.810531978e+09|0.000000|0.000000|0.000000
4.830756060e+05|6.729993617e+09|6.755435138e+09|6.784981492e+09|0.000000|0.000000|0.000000
4.880763967e+05|6.703232856e+09|6.728539592e+09|6.758249042e+09|0.000000|0.000000|0.000000
4.928538551e+05|6.677398559e+09|6.702591792e+09|6.732465319e+09|0.000000|0.000000|0.000000
4.978723036e+05|6.649977067e+09|6.675069152e+09|6.705124394e+09|0.000000|0.000000|0.000000
5.028094493e+05|6.622714450e+09|6.647727225e+09|6.677971329e+09|0.000000|0.000000|0.000000
5.071004542e+05|6.598788734e+09|6.623750587e+09|6.654167585e+09|0.000000|0.000000|0.000000
5.113028661e+05|6.575147705e+09|6.600077467e+09|6.630672243e+09|0.000000|0.000000|0.000000
5.161866871e+05|6.547411817e+09|6.572328389e+09|6.603141034e+09|0.000000|0.000000|0.000000
5.210031915e+05|6.519781341e+09|6.544712563e+09|6.575752818e+09|0.000000|0.000000|0.000000
5.253731801e+05|6.494473057e+09|6.519443402e+09|6.550701932e+09|0.000000|0.000000|0.000000
5.299751797e+05|6.467573524e+09|6.492613798e+09|6.524115168e+09|0.000000|0.000000|0.000000
5.342658880e+05|6.442263397e+09|6.467397414e+09|6.499138010e+09|0.000000|0.000000|0.000000
5.386608138e+05|6.416106852e+09|6.441367516e+09|6.473366828e+09|0.000000|0.000000|0.000000
5.430808295e+05|6.389563063e+09|6.414984514e+09|6.447258898e+09|0.000000|0.000000|0.000000
5.472537079e+05|6.364283076e+09|6.389889105e+09|6.422437743e+09|0.000000|0.000000|0.000000
5.517918336e+05|6.336545831e+09|6.362391069e+09|6.395255035e+09|0.000000|0.000000|0.000000
5.562448291e+05|6.309079572e+09|6.335200937e+09|6.368392678e+09|0.000000|0.000000|0.000000
5.604462561e+05|6.282936980e+09|6.309358764e+09|6.342877457e+09|0.000000|0.000000|0.000000
5.648143117e+05|6.255521187e+09|6.282298764e+09|6.316176662e+09|0.000000|0.000000|0.000000
5.688947219e+05|6.229691558e+09|6.256843719e+09|6.291075928e+09|0.000000|0.000000|0.000000
5.729292073e+05|6.203942977e+09|6.231507716e+09|6.266109031e+09|0.000000|0.000000|0.000000
5.771004099e+05|6.177101107e+09|6.205138765e+09|6.240142357e+09|0.000000|0.000000|0.000000
5.814921651e+05|6.148595648e+09|6.177184738e+09|6.212635778e+09|0.000000|0.000000|0.000000
5.852686880e+05|6.123881571e+09|6.152990854e+09|6.188847252e+09|0.000000|0.000000|0.000000
5.892540319e+05|6.097596995e+09|6.127303511e+09|6.163609339e+09|0.000000|0.000000|0.000000
5.934601787e+05|6.069627319e+09|6.100020326e+09|6.136825743e+09|0.000000|0.000000|0.000000
5.971428265e+05|6.044944373e+09|6.075987842e+09|6.113252943e+09|0.000000|0.000000|0.000000
6.014304422e+05|6.015976204e+09|6.047837636e+09|6.085665347e+09|0.000000|0.000000|0.000000
6.053609210e+05|5.989201464e+09|6.021872431e+09|6.060242946e+09|0.000000|0.000000|0.000000
6.088108740e+05|5.965525780e+09|5.998956251e+09|6.037825444e+09|0.000000|0.000000|0.000000
6.128818057e+05|5.937377357e+09|5.971765146e+09|6.011250612e+09|0.000000|0.000000|0.000000
6.167540454e+05|5.910388993e+09|5.945751058e+09|5.985851805e+09|0.000000|0.000000|0.000000
6.209127918e+05|5.881169707e+09|5.917649988e+09|5.958444448e+09|0.000000|0.000000|0.000000
6.247400767e+05|5.854063328e+09|5.891640923e+09|5.933105137e+09|0.000000|0.000000|0.000000
6.284007909e+05|5.827941451e+09|5.866631996e+09|5.908766008e+09|0.000000|0.000000|0.000000
6.323302388e+05|5.799687854e+09|5.839644430e+09|5.882530367e+09|0.000000|0.000000|0.000000
6.359997753e+05|5.773101307e+09|5.814309157e+09|5.857929216e+09|0.000000|0.000000|0.000000
6.393823054e+05|5.748420227e+09|5.790842404e+09|5.835167440e+09|0.000000|0.000000|0.000000
6.430232097e+05|5.721665970e+09|5.765462560e+09|5.810577746e+09|0.000000|0.000000|0.000000
6.468594959e+05|5.693263548e+09|5.738586173e+09|5.784570224e+09|0.000000|0.000000|0.000000
6.508927935e+05|5.663165467e+09|5.710181442e+09|5.757120568e+09|0.000000|0.000000|0.000000
6.547356940e+05|5.634260193e+09|5.682977149e+09|5.730867317e+09|0.000000|0.000000|0.000000
6.581391249e+05|5.608473149e+09|5.658770104e+09|5.707537114e+09|0.000000|0.000000|0.000000
6.614670655e+05|5.583086564e+09|5.634997161e+09|5.684653922e+09|0.000000|0.000000|0.000000
6.648415549e+05|5.557170408e+09|5.610788417e+09|5.661380986e+09|0.000000|0.000000|0.000000
6.687586270e+05|5.526865091e+09|5.582557447e+09|5.634280012e+09|0.000000|0.000000|0.000000
6.720808304e+05|5.500973570e+09|5.558505178e+09|5.611224035e+09|0.000000|0.000000|0.000000
6.753754173e+05|5.475125000e+09|5.534554953e+09|5.588297171e+09|0.000000|0.000000|0.000000
6.789731840e+05|5.446700247e+09|5.508290006e+09|5.563191084e+09|0.000000|0.000000|0.000000
6.830001207e+05|5.414638140e+09|5.478755681e+09|5.535006526e+09|0.000000|0.000000|0.000000
6.864059949e+05|5.387315792e+09|5.453664679e+09|5.511101812e+09|0.000000|0.000000|0.000000
6.898834001e+05|5.359224048e+09|5.427941787e+09|5.486633579e+09|0.000000|0.000000|0.000000
6.939074448e+05|5.326467602e+09|5.398043842e+09|5.458243868e+09|0.000000|0.000000|0.000000
6.971466929e+05|5.299904018e+09|5.373874976e+09|5.435334204e+09|0.000000|0.000000|0.000000
7.004371747e+05|5.272740240e+09|5.349231451e+09|5.412012088e+09|0.000000|0.000000|0.000000
7.036965772e+05|5.245652735e+09|5.324729440e+09|5.388862042e+09|0.000000|0.000000|0.000000
7.072296754e+05|5.216115498e+09|5.298068038e+09|5.363715707e+09|1.000000|0.000000|0.000000
7.104795071e+05|5.188642140e+09|5.273451191e+09|5.340539099e+09|1.000000|0.000000|0.000000
7.136358174e+05|5.161959391e+09|5.249457966e+09|5.317988470e+09|1.000000|0.000000|0.000000
7.168830562e+05|5.134507953e+09|5.224686895e+09|5.294747628e+09|1.000000|0.000000|0.000000
7.203224178e+05|5.105432351e+09|5.198355054e+09|5.270088685e+09|1.000000|0.000000|0.000000
7.236622749e+05|5.077197938e+09|5.172691940e+09|5.246102587e+09|1.000000|0.000000|0.000000
7.275536125e+05|5.044301430e+09|5.142676478e+09|5.218107917e+09|1.000000|0.000000|0.000000
7.308172178e+05|5.016711633e+09|5.117408379e+09|5.194591433e+09|1.000000|0.000000|0.000000
7.340874752e+05|4.989065601e+09|5.092002866e+09|5.170994300e+09|1.000000|0.000000|0.000000
7.369456874e+05|4.964902907e+09|5.069728443e+09|5.150344920e+09|1.000000|0.000000|0.000000
7.402803786e+05|4.936712166e+09|5.043658863e+09|5.126224859e+09|1.000000|0.000000|0.000000
7.435316749e+05|4.909226426e+09|5.018156927e+09|5.102680371e+09|1.000000|0.000000|0.000000
7.467114811e+05|4.882345048e+09|4.993135808e+09|5.079628934e+09|1.000000|0.000000|0.000000
7.501877925e+05|4.852957080e+09|4.965691824e+09|5.054402157e+09|1.000000|0.000000|0.000000
7.534538326e+05|4.825346700e+09|4.939823102e+09|5.030678576e+09|1.000000|0.000000|0.000000
7.564399728e+05|4.800102531e+09|4.916100046e+09|5.008970494e+09|1.000000|0.000000|0.000000
7.594619207e+05|4.774555653e+09|4.892023716e+09|4.986986497e+09|1.000000|0.000000|0.000000
7.622276787e+05|4.751174546e+09|4.869928268e+09|4.966853745e+09|1.000000|0.000000|0.000000
7.652929794e+05|4.725261172e+09|4.845373049e+09|4.944528055e+09|1.000000|0.000000|0.000000
7.688257936e+05|4.695395542e+09|4.816986360e+09|4.918783047e+09|1.000000|0.000000|0.000000
7.718372631e+05|4.669937246e+09|4.792716349e+09|4.896827011e+09|1.000000|0.000000|0.000000
7.747728431e+05|4.645120501e+09|4.768994339e+09|4.875416733e+09|1.000000|0.000000|0.000000
7.786164238e+05|4.612627721e+09|4.737840796e+09|4.847375255e+09|1.000000|0.000000|0.000000
7.822345722e+05|4.582040695e+09|4.708417873e+09|4.820972028e+09|1.000000|0.000000|0.000000
7.854331867e+05|4.555000316e+09|4.682329376e+09|4.797627392e+09|1.000000|0.000000|0.000000
7.888665388e+05|4.525975517e+09|4.654246431e+09|4.772568787e+09|1.000000|0.000000|0.000000
7.921603625e+05|4.498130259e+09|4.627227753e+09|4.748529971e+09|1.000000|0.000000|0.000000
7.948481363e+05|4.475408414e+09|4.605125043e+09|4.728916750e+09|1.000000|0.000000|0.000000
7.977563879e+05|4.450822699e+09|4.581153707e+09|4.707698697e+09|1.000000|0.000000|0.000000
8.004750054e+05|4.427840108e+09|4.558693663e+09|4.687869269e+09|1.000000|0.000000|0.000000
8.034242478e+05|4.402907865e+09|4.534272218e+09|4.666364706e+09|1.000000|0.000000|0.000000
8.063436442e+05|4.378227934e+09|4.510040950e+09|4.645086487e+09|1.000000|0.000000|0.000000
8.093246275e+05|4.353027361e+09|4.485240567e+09|4.623369959e+09|1.000000|0.000000|0.000000
8.123951987e+05|4.327069431e+09|4.459634235e+09|4.601013693e+09|1.000000|0.000000|0.000000
8.157810815e+05|4.298445927e+09|4.431327847e+09|4.576379070e+09|1.000000|0.000000|0.000000
8.190401721e+05|4.270894296e+09|4.404012282e+09|4.552686392e+09|1.000000|0.000000|0.000000
8.223069763e+05|4.243277456e+09|4.376564731e+09|4.528959047e+09|1.000000|0.000000|0.000000
8.259812010e+05|4.212216373e+09|4.345614443e+09|4.502300962e+09|1.000000|0.000000|0.000000
8.288838613e+05|4.187677926e+09|4.321104619e+09|4.481264238e+09|1.000000|0.000000|0.000000
8.321047811e+05|4.160448982e+09|4.293847291e+09|4.457947187e+09|1.000000|0.000000|0.000000
8.356400093e+05|4.130562945e+09|4.263858117e+09|4.432389095e+09|1.000000|0.000000|0.000000
8.393578332e+05|4.099133285e+09|4.232239781e+09|4.405552819e+09|1.000000|0.000000|0.000000
8.434626179e+05|4.064432343e+09|4.197236382e+09|4.375977360e+09|1.000000|0.000000|0.000000
8.468633518e+05|4.035683290e+09|4.168163000e+09|4.351520857e+09|1.000000|0.000000|0.000000
8.497969964e+05|4.010882908e+09|4.143029884e+09|4.330459296e+09|1.000000|0.000000|0.000000
8.524737319e+05|3.988254379e+09|4.120055488e+09|4.311272705e+09|1.000000|0.000000|0.000000
8.553570225e+05|3.963879678e+09|4.095263633e+09|4.290639730e+09|1.000000|0.000000|0.000000
8.582343897e+05|3.939555052e+09|4.070477142e+09|4.270086126e+09|1.000000|0.000000|0.000000
8.612423707e+05|3.914126246e+09|4.044517447e+09|4.248640853e+09|1.000000|0.000000|0.000000
8.641171485e+05|3.889823510e+09|4.019662004e+09|4.228186487e+09|1.000000|0.000000|0.000000
8.669587649e+05|3.865801114e+09|3.995050300e+09|4.208009376e+09|1.000000|0.000000|0.000000
8.697894490e+05|3.841871137e+09|3.970491349e+09|4.187952371e+09|1.000000|0.000000|0.000000
8.738649553e+05|3.807417708e+09|3.935059941e+09|4.159152885e+09|1.000000|0.000000|0.000000
8.793626494e+05|3.760941418e+09|3.887131645e+09|4.120456976e+09|1.000000|0.000000|0.000000
8.851383681e+05|3.712114771e+09|3.836619400e+09|4.080006334e+09|1.000000|0.000000|0.000000
8.885494865e+05|3.683277931e+09|3.806711863e+09|4.056219366e+09|1.000000|0.000000|0.000000
8.905269712e+05|3.666560712e+09|3.789348870e+09|4.042466179e+09|1.000000|0.000000|0.000000
8.924432478e+05|3.650360934e+09|3.772505976e+09|4.029164959e+09|1.000000|0.000000|0.000000
8.945565614e+05|3.632495448e+09|3.753911684e+09|4.014526704e+09|1.000000|0.000000|0.000000
8.968483192e+05|3.613121435e+09|3.733724403e+09|3.998689557e+09|1.000000|0.000000|0.000000
8.993690023e+05|3.591812137e+09|3.711493410e+09|3.981316124e+09|1.000000|0.000000|0.000000
9.014627781e+05|3.574111820e+09|3.693006126e+09|3.966922347e+09|1.000000|0.000000|0.000000
9.035563856e+05|3.556412926e+09|3.674501186e+09|3.952564296e+09|1.000000|0.000000|0.000000
9.055547264e+05|3.539519395e+09|3.656820650e+09|3.938892494e+09|1.000000|0.000000|0.000000
9.076861446e+05|3.521500857e+09|3.637943946e+09|3.924346369e+09|1.000000|0.000000|0.000000
9.092749094e+05|3.508069790e+09|3.623860756e+09|3.913528358e+09|1.000000|0.000000|0.000000
9.109665660e+05|3.493768900e+09|3.608853955e+09|3.902033346e+09|1.000000|0.000000|0.000000
9.133228005e+05|3.473849815e+09|3.587932014e+09|3.886063712e+09|1.000000|0.000000|0.000000
9.174884221e+05|3.438634571e+09|3.550888882e+09|3.857951274e+09|1.000000|0.000000|0.000000
9.257761929e+05|3.368571591e+09|3.476987261e+09|3.802498124e+09|1.000000|0.000000|0.000000
9.362927025e+05|3.279667345e+09|3.382845383e+09|3.733110829e+09|1.000000|0.000000|0.000000
9.436502030e+05|3.217468664e+09|3.316754036e+09|3.685264496e+09|1.000000|0.000000|0.000000
9.475581149e+05|3.184432041e+09|3.281577780e+09|3.660098168e+09|1.000000|0.000000|0.000000
9.507805802e+05|3.157190033e+09|3.252535358e+09|3.639479688e+09|1.000000|0.000000|0.000000
9.539300773e+05|3.130564880e+09|3.224120018e+09|3.619447789e+09|1.000000|0.000000|0.000000
9.575063868e+05|3.100331551e+09|4.480556220e+09|4.719210578e+09|1.000000|3.000000|3.000000
9.611275115e+05|3.069719365e+09|4.422570965e+09|4.668623519e+09|1.000000|3.000000|3.000000
9.645039312e+05|3.041175860e+09|4.369483452e+09|4.622133669e+09|1.000000|3.000000|3.000000
9.671316589e+05|3.018961631e+09|4.328810596e+09|4.586397735e+09|1.000000|3.000000|3.000000
9.705024624e+05|2.990465603e+09|4.277446624e+09|4.541116995e+09|1.000000|3.000000|3.000000
9.760445543e+05|2.943613984e+09|4.194936509e+09|4.468009496e+09|1.000000|3.000000|3.000000
9.842637584e+05|2.874130652e+09|4.076877212e+09|4.362560447e+09|1.000000|3.000000|3.000000
9.918534947e+05|2.809968700e+09|3.972255359e+09|4.268217043e+09|1.000000|3.000000|3.000000
9.963814632e+05|2.771690256e+09|3.911775305e+09|4.213265772e+09|1.000000|3.000000|3.000000
1.000762040e+06|2.734657831e+09|3.854599589e+09|4.161022133e+09|1.000000|3.000000|3.000000
1.004376006e+06|2.704106157e+09|3.808395628e+09|4.118585486e+09|1.000000|3.000000|3.000000
1.007749271e+06|2.675589326e+09|3.766040221e+09|4.079505493e+09|1.000000|3.000000|3.000000
1.010304039e+06|3.397295009e+09|3.734448650e+09|4.050242474e+09|3.000000|3.000000|3.000000
1.013050838e+06|3.359295608e+09|3.700942712e+09|4.019096241e+09|3.000000|3.000000|3.000000
1.015979797e+06|3.319781982e+09|3.665731878e+09|3.986239936e+09|3.000000|3.000000|3.000000
1.018956760e+06|3.280658050e+09|3.630481803e+09|3.953214859e+09|3.000000|3.000000|3.000000
1.022320012e+06|3.237681710e+09|3.591298373e+09|3.916344941e+09|3.000000|3.000000|3.000000
1.025993621e+06|3.192180303e+09|3.549260778e+09|3.876596477e+09|3.000000|3.000000|3.000000
1.029521979e+06|3.149849931e+09|3.509618558e+09|3.838924047e+09|3.000000|3.000000|3.000000
1.033526912e+06|3.103376293e+09|3.465473321e+09|3.796749235e+09|3.000000|3.000000|3.000000
1.037821210e+06|3.055337855e+09|3.419120793e+09|3.752203741e+09|3.000000|3.000000|3.000000
1.042136362e+06|3.008862806e+09|3.373541440e+09|3.708130070e+09|3.000000|3.000000|3.000000
1.046178304e+06|2.966899407e+09|3.331732519e+09|3.667457332e+09|3.000000|3.000000|3.000000
1.051512563e+06|2.913741902e+09|3.277829730e+09|3.614660480e+09|3.000000|3.000000|3.000000
1.056657783e+06|2.864752530e+09|3.227169484e+09|3.564656879e+09|3.000000|3.000000|3.000000
1.061014259e+06|2.824941427e+09|3.185266836e+09|3.523006392e+09|3.000000|3.000000|3.000000
1.065907809e+06|2.781958918e+09|3.139250159e+09|3.476952326e+09|3.000000|3.000000|3.000000
1.071283777e+06|2.736751548e+09|3.089940434e+09|3.427224728e+09|3.000000|3.000000|3.000000
1.076123752e+06|2.697759088e+09|3.046624831e+09|3.383208553e+09|3.000000|3.000000|3.000000
1.080220611e+06|2.665953484e+09|3.010733365e+09|3.346493014e+09|3.000000|3.000000|3.000000
1.084262858e+06|2.635599286e+09|2.975995875e+09|3.310742174e+09|3.000000|3.000000|3.000000
1.088220761e+06|2.606822818e+09|2.942616075e+09|3.276183996e+09|3.000000|3.000000|3.000000
1.092339753e+06|2.577821862e+09|2.908524815e+09|3.240677648e+09|3.000000|3.000000|3.000000
1.096235103e+06|2.551242852e+09|2.876875532e+09|3.207519301e+09|3.000000|3.000000|3.000000
1.100818427e+06|2.520972101e+09|2.840351296e+09|3.169015057e+09|3.000000|3.000000|3.000000
1.106076218e+06|2.487508088e+09|2.799374252e+09|3.125506244e+09|3.000000|3.000000|3.000000
1.110979088e+06|2.457443880e+09|2.762020924e+09|3.085553429e+09|3.000000|3.000000|3.000000
1.116224604e+06|2.426418579e+09|2.722940726e+09|3.043450424e+09|3.000000|3.000000|3.000000
1.120587257e+06|2.401456209e+09|2.691110092e+09|3.008925247e+09|3.000000|3.000000|3.000000
1.124837777e+06|2.377824555e+09|2.660665166e+09|2.975705462e+09|3.000000|3.000000|3.000000
1.128659552e+06|2.357124049e+09|2.633755126e+09|2.946180458e+09|3.000000|3.000000|3.000000
1.132848688e+06|2.334994741e+09|2.604747998e+09|2.914182884e+09|3.000000|3.000000|3.000000
1.136801415e+06|2.314621007e+09|2.577833532e+09|2.884333639e+09|3.000000|3.000000|3.000000
1.140392601e+06|2.296512355e+09|2.553753217e+09|2.857496627e+09|3.000000|3.000000|3.000000
1.143944142e+06|2.278958199e+09|2.530277700e+09|2.831214496e+09|3.000000|3.000000|3.000000
1.148024321e+06|2.259200638e+09|2.503712141e+09|2.801331165e+09|3.000000|3.000000|3.000000
1.152459688e+06|2.238187334e+09|2.475309145e+09|2.769215028e+09|3.000000|3.000000|3.000000
1.156914040e+06|2.217535445e+09|2.447266000e+09|2.737338641e+09|3.000000|3.000000|3.000000
1.161927387e+06|2.194789349e+09|2.416259692e+09|2.701902646e+09|3.000000|3.000000|3.000000
1.166322690e+06|2.175244552e+09|2.389542525e+09|2.671209489e+09|3.000000|3.000000|3.000000
1.170251027e+06|2.158063828e+09|2.366019635e+09|2.644066080e+09|3.000000|3.000000|3.000000
1.174553035e+06|2.139534277e+09|2.340631217e+09|2.614646430e+09|3.000000|3.000000|3.000000
1.178696532e+06|2.121945443e+09|2.316533400e+09|2.586606255e+09|3.000000|3.000000|3.000000
1.182782464e+06|2.104826345e+09|2.293099696e+09|2.559233289e+09|3.000000|3.000000|3.000000
1.186642867e+06|2.088838780e+09|2.271249622e+09|2.533619141e+09|3.000000|3.000000|3.000000
1.190945920e+06|2.071210644e+09|2.247214781e+09|2.505345841e+09|3.000000|3.000000|3.000000
1.194948444e+06|2.054977023e+09|2.225151313e+09|2.479304624e+09|3.000000|3.000000|3.000000
1.199243665e+06|2.037711320e+09|2.201776662e+09|2.451629136e+09|3.000000|3.000000|3.000000
1.203553470e+06|2.020528436e+09|2.178625397e+09|2.424134711e+09|3.000000|3.000000|3.000000
1.207310790e+06|2.005648695e+09|2.158680181e+09|2.400384994e+09|3.000000|3.000000|3.000000
1.211758885e+06|1.988136696e+09|2.135343968e+09|2.372528482e+09|3.000000|3.000000|3.000000
1.215864020e+06|1.972058583e+09|2.114062331e+09|2.347064407e+09|3.000000|3.000000|3.000000
1.220124439e+06|1.955441451e+09|2.092224391e+09|2.320880238e+09|3.000000|3.000000|3.000000
1.224313824e+06|1.939155592e+09|2.070987688e+09|2.295369220e+09|3.000000|3.000000|3.000000
1.227900326e+06|1.925245783e+09|2.052986640e+09|2.273712228e+09|3.000000|3.000000|3.000000
1.231978621e+06|1.909454179e+09|2.032710614e+09|2.249286598e+09|3.000000|3.000000|3.000000
1.236096495e+06|1.893526094e+09|2.012438418e+09|2.224836990e+09|3.000000|3.000000|3.000000
1.239971204e+06|1.878544395e+09|1.993539856e+09|2.202022990e+09|3.000000|3.000000|3.000000
1.243440864e+06|1.865126611e+09|1.976756418e+09|2.181748955e+09|3.000000|3.000000|3.000000
1.247689504e+06|1.848684991e+09|1.956377180e+09|2.157119175e+09|3.000000|3.000000|3.000000
1.251649703e+06|1.833340384e+09|1.937545205e+09|2.134352411e+09|3.000000|3.000000|3.000000
1.256047580e+06|1.816269220e+09|1.916808630e+09|2.109281256e+09|3.000000|3.000000|3.000000
1.259952364e+06|1.801077955e+09|1.898545881e+09|2.087204485e+09|3.000000|3.000000|3.000000
1.263825870e+06|1.785970669e+09|1.880561424e+09|2.065471928e+09|3.000000|3.000000|3.000000
1.267082333e+06|1.773237065e+09|1.865539303e+09|2.047328238e+09|3.000000|3.000000|3.000000
1.271739002e+06|1.754970219e+09|1.844205588e+09|2.021581140e+09|3.000000|3.000000|3.000000
1.276102751e+06|1.737784476e+09|1.824363838e+09|1.997661367e+09|3.000000|3.000000|3.000000
1.279959586e+06|1.722535948e+09|1.806941555e+09|1.976684490e+09|3.000000|3.000000|3.000000
1.283815087e+06|1.707233775e+09|1.789627377e+09|1.955866276e+09|3.000000|3.000000|3.000000
1.287813746e+06|1.691298130e+09|1.771772796e+09|1.934432327e+09|3.000000|3.000000|3.000000
1.291384871e+06|1.677007914e+09|1.755911094e+09|1.915423277e+09|3.000000|3.000000|3.000000
1.294983363e+06|1.662550700e+09|1.740003949e+09|1.896393679e+09|3.000000|3.000000|3.000000
1.298653315e+06|1.647745500e+09|1.723855761e+09|1.877113585e+09|3.000000|3.000000|3.000000
1.302247188e+06|1.633186485e+09|1.708111909e+09|1.858355956e+09|3.000000|3.000000|3.000000
1.305901312e+06|1.618320890e+09|1.692171073e+09|1.839406527e+09|3.000000|3.000000|3.000000
1.309777375e+06|1.602482841e+09|1.675331869e+09|1.819439246e+09|3.000000|3.000000|3.000000
1.314300391e+06|1.583910197e+09|1.655767500e+09|1.796309507e+09|3.000000|3.000000|3.000000
1.318381724e+06|1.567066948e+09|1.638187618e+09|1.775593074e+09|3.000000|3.000000|3.000000
1.322180115e+06|1.551319826e+09|1.621885413e+09|1.756442300e+09|3.000000|3.000000|3.000000
1.326175832e+06|1.534680802e+09|1.604793671e+09|1.736429077e+09|3.000000|3.000000|3.000000
1.329628080e+06|1.520244646e+09|1.590070986e+09|1.719245477e+09|3.000000|3.000000|3.000000
1.333063295e+06|1.505825094e+09|1.575459171e+09|1.702244072e+09|3.000000|3.000000|3.000000
1.336620668e+06|1.490836351e+09|1.560365409e+09|1.684738925e+09|3.000000|3.000000|3.000000
1.340380333e+06|1.474934205e+09|1.544452177e+09|1.666348063e+09|3.000000|3.000000|3.000000
1.344130232e+06|1.459012477e+09|1.528617193e+09|1.648115415e+09|3.000000|3.000000|3.000000
1.348068039e+06|1.442229457e+09|1.512025322e+09|1.629085760e+09|3.000000|3.000000|3.000000
1.351736400e+06|1.426538366e+09|1.496599783e+09|1.611463805e+09|3.000000|3.000000|3.000000
1.355315068e+06|1.411180472e+09|1.481577841e+09|1.594369103e+09|3.000000|3.000000|3.000000
1.358880316e+06|1.395832671e+09|1.466635987e+09|1.577431488e+09|3.000000|3.000000|3.000000
1.362744421e+06|1.379147316e+09|1.450465958e+09|1.559176951e+09|3.000000|3.000000|3.000000
1.366326644e+06|1.363634195e+09|1.435495921e+09|1.542347838e+09|3.000000|3.000000|3.000000
1.369882621e+06|1.348194436e+09|1.420652970e+09|1.525729541e+09|3.000000|3.000000|3.000000
1.373706496e+06|1.331549529e+09|1.404708975e+09|1.507954613e+09|3.000000|3.000000|3.000000
1.377263138e+06|1.316031575e+09|1.389893282e+09|1.491508767e+09|3.000000|3.000000|3.000000
1.381036873e+06|1.299531243e+09|1.374186060e+09|1.474148663e+09|3.000000|3.000000|3.000000
1.384708204e+06|1.283446967e+09|1.358915833e+09|1.457346201e+09|3.000000|3.000000|3.000000
1.387864255e+06|1.269597557e+09|1.345795922e+09|1.442968737e+09|3.000000|3.000000|3.000000
1.391553869e+06|1.253383101e+09|1.330464729e+09|1.426237062e+09|3.000000|3.000000|3.000000
1.395233234e+06|1.237191390e+09|1.315181785e+09|1.409631990e+09|3.000000|3.000000|3.000000
1.399045261e+06|1.220395918e+09|1.299352034e+09|1.392510402e+09|3.000000|3.000000|3.000000
1.403029576e+06|1.202823627e+09|1.282809573e+09|1.374701876e+09|3.000000|3.000000|3.000000
1.406776686e+06|1.186284738e+09|1.267252830e+09|1.358032211e+09|3.000000|3.000000|3.000000
1.409948724e+06|1.172277140e+09|1.254083094e+09|1.343978678e+09|3.000000|3.000000|3.000000
1.413584198e+06|1.156218170e+09|1.238987468e+09|1.327935162e+09|3.000000|3.000000|3.000000
1.417434246e+06|1.139209211e+09|1.222997401e+09|1.311016022e+09|3.000000|3.000000|3.000000
1.420839124e+06|1.124168178e+09|1.208852093e+09|1.296112213e+09|3.000000|3.000000|3.000000
1.424107169e+06|1.109735283e+09|1.195270636e+09|1.281857613e+09|3.000000|3.000000|3.000000
1.427141072e+06|1.096341771e+09|1.182657452e+09|1.268666859e+09|3.000000|3.000000|3.000000
1.430243270e+06|1.082654066e+09|1.169754875e+09|1.255220059e+09|3.000000|3.000000|3.000000
1.433376545e+06|1.068838732e+09|1.156716745e+09|1.241678967e+09|3.000000|3.000000|3.000000
1.436922756e+06|1.053216716e+09|1.141951840e+09|1.226400286e+09|3.000000|3.000000|3.000000
1.441478011e+06|1.033175921e+09|1.122971043e+09|1.206843717e+09|3.000000|3.000000|3.000000
1.445627286e+06|1.014951644e+09|1.105666022e+09|1.189094098e+09|3.000000|3.000000|3.000000
1.449077275e+06|9.998240755e+08|1.091264902e+09|1.174379323e+09|3.000000|3.000000|3.000000
1.452326855e+06|9.855986418e+08|1.077689175e+09|1.160553138e+09|3.000000|3.000000|3.000000
1.455790941e+06|9.704614268e+08|1.063204666e+09|1.145848063e+09|3.000000|3.000000|3.000000
1.459279417e+06|9.552483442e+08|1.048604264e+09|1.131072173e+09|3.000000|3.000000|3.000000
1.462609489e+06|9.407568806e+08|1.034653138e+09|1.116995422e+09|3.000000|3.000000|3.000000
1.466328238e+06|9.246119639e+08|1.019057109e+09|1.101305286e+09|3.000000|3.000000|3.000000
1.469625552e+06|9.103321320e+08|1.005213262e+09|1.087416781e+09|3.000000|3.000000|3.000000
1.473166514e+06|8.950361626e+08|9.903298029e+08|1.072523757e+09|3.000000|3.000000|3.000000
1.476628894e+06|8.801205441e+08|9.757593404e+08|1.057980148e+09|3.000000|3.000000|3.000000
1.479545203e+06|8.675899522e+08|9.634731250e+08|1.045742609e+09|3.000000|3.000000|3.000000
1.482976916e+06|8.528843208e+08|9.489989452e+08|1.031354160e+09|3.000000|3.000000|3.000000
1.486115460e+06|8.394734889e+08|9.357451003e+08|1.018203698e+09|3.000000|3.000000|3.000000
1.490169636e+06|8.222062480e+08|9.186010010e+08|1.001225251e+09|3.000000|3.000000|3.000000
1.493639996e+06|8.074769834e+08|9.039039392e+08|9.866957524e+08|3.000000|3.000000|3.000000
1.496694886e+06|7.945511693e+08|8.909493018e+08|9.739059458e+08|3.000000|3.000000|3.000000
1.499584420e+06|7.823600513e+08|8.786807804e+08|9.618064112e+08|3.000000|3.000000|3.000000
1.502569459e+06|7.698021764e+08|8.659910062e+08|9.493027136e+08|3.000000|3.000000|3.000000
1.505541487e+06|7.573358751e+08|8.533402934e+08|9.368469833e+08|3.000000|3.000000|3.000000
1.508740601e+06|7.439583683e+08|8.397044571e+08|9.234296127e+08|3.000000|3.000000|3.000000
1.512194309e+06|7.295644689e+08|8.249614249e+08|9.089295947e+08|3.000000|3.000000|3.000000
1.515987510e+06|7.138133219e+08|8.087422108e+08|8.929820712e+08|3.000000|3.000000|3.000000
1.520345687e+06|6.957902098e+08|7.900715002e+08|8.746241093e+08|3.000000|3.000000|3.000000
1.525731199e+06|6.736265289e+08|7.669452960e+08|8.518752690e+08|3.000000|3.000000|3.000000
1.530613395e+06|6.536349318e+08|7.459269102e+08|8.311795964e+08|3.000000|3.000000|3.000000
1.534329769e+06|6.384793340e+08|7.298924222e+08|8.153716610e+08|3.000000|3.000000|3.000000
1.537071310e+06|6.273324883e+08|7.180440093e+08|8.036766663e+08|3.000000|3.000000|3.000000
1.539406119e+06|6.178609934e+08|7.079398597e+08|7.936923340e+08|3.000000|3.000000|3.000000
1.541717724e+06|6.085026303e+08|6.979236658e+08|7.837836510e+08|3.000000|3.000000|3.000000
1.544307242e+06|5.980408492e+08|6.866883256e+08|7.726540908e+08|3.000000|3.000000|3.000000
1.546800153e+06|5.879901828e+08|6.758569974e+08|7.619083857e+08|3.000000|3.000000|3.000000
1.549202370e+06|5.783236356e+08|6.654054564e+08|7.515227987e+08|3.000000|3.000000|3.000000
1.551957242e+06|5.672591719e+08|6.534020898e+08|7.395731723e+08|3.000000|3.000000|3.000000
1.554472696e+06|5.571748842e+08|6.424253142e+08|7.286232296e+08|3.000000|3.000000|3.000000
1.556958682e+06|5.472249988e+08|6.315613311e+08|7.177631697e+08|3.000000|3.000000|3.000000
1.559091691e+06|5.386998401e+08|6.222271898e+08|7.084132007e+08|3.000000|3.000000|3.000000
1.561796839e+06|5.279025438e+08|6.103722142e+08|6.965108690e+08|3.000000|3.000000|3.000000
1.566092012e+06|5.107882442e+08|5.915090685e+08|6.775046412e+08|3.000000|3.000000|3.000000
1.572206822e+06|4.864722101e+08|5.645674122e+08|6.501993269e+08|3.000000|3.000000|3.000000
1.583881276e+06|4.401216713e+08|5.128321196e+08|5.971552351e+08|3.000000|3.000000|3.000000
1.588904305e+06|4.201683803e+08|4.904462065e+08|5.739178057e+08|3.000000|3.000000|3.000000
1.591213727e+06|4.109847761e+08|4.801273122e+08|5.631421682e+08|3.000000|3.000000|3.000000
1.593345147e+06|4.025012534e+08|4.705885788e+08|5.531434145e+08|3.000000|3.000000|3.000000
1.595074902e+06|3.956098646e+08|4.628365564e+08|5.449899693e+08|3.000000|3.000000|3.000000
1.596916232e+06|3.882664264e+08|4.545736641e+08|5.362712372e+08|3.000000|3.000000|3.000000
1.598822323e+06|3.806554240e+08|4.460082518e+08|5.272020568e+08|3.000000|3.000000|3.000000
1.601252106e+06|3.709376889e+08|4.350716929e+08|5.155747429e+08|3.000000|3.000000|3.000000
1.603187827e+06|3.631817678e+08|4.263444228e+08|5.062569461e+08|3.000000|3.000000|3.000000
1.605231080e+06|3.549797456e+08|4.171181721e+08|4.963674070e+08|3.000000|3.000000|3.000000
1.607455078e+06|3.460324817e+08|4.070589985e+08|4.855381949e+08|3.000000|3.000000|3.000000
1.609513832e+06|3.377298473e+08|3.977314037e+08|4.754517366e+08|3.000000|3.000000|3.000000
1.611415480e+06|3.300419895e+08|3.891018964e+08|4.660807913e+08|3.000000|3.000000|3.000000
1.613465705e+06|3.217315272e+08|3.797831922e+08|4.559179415e+08|3.000000|3.000000|3.000000
1.615424100e+06|3.137703507e+08|3.708671621e+08|4.461510090e+08|3.000000|3.000000|3.000000
1.617717860e+06|3.044150848e+08|3.604057500e+08|4.346360340e+08|3.000000|3.000000|3.000000
1.620634152e+06|2.924686764e+08|3.470756711e+08|4.198749098e+08|3.000000|3.000000|3.000000
1.633412181e+06|2.392900362e+08|2.882624981e+08|3.534871253e+08|3.000000|3.000000|3.000000
1.649195235e+06|1.710929592e+08|2.146290108e+08|2.671719829e+08|3.000000|3.000000|3.000000
1.651689836e+06|1.599900128e+08|2.028824658e+08|2.530437325e+08|3.000000|3.000000|3.000000
1.653519542e+06|1.517815902e+08|1.942469581e+08|2.425910783e+08|3.000000|3.000000|3.000000
1.655035727e+06|1.449364637e+08|1.870782475e+08|2.338706407e+08|3.000000|3.000000|3.000000
1.656315738e+06|1.391261403e+08|1.810169806e+08|2.264664251e+08|3.000000|3.000000|3.000000
1.657863412e+06|1.320612503e+08|1.736768461e+08|2.174616587e+08|3.000000|3.000000|3.000000
1.659199402e+06|1.259268694e+08|1.673305116e+08|2.096418995e+08|3.000000|3.000000|3.000000
1.660814474e+06|1.184654698e+08|1.596457502e+08|2.001301214e+08|3.000000|3.000000|3.000000
1.662448991e+06|1.108619587e+08|1.518541332e+08|1.904376767e+08|3.000000|3.000000|3.000000
1.663882611e+06|1.041484091e+08|1.450081501e+08|1.818809256e+08|3.000000|3.000000|3.000000
1.665553801e+06|9.626820545e+07|1.370133362e+08|1.718396598e+08|3.000000|3.000000|3.000000
1.667249572e+06|8.821076740e+07|1.288849121e+08|1.615763658e+08|3.000000|3.000000|3.000000
1.669179059e+06|7.896529054e+07|1.196163016e+08|1.498059958e+08|3.000000|3.000000|3.000000
1.670915686e+06|7.057110599e+07|1.112557464e+08|1.391264873e+08|3.000000|3.000000|3.000000
1.672248624e+06|6.408002195e+07|1.048266780e+08|1.308736203e+08|3.000000|3.000000|3.000000
1.673678776e+06|5.706778234e+07|9.791701108e+07|1.219641469e+08|3.000000|3.000000|3.000000
1.674992471e+06|5.058199075e+07|9.155920319e+07|1.137296671e+08|3.000000|3.000000|3.000000
1.676469684e+06|4.323671582e+07|8.439753183e+07|1.044117231e+08|3.000000|3.000000|3.000000
1.677943101e+06|3.585397146e+07|7.724092902e+07|9.505524102e+07|3.000000|3.000000|3.000000
1.679647992e+06|2.723937196e+07|6.894319872e+07|8.414991312e+07|3.000000|3.000000|3.000000
1.682681239e+06|1.171521253e+07|5.413494120e+07|6.453452918e+07|3.000000|3.000000|3.000000
1.695155930e+06|-5.504195485e+07|-7.407310686e+06|-1.915402093e+07|3.000000|3.000000|3.000000
