#PHASE|Nmant|Nmant/Nmanttot|Mmant|Mmant/Mmanttot|RRRminmant|RRRminmantEq|RRRmaxmant|RRRmaxmantEq|Ncore|Ncore/Ncoretot|Mcore|Mcore/Mcoretot|RRRmincore|RRRmaxcore|
0.000000000e+00|0.000000000e+00|0.000000000e+00|0.000000000e+00|0.000000000e+00|inf|inf|-inf|inf|0.000000000e+00|0.000000000e+00|0.000000000e+00|0.000000000e+00|inf|-inf
1.000000000e+00|1.949200000e+04|1.356352073e-01|7.552915515e+21|1.358487430e-01|8.747493236e+05|8.942424982e+05|5.457413944e+07|inf|1.949200000e+04|0.000000000e+00|0.000000000e+00|0.000000000e+00|inf|-inf
2.000000000e+00|8.308000000e+03|5.781127139e-02|3.206903780e+21|5.768022250e-02|1.399081972e+06|1.654498310e+06|8.740087902e+07|inf|8.308000000e+03|0.000000000e+00|0.000000000e+00|0.000000000e+00|inf|-inf
3.000000000e+00|1.105340000e+05|7.691515493e-01|4.276487306e+22|7.691803568e-01|8.900918828e+05|8.994790927e+05|5.458091418e+07|inf|1.105340000e+05|0.000000000e+00|0.000000000e+00|0.000000000e+00|inf|-inf
4.000000000e+00|4.579000000e+03|3.186300093e-02|1.766276925e+21|3.176872554e-02|1.226805436e+06|1.226805436e+06|5.458356231e+07|inf|4.579000000e+03|9.788453134e-01|2.340173183e+22|9.790059337e-01|1.445169103e+04|7.981090563e+06
5.000000000e+00|7.960000000e+02|5.538971115e-03|3.070093799e+20|5.521952188e-03|1.614373310e+06|1.807691239e+06|8.550141897e+07|inf|7.960000000e+02|2.115468656e-02|5.018330262e+20|2.099406633e-02|1.084838525e+06|6.690055979e+07
6.000000000e+00|0.000000000e+00|0.000000000e+00|0.000000000e+00|0.000000000e+00|inf|inf|-inf|inf|0.000000000e+00|0.000000000e+00|0.000000000e+00|0.000000000e+00|inf|-inf
7.000000000e+00|0.000000000e+00|0.000000000e+00|0.000000000e+00|0.000000000e+00|inf|inf|-inf|inf|0.000000000e+00|0.000000000e+00|0.000000000e+00|0.000000000e+00|inf|-inf
8.000000000e+00|0.000000000e+00|0.000000000e+00|0.000000000e+00|0.000000000e+00|inf|inf|-inf|inf|0.000000000e+00|0.000000000e+00|0.000000000e+00|0.000000000e+00|inf|-inf
