#RRR|P25fit|P50fit|P75fit|P25model|P50model|P75model
8.740408662e+04|9.017751478e+09|9.074212974e+09|9.121104993e+09|0.000000|0.000000|0.000000
1.331769839e+05|8.937310819e+09|9.015247055e+09|9.093242221e+09|0.000000|0.000000|0.000000
1.587053397e+05|8.890331731e+09|8.973785384e+09|9.059684495e+09|0.000000|0.000000|0.000000
1.767303435e+05|8.855254569e+09|8.940655994e+09|9.029270536e+09|0.000000|0.000000|0.000000
1.930078487e+05|8.821794282e+09|8.907933370e+09|8.997485849e+09|0.000000|0.000000|0.000000
2.072009797e+05|8.790988313e+09|8.877192811e+09|8.966696456e+09|0.000000|0.000000|0.000000
2.196156448e+05|8.762640310e+09|8.848596158e+09|8.937589351e+09|0.000000|0.000000|0.000000
2.328721608e+05|8.730785007e+09|8.816282402e+09|8.904423559e+09|0.000000|0.000000|0.000000
2.441976871e+05|8.702173343e+09|8.787208737e+09|8.874495950e+09|0.000000|0.000000|0.000000
2.554608150e+05|8.672360373e+09|8.756945165e+09|8.843372338e+09|0.000000|0.000000|0.000000
2.663462951e+05|8.642190854e+09|8.726409509e+09|8.812082099e+09|0.000000|0.000000|0.000000
2.767063172e+05|8.612183008e+09|8.696167454e+09|8.781264272e+09|0.000000|0.000000|0.000000
2.864044261e+05|8.582903863e+09|8.666810370e+09|8.751551274e+09|0.000000|0.000000|0.000000
2.959194337e+05|8.553023540e+09|8.637020431e+09|8.721632408e+09|0.000000|0.000000|0.000000
3.055667074e+05|8.521527120e+09|8.605815899e+09|8.690564429e+09|0.000000|0.000000|0.000000
3.149548561e+05|8.489686106e+09|8.574480728e+09|8.659660257e+09|0.000000|0.000000|0.000000
3.231529061e+05|8.460899845e+09|8.546335395e+09|8.632160277e+09|0.000000|0.000000|0.000000
3.323697142e+05|8.427422421e+09|8.513820995e+09|8.600699816e+09|0.000000|0.000000|0.000000
3.406439484e+05|8.396347671e+09|8.483845951e+09|8.571990120e+09|0.000000|0.000000|0.000000
3.487268386e+05|8.365045252e+09|8.453846573e+09|8.543537763e+09|0.000000|0.000000|0.000000
3.568882625e+05|8.332478157e+09|8.422836878e+09|8.514418905e+09|0.000000|0.000000|0.000000
3.641702189e+05|8.302597283e+09|8.394559778e+09|8.488120384e+09|0.000000|0.000000|0.000000
3.720951727e+05|8.269187970e+09|8.363134287e+09|8.459172685e+09|0.000000|0.000000|0.000000
3.798202021e+05|8.235722126e+09|8.331849307e+09|8.430639207e+09|0.000000|0.000000|0.000000
3.866425429e+05|8.205424110e+09|8.303685849e+09|8.405189367e+09|0.000000|0.000000|0.000000
3.946521553e+05|8.168960090e+09|8.269983504e+09|8.375020366e+09|0.000000|0.000000|0.000000
4.013840879e+05|8.137563888e+09|8.241126189e+09|8.349428487e+09|0.000000|0.000000|0.000000
4.081288694e+05|8.105420176e+09|8.211728934e+09|8.323577942e+09|0.000000|0.000000|0.000000
4.154203831e+05|8.069895677e+09|8.179404741e+09|8.295401283e+09|0.000000|0.000000|0.000000
4.221352888e+05|8.036467782e+09|8.149138741e+09|8.269245338e+09|0.000000|0.000000|0.000000
4.288329320e+05|8.002445556e+09|8.118476897e+09|8.242962159e+09|0.000000|0.000000|0.000000
4.351496838e+05|7.969736546e+09|8.089127186e+09|8.217998430e+09|0.000000|0.000000|0.000000
4.417251945e+05|7.935048153e+09|8.058132179e+09|8.191833628e+09|0.000000|0.000000|0.000000
4.478258547e+05|7.902283233e+09|8.028973254e+09|8.167397086e+09|0.000000|0.000000|0.000000
4.542761031e+05|7.867034401e+09|7.997724489e+09|8.141392656e+09|0.000000|0.000000|0.000000
4.607900781e+05|7.830807843e+09|7.965732327e+09|8.114957248e+09|0.000000|0.000000|0.000000
4.665055568e+05|7.798503892e+09|7.937304050e+09|8.091618518e+09|0.000000|0.000000|0.000000
4.722940980e+05|7.765296409e+09|7.908173426e+09|8.067844295e+09|0.000000|0.000000|0.000000
4.789015578e+05|7.726791805e+09|7.874507209e+09|8.040537416e+09|0.000000|0.000000|0.000000
4.844802862e+05|7.693788596e+09|7.845740723e+09|8.017340711e+09|0.000000|0.000000|0.000000
4.903902964e+05|7.658336943e+09|7.814926801e+09|7.992624236e+09|0.000000|0.000000|0.000000
4.964484697e+05|7.621479552e+09|7.782980563e+09|7.967134637e+09|0.000000|0.000000|0.000000
5.020341546e+05|7.587037649e+09|7.753205336e+09|7.943493639e+09|0.000000|0.000000|0.000000
5.076867145e+05|7.551739781e+09|7.722762764e+09|7.919431525e+09|0.000000|0.000000|0.000000
5.132154660e+05|7.516788184e+09|7.692686628e+09|7.895759982e+09|0.000000|0.000000|0.000000
5.183082061e+05|7.484223795e+09|7.664721453e+09|7.873833823e+09|0.000000|0.000000|0.000000
5.241076625e+05|7.446714780e+09|7.632573164e+09|7.848720567e+09|0.000000|0.000000|0.000000
5.292801610e+05|7.412883296e+09|7.603630697e+09|7.826189920e+09|0.000000|0.000000|0.000000
5.345127553e+05|7.378301755e+09|7.574095379e+09|7.803267913e+09|0.000000|0.000000|0.000000
5.398069415e+05|7.342953038e+09|7.543951863e+09|7.779940569e+09|0.000000|0.000000|0.000000
5.451884227e+05|7.306656003e+09|7.513044983e+09|7.756085648e+09|0.000000|0.000000|0.000000
5.505185838e+05|7.270347948e+09|7.482170475e+09|7.732312715e+09|0.000000|0.000000|0.000000
5.552829783e+05|7.237598038e+09|7.454354037e+09|7.710937586e+09|0.000000|0.000000|0.000000
5.603029879e+05|7.202794306e+09|7.424823436e+09|7.688284267e+09|0.000000|0.000000|0.000000
5.654554970e+05|7.166761075e+09|7.394278854e+09|7.664889304e+09|0.000000|0.000000|0.000000
5.705119724e+05|7.131099271e+09|7.364074749e+09|7.641785114e+09|0.000000|0.000000|0.000000
5.754269128e+05|7.096156553e+09|7.334500937e+09|7.619186035e+09|0.000000|0.000000|0.000000
5.805070605e+05|7.059756351e+09|7.303712353e+09|7.595676655e+09|0.000000|0.000000|0.000000
5.855132775e+05|7.023610885e+09|7.273154588e+09|7.572355457e+09|0.000000|0.000000|0.000000
5.902934679e+05|6.988848627e+09|7.243777305e+09|7.549940631e+09|0.000000|0.000000|0.000000
5.950983345e+05|6.953668050e+09|7.214054342e+09|7.527261853e+09|0.000000|0.000000|0.000000
5.997393936e+05|6.919465197e+09|7.185161944e+09|7.505211317e+09|0.000000|0.000000|0.000000
6.045212019e+05|6.884003301e+09|7.155207531e+09|7.482339043e+09|0.000000|0.000000|0.000000
6.089428492e+05|6.851017506e+09|7.127343269e+09|7.461047602e+09|0.000000|0.000000|0.000000
6.139739588e+05|6.813264073e+09|7.095446552e+09|7.436651038e+09|0.000000|0.000000|0.000000
6.186923443e+05|6.777650160e+09|7.065349170e+09|7.413601540e+09|0.000000|0.000000|0.000000
6.227557305e+05|6.746824540e+09|7.039289344e+09|7.393616803e+09|0.000000|0.000000|0.000000
6.273603115e+05|6.711724977e+09|7.009603332e+09|7.370815448e+09|0.000000|0.000000|0.000000
6.318251903e+05|6.677525309e+09|6.980662258e+09|7.348544682e+09|0.000000|0.000000|0.000000
6.365779022e+05|6.640949106e+09|6.949689142e+09|7.324659071e+09|0.000000|0.000000|0.000000
6.412086461e+05|6.605147944e+09|6.919348082e+09|7.301203909e+09|0.000000|0.000000|0.000000
6.450923961e+05|6.575002490e+09|6.893779103e+09|7.281389819e+09|0.000000|0.000000|0.000000
6.494778365e+05|6.540837464e+09|6.864774832e+09|7.258855954e+09|0.000000|0.000000|0.000000
6.542213473e+05|6.503739797e+09|6.833246419e+09|7.234285958e+09|0.000000|0.000000|0.000000
6.589493171e+05|6.466623307e+09|6.801662398e+09|7.209588017e+09|0.000000|0.000000|0.000000
6.630549389e+05|6.434284957e+09|6.774109030e+09|7.187967807e+09|0.000000|0.000000|0.000000
6.670775118e+05|6.402509128e+09|6.747000357e+09|7.166624808e+09|0.000000|0.000000|0.000000
6.711346859e+05|6.370373268e+09|6.719547139e+09|7.144933895e+09|0.000000|0.000000|0.000000
6.756029675e+05|6.334886642e+09|6.689184636e+09|7.120849489e+09|0.000000|0.000000|0.000000
6.798599866e+05|6.300992044e+09|6.660135307e+09|7.097708414e+09|0.000000|0.000000|0.000000
6.839866461e+05|6.268061487e+09|6.631863378e+09|7.075089503e+09|0.000000|0.000000|0.000000
6.881370893e+05|6.234873699e+09|6.603318931e+09|7.052150652e+09|0.000000|0.000000|0.000000
6.922467964e+05|6.201950886e+09|6.574948141e+09|7.029245213e+09|0.000000|0.000000|0.000000
6.966002105e+05|6.167016395e+09|6.544781343e+09|7.004768433e+09|0.000000|0.000000|0.000000
7.005733681e+05|6.135085963e+09|6.517149280e+09|6.982233864e+09|0.000000|0.000000|0.000000
7.044739195e+05|6.103700564e+09|6.489930754e+09|6.959925225e+09|0.000000|0.000000|0.000000
7.082247377e+05|6.073488977e+09|6.463673132e+09|6.938295530e+09|0.000000|0.000000|0.000000
7.126644500e+05|6.037695910e+09|6.432488487e+09|6.912463383e+09|0.000000|0.000000|0.000000
7.165215588e+05|6.006576933e+09|6.405305910e+09|6.889814337e+09|0.000000|0.000000|0.000000
7.201847533e+05|5.977007846e+09|6.379413814e+09|6.868122114e+09|0.000000|0.000000|0.000000
7.242720297e+05|5.944004561e+09|6.350438405e+09|6.843705114e+09|0.000000|0.000000|0.000000
7.284135416e+05|5.910557897e+09|6.320988059e+09|6.818729502e+09|0.000000|0.000000|0.000000
7.320720269e+05|5.881013019e+09|6.294898373e+09|6.796466176e+09|0.000000|0.000000|0.000000
7.360988349e+05|5.848500583e+09|6.266103393e+09|6.771739298e+09|0.000000|0.000000|0.000000
7.404456824e+05|5.813419489e+09|6.234929423e+09|6.744780336e+09|0.000000|0.000000|0.000000
7.441647025e+05|5.783423945e+09|6.208185210e+09|6.721490532e+09|0.000000|0.000000|0.000000
7.478992526e+05|5.753326029e+09|6.181263379e+09|6.697890766e+09|0.000000|0.000000|0.000000
7.517142336e+05|5.722609115e+09|6.153695103e+09|6.673558345e+09|0.000000|0.000000|0.000000
7.554056383e+05|5.692920684e+09|6.126957272e+09|6.649794050e+09|0.000000|0.000000|0.000000
7.588981147e+05|5.664867292e+09|6.101605073e+09|6.627107398e+09|0.000000|0.000000|0.000000
7.630049986e+05|5.631928591e+09|6.071725877e+09|6.600172261e+09|0.000000|0.000000|0.000000
7.671592217e+05|5.598672319e+09|6.041430698e+09|6.572638005e+09|0.000000|0.000000|0.000000
7.708196880e+05|5.569426695e+09|6.014678400e+09|6.548130968e+09|0.000000|0.000000|0.000000
7.743212152e+05|5.541506888e+09|5.989038410e+09|6.524468830e+09|0.000000|0.000000|0.000000
7.781164075e+05|5.511312896e+09|5.961195214e+09|6.498575747e+09|0.000000|0.000000|0.000000
7.819760473e+05|5.480684204e+09|5.932824568e+09|6.471975192e+09|0.000000|0.000000|0.000000
7.854003806e+05|5.453581026e+09|5.907609031e+09|6.448144599e+09|0.000000|0.000000|0.000000
7.889637249e+05|5.425453684e+09|5.881326742e+09|6.423112792e+09|0.000000|0.000000|0.000000
7.925459780e+05|5.397260501e+09|5.854862113e+09|6.397703688e+09|0.000000|0.000000|0.000000
7.961856773e+05|5.368706356e+09|5.827930609e+09|6.371631728e+09|0.000000|0.000000|0.000000
7.998626375e+05|5.339958921e+09|5.800681529e+09|6.345026931e+09|0.000000|0.000000|0.000000
8.031865792e+05|5.314062024e+09|5.776013740e+09|6.320742513e+09|0.000000|0.000000|0.000000
8.069840895e+05|5.284586594e+09|5.747792615e+09|6.292721795e+09|0.000000|0.000000|0.000000
8.108898351e+05|5.254401286e+09|5.718725766e+09|6.263589573e+09|0.000000|0.000000|0.000000
8.141873468e+05|5.229024786e+09|5.694154252e+09|6.238742828e+09|0.000000|0.000000|0.000000
8.176127333e+05|5.202774036e+09|5.668601036e+09|6.212684984e+09|0.000000|0.000000|0.000000
8.210288004e+05|5.176711066e+09|5.643089436e+09|6.186442881e+09|0.000000|0.000000|0.000000
8.245183998e+05|5.150212250e+09|5.617001352e+09|6.159368668e+09|0.000000|0.000000|0.000000
8.277587073e+05|5.125724392e+09|5.592753515e+09|6.133983044e+09|0.000000|0.000000|0.000000
8.311946965e+05|5.099886704e+09|5.567018058e+09|6.106802120e+09|0.000000|0.000000|0.000000
8.344817877e+05|5.075297657e+09|5.542376697e+09|6.080542647e+09|0.000000|0.000000|0.000000
8.384115288e+05|5.046073291e+09|5.512892436e+09|6.048814954e+09|0.000000|0.000000|0.000000
8.417171853e+05|5.021640603e+09|5.488070725e+09|6.021839627e+09|0.000000|0.000000|0.000000
8.456011670e+05|4.993115973e+09|5.458885134e+09|5.989805196e+09|0.000000|0.000000|0.000000
8.495737301e+05|4.964152531e+09|5.429012199e+09|5.956654210e+09|0.000000|0.000000|0.000000
8.528772581e+05|4.940235994e+09|5.404155204e+09|5.928784254e+09|0.000000|0.000000|0.000000
8.558324273e+05|4.918975802e+09|5.381908952e+09|5.903617345e+09|0.000000|0.000000|0.000000
8.587531149e+05|4.898091893e+09|5.359913566e+09|5.878522365e+09|0.000000|0.000000|0.000000
8.623643846e+05|4.872451423e+09|5.332706903e+09|5.847184916e+09|0.000000|0.000000|0.000000
8.654187077e+05|4.850926333e+09|5.309688270e+09|5.820410253e+09|0.000000|0.000000|0.000000
8.685250235e+05|4.829190480e+09|5.286271549e+09|5.792922312e+09|0.000000|0.000000|0.000000
8.719928046e+05|4.805115884e+09|5.260123896e+09|5.761924845e+09|0.000000|0.000000|0.000000
8.751650777e+05|4.783273683e+09|5.236200140e+09|5.733277667e+09|0.000000|0.000000|0.000000
8.786427910e+05|4.759532532e+09|5.209969701e+09|5.701548044e+09|0.000000|0.000000|0.000000
8.821704210e+05|4.735674715e+09|5.183360976e+09|5.669011738e+09|0.000000|0.000000|0.000000
8.857800605e+05|4.711464253e+09|5.156133567e+09|5.635405116e+09|1.000000|0.000000|1.000000
8.893425558e+05|4.687969302e+09|5.129263465e+09|5.601630532e+09|1.000000|0.000000|1.000000
8.927079753e+05|4.665774083e+09|5.103882976e+09|5.569724345e+09|1.000000|0.000000|1.000000
8.956351477e+05|4.646469139e+09|5.081811256e+09|5.541973001e+09|1.000000|0.000000|1.000000
8.985632583e+05|4.627158007e+09|5.059736966e+09|5.514212763e+09|1.000000|0.000000|1.000000
9.015122194e+05|4.607709365e+09|5.037511063e+09|5.486254850e+09|1.000000|0.000000|1.000000
9.043302741e+05|4.589124062e+09|5.016277963e+09|5.459538008e+09|1.000000|0.000000|1.000000
9.076391525e+05|4.567301736e+09|4.991355624e+09|5.428167864e+09|1.000000|0.000000|1.000000
9.111841819e+05|4.543921974e+09|4.964666936e+09|5.394558867e+09|1.000000|0.000000|1.000000
9.142644497e+05|4.523607353e+09|4.941488940e+09|5.365356088e+09|1.000000|0.000000|1.000000
9.177599081e+05|4.500554516e+09|4.915201602e+09|5.332217054e+09|1.000000|0.000000|1.000000
9.213884099e+05|4.476624247e+09|4.887932223e+09|5.297816689e+09|1.000000|0.000000|1.000000
9.244827730e+05|4.456216667e+09|4.864693442e+09|5.268480278e+09|1.000000|0.000000|1.000000
9.276091728e+05|4.435597802e+09|4.841230710e+09|5.238840140e+09|1.000000|0.000000|1.000000
9.303646407e+05|4.417425264e+09|4.820566611e+09|5.212716658e+09|1.000000|0.000000|1.000000
9.330457472e+05|4.399743145e+09|4.800474452e+09|5.187298167e+09|1.000000|0.000000|1.000000
9.356969102e+05|4.382258506e+09|4.780621349e+09|5.162163557e+09|1.000000|0.000000|1.000000
9.386095709e+05|4.363049268e+09|4.758827795e+09|5.134549793e+09|1.000000|0.000000|1.000000
9.412688154e+05|4.345511331e+09|4.738947504e+09|5.109338566e+09|1.000000|0.000000|1.000000
9.451426319e+05|4.319963191e+09|4.710018126e+09|5.072612472e+09|1.000000|0.000000|1.000000
9.484911615e+05|4.297879362e+09|4.685042861e+09|5.040866411e+09|1.000000|0.000000|1.000000
9.530450136e+05|4.267846331e+09|4.651127283e+09|4.997693172e+09|1.000000|0.000000|1.000000
9.575905433e+05|4.237868187e+09|4.617334560e+09|4.954598834e+09|1.000000|0.000000|1.000000
9.620183930e+05|4.208666152e+09|4.584479148e+09|4.912620174e+09|1.000000|0.000000|1.000000
9.649566208e+05|4.189288297e+09|4.562712920e+09|4.884764019e+09|1.000000|0.000000|1.000000
9.673339252e+05|4.173609779e+09|4.545123881e+09|4.862225753e+09|1.000000|0.000000|1.000000
9.694401469e+05|4.159719073e+09|4.529557401e+09|4.842257513e+09|1.000000|0.000000|1.000000
9.713615863e+05|4.147047021e+09|4.515370811e+09|4.824041119e+09|1.000000|0.000000|1.000000
9.729392842e+05|4.136641973e+09|4.503732547e+09|4.809083600e+09|1.000000|0.000000|1.000000
9.748714374e+05|4.123899263e+09|4.489492584e+09|4.790765634e+09|1.000000|0.000000|1.000000
9.772716344e+05|4.108069766e+09|4.471823578e+09|4.768010332e+09|1.000000|0.000000|1.000000
9.799025394e+05|4.090718730e+09|4.452482939e+09|4.743067781e+09|1.000000|0.000000|1.000000
9.826957705e+05|4.072297140e+09|4.431980480e+09|4.716586282e+09|1.000000|0.000000|1.000000
9.856071466e+05|4.053096374e+09|4.410646417e+09|4.688984696e+09|1.000000|0.000000|1.000000
9.897780067e+05|4.025589207e+09|4.380148620e+09|4.649442451e+09|1.000000|0.000000|1.000000
9.991589450e+05|3.963721144e+09|4.311852540e+09|4.560505551e+09|1.000000|0.000000|1.000000
1.005532023e+06|3.921690168e+09|4.265705963e+09|4.500084963e+09|1.000000|0.000000|1.000000
1.008818182e+06|3.900017675e+09|4.241995594e+09|4.468930209e+09|1.000000|0.000000|1.000000
1.010803684e+06|3.886923128e+09|4.227698516e+09|4.450106467e+09|1.000000|0.000000|1.000000
1.012351140e+06|3.876717529e+09|4.216571010e+09|4.435435661e+09|1.000000|0.000000|1.000000
1.013502875e+06|3.869121744e+09|4.208297900e+09|4.424516529e+09|1.000000|0.000000|1.000000
1.014582687e+06|3.862000289e+09|4.200548332e+09|4.414279257e+09|1.000000|0.000000|1.000000
1.015606112e+06|3.855250717e+09|4.193209682e+09|4.404576578e+09|1.000000|0.000000|1.000000
1.016866572e+06|3.846937882e+09|4.184179750e+09|4.392626668e+09|1.000000|0.000000|1.000000
1.018095947e+06|3.838830050e+09|4.175381542e+09|4.380971455e+09|1.000000|0.000000|1.000000
1.019714618e+06|3.828154785e+09|4.163811050e+09|4.365625493e+09|1.000000|0.000000|1.000000
1.021479408e+06|3.816515844e+09|4.151214118e+09|4.348894222e+09|1.000000|0.000000|1.000000
1.023120583e+06|3.805692160e+09|4.139516673e+09|4.333334903e+09|1.000000|0.000000|1.000000
1.024909017e+06|3.793897291e+09|4.126788696e+09|4.316379481e+09|1.000000|0.000000|1.000000
1.026744576e+06|3.781791628e+09|4.113746291e+09|4.298977286e+09|1.000000|0.000000|1.000000
1.028369635e+06|3.771074231e+09|4.102217530e+09|4.283570757e+09|1.000000|0.000000|1.000000
1.030834308e+06|3.743007752e+09|4.084764916e+09|4.260204187e+09|2.000000|0.000000|1.000000
1.043431657e+06|3.677473556e+09|3.996203029e+09|4.140773792e+09|2.000000|0.000000|1.000000
1.066182026e+06|3.559121102e+09|3.839237024e+09|3.925086696e+09|2.000000|0.000000|1.000000
1.072344615e+06|3.527061954e+09|3.797440293e+09|3.866661677e+09|2.000000|0.000000|1.000000
1.074862639e+06|3.513962634e+09|3.780456735e+09|3.842789301e+09|2.000000|0.000000|1.000000
1.076411701e+06|3.505904069e+09|3.770036438e+09|3.828103264e+09|2.000000|0.000000|1.000000
1.078273319e+06|3.496219521e+09|3.757541988e+09|3.810454015e+09|2.000000|0.000000|1.000000
1.080398632e+06|3.485163173e+09|3.743315978e+09|3.790304777e+09|2.000000|0.000000|1.000000
1.083269817e+06|3.470226634e+09|3.724163039e+09|3.763084230e+09|2.000000|0.000000|1.000000
1.086313619e+06|3.454392105e+09|3.703942287e+09|3.734227173e+09|2.000000|0.000000|1.000000
1.089659886e+06|3.436984082e+09|3.681813310e+09|3.702502557e+09|2.000000|0.000000|1.000000
1.100125780e+06|3.382538189e+09|3.613307574e+09|3.603279635e+09|2.000000|0.000000|1.000000
1.118026226e+06|3.289416109e+09|3.498762504e+09|3.433572711e+09|2.000000|0.000000|1.000000
1.124581806e+06|3.255312529e+09|3.457693341e+09|3.371421889e+09|2.000000|0.000000|1.000000
1.127809890e+06|3.238519324e+09|3.437651649e+09|3.340817728e+09|2.000000|0.000000|1.000000
1.130088530e+06|3.226665333e+09|3.423578140e+09|3.319214856e+09|2.000000|0.000000|1.000000
1.132188114e+06|3.215742832e+09|3.410665056e+09|3.299309545e+09|2.000000|0.000000|1.000000
1.134577535e+06|3.203312537e+09|3.396033694e+09|3.276656408e+09|2.000000|0.000000|1.000000
1.137374112e+06|3.188764127e+09|3.378997110e+09|4.277085287e+09|2.000000|0.000000|3.000000
1.140118369e+06|3.174487891e+09|3.362372607e+09|4.235547619e+09|2.000000|0.000000|3.000000
1.143374090e+06|3.157550914e+09|3.342771280e+09|4.187286708e+09|2.000000|0.000000|3.000000
1.147169057e+06|3.137808653e+09|3.320092413e+09|4.132395582e+09|2.000000|0.000000|3.000000
1.153578030e+06|3.104467761e+09|3.282213786e+09|4.042922664e+09|2.000000|0.000000|3.000000
1.162057614e+06|3.062080551e+09|3.232934147e+09|3.930501268e+09|3.000000|0.000000|3.000000
1.167882436e+06|3.033108664e+09|3.199651955e+09|3.857014977e+09|3.000000|0.000000|3.000000
1.172199097e+06|3.011855047e+09|3.294858187e+09|3.804431130e+09|3.000000|3.000000|3.000000
1.175527055e+06|2.995589497e+09|3.271640723e+09|3.764944727e+09|3.000000|3.000000|3.000000
1.178614286e+06|2.980590393e+09|3.250404414e+09|3.729112541e+09|3.000000|3.000000|3.000000
1.182447383e+06|2.962083463e+09|3.224430232e+09|3.685664392e+09|3.000000|3.000000|3.000000
1.186997287e+06|2.940275296e+09|3.194145558e+09|3.635544099e+09|3.000000|3.000000|3.000000
1.191275395e+06|2.919920515e+09|3.166192256e+09|3.589809336e+09|3.000000|3.000000|3.000000
1.197414305e+06|2.890952938e+09|3.126927392e+09|3.526445978e+09|3.000000|3.000000|3.000000
1.205272412e+06|2.854258111e+09|3.078047255e+09|3.449044252e+09|3.000000|3.000000|3.000000
1.211385938e+06|2.825985454e+09|3.041028708e+09|3.391549456e+09|3.000000|3.000000|3.000000
1.216117417e+06|2.804257255e+09|3.012951555e+09|3.348603896e+09|3.000000|3.000000|3.000000
1.219577490e+06|2.788447185e+09|2.992721718e+09|3.318020997e+09|3.000000|3.000000|3.000000
1.222847099e+06|2.773566091e+09|2.973832056e+09|3.289739277e+09|3.000000|3.000000|3.000000
1.226250604e+06|2.758133513e+09|2.954395297e+09|3.260918270e+09|3.000000|3.000000|3.000000
1.230200687e+06|2.740293195e+09|2.932117022e+09|3.228235749e+09|3.000000|3.000000|3.000000
1.234804417e+06|2.719591347e+09|2.906517116e+09|3.191147990e+09|3.000000|3.000000|3.000000
1.240265991e+06|2.695150484e+09|2.876633300e+09|3.148490861e+09|3.000000|3.000000|3.000000
1.247289172e+06|2.663895530e+09|2.838937164e+09|3.095665912e+09|3.000000|3.000000|3.000000
1.253698706e+06|2.635527312e+09|2.805208396e+09|3.049332706e+09|3.000000|3.000000|3.000000
1.258799966e+06|2.613046179e+09|2.778794506e+09|3.013661404e+09|3.000000|3.000000|3.000000
1.263434934e+06|2.592688316e+09|2.755107078e+09|2.982128090e+09|3.000000|3.000000|3.000000
1.267234748e+06|2.576043789e+09|2.735898655e+09|2.956871806e+09|3.000000|3.000000|3.000000
1.270400421e+06|2.562206179e+09|2.720034810e+09|2.936223904e+09|3.000000|3.000000|3.000000
1.274083078e+06|2.546140189e+09|2.701732875e+09|2.912637530e+09|3.000000|3.000000|3.000000
1.277527003e+06|2.531144556e+09|2.684760165e+09|2.890986932e+09|3.000000|3.000000|3.000000
1.281684688e+06|2.513075894e+09|2.664445800e+09|2.865352159e+09|3.000000|3.000000|3.000000
1.287021663e+06|2.489934028e+09|2.638637527e+09|2.833215396e+09|3.000000|3.000000|3.000000
1.293145296e+06|2.463446478e+09|2.609373805e+09|2.797346500e+09|3.000000|3.000000|3.000000
1.299576045e+06|2.435697942e+09|2.579014947e+09|2.760757894e+09|3.000000|3.000000|3.000000
1.304703289e+06|2.413618312e+09|2.555063480e+09|2.732324513e+09|3.000000|3.000000|3.000000
1.308638660e+06|2.396695439e+09|2.536822469e+09|2.710918236e+09|3.000000|3.000000|3.000000
1.312164330e+06|2.381550778e+09|2.520580026e+09|2.692032765e+09|3.000000|3.000000|3.000000
1.315012136e+06|2.369328504e+09|2.507526006e+09|2.676971364e+09|3.000000|3.000000|3.000000
1.319011695e+06|2.352178033e+09|2.489286802e+09|2.656097143e+09|3.000000|3.000000|3.000000
1.323064188e+06|2.334817140e+09|2.470913033e+09|2.635263046e+09|3.000000|3.000000|3.000000
1.327807227e+06|2.314517396e+09|2.449536876e+09|2.611260718e+09|3.000000|3.000000|3.000000
1.332713165e+06|2.293540651e+09|2.427563003e+09|2.586840912e+09|3.000000|3.000000|3.000000
1.337733684e+06|2.272093309e+09|2.405209450e+09|2.562250361e+09|3.000000|3.000000|3.000000
1.342819600e+06|2.250384737e+09|2.382692295e+09|2.537722491e+09|3.000000|3.000000|3.000000
1.348276388e+06|2.227111627e+09|2.358664759e+09|2.511802282e+09|3.000000|3.000000|3.000000
1.352393159e+06|2.209565320e+09|2.340620949e+09|2.492498706e+09|3.000000|3.000000|3.000000
1.355705759e+06|2.195453308e+09|2.326150261e+09|2.477112325e+09|3.000000|3.000000|3.000000
1.358938369e+06|2.181687612e+09|2.312068212e+09|2.462216120e+09|3.000000|3.000000|3.000000
1.362947445e+06|2.164622714e+09|2.294654329e+09|2.443895149e+09|3.000000|3.000000|3.000000
1.367256612e+06|2.146289066e+09|2.275995377e+09|2.424379584e+09|3.000000|3.000000|3.000000
1.371680396e+06|2.127476703e+09|2.256898446e+09|2.404521247e+09|3.000000|3.000000|3.000000
1.375882410e+06|2.109615566e+09|2.238809384e+09|2.385810838e+09|3.000000|3.000000|3.000000
1.380590124e+06|2.089614125e+09|2.218597073e+09|2.365010194e+09|3.000000|3.000000|3.000000
1.385275335e+06|2.069717916e+09|2.198532972e+09|2.344463259e+09|3.000000|3.000000|3.000000
1.390578499e+06|2.047209151e+09|2.175878805e+09|2.321373203e+09|3.000000|3.000000|3.000000
1.394837825e+06|2.029139964e+09|2.157722942e+09|2.302943055e+09|3.000000|3.000000|3.000000
1.399049394e+06|2.011281582e+09|2.139801794e+09|2.284809594e+09|3.000000|3.000000|3.000000
1.402761745e+06|1.995547028e+09|2.124028423e+09|2.268892395e+09|3.000000|3.000000|3.000000
1.406445272e+06|1.979941345e+09|2.108397464e+09|2.253154395e+09|3.000000|3.000000|3.000000
1.410180795e+06|1.964122474e+09|2.092564500e+09|2.237244991e+09|3.000000|3.000000|3.000000
1.413854623e+06|1.948572135e+09|2.077009810e+09|2.221642735e+09|3.000000|3.000000|3.000000
1.417938607e+06|1.931294592e+09|2.059736378e+09|2.204344010e+09|3.000000|3.000000|3.000000
1.422336803e+06|1.912698769e+09|2.041152974e+09|2.185760422e+09|3.000000|3.000000|3.000000
1.427482597e+06|1.890957470e+09|2.019433139e+09|2.164068355e+09|3.000000|3.000000|3.000000
1.432869841e+06|1.868215095e+09|1.996716915e+09|2.141404390e+09|3.000000|3.000000|3.000000
1.437235676e+06|1.849799948e+09|1.978322643e+09|2.123063412e+09|3.000000|3.000000|3.000000
1.441048629e+06|1.833728815e+09|1.962267558e+09|2.107058820e+09|3.000000|3.000000|3.000000
1.444994803e+06|1.817108576e+09|1.945660154e+09|2.090504180e+09|3.000000|3.000000|3.000000
1.448218336e+06|1.803541748e+09|1.932099897e+09|2.076985217e+09|3.000000|3.000000|3.000000
1.451633629e+06|1.789177982e+09|1.917738287e+09|2.062663614e+09|3.000000|3.000000|3.000000
1.455301285e+06|1.773764977e+09|1.902321061e+09|2.047282972e+09|3.000000|3.000000|3.000000
1.459279427e+06|1.757062080e+09|1.885604696e+09|2.030596326e+09|3.000000|3.000000|3.000000
1.463848159e+06|1.737899627e+09|1.866413691e+09|2.011423336e+09|3.000000|3.000000|3.000000
1.468274732e+06|1.719355072e+09|1.847826421e+09|1.992833709e+09|3.000000|3.000000|3.000000
1.472659162e+06|1.701009215e+09|1.829422042e+09|1.974404631e+09|3.000000|3.000000|3.000000
1.477153457e+06|1.682227722e+09|1.810562263e+09|1.955493445e+09|3.000000|3.000000|3.000000
1.481655306e+06|1.663440333e+09|1.791676405e+09|1.936526807e+09|3.000000|3.000000|3.000000
1.485535803e+06|1.647267591e+09|1.775401610e+09|1.920156861e+09|3.000000|3.000000|3.000000
1.489308099e+06|1.631565775e+09|1.759584510e+09|1.904223079e+09|3.000000|3.000000|3.000000
1.492910318e+06|1.616590971e+09|1.744484159e+09|1.888987852e+09|3.000000|3.000000|3.000000
1.496560912e+06|1.601434764e+09|1.729184703e+09|1.873527257e+09|3.000000|3.000000|3.000000
1.500140134e+06|1.586594790e+09|1.714188082e+09|1.858347807e+09|3.000000|3.000000|3.000000
1.503518897e+06|1.572604620e+09|1.700034871e+09|1.843998677e+09|3.000000|3.000000|3.000000
1.507785591e+06|1.554964630e+09|1.682167333e+09|1.825850353e+09|3.000000|3.000000|3.000000
1.511835019e+06|1.538251430e+09|1.665215207e+09|1.808596319e+09|3.000000|3.000000|3.000000
1.515890002e+06|1.521544084e+09|1.648245625e+09|1.791288984e+09|3.000000|3.000000|3.000000
1.520551994e+06|1.502372495e+09|1.628743471e+09|1.771353762e+09|3.000000|3.000000|3.000000
1.525023811e+06|1.484021111e+09|1.610045183e+09|1.752194288e+09|3.000000|3.000000|3.000000
1.529070273e+06|1.467448464e+09|1.593133015e+09|1.734825628e+09|3.000000|3.000000|3.000000
1.532840528e+06|1.452036181e+09|1.577382178e+09|1.718615639e+09|3.000000|3.000000|3.000000
1.536798702e+06|1.435886688e+09|1.560853942e+09|1.701570038e+09|3.000000|3.000000|3.000000
1.540466286e+06|1.420951779e+09|1.545546581e+09|1.685750874e+09|3.000000|3.000000|3.000000
1.543836202e+06|1.407254085e+09|1.531488287e+09|1.671194786e+09|3.000000|3.000000|3.000000
1.547510871e+06|1.392345541e+09|1.516166359e+09|1.655300014e+09|3.000000|3.000000|3.000000
1.551010939e+06|1.378172897e+09|1.501580318e+09|1.640139284e+09|3.000000|3.000000|3.000000
1.554699750e+06|1.363265554e+09|1.486216462e+09|1.624139195e+09|3.000000|3.000000|3.000000
1.559347628e+06|1.344526353e+09|1.466871571e+09|1.603948315e+09|3.000000|3.000000|3.000000
1.563546095e+06|1.327641934e+09|1.449410788e+09|1.585681250e+09|3.000000|3.000000|3.000000
1.567735717e+06|1.310834301e+09|1.432000363e+09|1.567426907e+09|3.000000|3.000000|3.000000
1.571981627e+06|1.293843458e+09|1.414370528e+09|1.548902303e+09|3.000000|3.000000|3.000000
1.575477329e+06|1.279887301e+09|1.399867126e+09|1.533632841e+09|3.000000|3.000000|3.000000
1.579482081e+06|1.263935378e+09|1.383264895e+09|1.516120946e+09|3.000000|3.000000|3.000000
1.583016836e+06|1.249888286e+09|1.368623196e+09|1.500648423e+09|3.000000|3.000000|3.000000
1.586416777e+06|1.236406109e+09|1.354550964e+09|1.485752843e+09|3.000000|3.000000|3.000000
1.590223619e+06|1.221344552e+09|1.338807798e+09|1.469060213e+09|3.000000|3.000000|3.000000
1.593776204e+06|1.207321663e+09|1.324129036e+09|1.453469720e+09|3.000000|3.000000|3.000000
1.597443406e+06|1.192879620e+09|1.308990106e+09|1.437364292e+09|3.000000|3.000000|3.000000
1.601872257e+06|1.175483266e+09|1.290725531e+09|1.417899129e+09|3.000000|3.000000|3.000000
1.605716609e+06|1.160422944e+09|1.274888267e+09|1.400991070e+09|3.000000|3.000000|3.000000
1.609349839e+06|1.146223986e+09|1.259935387e+09|1.385002541e+09|3.000000|3.000000|3.000000
1.612709602e+06|1.133123375e+09|1.246120825e+09|1.370210491e+09|3.000000|3.000000|3.000000
1.616875476e+06|1.116918926e+09|1.229009055e+09|1.351861232e+09|3.000000|3.000000|3.000000
1.620843731e+06|1.101523564e+09|1.212727036e+09|1.334375226e+09|3.000000|3.000000|3.000000
1.624698197e+06|1.086607142e+09|1.196928829e+09|1.317385025e+09|3.000000|3.000000|3.000000
1.628645479e+06|1.071369491e+09|1.180767536e+09|1.299981059e+09|3.000000|3.000000|3.000000
1.632308178e+06|1.057264433e+09|1.165787089e+09|1.283828565e+09|3.000000|3.000000|3.000000
1.635287290e+06|1.045815762e+09|1.153613614e+09|1.270688935e+09|3.000000|3.000000|3.000000
1.638691093e+06|1.032760925e+09|1.139716837e+09|1.255674801e+09|3.000000|3.000000|3.000000
1.642253304e+06|1.019127734e+09|1.125187023e+09|1.239960970e+09|3.000000|3.000000|3.000000
1.645833976e+06|1.005453500e+09|1.110595845e+09|1.224165326e+09|3.000000|3.000000|3.000000
1.649489557e+06|9.915232473e+08|1.095713581e+09|1.208039438e+09|3.000000|3.000000|3.000000
1.653687736e+06|9.755619445e+08|1.078639591e+09|1.189520942e+09|3.000000|3.000000|3.000000
1.657558586e+06|9.608789200e+08|1.062912712e+09|1.172447819e+09|3.000000|3.000000|3.000000
1.661482921e+06|9.460251211e+08|1.046983507e+09|1.155140761e+09|3.000000|3.000000|3.000000
1.665508995e+06|9.308187084e+08|1.030656328e+09|1.137387476e+09|3.000000|3.000000|3.000000
1.669206841e+06|9.168799284e+08|1.015672943e+09|1.121084001e+09|3.000000|3.000000|3.000000
1.672919393e+06|9.029115251e+08|1.000641494e+09|1.104718206e+09|3.000000|3.000000|3.000000
1.676179410e+06|8.906662026e+08|9.874511796e+08|1.090349406e+09|3.000000|3.000000|3.000000
1.679476791e+06|8.782990964e+08|9.741175421e+08|1.075817901e+09|3.000000|3.000000|3.000000
1.682791831e+06|8.658836712e+08|9.607197973e+08|1.061210472e+09|3.000000|3.000000|3.000000
1.686261091e+06|8.529088551e+08|9.467058331e+08|1.045925336e+09|3.000000|3.000000|3.000000
1.689647381e+06|8.402611905e+08|9.330331541e+08|1.031007311e+09|3.000000|3.000000|3.000000
1.693521231e+06|8.258114363e+08|9.173981425e+08|1.013942802e+09|3.000000|3.000000|3.000000
1.697148508e+06|8.122982039e+08|9.027631588e+08|9.979652724e+08|3.000000|3.000000|3.000000
1.701097733e+06|7.976021602e+08|8.868330241e+08|9.805697068e+08|3.000000|3.000000|3.000000
1.705208813e+06|7.823199591e+08|8.702523891e+08|9.624602157e+08|3.000000|3.000000|3.000000
1.708948546e+06|7.684303787e+08|8.551697948e+08|9.459845128e+08|3.000000|3.000000|3.000000
1.712504735e+06|7.552313878e+08|8.408261275e+08|9.303145275e+08|3.000000|3.000000|3.000000
1.716144225e+06|7.417302974e+08|8.261434877e+08|9.142733428e+08|3.000000|3.000000|3.000000
1.720119124e+06|7.269907853e+08|8.101021908e+08|8.967474235e+08|3.000000|3.000000|3.000000
1.723977793e+06|7.126855373e+08|7.945221624e+08|8.797257257e+08|3.000000|3.000000|3.000000
1.727200782e+06|7.007374961e+08|7.815011821e+08|8.655004925e+08|3.000000|3.000000|3.000000
1.730709911e+06|6.877272787e+08|7.673144855e+08|8.500027545e+08|3.000000|3.000000|3.000000
1.734174116e+06|6.748801323e+08|7.532976043e+08|8.346919110e+08|3.000000|3.000000|3.000000
1.737112103e+06|6.639801807e+08|7.413992334e+08|8.216964568e+08|3.000000|3.000000|3.000000
1.740604147e+06|6.510175652e+08|7.272424240e+08|8.062361302e+08|3.000000|3.000000|3.000000
1.744312742e+06|6.372401659e+08|7.121879927e+08|7.897979267e+08|3.000000|3.000000|3.000000
1.747939232e+06|6.237541611e+08|6.974445930e+08|7.737019468e+08|3.000000|3.000000|3.000000
1.751657997e+06|6.099080405e+08|6.823003130e+08|7.571711523e+08|3.000000|3.000000|3.000000
1.755642553e+06|5.950496824e+08|6.660412430e+08|7.394268261e+08|3.000000|3.000000|3.000000
1.758909196e+06|5.828482217e+08|6.526839482e+08|7.248519552e+08|3.000000|3.000000|3.000000
1.762395638e+06|5.698029351e+08|6.383976301e+08|7.092659537e+08|3.000000|3.000000|3.000000
1.765866983e+06|5.567879298e+08|6.241393531e+08|6.937131248e+08|3.000000|3.000000|3.000000
1.769063362e+06|5.447782002e+08|6.109780987e+08|6.793590973e+08|3.000000|3.000000|3.000000
1.772151013e+06|5.331513842e+08|5.982327712e+08|6.654605462e+08|3.000000|3.000000|3.000000
1.775846678e+06|5.191988692e+08|5.829334780e+08|6.487791168e+08|3.000000|3.000000|3.000000
1.779513727e+06|5.053118545e+08|5.677013955e+08|6.321730000e+08|3.000000|3.000000|3.000000
1.783166062e+06|4.914346032e+08|5.524757218e+08|6.155754834e+08|3.000000|3.000000|3.000000
1.787172589e+06|4.761541408e+08|5.357058477e+08|5.972959267e+08|3.000000|3.000000|3.000000
1.791530111e+06|4.594607195e+08|5.173801198e+08|5.773211655e+08|3.000000|3.000000|3.000000
1.796387019e+06|4.407544337e+08|4.968387768e+08|5.549310000e+08|3.000000|3.000000|3.000000
1.800952848e+06|4.230645307e+08|4.774081979e+08|5.337496818e+08|3.000000|3.000000|3.000000
1.804710987e+06|4.084214773e+08|4.613206350e+08|5.162100485e+08|3.000000|3.000000|3.000000
1.807621657e+06|3.970258385e+08|4.487986833e+08|5.025555976e+08|3.000000|3.000000|3.000000
1.810186393e+06|3.869429428e+08|4.377177173e+08|4.904703794e+08|3.000000|3.000000|3.000000
1.812788868e+06|3.766700094e+08|4.264264983e+08|4.781534704e+08|3.000000|3.000000|3.000000
1.815406298e+06|3.662939129e+08|4.150204948e+08|4.657085211e+08|3.000000|3.000000|3.000000
1.818240774e+06|3.550053246e+08|4.026098777e+08|4.521637475e+08|3.000000|3.000000|3.000000
1.821282260e+06|3.428294104e+08|3.892219724e+08|4.375474462e+08|3.000000|3.000000|3.000000
1.824416500e+06|3.302109401e+08|3.753455637e+08|4.223916984e+08|3.000000|3.000000|3.000000
1.827397924e+06|3.181375416e+08|3.620667862e+08|4.078821276e+08|3.000000|3.000000|3.000000
1.830401637e+06|3.059016325e+08|3.486075142e+08|3.931680596e+08|3.000000|3.000000|3.000000
1.833222305e+06|2.943425898e+08|3.358911603e+08|3.792587757e+08|3.000000|3.000000|3.000000
1.836566148e+06|2.805496078e+08|3.207151316e+08|3.626487666e+08|3.000000|3.000000|3.000000
1.840115976e+06|2.657954039e+08|3.044789792e+08|3.448648749e+08|3.000000|3.000000|3.000000
1.853004799e+06|2.111731351e+08|2.443466777e+08|2.788560515e+08|3.000000|3.000000|3.000000
1.861661391e+06|1.734596268e+08|2.028052619e+08|2.330964535e+08|3.000000|3.000000|3.000000
1.863664050e+06|1.646059179e+08|1.930498510e+08|2.223288692e+08|3.000000|3.000000|3.000000
1.865408943e+06|1.568504127e+08|1.845034833e+08|2.128885666e+08|3.000000|3.000000|3.000000
1.867274766e+06|1.485138835e+08|1.753157670e+08|2.027321124e+08|3.000000|3.000000|3.000000
1.869212625e+06|1.398068876e+08|1.657185381e+08|1.921141964e+08|3.000000|3.000000|3.000000
1.871172103e+06|1.309513142e+08|1.559562280e+08|1.813041998e+08|3.000000|3.000000|3.000000
1.873347332e+06|1.210587605e+08|1.450491497e+08|1.692150084e+08|3.000000|3.000000|3.000000
1.875533025e+06|1.110514792e+08|1.340137983e+08|1.569708762e+08|3.000000|3.000000|3.000000
1.877806977e+06|1.005669784e+08|1.224502224e+08|1.441265067e+08|3.000000|3.000000|3.000000
1.880317475e+06|8.890307593e+07|1.095834027e+08|1.298170561e+08|3.000000|3.000000|3.000000
1.882521297e+06|7.858534839e+07|9.819936517e+07|1.171408781e+08|3.000000|3.000000|3.000000
1.884456317e+06|6.946405189e+07|8.813361411e+07|1.059200030e+08|3.000000|3.000000|3.000000
1.886480420e+06|5.985944591e+07|7.753264159e+07|9.408941864e+07|3.000000|3.000000|3.000000
1.888471634e+06|5.034638382e+07|6.703077118e+07|8.235596010e+07|3.000000|3.000000|3.000000
1.890410796e+06|4.101926716e+07|5.673225277e+07|7.083644190e+07|3.000000|3.000000|3.000000
1.892188905e+06|3.241134644e+07|4.722610473e+07|6.019138948e+07|3.000000|3.000000|3.000000
1.893419808e+06|2.642090125e+07|4.060956379e+07|5.277533263e+07|3.000000|3.000000|3.000000
