#RRR|U50|U25|U75|Umean|T50|T25|T75|Tmean|P50|P25|P75|Pmean|rho50|rho25|rho75|Pmean|S
8.380841577e+04|1.709169353e+06|1.709355671e+06|1.709665971e+06|1.709412371e+06|2.456105414e+03|2.456983301e+03|2.458445842e+03|2.457250723e+03|7.568566722e+09|7.590016126e+09|7.625844850e+09|7.596682924e+09|6.597059570e+03|6.598120117e+03|6.599888916e+03|6.598442383e+03|1.953604371e+03
1.273829121e+05|1.708824925e+06|1.708959873e+06|1.709170733e+06|1.709030643e+06|2.454483124e+03|2.455118653e+03|2.456111916e+03|2.455451025e+03|7.529041085e+09|7.544507911e+09|7.568725419e+09|7.552704681e+09|6.595095093e+03|6.595864746e+03|6.597067139e+03|6.596265625e+03|1.953604371e+03
1.517980541e+05|1.708452976e+06|1.708643631e+06|1.708790430e+06|1.708578997e+06|2.452732047e+03|2.453629513e+03|2.454320694e+03|2.453317973e+03|7.486540265e+09|7.508301809e+09|7.525091643e+09|7.500732334e+09|6.592975830e+03|6.594062500e+03|6.594895874e+03|6.593683594e+03|1.953604371e+03
1.700607259e+05|1.708131311e+06|1.708276135e+06|1.708518089e+06|1.708348184e+06|2.451218399e+03|2.451899814e+03|2.453038526e+03|2.452224102e+03|7.449937955e+09|7.466400038e+09|7.493966851e+09|7.474323969e+09|6.591144653e+03|6.591967285e+03|6.593346191e+03|6.592359375e+03|1.953604371e+03
1.877445573e+05|1.707816050e+06|1.708040560e+06|1.708195308e+06|1.707991626e+06|2.449735515e+03|2.450791475e+03|2.451519496e+03|2.450542726e+03|7.414201501e+09|7.439637022e+09|7.457208915e+09|7.433489511e+09|6.589345337e+03|6.590625977e+03|6.591506470e+03|6.590325684e+03|1.953604371e+03
2.021690263e+05|1.707602268e+06|1.707766323e+06|1.707982637e+06|1.707841461e+06|2.448681280e+03|2.449499417e+03|2.450519009e+03|2.449818937e+03|7.388193546e+09|7.408491854e+09|7.433068146e+09|7.415930150e+09|6.588070801e+03|6.589062744e+03|6.590297852e+03|6.589448242e+03|1.953604371e+03
2.171666728e+05|1.707287482e+06|1.707426772e+06|1.707668930e+06|1.707481225e+06|2.447112000e+03|2.447806305e+03|2.449013696e+03|2.448061841e+03|7.349350797e+09|7.366521326e+09|7.396436963e+09|7.372744879e+09|6.586174316e+03|6.587011475e+03|6.588473389e+03|6.587321777e+03|1.953604371e+03
2.304488311e+05|1.706933971e+06|1.707184129e+06|1.707423127e+06|1.707188077e+06|2.445350518e+03|2.446596914e+03|2.447788134e+03|2.446608546e+03|7.305894349e+09|7.336627695e+09|7.366071638e+09|7.336963996e+09|6.584041138e+03|6.585548828e+03|6.586990723e+03|6.585563965e+03|1.953604371e+03
2.425636650e+05|1.706730175e+06|1.706935272e+06|1.707164344e+06|1.706960717e+06|2.444335455e+03|2.445357001e+03|2.446498321e+03|2.445483851e+03|7.280921624e+09|7.306054011e+09|7.334193848e+09|7.309253318e+09|6.582812744e+03|6.584048340e+03|6.585430786e+03|6.584201172e+03|1.953604371e+03
2.551871195e+05|1.706505066e+06|1.706708314e+06|1.706882695e+06|1.706663996e+06|2.443214575e+03|2.444226583e+03|2.445095095e+03|2.444005453e+03|7.253403917e+09|7.278245930e+09|7.299605939e+09|7.272904734e+09|6.581455200e+03|6.582679199e+03|6.583734009e+03|6.582412598e+03|1.953604371e+03
2.663633649e+05|1.706164465e+06|1.706368453e+06|1.706654441e+06|1.706421582e+06|2.441519334e+03|2.442534524e+03|2.443958315e+03|2.442797647e+03|7.211902980e+09|7.236738731e+09|7.271655808e+09|7.243291845e+09|6.579399414e+03|6.580630127e+03|6.582356934e+03|6.580949219e+03|1.953604371e+03
2.770957175e+05|1.705939950e+06|1.706172270e+06|1.706428561e+06|1.706164487e+06|2.440402336e+03|2.441558173e+03|2.442833724e+03|2.441519079e+03|7.184635081e+09|7.212852201e+09|7.244068076e+09|7.212026113e+09|6.578046997e+03|6.579448242e+03|6.580994873e+03|6.579399414e+03|1.953604371e+03
2.889848139e+05|1.705541983e+06|1.705816388e+06|1.706073146e+06|1.705765416e+06|2.438423282e+03|2.439787751e+03|2.441064969e+03|2.439529276e+03|7.136473538e+09|7.169658136e+09|7.200804099e+09|7.163523235e+09|6.575646240e+03|6.577302979e+03|6.578848267e+03|6.576986816e+03|1.953604371e+03
2.987386442e+05|1.705340694e+06|1.705543804e+06|1.705739914e+06|1.705462070e+06|2.437422724e+03|2.438432333e+03|2.439407434e+03|2.438019758e+03|7.112197557e+09|7.136693318e+09|7.160399409e+09|7.126816639e+09|6.574435303e+03|6.575658447e+03|6.576840942e+03|6.575157715e+03|1.953604371e+03
3.081858923e+05|1.704920769e+06|1.705226017e+06|1.705470463e+06|1.705189640e+06|2.435336320e+03|2.436852823e+03|2.438067739e+03|2.436650428e+03|7.061734962e+09|7.098392412e+09|7.127841521e+09|7.093603574e+09|6.571905518e+03|6.573746338e+03|6.575218384e+03|6.573496094e+03|1.953604371e+03
3.181649391e+05|1.704688359e+06|1.704963926e+06|1.705172191e+06|1.704922962e+06|2.434182138e+03|2.435550692e+03|2.436585364e+03|2.435339507e+03|7.033911536e+09|7.066909959e+09|7.091919075e+09|7.061840373e+09|6.570502319e+03|6.572165527e+03|6.573419922e+03|6.571906738e+03|1.953604371e+03
3.282359248e+05|1.704281069e+06|1.704589581e+06|1.704833416e+06|1.704552497e+06|2.432160410e+03|2.433691711e+03|2.434902469e+03|2.433473782e+03|6.985332050e+09|7.022108904e+09|7.051268577e+09|7.016760934e+09|6.568050903e+03|6.569906738e+03|6.571379395e+03|6.569642578e+03|1.953604371e+03
3.365520303e+05|1.704193489e+06|1.704356177e+06|1.704507964e+06|1.704267745e+06|2.431725836e+03|2.432533149e+03|2.433286539e+03|2.432040814e+03|6.974916559e+09|6.994273965e+09|7.012366940e+09|6.982154548e+09|6.567520264e+03|6.568499268e+03|6.569413208e+03|6.567903320e+03|1.953604371e+03
3.452959405e+05|1.703821481e+06|1.704098721e+06|1.704400101e+06|1.704155799e+06|2.429784774e+03|2.431238014e+03|2.432751144e+03|2.431470311e+03|6.927123713e+09|6.962977852e+09|6.999506363e+09|6.968204124e+09|6.565166626e+03|6.566928711e+03|6.568765503e+03|6.567210449e+03|1.953604371e+03
3.540660298e+05|1.703606811e+06|1.703820496e+06|1.704090595e+06|1.703811165e+06|2.428659948e+03|2.429779612e+03|2.431195411e+03|2.429705572e+03|6.899464179e+09|6.926996592e+09|6.961924869e+09|6.925155548e+09|6.563800659e+03|6.565158447e+03|6.566877686e+03|6.565068848e+03|1.953604371e+03
3.632214998e+05|1.703358447e+06|1.703524101e+06|1.703790460e+06|1.703604748e+06|2.427359052e+03|2.428226667e+03|2.429622209e+03|2.428627050e+03|6.867575386e+09|6.888831209e+09|6.923121239e+09|6.898716685e+09|6.562223511e+03|6.563274414e+03|6.564970215e+03|6.563759766e+03|1.953604371e+03
3.705806132e+05|1.703030141e+06|1.703267136e+06|1.703472655e+06|1.703298178e+06|2.425640202e+03|2.426880897e+03|2.427957196e+03|2.427027320e+03|6.825605049e+09|6.855881030e+09|6.882224214e+09|6.859607361e+09|6.560135620e+03|6.561642578e+03|6.562950562e+03|6.561819336e+03|1.953604371e+03
3.780687416e+05|1.702764393e+06|1.703020544e+06|1.703298147e+06|1.703062410e+06|2.424249522e+03|2.425589969e+03|2.427043279e+03|2.425780101e+03|6.791784659e+09|6.824381298e+09|6.859850795e+09|6.829294887e+09|6.558448120e+03|6.560073730e+03|6.561837280e+03|6.560304199e+03|1.953604371e+03
3.865963772e+05|1.702486878e+06|1.702757750e+06|1.703064347e+06|1.702753325e+06|2.422797886e+03|2.424214765e+03|2.425819245e+03|2.424179376e+03|6.756611950e+09|6.790941003e+09|6.829968135e+09|6.790474317e+09|6.556682251e+03|6.558403564e+03|6.560353394e+03|6.558359375e+03|1.953604371e+03
3.948282217e+05|1.702197847e+06|1.702432512e+06|1.702698946e+06|1.702451980e+06|2.421286690e+03|2.422513580e+03|2.423907125e+03|2.422593693e+03|6.720137181e+09|6.749738815e+09|6.783476516e+09|6.752042417e+09|6.554845947e+03|6.556337891e+03|6.558029419e+03|6.556432617e+03|1.953604371e+03
4.024439653e+05|1.701982890e+06|1.702209162e+06|1.702421934e+06|1.702199597e+06|2.420163227e+03|2.421345833e+03|2.422458266e+03|2.421287788e+03|6.693113548e+09|6.721561817e+09|6.748402220e+09|6.720444809e+09|6.553479004e+03|6.554916992e+03|6.556272827e+03|6.554846680e+03|1.953604371e+03
4.096555506e+05|1.701791074e+06|1.701967642e+06|1.702195634e+06|1.702012595e+06|2.419161035e+03|2.420083550e+03|2.421275117e+03|2.420317299e+03|6.669073909e+09|6.691200006e+09|6.719858215e+09|6.697046487e+09|6.552263794e+03|6.553386230e+03|6.554833740e+03|6.553667480e+03|1.953604371e+03
4.166280101e+05|1.701289013e+06|1.701722223e+06|1.701988300e+06|1.701705284e+06|2.416539313e+03|2.418801375e+03|2.420191500e+03|2.418674365e+03|6.606483894e+09|6.660462076e+09|6.693792714e+09|6.657765203e+09|6.549073730e+03|6.551824219e+03|6.553514038e+03|6.551666992e+03|1.953604371e+03
4.235889159e+05|1.701181097e+06|1.701495032e+06|1.701896324e+06|1.701602119e+06|2.415976052e+03|2.417614876e+03|2.419710905e+03|2.418142191e+03|6.593092894e+09|6.632109499e+09|6.682255996e+09|6.645055637e+09|6.548390015e+03|6.550381348e+03|6.552931152e+03|6.551021484e+03|1.953604371e+03
4.316551500e+05|1.700830109e+06|1.701130214e+06|1.701412917e+06|1.701067344e+06|2.414144760e+03|2.415710506e+03|2.417186134e+03|2.415325719e+03|6.549692227e+09|6.586786615e+09|6.621885969e+09|6.577347438e+09|6.546160645e+03|6.548066162e+03|6.549862671e+03|6.547595703e+03|1.953604371e+03
4.382384397e+05|1.700589435e+06|1.700821015e+06|1.701012476e+06|1.700769592e+06|2.412838923e+03|2.414097329e+03|2.415096141e+03|2.413757898e+03|6.518132971e+09|6.548570891e+09|6.572213355e+09|6.540006580e+09|6.544571777e+03|6.546103760e+03|6.547315430e+03|6.545687500e+03|1.953604371e+03
4.447583459e+05|1.700453660e+06|1.700747779e+06|1.700978065e+06|1.700770018e+06|2.412083274e+03|2.413715351e+03|2.414916606e+03|2.413753616e+03|6.499646798e+09|6.539545667e+09|6.567959144e+09|6.539825085e+09|6.543649292e+03|6.545635498e+03|6.547097290e+03|6.545682617e+03|1.953604371e+03
4.512759663e+05|1.700205881e+06|1.700433836e+06|1.700714846e+06|1.700535829e+06|2.410704731e+03|2.411972962e+03|2.413537048e+03|2.412476050e+03|6.466006364e+09|6.496950903e+09|6.535240727e+09|6.508979280e+09|6.541977051e+03|6.543516113e+03|6.545416992e+03|6.544127930e+03|1.953604371e+03
4.581521932e+05|1.699865734e+06|1.700114846e+06|1.700322506e+06|1.700080833e+06|2.408813243e+03|2.410198395e+03|2.411353511e+03|2.409989638e+03|6.420025301e+09|6.453677589e+09|6.481825062e+09|6.448775096e+09|6.539672974e+03|6.541357422e+03|6.542762451e+03|6.541103027e+03|1.953604371e+03
4.656090861e+05|1.699700525e+06|1.699875643e+06|1.700107702e+06|1.700004392e+06|2.407894946e+03|2.408868326e+03|2.410158663e+03|2.409548645e+03|6.397775601e+09|6.421361388e+09|6.452711032e+09|6.437885650e+09|6.538554932e+03|6.539740234e+03|6.541311157e+03|6.540566406e+03|1.953604371e+03
4.717938592e+05|1.699390657e+06|1.699670112e+06|1.699863430e+06|1.699704369e+06|2.406173282e+03|2.407725925e+03|2.408800434e+03|2.407905176e+03|6.356190832e+09|6.393685601e+09|6.419714749e+09|6.398201229e+09|6.536458984e+03|6.538349121e+03|6.539655151e+03|6.538564941e+03|1.953604371e+03
4.773175429e+05|1.699176892e+06|1.699441568e+06|1.699746376e+06|1.699422698e+06|2.404986116e+03|2.406456088e+03|2.408149779e+03|2.406330900e+03|6.327614932e+09|6.363010059e+09|6.403945193e+09|6.360313609e+09|6.535013306e+03|6.536802490e+03|6.538863892e+03|6.536648926e+03|1.953604371e+03
4.837544408e+05|1.698965687e+06|1.699184493e+06|1.699422217e+06|1.699164985e+06|2.403813597e+03|2.405028322e+03|2.406348593e+03|2.404914147e+03|6.299470601e+09|6.328629480e+09|6.360417607e+09|6.326148973e+09|6.533585327e+03|6.535062988e+03|6.536669312e+03|6.534923828e+03|1.953604371e+03
4.899255219e+05|1.698775465e+06|1.698983191e+06|1.699237241e+06|1.699175056e+06|2.402757925e+03|2.403910753e+03|2.405321227e+03|2.404963250e+03|6.274198204e+09|6.301799658e+09|6.335673170e+09|6.327365523e+09|6.532297485e+03|6.533702881e+03|6.535419434e+03|6.534981934e+03|1.953604371e+03
4.962185720e+05|1.698385413e+06|1.698725725e+06|1.698974669e+06|1.698718966e+06|2.400594352e+03|2.402481942e+03|2.403863454e+03|2.402440213e+03|6.222602152e+09|6.267601796e+09|6.300665939e+09|6.266881469e+09|6.529659424e+03|6.531962158e+03|6.533643066e+03|6.531908691e+03|1.953604371e+03
5.024319700e+05|1.698205384e+06|1.698511583e+06|1.698748292e+06|1.698466839e+06|2.399596240e+03|2.401294043e+03|2.402607153e+03|2.401029187e+03|6.198889763e+09|6.239258834e+09|6.270594026e+09|6.233126169e+09|6.528442749e+03|6.530511963e+03|6.532114136e+03|6.530187500e+03|1.953604371e+03
5.084791871e+05|1.697972204e+06|1.698295166e+06|1.698505136e+06|1.698328308e+06|2.398303908e+03|2.400093968e+03|2.401258287e+03|2.400272446e+03|6.168272136e+09|6.210707307e+09|6.238406988e+09|6.215174175e+09|6.526865601e+03|6.529048096e+03|6.530469360e+03|6.529265137e+03|1.953604371e+03
5.143142832e+05|1.697818226e+06|1.697983943e+06|1.698207687e+06|1.698110152e+06|2.397450814e+03|2.398368954e+03|2.399609004e+03|2.399042287e+03|6.148113131e+09|6.169810895e+09|6.199193006e+09|6.185985310e+09|6.525822754e+03|6.526947510e+03|6.528460815e+03|6.527764160e+03|1.953604371e+03
5.196685583e+05|1.697487116e+06|1.697787846e+06|1.697953790e+06|1.697771339e+06|2.395607732e+03|2.397282527e+03|2.398201877e+03|2.397145768e+03|6.104557715e+09|6.144141333e+09|6.165858878e+09|6.140734771e+09|6.523574707e+03|6.525618652e+03|6.526740967e+03|6.525450684e+03|1.953604371e+03
5.259332230e+05|1.697316668e+06|1.697545749e+06|1.697835257e+06|1.697675524e+06|2.394602668e+03|2.395941747e+03|2.397545163e+03|2.396610584e+03|6.080028373e+09|6.112555021e+09|6.150340702e+09|6.127998819e+09|6.522349365e+03|6.523982178e+03|6.525937988e+03|6.524798340e+03|1.953604371e+03
5.319620780e+05|1.696950089e+06|1.697274274e+06|1.697585329e+06|1.697282192e+06|2.392442189e+03|2.394352743e+03|2.396160911e+03|2.394340858e+03|6.027551913e+09|6.073940314e+09|6.117711051e+09|6.073371149e+09|6.519713989e+03|6.522046387e+03|6.524251587e+03|6.522029297e+03|1.953604371e+03
5.381223263e+05|1.696842401e+06|1.697054972e+06|1.697379827e+06|1.697168955e+06|2.391807799e+03|2.393060180e+03|2.394975054e+03|2.393684376e+03|6.012208065e+09|6.042527407e+09|6.089108042e+09|6.057538738e+09|6.518940430e+03|6.520468018e+03|6.522804932e+03|6.521229980e+03|1.953604371e+03
5.429966720e+05|1.696553538e+06|1.696812778e+06|1.697115526e+06|1.696889612e+06|2.390106733e+03|2.391633307e+03|2.393417031e+03|2.392051429e+03|5.971210323e+09|6.007992856e+09|6.051187698e+09|6.018186335e+09|6.516863525e+03|6.518726074e+03|6.520906616e+03|6.519236328e+03|1.953604371e+03
5.485594327e+05|1.696424906e+06|1.696608669e+06|1.696853429e+06|1.696660573e+06|2.389349537e+03|2.390431319e+03|2.391872760e+03|2.390724409e+03|5.953029152e+09|5.979016881e+09|6.013778073e+09|5.986311530e+09|6.515939575e+03|6.517260254e+03|6.519018066e+03|6.517616211e+03|1.953604371e+03
5.537774903e+05|1.696178262e+06|1.696370862e+06|1.696683477e+06|1.696478291e+06|2.387898172e+03|2.389031459e+03|2.390871808e+03|2.389639052e+03|5.918296576e+09|5.945403992e+09|5.989623417e+09|5.960284314e+09|6.514168457e+03|6.515550049e+03|6.517797852e+03|6.516291016e+03|1.953604371e+03
5.593038245e+05|1.695886918e+06|1.696108447e+06|1.696367835e+06|1.696194867e+06|2.386184639e+03|2.387487475e+03|2.389013648e+03|2.387989594e+03|5.877487724e+09|5.908496431e+09|5.944977381e+09|5.920872637e+09|6.512073486e+03|6.513665771e+03|6.515531250e+03|6.514277344e+03|1.953604371e+03
5.651398434e+05|1.695647267e+06|1.695910475e+06|1.696174588e+06|1.695963620e+06|2.384775835e+03|2.386323150e+03|2.387876555e+03|2.386632805e+03|5.844095351e+09|5.880778336e+09|5.917780411e+09|5.888526978e+09|6.510353271e+03|6.512243652e+03|6.514142212e+03|6.512620605e+03|1.953604371e+03
5.708553476e+05|1.695408731e+06|1.695627820e+06|1.695938786e+06|1.695716253e+06|2.383374210e+03|2.384661541e+03|2.386489629e+03|2.385162620e+03|5.811015912e+09|5.841392605e+09|5.884735508e+09|5.853676654e+09|6.508637573e+03|6.510211182e+03|6.512446655e+03|6.510823242e+03|1.953604371e+03
5.759961734e+05|1.695290771e+06|1.695495585e+06|1.695899237e+06|1.695592740e+06|2.382681319e+03|2.383884493e+03|2.386257070e+03|2.384434135e+03|5.794715487e+09|5.823043169e+09|5.879208242e+09|5.836419082e+09|6.507790527e+03|6.509265137e+03|6.512163696e+03|6.509932617e+03|1.953604371e+03
5.811758514e+05|1.694901303e+06|1.695180164e+06|1.695441571e+06|1.695148849e+06|2.380394688e+03|2.382031758e+03|2.383567139e+03|2.381824512e+03|5.741167542e+09|5.779465875e+09|5.815560963e+09|5.774683618e+09|6.504993896e+03|6.506998291e+03|6.508876099e+03|6.506743164e+03|1.953604371e+03
5.862282149e+05|1.694830245e+06|1.695047532e+06|1.695332466e+06|1.695137572e+06|2.379977675e+03|2.381253027e+03|2.382926219e+03|2.381769819e+03|5.731442383e+09|5.761223823e+09|5.800472840e+09|5.773586873e+09|6.504485474e+03|6.506044678e+03|6.508093262e+03|6.506675781e+03|1.953604371e+03
5.915371947e+05|1.694548203e+06|1.694779708e+06|1.695223153e+06|1.694956833e+06|2.378323017e+03|2.379681120e+03|2.382284204e+03|2.380680875e+03|5.692977354e+09|5.724534089e+09|5.785388920e+09|5.748083937e+09|6.502459106e+03|6.504122314e+03|6.507306152e+03|6.505342285e+03|1.953604371e+03
5.964838302e+05|1.694297791e+06|1.694567206e+06|1.694870202e+06|1.694647404e+06|2.376772936e+03|2.378434474e+03|2.380212160e+03|2.378833535e+03|5.655857231e+09|5.695562210e+09|5.736909852e+09|5.704453977e+09|6.500561646e+03|6.502596924e+03|6.504773315e+03|6.503082520e+03|1.953604371e+03
6.018220423e+05|1.694116945e+06|1.694423791e+06|1.694799577e+06|1.694481825e+06|2.375632478e+03|2.377567779e+03|2.379797711e+03|2.377832315e+03|5.628336404e+09|5.675090068e+09|5.727249460e+09|5.680519720e+09|6.499168335e+03|6.501534912e+03|6.504265137e+03|6.501859863e+03|1.953604371e+03
6.076888457e+05|1.693938730e+06|1.694152108e+06|1.694442682e+06|1.694194781e+06|2.374509030e+03|2.375854191e+03|2.377686965e+03|2.376063542e+03|5.601312267e+09|5.633679742e+09|5.677977703e+09|5.638552328e+09|6.497796753e+03|6.499438721e+03|6.501682861e+03|6.499695801e+03|1.953604371e+03
6.120875073e+05|1.693724375e+06|1.693990565e+06|1.694426404e+06|1.694111855e+06|2.373158302e+03|2.374835750e+03|2.377584264e+03|2.375536988e+03|5.568933848e+09|5.609162522e+09|5.675489801e+09|5.625790575e+09|6.496139893e+03|6.498195068e+03|6.501557739e+03|6.499051270e+03|1.953604371e+03
6.167547755e+05|1.693511251e+06|1.693781627e+06|1.694080577e+06|1.693829911e+06|2.371815932e+03|2.373519012e+03|2.375403186e+03|2.373798179e+03|5.536878193e+09|5.577568434e+09|5.622813938e+09|5.584330613e+09|6.494500122e+03|6.496583984e+03|6.498888062e+03|6.496924316e+03|1.953604371e+03
6.215323370e+05|1.693230275e+06|1.693491568e+06|1.693849931e+06|1.693621060e+06|2.370047086e+03|2.371691981e+03|2.373949405e+03|2.372490044e+03|5.494824355e+09|5.533924453e+09|5.587882661e+09|5.553155512e+09|6.492331421e+03|6.494346436e+03|6.497108643e+03|6.495323242e+03|1.953604371e+03
6.260830029e+05|1.693070226e+06|1.693293536e+06|1.693725580e+06|1.693433224e+06|2.369039979e+03|2.370445247e+03|2.373165895e+03|2.371306773e+03|5.470975289e+09|5.504272353e+09|5.569115527e+09|5.525051604e+09|6.491100342e+03|6.492822266e+03|6.496153687e+03|6.493873535e+03|1.953604371e+03
6.310940908e+05|1.692630520e+06|1.692965008e+06|1.693334105e+06|1.693018124e+06|2.366274845e+03|2.368378077e+03|2.370700609e+03|2.368694645e+03|5.405846168e+09|5.455338679e+09|5.510337152e+09|5.463205164e+09|6.487712891e+03|6.490289795e+03|6.493134766e+03|6.490673828e+03|1.953604371e+03
6.360918874e+05|1.692407900e+06|1.692705603e+06|1.693070025e+06|1.692760779e+06|2.364875834e+03|2.366746835e+03|2.369038715e+03|2.367090509e+03|5.373090996e+09|5.416926752e+09|5.470945200e+09|5.425388094e+09|6.485998291e+03|6.488288574e+03|6.491098999e+03|6.488709473e+03|1.953604371e+03
6.413040077e+05|1.692216016e+06|1.692610043e+06|1.692882082e+06|1.692610892e+06|2.363670495e+03|2.366146138e+03|2.367856513e+03|2.366132248e+03|5.344975855e+09|5.402827392e+09|5.443037638e+09|5.402853530e+09|6.484518677e+03|6.487553711e+03|6.489650269e+03|6.487533691e+03|1.953604371e+03
6.459334891e+05|1.692090179e+06|1.692472736e+06|1.692833895e+06|1.692546545e+06|2.362880299e+03|2.365283215e+03|2.367553475e+03|2.365729765e+03|5.326597268e+09|5.382615397e+09|5.435898435e+09|5.393447058e+09|6.483547241e+03|6.486495361e+03|6.489277954e+03|6.487040527e+03|1.953604371e+03
6.509666037e+05|1.691836327e+06|1.692242309e+06|1.692595589e+06|1.692269956e+06|2.361286848e+03|2.363835627e+03|2.366055288e+03|2.363985865e+03|5.289664330e+09|5.348822108e+09|5.400696910e+09|5.352601180e+09|6.481593018e+03|6.484722900e+03|6.487445068e+03|6.484901855e+03|1.953604371e+03
6.549207683e+05|1.691706305e+06|1.692087370e+06|1.692334636e+06|1.692087364e+06|2.360471013e+03|2.362862658e+03|2.364415563e+03|2.362829872e+03|5.270820915e+09|5.326187527e+09|5.362343308e+09|5.325436573e+09|6.480591919e+03|6.483527100e+03|6.485433472e+03|6.483485840e+03|1.953604371e+03
6.594435344e+05|1.691528053e+06|1.691866627e+06|1.692273418e+06|1.691909967e+06|2.359291942e+03|2.361476997e+03|2.364031025e+03|2.361683978e+03|5.242687868e+09|5.294062549e+09|5.353375350e+09|5.298485176e+09|6.479147827e+03|6.481826416e+03|6.484958740e+03|6.482080566e+03|1.953604371e+03
6.640287835e+05|1.691432139e+06|1.691746234e+06|1.692238696e+06|1.691840460e+06|2.358644482e+03|2.360721525e+03|2.363812937e+03|2.361240249e+03|5.227088055e+09|5.276602217e+09|5.348293620e+09|5.288022758e+09|6.478349731e+03|6.480897705e+03|6.484692261e+03|6.481535156e+03|1.953604371e+03
6.687669454e+05|1.691329514e+06|1.691859002e+06|1.692375583e+06|1.691870401e+06|2.357951857e+03|2.361429146e+03|2.364672799e+03|2.361393822e+03|5.210437617e+09|5.292955886e+09|5.368348131e+09|5.291609678e+09|6.477501465e+03|6.481769775e+03|6.485749390e+03|6.481723633e+03|1.953604371e+03
6.732730047e+05|1.691293316e+06|1.691576385e+06|1.692007096e+06|1.691654030e+06|2.357707602e+03|2.359618261e+03|2.362358687e+03|2.360035557e+03|5.204576569e+09|5.250564226e+09|5.314488526e+09|5.259613993e+09|6.477205322e+03|6.479545166e+03|6.482910400e+03|6.480058594e+03|1.953604371e+03
6.785557372e+05|1.690908069e+06|1.691215140e+06|1.691747638e+06|1.691309950e+06|2.355109220e+03|2.357180142e+03|2.360730337e+03|2.357760675e+03|5.142542505e+09|5.191936475e+09|5.276805670e+09|5.205711504e+09|6.474017334e+03|6.476557861e+03|6.480910156e+03|6.477267090e+03|1.953604371e+03
6.829802677e+05|1.690530369e+06|1.690870761e+06|1.691328208e+06|1.690984307e+06|2.352563950e+03|2.354857712e+03|2.357943042e+03|2.355587765e+03|5.082339805e+09|5.136568863e+09|5.210225882e+09|5.154209367e+09|6.470891113e+03|6.473706055e+03|6.477492310e+03|6.474599609e+03|1.953604371e+03
6.875996539e+05|1.690073884e+06|1.690574942e+06|1.691059732e+06|1.690578641e+06|2.349490676e+03|2.352864212e+03|2.356131871e+03|2.352867088e+03|5.010387214e+09|5.089412978e+09|5.166887462e+09|5.090273183e+09|6.467115356e+03|6.471259766e+03|6.475272949e+03|6.471259766e+03|1.953604371e+03
6.919133148e+05|1.689658344e+06|1.690088986e+06|1.690499597e+06|1.690099370e+06|2.346695831e+03|2.349592301e+03|2.352356679e+03|2.349630535e+03|4.945649639e+09|5.012753518e+09|5.077461722e+09|5.014377485e+09|6.463681885e+03|6.467239746e+03|6.470637695e+03|6.467283203e+03|1.953604371e+03
6.956264504e+05|1.689507365e+06|1.689979358e+06|1.690402063e+06|1.690012957e+06|2.345681033e+03|2.348854679e+03|2.351699814e+03|2.349052894e+03|4.922307229e+09|4.995597261e+09|5.062027148e+09|5.000928865e+09|6.462433350e+03|6.466332275e+03|6.469828125e+03|6.466573730e+03|1.953604371e+03
6.993717393e+05|1.689231352e+06|1.689552471e+06|1.689989053e+06|1.689665224e+06|2.343826712e+03|2.345984172e+03|2.348919917e+03|2.346697401e+03|4.879877150e+09|4.929270712e+09|4.997115924e+09|4.946171416e+09|6.460147339e+03|6.462805664e+03|6.466410645e+03|6.463677734e+03|1.953604371e+03
7.036470460e+05|1.689162216e+06|1.689662445e+06|1.690189299e+06|1.689759632e+06|2.343362422e+03|2.346723400e+03|2.350267415e+03|2.347340894e+03|4.869298608e+09|4.946285025e+09|5.028498960e+09|4.961211472e+09|6.459578125e+03|6.463712158e+03|6.468068237e+03|6.464468750e+03|1.953604371e+03
7.082275777e+05|1.689057306e+06|1.689548743e+06|1.689938529e+06|1.689552788e+06|2.342658031e+03|2.345959121e+03|2.348580011e+03|2.345928481e+03|4.853284120e+09|4.928695567e+09|4.989220448e+09|4.928122545e+09|6.458710693e+03|6.462770996e+03|6.465996704e+03|6.462731934e+03|1.953604371e+03
7.134230472e+05|1.688905810e+06|1.689266946e+06|1.689780441e+06|1.689417230e+06|2.341573843e+03|2.344065775e+03|2.347516762e+03|2.344992547e+03|4.827613651e+09|4.885331053e+09|4.964596630e+09|4.906497391e+09|6.457376831e+03|6.460441162e+03|6.464690186e+03|6.461580078e+03|1.953604371e+03
7.181678583e+05|1.688726396e+06|1.689176751e+06|1.689643245e+06|1.689179319e+06|2.340265815e+03|2.343460028e+03|2.346594331e+03|2.343361592e+03|4.796389340e+09|4.871520941e+09|4.943310910e+09|4.868235781e+09|6.455769287e+03|6.459698486e+03|6.463554077e+03|6.459576172e+03|1.953604371e+03
7.226367773e+05|1.688734980e+06|1.689246447e+06|1.689809895e+06|1.689174450e+06|2.340328380e+03|2.343928093e+03|2.347714832e+03|2.343306158e+03|4.797879018e+09|4.882189667e+09|4.969176554e+09|4.866848320e+09|6.455844727e+03|6.460272949e+03|6.464933838e+03|6.459507324e+03|1.953604371e+03
7.265980303e+05|1.688472502e+06|1.689122711e+06|1.689713147e+06|1.689089052e+06|2.338415808e+03|2.343097155e+03|2.347064275e+03|2.342708695e+03|4.752469155e+09|4.863262744e+09|4.954146263e+09|4.852995304e+09|6.453490112e+03|6.459251465e+03|6.464133545e+03|6.458771973e+03|1.953604371e+03
7.307064648e+05|1.688498593e+06|1.689112276e+06|1.689701776e+06|1.689178163e+06|2.338605869e+03|2.343027096e+03|2.346987824e+03|2.343314396e+03|4.756968322e+09|4.861670711e+09|4.952382317e+09|4.867074377e+09|6.453724243e+03|6.459164795e+03|6.464036987e+03|6.459517090e+03|1.953604371e+03
7.339958291e+05|1.688795756e+06|1.689413057e+06|1.689977121e+06|1.689403611e+06|2.340771420e+03|2.345047317e+03|2.348839627e+03|2.344852121e+03|4.808442862e+09|4.907774021e+09|4.995247529e+09|4.903000368e+09|6.456388428e+03|6.461652832e+03|6.466316895e+03|6.461406250e+03|1.953604371e+03
7.374224947e+05|1.688826144e+06|1.689466735e+06|1.690087868e+06|1.689469479e+06|2.340992956e+03|2.345408013e+03|2.349584773e+03|2.345323365e+03|4.813728425e+09|4.916046750e+09|5.012578225e+09|4.913983828e+09|6.456663574e+03|6.462095947e+03|6.467232788e+03|6.461986816e+03|1.953604371e+03
7.414477301e+05|1.688400409e+06|1.689184951e+06|1.689985883e+06|1.689173692e+06|2.337890722e+03|2.343515093e+03|2.348898582e+03|2.343238236e+03|4.740055220e+09|4.872775807e+09|4.996617885e+09|4.865336808e+09|6.452848389e+03|6.459765625e+03|6.466386108e+03|6.459420410e+03|1.953604371e+03
7.475681380e+05|1.687320931e+06|1.688319909e+06|1.689320245e+06|1.688362158e+06|2.330039754e+03|2.337304508e+03|2.344423792e+03|2.337455048e+03|4.557123849e+09|4.726221468e+09|4.893508041e+09|4.730476697e+09|6.443176514e+03|6.452125977e+03|6.460885864e+03|6.452300781e+03|1.953604371e+03
7.529290781e+05|1.686375989e+06|1.687122989e+06|1.687758919e+06|1.687126767e+06|2.323041272e+03|2.328602432e+03|2.333222615e+03|2.328496576e+03|4.395861678e+09|4.524170213e+09|4.630677531e+09|4.521931387e+09|6.434539551e+03|6.441402100e+03|6.447097778e+03|6.441266113e+03|1.953604371e+03
7.568893159e+05|1.686044772e+06|1.686512391e+06|1.687154206e+06|1.686581811e+06|2.320420955e+03|2.324121081e+03|2.328829057e+03|2.324452600e+03|4.333829009e+09|4.421633047e+09|4.529355073e+09|4.427983380e+09|6.431309082e+03|6.435871582e+03|6.441683594e+03|6.436280762e+03|1.953604371e+03
7.602294815e+05|1.685783521e+06|1.686478761e+06|1.686875338e+06|1.686352000e+06|2.318355877e+03|2.323854815e+03|2.326805193e+03|2.322712460e+03|4.285445470e+09|4.415267052e+09|4.483206453e+09|4.387823479e+09|6.428758911e+03|6.435544922e+03|6.439184937e+03|6.434131836e+03|1.953604371e+03
7.635170005e+05|1.685168178e+06|1.685782421e+06|1.686560166e+06|1.685872791e+06|2.313497852e+03|2.318347190e+03|2.324499384e+03|2.318949693e+03|4.173358460e+09|4.285243231e+09|4.430691455e+09|4.300505669e+09|6.422757812e+03|6.428749268e+03|6.436340210e+03|6.429485840e+03|1.953604371e+03
7.663542051e+05|1.684929043e+06|1.685412686e+06|1.686210843e+06|1.685559200e+06|2.311612192e+03|2.315427217e+03|2.321734471e+03|2.316516501e+03|4.130499939e+09|4.217589460e+09|4.364834792e+09|4.244176072e+09|6.420427246e+03|6.425142578e+03|6.432927979e+03|6.426480469e+03|1.953604371e+03
7.689292264e+05|1.684607058e+06|1.685360232e+06|1.686086720e+06|1.685279507e+06|2.309075242e+03|2.315013188e+03|2.320752681e+03|2.314312157e+03|4.073407743e+09|4.208061939e+09|4.341642497e+09|4.193388504e+09|6.417287720e+03|6.424630127e+03|6.431717896e+03|6.423757324e+03|1.953604371e+03
7.713773281e+05|1.684613336e+06|1.685063444e+06|1.685767027e+06|1.685132458e+06|2.309124686e+03|2.312671833e+03|2.318225551e+03|2.313164161e+03|4.074512561e+09|4.154539237e+09|4.282406668e+09|4.166854958e+09|6.417348877e+03|6.421734131e+03|6.428597656e+03|6.422339355e+03|1.953604371e+03
7.748194967e+05|1.684347467e+06|1.684925903e+06|1.685518698e+06|1.684932943e+06|2.307023854e+03|2.311587439e+03|2.316264113e+03|2.311558453e+03|4.027577612e+09|4.129939498e+09|4.236885964e+09|4.129855902e+09|6.414748291e+03|6.420394775e+03|6.426174316e+03|6.420353516e+03|1.953604371e+03
7.848539338e+05|1.683538477e+06|1.684347039e+06|1.685449907e+06|1.684842671e+06|2.300024828e+03|2.307020143e+03|2.315721010e+03|2.310429472e+03|3.863710201e+09|4.027489169e+09|4.224351583e+09|4.104933813e+09|6.406084351e+03|6.414742676e+03|6.425504639e+03|6.418940430e+03|1.953604371e+03
7.949294290e+05|1.685184822e+06|1.686982352e+06|1.688025404e+06|1.686689005e+06|2.313629151e+03|2.327581669e+03|2.335160906e+03|2.324968136e+03|4.176356289e+09|4.500872432e+09|4.675877237e+09|4.440439678e+09|6.422920288e+03|6.440145020e+03|6.449483887e+03|6.436904297e+03|1.953604371e+03
7.977623042e+05|1.686718224e+06|1.688237525e+06|1.688962474e+06|1.687802172e+06|2.325648375e+03|2.336704720e+03|2.341979453e+03|2.333245488e+03|4.456725187e+09|4.712100711e+09|4.837214543e+09|4.632862227e+09|6.437759521e+03|6.451386230e+03|6.457874023e+03|6.447108887e+03|1.953604371e+03
7.993452631e+05|1.686673334e+06|1.688007558e+06|1.688808460e+06|1.687892827e+06|2.325340058e+03|2.335031083e+03|2.340864030e+03|2.333864474e+03|4.450006644e+09|4.672845670e+09|4.810650579e+09|4.647177029e+09|6.437376831e+03|6.449325439e+03|6.456505005e+03|6.447870605e+03|1.953604371e+03
8.006216456e+05|1.686978241e+06|1.688093363e+06|1.689618827e+06|1.688399235e+06|2.327551973e+03|2.335655423e+03|2.346430186e+03|2.337446341e+03|4.500228460e+09|4.687460689e+09|4.939530742e+09|4.730867743e+09|6.440107300e+03|6.450096680e+03|6.463353149e+03|6.452278809e+03|1.953604371e+03
8.017557696e+05|1.688023345e+06|1.689221476e+06|1.690777496e+06|1.689362400e+06|2.335145929e+03|2.343760394e+03|2.354229063e+03|2.344243725e+03|4.675527862e+09|4.878367987e+09|5.121661689e+09|4.889547018e+09|6.449464722e+03|6.460068604e+03|6.472932373e+03|6.460643066e+03|1.953604371e+03
8.027751880e+05|1.688348058e+06|1.689665427e+06|1.690962726e+06|1.689814420e+06|2.337509478e+03|2.346743450e+03|2.355477727e+03|2.347409922e+03|4.731055123e+09|4.946747143e+09|5.151304982e+09|4.963333007e+09|6.452375854e+03|6.463737305e+03|6.474467407e+03|6.464539551e+03|1.953604371e+03
8.037085194e+05|1.688731375e+06|1.689999120e+06|1.691738007e+06|1.690227333e+06|2.340302106e+03|2.348987635e+03|2.360669910e+03|2.350149598e+03|4.797254085e+09|4.998686515e+09|5.275410729e+09|5.028003619e+09|6.455814087e+03|6.466495605e+03|6.480834961e+03|6.467902344e+03|1.953604371e+03
8.049174656e+05|1.689876823e+06|1.690848377e+06|1.693129867e+06|1.691257422e+06|2.348164998e+03|2.354706820e+03|2.369415244e+03|2.357037416e+03|4.979610120e+09|5.132987318e+09|5.479856843e+09|5.189423484e+09|6.465483521e+03|6.473520508e+03|6.491558350e+03|6.476361816e+03|1.953604371e+03
8.115365176e+05|1.688867694e+06|1.691307310e+06|1.693102958e+06|1.689185859e+06|2.341295895e+03|2.357802026e+03|2.369245915e+03|2.337654676e+03|4.820965204e+09|5.206841405e+09|5.475846514e+09|4.748098457e+09|6.457037231e+03|6.477317383e+03|6.491352539e+03|6.452281738e+03|1.953604371e+03
8.371114986e+05|1.676394762e+06|1.676546697e+06|1.676710150e+06|1.676548702e+06|2.222685558e+03|2.224805524e+03|2.227088243e+03|2.224816249e+03|2.123675176e+09|2.168688026e+09|2.218034380e+09|2.169620134e+09|6.309611938e+03|6.312275635e+03|6.315144897e+03|6.312288086e+03|1.953604371e+03
8.396871787e+05|1.676269104e+06|1.676444719e+06|1.676656065e+06|1.676457880e+06|2.220933622e+03|2.223382409e+03|2.226332673e+03|2.223429126e+03|2.087062299e+09|2.138385429e+09|2.201599467e+09|2.139201291e+09|6.307409668e+03|6.310490479e+03|6.314195068e+03|6.310546387e+03|1.953604371e+03
8.405996399e+05|1.676161644e+06|1.676369184e+06|1.676542577e+06|1.676385051e+06|2.219363087e+03|2.222328836e+03|2.224748008e+03|2.222411955e+03|2.053213912e+09|2.116177529e+09|2.167456858e+09|2.117065518e+09|6.305439331e+03|6.309166260e+03|6.312205933e+03|6.309268066e+03|1.953604371e+03
8.413223537e+05|1.676136091e+06|1.676358369e+06|1.676536053e+06|1.676357014e+06|2.218927503e+03|2.222178027e+03|2.224656942e+03|2.221961232e+03|2.042722917e+09|2.113015291e+09|2.165507876e+09|2.106838266e+09|6.304888794e+03|6.308975830e+03|6.312090088e+03|6.308701172e+03|1.953604371e+03
8.418116427e+05|1.676070594e+06|1.676252797e+06|1.676505837e+06|1.676275001e+06|2.217811399e+03|2.220706353e+03|2.224235211e+03|2.220739831e+03|2.016057789e+09|2.082350731e+09|2.156502055e+09|2.079864631e+09|6.303487549e+03|6.307126709e+03|6.311561035e+03|6.307165527e+03|1.953604371e+03
8.423227829e+05|1.676042937e+06|1.676190316e+06|1.676476909e+06|1.676238745e+06|2.217340242e+03|2.219835776e+03|2.223831536e+03|2.220195133e+03|2.004895263e+09|2.064385924e+09|2.147914626e+09|2.067864566e+09|6.302898682e+03|6.306030518e+03|6.311051514e+03|6.306482422e+03|1.953604371e+03
8.427694975e+05|1.675986640e+06|1.676219496e+06|1.676489269e+06|1.676237114e+06|2.216381504e+03|2.220242321e+03|2.224004012e+03|2.220121888e+03|1.982359865e+09|2.072758939e+09|2.151578200e+09|2.065697323e+09|6.301690918e+03|6.306542236e+03|6.311271606e+03|6.306390137e+03|1.953604371e+03
8.431698110e+05|1.675997169e+06|1.676247647e+06|1.676461887e+06|1.676217382e+06|2.216560787e+03|2.220634595e+03|2.223621927e+03|2.219809619e+03|1.986556216e+09|2.080867311e+09|2.143460788e+09|2.059234109e+09|6.301914795e+03|6.307036865e+03|6.310788940e+03|6.305997070e+03|1.953604371e+03
8.436813815e+05|1.676093479e+06|1.676217436e+06|1.676438196e+06|1.676231314e+06|2.218201309e+03|2.220213621e+03|2.223291408e+03|2.220116757e+03|2.025334233e+09|2.072166894e+09|2.136462979e+09|2.066510672e+09|6.303978516e+03|6.306506592e+03|6.310375488e+03|6.306384766e+03|1.953604371e+03
8.441567809e+05|1.676007488e+06|1.676183854e+06|1.676395449e+06|1.676194930e+06|2.216736499e+03|2.219740091e+03|2.222695137e+03|2.219530899e+03|1.990677055e+09|2.062304512e+09|2.123877340e+09|2.053385353e+09|6.302135376e+03|6.305908936e+03|6.309625244e+03|6.305646973e+03|1.953604371e+03
8.445548358e+05|1.676013454e+06|1.676171542e+06|1.676403775e+06|1.676190540e+06|2.216838108e+03|2.219531834e+03|2.222811262e+03|2.219471598e+03|1.993063388e+09|2.057288742e+09|2.126322525e+09|2.051831627e+09|6.302264648e+03|6.305649414e+03|6.309772705e+03|6.305573730e+03|1.953604371e+03
8.450880182e+05|1.675991834e+06|1.676236318e+06|1.676439311e+06|1.676225032e+06|2.216469949e+03|2.220476721e+03|2.223306966e+03|2.219987752e+03|1.984429143e+09|2.077600940e+09|2.136788860e+09|2.063057215e+09|6.301803467e+03|6.306837158e+03|6.310394287e+03|6.306221680e+03|1.953604371e+03
8.458311090e+05|1.676063715e+06|1.676243356e+06|1.676461286e+06|1.676260925e+06|2.217694195e+03|2.220574788e+03|2.223613544e+03|2.220575790e+03|2.013273893e+09|2.079627492e+09|2.143283391e+09|2.076516699e+09|6.303341431e+03|6.306958496e+03|6.310780273e+03|6.306961426e+03|1.953604371e+03
8.472890534e+05|1.676080703e+06|1.676268933e+06|1.676462745e+06|1.676250895e+06|2.217983619e+03|2.220931229e+03|2.223633904e+03|2.220401163e+03|2.020149197e+09|2.087012247e+09|2.143714959e+09|2.072646598e+09|6.303703979e+03|6.307407471e+03|6.310804077e+03|6.306741211e+03|1.953604371e+03
8.980651197e+05|2.951647560e+06|2.952924335e+06|2.953474587e+06|2.952597318e+06|2.341733600e+03|2.343577792e+03|2.344372786e+03|2.343105200e+03|4.714534349e+09|4.798766394e+09|4.835476880e+09|4.777762064e+09|3.226098755e+03|3.229058716e+03|3.230333252e+03|3.228299316e+03|2.866041764e+03
9.012593684e+05|2.951849696e+06|2.952528562e+06|2.953243116e+06|2.952569224e+06|2.342025524e+03|2.343006062e+03|2.344038347e+03|2.343056956e+03|4.727781832e+09|4.772514872e+09|4.820003979e+09|4.775171918e+09|3.226565674e+03|3.228139038e+03|3.229796509e+03|3.228222168e+03|2.866041764e+03
9.022509441e+05|2.951206495e+06|2.951921725e+06|2.952752672e+06|2.952016803e+06|2.341096670e+03|2.342129552e+03|2.343329801e+03|2.342267102e+03|4.685741748e+09|4.732510412e+09|4.787364395e+09|4.739363025e+09|3.225074951e+03|3.226733154e+03|3.228660278e+03|3.226954590e+03|2.866041764e+03
9.031692408e+05|2.951070770e+06|2.951741158e+06|2.952647089e+06|2.951813330e+06|2.340900689e+03|2.341868772e+03|2.343177278e+03|2.341973238e+03|4.676913255e+09|4.720664337e+09|4.780363373e+09|4.725869020e+09|3.224760376e+03|3.226314819e+03|3.228413879e+03|3.226482910e+03|2.866041764e+03
9.040757954e+05|2.950553480e+06|2.951607069e+06|2.952276915e+06|2.951486495e+06|2.340153813e+03|2.341675123e+03|2.342642568e+03|2.341498253e+03|4.643399162e+09|4.711884512e+09|4.755889386e+09|4.704507009e+09|3.223563477e+03|3.226003174e+03|3.227556702e+03|3.225720703e+03|2.866041764e+03
9.049715277e+05|2.950114899e+06|2.951030949e+06|2.951794266e+06|2.950952626e+06|2.339520665e+03|2.340843192e+03|2.341945470e+03|2.340730417e+03|4.615151493e+09|4.674325563e+09|4.724147023e+09|4.669868920e+09|3.222548218e+03|3.224669556e+03|3.226437378e+03|3.224488525e+03|2.866041764e+03
9.060631168e+05|2.949545373e+06|2.950548503e+06|2.951383046e+06|2.950520748e+06|2.338698594e+03|2.340146628e+03|2.341351613e+03|2.340106991e+03|4.578697474e+09|4.643077741e+09|4.697248454e+09|4.642144760e+09|3.221228638e+03|3.223550781e+03|3.225485779e+03|3.223488037e+03|2.866041764e+03
9.250342976e+05|2.924826477e+06|2.948777334e+06|2.950341812e+06|2.939559303e+06|2.290137909e+03|2.337590190e+03|2.339848233e+03|2.318755681e+03|2.817384833e+09|4.529940676e+09|4.629747176e+09|3.863376376e+09|3.153242981e+03|3.219450562e+03|3.223072754e+03|3.193514404e+03|2.866041764e+03
9.527990045e+05|2.923208507e+06|2.923918893e+06|2.924483778e+06|2.923910677e+06|2.285017355e+03|2.287264523e+03|2.289052614e+03|2.287240258e+03|2.676115777e+09|2.737358644e+09|2.786929612e+09|2.737917859e+09|3.147419739e+03|3.149976196e+03|3.152010254e+03|3.149947510e+03|2.866041764e+03
9.553864540e+05|2.923742793e+06|2.924168873e+06|2.924805396e+06|2.924199570e+06|2.286707311e+03|2.288055682e+03|2.290071137e+03|2.288154183e+03|2.722063964e+09|2.759199474e+09|2.815502623e+09|2.762879173e+09|3.149342224e+03|3.150876465e+03|3.153167419e+03|3.150987305e+03|2.866041764e+03
9.568356497e+05|2.923882170e+06|2.924428892e+06|2.924944406e+06|2.924360819e+06|2.287148315e+03|2.288878830e+03|2.290511469e+03|2.288664690e+03|2.734162506e+09|2.782078795e+09|2.827931703e+09|2.777092589e+09|3.149842407e+03|3.151811768e+03|3.153667847e+03|3.151567383e+03|2.866041764e+03
9.580894500e+05|2.923950400e+06|2.924527813e+06|2.925007652e+06|2.924470102e+06|2.287364228e+03|2.289192048e+03|2.290711828e+03|2.289010498e+03|2.740102666e+09|2.790826726e+09|2.833602246e+09|2.786601002e+09|3.150089539e+03|3.152168823e+03|3.153896851e+03|3.151961182e+03|2.866041764e+03
9.592108519e+05|2.924194331e+06|2.924678915e+06|2.925162536e+06|2.924723802e+06|2.288136266e+03|2.289670548e+03|2.291202555e+03|2.289808939e+03|2.761431960e+09|2.804235460e+09|2.847533913e+09|2.809198651e+09|3.150966187e+03|3.152712524e+03|3.154453674e+03|3.152871826e+03|2.866041764e+03
9.604778923e+05|2.924286359e+06|2.924788699e+06|2.925474834e+06|2.924856673e+06|2.288427582e+03|2.290018249e+03|2.292192253e+03|2.290235558e+03|2.769516890e+09|2.814012884e+09|2.875799513e+09|2.821585655e+09|3.151297668e+03|3.153106812e+03|3.155578979e+03|3.153354492e+03|2.866041764e+03
9.625992738e+05|2.924337903e+06|2.924997842e+06|2.925909309e+06|2.925115787e+06|2.288590761e+03|2.290680755e+03|2.293569681e+03|2.291056291e+03|2.774053731e+09|2.832726086e+09|2.915534608e+09|2.844730943e+09|3.151484680e+03|3.153860718e+03|3.157145203e+03|3.154287109e+03|2.866041764e+03
9.802749386e+05|2.926191826e+06|2.927546323e+06|2.929471492e+06|2.927881102e+06|2.294465685e+03|2.298765148e+03|2.303780984e+03|2.299103202e+03|2.941629070e+09|3.069593061e+09|3.228599218e+09|3.086666980e+09|3.158164062e+03|3.163050415e+03|3.169265747e+03|3.163775391e+03|2.866041764e+03
9.973344106e+05|2.927517910e+06|2.928328185e+06|2.929041055e+06|2.928264120e+06|2.298674894e+03|2.301249696e+03|2.302926613e+03|2.300696765e+03|3.066856292e+09|3.145641431e+09|3.199913598e+09|3.130905521e+09|3.162949646e+03|3.165874756e+03|3.168054504e+03|3.165409424e+03|2.866041764e+03
1.000989859e+06|2.927022830e+06|2.927581003e+06|2.928093730e+06|2.927526197e+06|2.297102748e+03|2.298875303e+03|2.300504448e+03|2.298645047e+03|3.019569848e+09|3.072928223e+09|3.122666405e+09|3.067089839e+09|3.161161621e+03|3.163176514e+03|3.165026550e+03|3.162940918e+03|2.866041764e+03
1.003541344e+06|2.926803100e+06|2.927241741e+06|2.927662899e+06|2.927197378e+06|2.296405246e+03|2.297797808e+03|2.299135464e+03|2.297651219e+03|2.998788003e+09|3.040399476e+09|3.080826043e+09|3.036711959e+09|3.160369507e+03|3.161951782e+03|3.163471619e+03|3.161787842e+03|2.866041764e+03
1.005716819e+06|2.926290390e+06|2.926907950e+06|2.927494721e+06|2.926875783e+06|2.294778345e+03|2.296738057e+03|2.298601238e+03|2.296632982e+03|2.950782125e+09|3.008688895e+09|3.064627254e+09|3.006531334e+09|3.158520020e+03|3.160746826e+03|3.162864502e+03|3.160629395e+03|2.866041764e+03
1.008163228e+06|2.925652500e+06|2.926199970e+06|2.926878082e+06|2.926246640e+06|2.292755441e+03|2.294491518e+03|2.296643247e+03|2.294640798e+03|2.891993724e+09|2.942384312e+09|3.005865430e+09|2.947674036e+09|3.156220886e+03|3.158192993e+03|3.160638672e+03|3.158363037e+03|2.866041764e+03
1.011737698e+06|2.924677037e+06|2.925647489e+06|2.926149019e+06|2.925493720e+06|2.289664600e+03|2.292739552e+03|2.294329905e+03|2.292254174e+03|2.804069187e+09|2.891533699e+09|2.937662079e+09|2.879081522e+09|3.152704651e+03|3.156200562e+03|3.158010559e+03|3.155649414e+03|2.866041764e+03
1.028578698e+06|2.922446782e+06|2.923214557e+06|2.924293454e+06|2.923440557e+06|2.282609632e+03|2.285036484e+03|2.288450043e+03|2.285754480e+03|2.611785199e+09|2.676632255e+09|2.770140753e+09|2.698373867e+09|3.144680420e+03|3.147441528e+03|3.151325073e+03|3.148257812e+03|2.866041764e+03
1.040642926e+06|2.921909814e+06|2.922498711e+06|2.923051224e+06|2.922512272e+06|2.280913487e+03|2.282773713e+03|2.284520043e+03|2.282817726e+03|2.567254245e+09|2.616126612e+09|2.662719912e+09|2.618093640e+09|3.142749146e+03|3.144867432e+03|3.146853577e+03|3.144916260e+03|2.866041764e+03
1.044361722e+06|2.922015323e+06|2.922589642e+06|2.922962573e+06|2.922511855e+06|2.281246686e+03|2.283061050e+03|2.284239775e+03|2.282816100e+03|2.575950375e+09|2.623745238e+09|2.655195284e+09|2.617834474e+09|3.143128906e+03|3.145194824e+03|3.146535461e+03|3.144915039e+03|2.866041764e+03
1.046504998e+06|2.922046184e+06|2.922615087e+06|2.923177426e+06|2.922649873e+06|2.281344157e+03|2.283141458e+03|2.284919073e+03|2.283252892e+03|2.578501211e+09|2.625880578e+09|2.673465060e+09|2.629878404e+09|3.143241394e+03|3.145285156e+03|3.147308350e+03|3.145411865e+03|2.866041764e+03
1.048626862e+06|2.921851431e+06|2.922445739e+06|2.922908132e+06|2.922344151e+06|2.280729128e+03|2.282606335e+03|2.284067675e+03|2.282286491e+03|2.562453023e+09|2.611697213e+09|2.650583594e+09|2.604013234e+09|3.142540161e+03|3.144677124e+03|3.146339050e+03|3.144312500e+03|2.866041764e+03
1.051255947e+06|2.921978415e+06|2.922604659e+06|2.923082304e+06|2.922519844e+06|2.281130126e+03|2.283108504e+03|2.284618310e+03|2.282841788e+03|2.572905218e+09|2.625005396e+09|2.665362510e+09|2.618821438e+09|3.142996582e+03|3.145248413e+03|3.146965271e+03|3.144944092e+03|2.866041764e+03
1.055036698e+06|2.921593101e+06|2.922638029e+06|2.923273801e+06|2.922447178e+06|2.279913517e+03|2.283213961e+03|2.285223830e+03|2.282612609e+03|2.541302869e+09|2.627807819e+09|2.681694325e+09|2.613042394e+09|3.141611633e+03|3.145368652e+03|3.147655090e+03|3.144683350e+03|2.866041764e+03
1.066890507e+06|2.921817653e+06|2.922516230e+06|2.923017640e+06|2.922436488e+06|2.280622468e+03|2.282829068e+03|2.284413867e+03|2.282578630e+03|2.559677899e+09|2.617592846e+09|2.659867083e+09|2.612009014e+09|3.142418579e+03|3.144930054e+03|3.146733337e+03|3.144644287e+03|2.866041764e+03
1.081887223e+06|2.921572877e+06|2.922129594e+06|2.922639489e+06|2.922079754e+06|2.279849675e+03|2.281607600e+03|2.283218574e+03|2.281451123e+03|2.539652777e+09|2.585399051e+09|2.627930098e+09|2.581939319e+09|3.141539673e+03|3.143539673e+03|3.145373718e+03|3.143361816e+03|2.866041764e+03
1.085633278e+06|2.920997507e+06|2.921709649e+06|2.922102694e+06|2.921591358e+06|2.278033918e+03|2.280281459e+03|2.281522635e+03|2.279908896e+03|2.493121990e+09|2.550825000e+09|2.583171777e+09|2.541775232e+09|3.139473572e+03|3.142031494e+03|3.143442749e+03|3.141606445e+03|2.866041764e+03
1.088330951e+06|2.920813037e+06|2.921420268e+06|2.921952976e+06|2.921371267e+06|2.277451999e+03|2.279367963e+03|2.281049789e+03|2.279214135e+03|2.478363909e+09|2.527237428e+09|2.570808129e+09|2.524079832e+09|3.138811523e+03|3.140991577e+03|3.142904358e+03|3.140815918e+03|2.866041764e+03
1.090876947e+06|2.920819498e+06|2.921378990e+06|2.921928371e+06|2.921304244e+06|2.277472378e+03|2.279237682e+03|2.280972089e+03|2.278996995e+03|2.478878504e+09|2.523888325e+09|2.568781753e+09|2.518326387e+09|3.138833740e+03|3.140842163e+03|3.142817932e+03|3.140570557e+03|2.866041764e+03
1.093573237e+06|2.920334720e+06|2.921002510e+06|2.921622081e+06|2.920927742e+06|2.275943642e+03|2.278049701e+03|2.280005003e+03|2.277795057e+03|2.440450832e+09|2.493523304e+09|2.543667582e+09|2.487580048e+09|3.137094543e+03|3.139491577e+03|3.141716187e+03|3.139206299e+03|2.866041764e+03
1.097040891e+06|2.920271159e+06|2.920846595e+06|2.921523466e+06|2.920843495e+06|2.275743262e+03|2.277557850e+03|2.279693700e+03|2.277519328e+03|2.435451827e+09|2.481042322e+09|2.535627196e+09|2.480624834e+09|3.136865723e+03|3.138931519e+03|3.141362366e+03|3.138895020e+03|2.866041764e+03
1.103100808e+06|2.919831062e+06|2.920393906e+06|2.921048160e+06|2.920436242e+06|2.274356186e+03|2.276130243e+03|2.278193726e+03|2.276162716e+03|2.401082186e+09|2.445114218e+09|2.497188496e+09|2.445747871e+09|3.135285583e+03|3.137305420e+03|3.139654419e+03|3.137368652e+03|2.866041764e+03
1.118418035e+06|2.919033712e+06|2.919625414e+06|2.920265949e+06|2.919701538e+06|2.271461023e+03|2.273708254e+03|2.275726837e+03|2.273690307e+03|2.324992572e+09|2.385168604e+09|2.435042032e+09|2.382017281e+09|3.132089600e+03|3.134547607e+03|3.136847656e+03|3.134595215e+03|2.866041764e+03
1.126806726e+06|2.918619982e+06|2.918986053e+06|2.919381030e+06|2.919052683e+06|2.269531110e+03|2.271238638e+03|2.272938459e+03|2.271289951e+03|2.270056793e+09|2.318603228e+09|2.366378139e+09|2.318481030e+09|3.130054016e+03|3.131855347e+03|3.133671509e+03|3.131954346e+03|2.866041764e+03
1.130078868e+06|2.918604047e+06|2.919023391e+06|2.919468323e+06|2.919077841e+06|2.269456802e+03|2.271412861e+03|2.273213402e+03|2.271377966e+03|2.267961715e+09|2.323607746e+09|2.373074915e+09|2.320849695e+09|3.129977539e+03|3.132039185e+03|3.133985352e+03|3.132052490e+03|2.866041764e+03
1.132528509e+06|2.918568839e+06|2.918975124e+06|2.919449781e+06|2.919001012e+06|2.269292635e+03|2.271187648e+03|2.273154999e+03|2.271052409e+03|2.263344807e+09|2.317140649e+09|2.371651028e+09|2.312072469e+09|3.129803528e+03|3.131801147e+03|3.133919250e+03|3.131703369e+03|2.866041764e+03
1.135210360e+06|2.918638649e+06|2.918949322e+06|2.919383322e+06|2.918984531e+06|2.269618150e+03|2.271067260e+03|2.272945677e+03|2.271036592e+03|2.272506943e+09|2.313689723e+09|2.366553732e+09|2.311849534e+09|3.130145691e+03|3.131673950e+03|3.133681519e+03|3.131676514e+03|2.866041764e+03
1.138633604e+06|2.918348646e+06|2.918763551e+06|2.919179882e+06|2.918758397e+06|2.268266152e+03|2.270200656e+03|2.272143187e+03|2.270040706e+03|2.234664590e+09|2.288983483e+09|2.344688852e+09|2.284348397e+09|3.128721375e+03|3.130760132e+03|3.132807312e+03|3.130615234e+03|2.866041764e+03
1.142672811e+06|2.918320876e+06|2.918631516e+06|2.919068015e+06|2.918660089e+06|2.268136725e+03|2.269584889e+03|2.271621097e+03|2.269634192e+03|2.231071100e+09|2.271569188e+09|2.329601548e+09|2.273327497e+09|3.128585083e+03|3.130111694e+03|3.132258911e+03|3.130177734e+03|2.866041764e+03
1.149148659e+06|2.917969607e+06|2.918470957e+06|2.918840196e+06|2.918422739e+06|2.266500076e+03|2.268836285e+03|2.270558163e+03|2.268529401e+03|2.186064993e+09|2.250555118e+09|2.299149095e+09|2.242962282e+09|3.126858398e+03|3.129321777e+03|3.131137451e+03|3.129011963e+03|2.866041764e+03
1.162225249e+06|2.917650239e+06|2.917921055e+06|2.918170501e+06|2.917924188e+06|2.265012917e+03|2.266273937e+03|2.267435967e+03|2.266278922e+03|2.145862172e+09|2.179909406e+09|2.211702477e+09|2.180532503e+09|3.125288818e+03|3.126618408e+03|3.127844177e+03|3.126625244e+03|2.866041764e+03
1.170065446e+06|2.917187861e+06|2.917643715e+06|2.917888434e+06|2.917540608e+06|2.262861269e+03|2.264982548e+03|2.266122013e+03|2.264503721e+03|2.088844629e+09|2.145048060e+09|2.175782917e+09|2.133134744e+09|3.123018555e+03|3.125255859e+03|3.126458130e+03|3.124750977e+03|2.866041764e+03
1.173632707e+06|2.917161317e+06|2.917532362e+06|2.917838214e+06|2.917437175e+06|2.262737803e+03|2.264464225e+03|2.265888139e+03|2.264022580e+03|2.085618882e+09|2.131195873e+09|2.169443014e+09|2.120516765e+09|3.122889160e+03|3.124710693e+03|3.126212036e+03|3.124243652e+03|2.866041764e+03
1.176722445e+06|2.917206064e+06|2.917470770e+06|2.917788602e+06|2.917432383e+06|2.262945941e+03|2.264177569e+03|2.265657115e+03|2.263999896e+03|2.091062816e+09|2.123565692e+09|2.163196742e+09|2.119611368e+09|3.123107239e+03|3.124407593e+03|3.125968506e+03|3.124219727e+03|2.866041764e+03
1.179282212e+06|2.916865697e+06|2.917304207e+06|2.917728826e+06|2.917263528e+06|2.261363104e+03|2.263402519e+03|2.265378788e+03|2.263214911e+03|2.049935977e+09|2.103061637e+09|2.155692529e+09|2.099413045e+09|3.121438232e+03|3.123590210e+03|3.125674988e+03|3.123390869e+03|2.866041764e+03
1.182910432e+06|2.916822016e+06|2.917222901e+06|2.917606546e+06|2.917187954e+06|2.261160035e+03|2.263024265e+03|2.264809526e+03|2.262863143e+03|2.044708519e+09|2.093116730e+09|2.140415549e+09|2.090019775e+09|3.121222595e+03|3.123190430e+03|3.125073853e+03|3.123020020e+03|2.866041764e+03
1.186943972e+06|2.916582543e+06|2.917030567e+06|2.917375807e+06|2.916938470e+06|2.260047027e+03|2.262129694e+03|2.263735659e+03|2.261703031e+03|2.016278703e+09|2.069763325e+09|2.111852962e+09|2.059922854e+09|3.120048950e+03|3.122247437e+03|3.123940430e+03|3.121795654e+03|2.866041764e+03
1.192317954e+06|2.916492006e+06|2.916907103e+06|2.917242166e+06|2.916849830e+06|2.259626355e+03|2.261555606e+03|2.263113883e+03|2.261290703e+03|2.005623595e+09|2.054897320e+09|2.095468976e+09|2.049117527e+09|3.119604492e+03|3.121640869e+03|3.123284424e+03|3.121360596e+03|2.866041764e+03
1.202948078e+06|2.915994787e+06|2.916385702e+06|2.916779095e+06|2.916333877e+06|2.257317226e+03|2.259132500e+03|2.260960513e+03|2.258893489e+03|1.948014478e+09|1.993178163e+09|2.039586069e+09|1.988459469e+09|3.117166870e+03|3.119082397e+03|3.121012024e+03|3.118830322e+03|2.866041764e+03
1.213187280e+06|2.915535098e+06|2.915881374e+06|2.916172648e+06|2.915859499e+06|2.255184139e+03|2.256790802e+03|2.258143002e+03|2.256690532e+03|1.896095248e+09|1.935086458e+09|1.968446832e+09|1.933559544e+09|3.114914734e+03|3.116610352e+03|3.118037292e+03|3.116504150e+03|2.866041764e+03
1.216784132e+06|2.915415033e+06|2.915797985e+06|2.916122155e+06|2.915761054e+06|2.254627279e+03|2.256403808e+03|2.257908544e+03|2.256233743e+03|1.882743211e+09|1.925633012e+09|1.962626654e+09|1.922451581e+09|3.114325745e+03|3.116202515e+03|3.117791077e+03|3.116022217e+03|2.866041764e+03
1.219452706e+06|2.915437166e+06|2.915782218e+06|2.916115028e+06|2.915734272e+06|2.254729922e+03|2.256330634e+03|2.257875454e+03|2.256109567e+03|1.885198077e+09|1.923847481e+09|1.961806272e+09|1.919497112e+09|3.114433899e+03|3.116125000e+03|3.117756714e+03|3.115890869e+03|2.866041764e+03
1.222103539e+06|2.915258440e+06|2.915582095e+06|2.915920037e+06|2.915576759e+06|2.253901178e+03|2.255402139e+03|2.256970251e+03|2.255378942e+03|1.865457573e+09|1.901344851e+09|1.939484911e+09|1.901908643e+09|3.113557922e+03|3.115144897e+03|3.116799500e+03|3.115119141e+03|2.866041764e+03
1.225219172e+06|2.915138386e+06|2.915489012e+06|2.915805415e+06|2.915389010e+06|2.253344637e+03|2.254970379e+03|2.256438281e+03|2.254508212e+03|1.852304229e+09|1.890959992e+09|1.926472582e+09|1.881046424e+09|3.112970825e+03|3.114688110e+03|3.116237122e+03|3.114199707e+03|2.866041764e+03
1.228668149e+06|2.914945735e+06|2.915302855e+06|2.915596345e+06|2.915228107e+06|2.252451785e+03|2.254107106e+03|2.255468246e+03|2.253761851e+03|1.831370478e+09|1.870345700e+09|1.902939325e+09|1.863084342e+09|3.112027161e+03|3.113776245e+03|3.115213135e+03|3.113410889e+03|2.866041764e+03
1.233679759e+06|2.914804929e+06|2.915164307e+06|2.915531005e+06|2.915135504e+06|2.251799405e+03|2.253464786e+03|2.255165153e+03|2.253332779e+03|1.816207140e+09|1.855136105e+09|1.895638982e+09|1.853089945e+09|3.111339111e+03|3.113097534e+03|3.114893433e+03|3.112957764e+03|2.866041764e+03
1.240461585e+06|2.914363764e+06|2.914797806e+06|2.915293608e+06|2.914766587e+06|2.249756412e+03|2.251766404e+03|2.254064232e+03|2.251612268e+03|1.769434817e+09|1.815443096e+09|1.869327418e+09|1.813101851e+09|3.109179443e+03|3.111303223e+03|3.113732117e+03|3.111141357e+03|2.866041764e+03
1.252321623e+06|2.913987061e+06|2.914273448e+06|2.914603358e+06|2.914208109e+06|2.248013159e+03|2.249338357e+03|2.250865756e+03|2.248952949e+03|1.730366865e+09|1.759995609e+09|1.794698786e+09|1.751326972e+09|3.107338684e+03|3.108738525e+03|3.110353088e+03|3.108340088e+03|2.866041764e+03
1.258400784e+06|2.913786455e+06|2.914056761e+06|2.914338305e+06|2.913977560e+06|2.247085285e+03|2.248335623e+03|2.249638563e+03|2.247964446e+03|1.709884192e+09|1.737536508e+09|1.766769391e+09|1.729844875e+09|3.106357300e+03|3.107679077e+03|3.109055786e+03|3.107286133e+03|2.866041764e+03
1.261519484e+06|2.913566017e+06|2.914069489e+06|2.914287844e+06|2.913895567e+06|2.246066048e+03|2.248394512e+03|2.249404988e+03|2.247562826e+03|1.687632278e+09|1.738847922e+09|1.761497308e+09|1.720591456e+09|3.105279846e+03|3.107739502e+03|3.108809082e+03|3.106864746e+03|2.866041764e+03
1.264274418e+06|2.913551170e+06|2.913907059e+06|2.914147676e+06|2.913819137e+06|2.245997412e+03|2.247643085e+03|2.248756297e+03|2.247225712e+03|1.686141408e+09|1.722171835e+09|1.746928249e+09|1.713243772e+09|3.105207703e+03|3.106947144e+03|3.108123657e+03|3.106506348e+03|2.866041764e+03
1.266957013e+06|2.913355139e+06|2.913757971e+06|2.914119341e+06|2.913721189e+06|2.245091371e+03|2.246953564e+03|2.248625177e+03|2.246744658e+03|1.666589589e+09|1.706994006e+09|1.743995331e+09|1.702515580e+09|3.104248413e+03|3.106216919e+03|3.107984436e+03|3.106000977e+03|2.866041764e+03
1.270313538e+06|2.913276669e+06|2.913664644e+06|2.914054336e+06|2.913604081e+06|2.244728777e+03|2.246522022e+03|2.248324406e+03|2.246177502e+03|1.658821264e+09|1.697556083e+09|1.737286405e+09|1.689567022e+09|3.103864807e+03|3.105761475e+03|3.107667297e+03|3.105404053e+03|2.866041764e+03
1.274219580e+06|2.913121555e+06|2.913487087e+06|2.913879635e+06|2.913434228e+06|2.244012161e+03|2.245701195e+03|2.247516236e+03|2.245368767e+03|1.643562027e+09|1.679728365e+09|1.719370552e+09|1.671356934e+09|3.103108643e+03|3.104893799e+03|3.106811829e+03|3.104552246e+03|2.866041764e+03
1.279439478e+06|2.912779393e+06|2.913214411e+06|2.913593135e+06|2.913159751e+06|2.242432075e+03|2.244441123e+03|2.246191412e+03|2.244006833e+03|1.610353275e+09|1.652681185e+09|1.690354585e+09|1.640300914e+09|3.101437561e+03|3.103560669e+03|3.105410889e+03|3.103123047e+03|2.866041764e+03
1.287198387e+06|2.912420593e+06|2.912922372e+06|2.913208806e+06|2.912835243e+06|2.240583567e+03|2.243092232e+03|2.244415229e+03|2.242267040e+03|1.566987857e+09|1.624155180e+09|1.652129425e+09|1.598925853e+09|3.099504028e+03|3.102135986e+03|3.103533997e+03|3.101311768e+03|2.866041764e+03
1.297963614e+06|2.912228611e+06|2.912481717e+06|2.912916616e+06|2.912535945e+06|2.239124036e+03|2.241038917e+03|2.243065655e+03|2.240749194e+03|1.522236071e+09|1.581036207e+09|1.623597527e+09|1.562877089e+09|3.098029236e+03|3.099966187e+03|3.102107300e+03|3.099722412e+03|2.866041764e+03
1.302928733e+06|2.912041254e+06|2.912312398e+06|2.912480899e+06|2.912232029e+06|2.237700488e+03|2.239760912e+03|2.241040177e+03|2.238938951e+03|1.479720828e+09|1.541617877e+09|1.581199783e+09|1.516275643e+09|3.096588501e+03|3.098671997e+03|3.099967407e+03|3.097856445e+03|2.866041764e+03
1.305818685e+06|2.911868991e+06|2.912236106e+06|2.912459798e+06|2.912138894e+06|2.236392350e+03|2.239180997e+03|2.240881725e+03|2.238288266e+03|1.441613974e+09|1.523960394e+09|1.576276647e+09|1.498194417e+09|3.095264587e+03|3.098086304e+03|3.099806763e+03|3.097193359e+03|2.866041764e+03
1.308857679e+06|2.911871009e+06|2.912172307e+06|2.912381293e+06|2.912118732e+06|2.236407667e+03|2.238696146e+03|2.240284716e+03|2.238171206e+03|1.442055104e+09|1.509340216e+09|1.557727480e+09|1.494311159e+09|3.095281189e+03|3.097596802e+03|3.099201599e+03|3.097073242e+03|2.866041764e+03
1.311852473e+06|2.911814327e+06|2.912096403e+06|2.912343242e+06|2.912041411e+06|2.235977379e+03|2.238119428e+03|2.239995403e+03|2.237620145e+03|1.429715384e+09|1.492117489e+09|1.548810326e+09|1.479152728e+09|3.094844543e+03|3.097011719e+03|3.098908813e+03|3.096513184e+03|2.866041764e+03
1.315196412e+06|2.911842764e+06|2.912024344e+06|2.912240814e+06|2.911980359e+06|2.236193243e+03|2.237572048e+03|2.239216781e+03|2.237200420e+03|1.435894309e+09|1.475939113e+09|1.525044917e+09|1.466925930e+09|3.095063354e+03|3.096459473e+03|3.098123962e+03|3.096084961e+03|2.866041764e+03
1.319082149e+06|2.911614123e+06|2.911834886e+06|2.912150880e+06|2.911750683e+06|2.234458178e+03|2.236133440e+03|2.238533336e+03|2.235481747e+03|1.386920342e+09|1.434179512e+09|1.504459764e+09|1.420617040e+09|3.093307129e+03|3.095003174e+03|3.097431335e+03|3.094343750e+03|2.866041764e+03
1.323610395e+06|2.911454758e+06|2.911727288e+06|2.911967275e+06|2.911639049e+06|2.233249538e+03|2.235316793e+03|2.237138617e+03|2.234645518e+03|1.353722842e+09|1.410959991e+09|1.463240997e+09|1.396079393e+09|3.092085999e+03|3.094177246e+03|3.096021118e+03|3.093497070e+03|2.866041764e+03
1.331065557e+06|2.911159201e+06|2.911503844e+06|2.911746214e+06|2.911345441e+06|2.231009549e+03|2.233621745e+03|2.235460414e+03|2.232425399e+03|1.294101511e+09|1.363862517e+09|1.415018447e+09|1.336892928e+09|3.089817322e+03|3.092461182e+03|3.094322937e+03|3.091249268e+03|2.866041764e+03
1.341952087e+06|2.910675060e+06|2.910970760e+06|2.911283971e+06|2.910857747e+06|2.227344675e+03|2.229582436e+03|2.231954916e+03|2.228731319e+03|1.201744343e+09|1.257391942e+09|1.318961238e+09|1.240834127e+09|3.086105103e+03|3.088371216e+03|3.090774292e+03|3.087509033e+03|2.866041764e+03
1.346862245e+06|2.910500862e+06|2.910852438e+06|2.911143641e+06|2.910722203e+06|2.226027347e+03|2.228686774e+03|2.230891679e+03|2.227694433e+03|1.170055663e+09|1.234843067e+09|1.291032553e+09|1.211510981e+09|3.084771179e+03|3.087464844e+03|3.089697266e+03|3.086492920e+03|2.866041764e+03
1.349893948e+06|2.910357593e+06|2.910863194e+06|2.911114827e+06|2.910653839e+06|2.224944460e+03|2.228768186e+03|2.230673418e+03|2.227134378e+03|1.144602812e+09|1.236880327e+09|1.285367039e+09|1.199860291e+09|3.083673584e+03|3.087546875e+03|3.089477478e+03|3.086048340e+03|2.866041764e+03
1.352497732e+06|2.910452561e+06|2.910860889e+06|2.911104838e+06|2.910694842e+06|2.225662206e+03|2.228750737e+03|2.230597759e+03|2.227497884e+03|1.161408341e+09|1.236440333e+09|1.283408161e+09|1.209381291e+09|3.084402222e+03|3.087529419e+03|3.089401428e+03|3.086260010e+03|2.866041764e+03
1.355277273e+06|2.910277608e+06|2.910645002e+06|2.910984494e+06|2.910557566e+06|2.224340071e+03|2.227117318e+03|2.229686417e+03|2.226460607e+03|1.130590645e+09|1.196218858e+09|1.260030784e+09|1.185270764e+09|3.083060791e+03|3.085876587e+03|3.088477539e+03|3.085208984e+03|2.866041764e+03
1.358414236e+06|2.910276936e+06|2.910631557e+06|2.910959715e+06|2.910547773e+06|2.224334990e+03|2.227015633e+03|2.229498812e+03|2.226385336e+03|1.130471454e+09|1.193755865e+09|1.255267157e+09|1.182184090e+09|3.083055969e+03|3.085772827e+03|3.088287964e+03|3.085133057e+03|2.866041764e+03
1.361977487e+06|2.910043233e+06|2.910448720e+06|2.910761299e+06|2.910349795e+06|2.222569988e+03|2.225633172e+03|2.227997092e+03|2.224885282e+03|1.090507462e+09|1.160724346e+09|1.217728520e+09|1.144969674e+09|3.081269165e+03|3.084372437e+03|3.086767151e+03|3.083625244e+03|2.866041764e+03
1.366198765e+06|2.909733132e+06|2.910349431e+06|2.910805667e+06|2.910167472e+06|2.220229925e+03|2.224882761e+03|2.228332820e+03|2.223477664e+03|1.039519076e+09|1.143146800e+09|1.226030675e+09|1.108306541e+09|3.078896912e+03|3.083611938e+03|3.087106018e+03|3.082291504e+03|2.866041764e+03
1.371882068e+06|2.909703275e+06|2.910175829e+06|2.910577204e+06|2.909996239e+06|2.220004741e+03|2.223571239e+03|2.226604580e+03|2.222112734e+03|1.034729108e+09|1.113013939e+09|1.183844612e+09|1.073439205e+09|3.078667908e+03|3.082282104e+03|3.085356628e+03|3.081110596e+03|2.866041764e+03
1.381869455e+06|2.909363645e+06|2.909922741e+06|2.910241409e+06|2.909570054e+06|2.217444628e+03|2.221660474e+03|2.224066596e+03|2.218649884e+03|9.816943344e+08|1.070420992e+09|1.124308132e+09|1.012339227e+09|3.076071777e+03|3.080346313e+03|3.082784790e+03|3.078324707e+03|2.866041764e+03
1.389337894e+06|2.908955622e+06|2.909528560e+06|2.909910932e+06|2.909217466e+06|2.214372490e+03|2.218687427e+03|2.221571353e+03|2.215923954e+03|9.213603713e+08|1.007132007e+09|1.068470446e+09|9.515333470e+08|3.072955933e+03|3.077331909e+03|3.080255371e+03|3.075650879e+03|2.866041764e+03
1.392666305e+06|2.908906675e+06|2.909492466e+06|2.909887506e+06|2.909289445e+06|2.214004206e+03|2.218415358e+03|2.221394576e+03|2.216757527e+03|9.143617032e+08|1.001502441e+09|1.064614535e+09|9.574946107e+08|3.072582703e+03|3.077057007e+03|3.080076599e+03|3.075751953e+03|2.866041764e+03
1.395723395e+06|2.908559749e+06|2.909178007e+06|2.909759244e+06|2.908887225e+06|2.211395501e+03|2.216046426e+03|2.220426886e+03|2.213356990e+03|8.661881961e+08|9.537980941e+08|1.043723088e+09|8.551350760e+08|3.069934570e+03|3.074654175e+03|3.079094849e+03|3.073364746e+03|2.866041764e+03
1.398607832e+06|2.908425020e+06|2.909139230e+06|2.909642796e+06|2.908839595e+06|2.210383130e+03|2.215754464e+03|2.219548655e+03|2.212968059e+03|8.481124792e+08|9.480674157e+08|1.025092878e+09|8.567971162e+08|3.068907776e+03|3.074358887e+03|3.078205750e+03|3.072799316e+03|2.866041764e+03
1.401608987e+06|2.908603988e+06|2.909024246e+06|2.909461268e+06|2.908746599e+06|2.211727986e+03|2.214888920e+03|2.218180232e+03|2.212264722e+03|8.721820073e+08|9.312637463e+08|9.966708651e+08|8.252474891e+08|3.070272644e+03|3.073479370e+03|3.076817322e+03|3.072341797e+03|2.866041764e+03
1.404760066e+06|2.908078350e+06|2.908882778e+06|2.909291366e+06|2.908430685e+06|2.207665879e+03|2.213824421e+03|2.216900136e+03|2.209491284e+03|7.218122706e+08|9.109637404e+08|9.707428905e+08|7.424986368e+08|3.066465332e+03|3.072399292e+03|3.075519470e+03|3.070660889e+03|2.866041764e+03
1.408349633e+06|2.907807264e+06|2.908516949e+06|2.909168985e+06|2.907918642e+06|2.205045006e+03|2.211073841e+03|2.215978494e+03|2.205014520e+03|3.972954724e+08|8.603950229e+08|9.524639802e+08|6.892713323e+08|3.065431824e+03|3.069609741e+03|3.074584778e+03|3.067850342e+03|2.866041764e+03
1.413336146e+06|2.907417144e+06|2.908719627e+06|2.909072524e+06|2.908007873e+06|2.201278390e+03|2.212597349e+03|2.215252287e+03|2.205820287e+03|1.693026975e+08|8.880747452e+08|9.382800325e+08|6.496453861e+08|3.063942505e+03|3.071154297e+03|3.073847534e+03|3.068340332e+03|2.866041764e+03
1.419946353e+06|2.907011956e+06|2.908230998e+06|2.908695539e+06|2.907459980e+06|2.197372487e+03|2.208925979e+03|2.212416233e+03|2.201088172e+03|6.909391745e+07|8.227210132e+08|8.847417235e+08|5.519641576e+08|3.062395203e+03|3.067429443e+03|3.070971558e+03|3.065001221e+03|2.866041764e+03
1.429101403e+06|2.905641398e+06|2.907128707e+06|2.908152990e+06|2.906385962e+06|2.184208096e+03|2.198497764e+03|2.208340369e+03|2.191214849e+03|3.390696941e+06|9.491553865e+07|8.127196450e+08|3.102202327e+08|3.057169556e+03|3.062841919e+03|3.066834045e+03|3.059537598e+03|2.866041764e+03
1.434530252e+06|2.904605155e+06|2.907057506e+06|2.908023212e+06|2.906078660e+06|2.174303141e+03|2.197811269e+03|2.207132591e+03|2.188314023e+03|3.474819192e+05|7.654109216e+07|6.410493515e+08|2.710002608e+08|3.053223328e+03|3.062569946e+03|3.066256409e+03|3.058750977e+03|2.866041764e+03
1.437509858e+06|2.904796960e+06|2.906417579e+06|2.908008087e+06|2.906021811e+06|2.176133386e+03|2.191654489e+03|2.206986318e+03|2.187744619e+03|5.295953637e+05|1.874288525e+07|6.196708063e+08|2.572261896e+08|3.053954102e+03|3.060128174e+03|3.066197144e+03|3.058293701e+03|2.866041764e+03
1.440046754e+06|2.903951047e+06|2.906493353e+06|2.907996792e+06|2.905590147e+06|2.168072200e+03|2.192382710e+03|2.206877069e+03|2.183715778e+03|8.285743494e+04|2.221553070e+07|6.031399463e+08|2.493275075e+08|3.050733521e+03|3.060418091e+03|3.066153748e+03|3.056470215e+03|2.866041764e+03
1.442701385e+06|2.901715269e+06|2.905488176e+06|2.906974637e+06|2.904481172e+06|2.146898383e+03|2.182740904e+03|2.197013105e+03|2.173238305e+03|6.089324741e+02|2.420796080e+06|6.398194098e+07|1.368556060e+08|3.042237793e+03|3.056586060e+03|3.062253235e+03|3.049814697e+03|2.866041764e+03
1.445517815e+06|2.900712700e+06|2.904281432e+06|2.906242887e+06|2.903739863e+06|2.137465742e+03|2.171217742e+03|2.189976574e+03|2.166183158e+03|6.808243285e+01|1.795351000e+05|1.284317679e+07|8.744013838e+07|3.038431396e+03|3.051992432e+03|3.059462891e+03|3.045047852e+03|2.866041764e+03
1.448549479e+06|2.901304003e+06|2.904815701e+06|2.906347740e+06|2.903989408e+06|2.143024679e+03|2.176312294e+03|2.190983563e+03|2.168574802e+03|2.564315351e+02|5.517078239e+05|1.616759098e+07|7.912391924e+07|3.040675110e+03|3.054025024e+03|3.059861572e+03|3.045470703e+03|2.866041764e+03
1.452381286e+06|2.901867336e+06|2.904816849e+06|2.906839718e+06|2.904307582e+06|2.148332435e+03|2.176323248e+03|2.195714362e+03|2.171608762e+03|8.471636929e+02|5.531056102e+05|4.894345291e+07|8.409588884e+07|3.042815247e+03|3.054029297e+03|3.061737549e+03|3.048998779e+03|2.866041764e+03
1.458680166e+06|2.899367716e+06|2.903038869e+06|2.905226130e+06|2.902919487e+06|2.124871172e+03|2.159410300e+03|2.180233776e+03|2.158445377e+03|3.481845729e+00|1.111283040e+04|1.363327733e+06|3.314840465e+07|3.032539856e+03|3.047264771e+03|3.055587952e+03|3.038276367e+03|2.866041764e+03
1.475196064e+06|2.899367716e+06|2.899367716e+06|2.902193665e+06|2.900934952e+06|2.124871172e+03|2.124871172e+03|2.151413493e+03|2.139662127e+03|3.481845729e+00|3.481845729e+00|1.894577021e+03|1.846705321e+06|2.965990723e+03|3.022076782e+03|3.044054993e+03|2.999383789e+03|2.866041764e+03
1.480933810e+06|2.899367716e+06|2.901339530e+06|2.903649760e+06|2.901895030e+06|2.124871172e+03|2.143359031e+03|2.165207666e+03|2.148731885e+03|3.481845729e+00|2.769391021e+02|4.257623471e+04|1.101298439e+07|3.009020264e+03|3.040810059e+03|3.049587463e+03|3.015884277e+03|2.866041764e+03
1.482882637e+06|2.899367716e+06|2.902042530e+06|2.905553787e+06|2.902498742e+06|2.124871172e+03|2.149985713e+03|2.183369058e+03|2.154465347e+03|3.481845729e+00|1.246131451e+03|2.797043995e+06|1.335107082e+07|3.011828552e+03|3.043479736e+03|3.056836548e+03|3.020170898e+03|2.866041764e+03
1.484356245e+06|2.899367716e+06|2.899538862e+06|2.904385446e+06|2.901814836e+06|2.124871172e+03|2.126470271e+03|2.172208382e+03|2.147983363e+03|3.481845729e+00|5.262851936e+00|2.147398429e+05|9.607456488e+06|2.990683960e+03|3.033980835e+03|3.052387146e+03|3.012285889e+03|2.866041764e+03
1.485645792e+06|2.899367716e+06|2.900258231e+06|2.904387549e+06|2.901775213e+06|2.124871172e+03|2.133202601e+03|2.172228421e+03|2.147605478e+03|3.481845729e+00|2.566770965e+01|2.156003493e+05|1.285784207e+07|2.999602356e+03|3.036708374e+03|3.052395325e+03|3.011244141e+03|2.866041764e+03
1.486851261e+06|2.899367716e+06|2.899367716e+06|2.901789582e+06|2.900738816e+06|2.124871172e+03|2.124871172e+03|2.147599117e+03|2.137797907e+03|3.481845729e+00|3.481845729e+00|7.195436782e+02|1.684572372e+06|2.966490723e+03|3.025302368e+03|3.042518066e+03|2.996616455e+03|2.866041764e+03
1.488151948e+06|2.899367716e+06|2.899367716e+06|2.902455050e+06|2.900866577e+06|2.124871172e+03|2.124871172e+03|2.153883202e+03|2.139000904e+03|3.481845729e+00|3.481845729e+00|3.075805432e+03|3.071164144e+05|2.999829834e+03|3.025615356e+03|3.045046875e+03|3.011416992e+03|2.866041764e+03
1.489523096e+06|2.899367716e+06|2.899367716e+06|2.901276495e+06|2.900487276e+06|2.124871172e+03|2.124871172e+03|2.142765521e+03|2.135411387e+03|3.481845729e+00|3.481845729e+00|2.349771734e+02|3.514067869e+05|2.962555908e+03|3.026046997e+03|3.040572083e+03|2.989691895e+03|2.866041764e+03
1.491005606e+06|2.899367716e+06|2.899367716e+06|2.902520592e+06|2.900868706e+06|2.124871172e+03|2.124871172e+03|2.154503054e+03|2.139004950e+03|3.481845729e+00|3.481845729e+00|3.554062253e+03|2.540340678e+05|2.993316833e+03|3.031055542e+03|3.045295288e+03|3.015013672e+03|2.866041764e+03
1.493021056e+06|2.899367716e+06|2.899367716e+06|2.901484317e+06|2.900531852e+06|2.124871172e+03|2.124871172e+03|2.144722098e+03|2.135825810e+03|3.481845729e+00|3.481845729e+00|3.686318006e+02|7.020558561e+04|2.981281006e+03|3.022599487e+03|3.041361206e+03|3.007225098e+03|2.866041764e+03
1.500303911e+06|2.899367716e+06|2.899367716e+06|2.902521739e+06|2.900790242e+06|2.124871172e+03|2.124871172e+03|2.154513894e+03|2.138263440e+03|3.481845729e+00|3.481845729e+00|3.561407594e+03|7.082168159e+04|3.003665405e+03|3.029941528e+03|3.045299133e+03|3.012108398e+03|2.866041764e+03
1.537309583e+06|2.899367716e+06|2.899367716e+06|2.899367716e+06|2.899744338e+06|2.124871172e+03|2.124871172e+03|2.124871172e+03|2.128412064e+03|3.481845729e+00|3.481845729e+00|3.481845729e+00|1.371900729e+03|2.982828979e+03|2.997924316e+03|3.018908569e+03|2.999517822e+03|2.866041764e+03
1.538771954e+06|2.899367716e+06|2.899367716e+06|2.899367716e+06|2.899750800e+06|2.124871172e+03|2.124871172e+03|2.124871172e+03|2.128471517e+03|3.481845729e+00|3.481845729e+00|3.481845729e+00|6.235671479e+02|2.967511536e+03|2.991283691e+03|3.014302307e+03|2.989564453e+03|2.866041764e+03
1.539623216e+06|2.899367716e+06|2.899367716e+06|2.899367716e+06|2.900085052e+06|2.124871172e+03|2.124871172e+03|2.124871172e+03|2.131617521e+03|3.481845729e+00|3.481845729e+00|3.481845729e+00|2.022430684e+03|2.956352783e+03|2.985485596e+03|3.017343750e+03|2.986788330e+03|2.866041764e+03
1.540284230e+06|2.899367716e+06|2.899367716e+06|2.899367716e+06|2.899870499e+06|2.124871172e+03|2.124871172e+03|2.124871172e+03|2.129597526e+03|3.481845729e+00|3.481845729e+00|3.481845729e+00|1.298660484e+03|2.948875671e+03|2.983509521e+03|3.008378601e+03|2.980490234e+03|2.866041764e+03
1.541024570e+06|2.899367716e+06|2.899367716e+06|2.899367716e+06|2.899696832e+06|2.124871172e+03|2.124871172e+03|2.124871172e+03|2.127962831e+03|3.481845729e+00|3.481845729e+00|3.481845729e+00|4.525867586e+02|2.929930725e+03|2.981516235e+03|3.005800537e+03|2.968513672e+03|2.866041764e+03
1.541723557e+06|2.899367716e+06|2.899367716e+06|2.899367716e+06|2.899698148e+06|2.124871172e+03|2.124871172e+03|2.124871172e+03|2.127975388e+03|3.481845729e+00|3.481845729e+00|3.481845729e+00|6.135165692e+02|2.927539673e+03|2.975780762e+03|3.019260986e+03|2.969627441e+03|2.866041764e+03
1.542498923e+06|2.899367716e+06|2.899367716e+06|2.899367716e+06|2.899538453e+06|2.124871172e+03|2.124871172e+03|2.124871172e+03|2.126472030e+03|3.481845729e+00|3.481845729e+00|3.481845729e+00|6.319459403e+01|2.919282166e+03|2.962728516e+03|3.018856567e+03|2.965052490e+03|2.866041764e+03
1.543237505e+06|2.899367716e+06|2.899367716e+06|2.899367716e+06|2.899518403e+06|2.124871172e+03|2.124871172e+03|2.124871172e+03|2.126283412e+03|3.481845729e+00|3.481845729e+00|3.481845729e+00|3.615256160e+01|2.893695435e+03|2.971598389e+03|3.020444824e+03|2.955344482e+03|2.866041764e+03
1.543905717e+06|2.899367716e+06|2.899367716e+06|2.899367716e+06|2.899512581e+06|2.124871172e+03|2.124871172e+03|2.124871172e+03|2.126228168e+03|3.481845729e+00|3.481845729e+00|3.481845729e+00|1.633712375e+01|2.916175415e+03|2.989196289e+03|3.021842834e+03|2.964620605e+03|2.866041764e+03
1.544564747e+06|2.899367716e+06|2.899367716e+06|2.899367716e+06|2.899513826e+06|2.124871172e+03|2.124871172e+03|2.124871172e+03|2.126239481e+03|3.481845729e+00|3.481845729e+00|3.481845729e+00|1.247388542e+01|2.909712219e+03|2.966683350e+03|3.007911865e+03|2.953259033e+03|2.866041764e+03
1.545370448e+06|2.899367716e+06|2.899367716e+06|2.899367716e+06|2.899407465e+06|2.124871172e+03|2.124871172e+03|2.124871172e+03|2.125243021e+03|3.481845729e+00|3.481845729e+00|3.481845729e+00|4.444060757e+00|2.864484192e+03|2.929320557e+03|2.992561768e+03|2.922482422e+03|2.866041764e+03
1.546098392e+06|2.899367716e+06|2.899367716e+06|2.899367716e+06|2.899417956e+06|2.124871172e+03|2.124871172e+03|2.124871172e+03|2.125342188e+03|3.481845729e+00|3.481845729e+00|3.481845729e+00|1.766003277e+01|2.830423706e+03|2.929896362e+03|2.976458374e+03|2.909688721e+03|2.866041764e+03
