#RRR|P25fit|P50fit|P75fit|P25model|P50model|P75model
8.024588737e+04|8.271555533e+09|8.352898689e+09|8.456867238e+09|0.000000|0.000000|0.000000
1.220363879e+05|8.222530735e+09|8.295998919e+09|8.386564481e+09|0.000000|0.000000|0.000000
1.454504806e+05|8.187123295e+09|8.256666800e+09|8.340522696e+09|0.000000|0.000000|0.000000
1.623000044e+05|8.157999635e+09|8.224913665e+09|8.304270936e+09|0.000000|0.000000|0.000000
1.771701503e+05|8.129712964e+09|8.194435412e+09|8.270043817e+09|0.000000|0.000000|0.000000
1.903010033e+05|8.102689003e+09|8.165574309e+09|8.238041453e+09|0.000000|0.000000|0.000000
2.032826089e+05|8.074060371e+09|8.135218971e+09|8.204734858e+09|0.000000|0.000000|0.000000
2.151324002e+05|8.046248187e+09|8.105908511e+09|8.172863990e+09|0.000000|0.000000|0.000000
2.263588288e+05|8.018404027e+09|8.076714263e+09|8.141361968e+09|0.000000|0.000000|0.000000
2.373323645e+05|7.989767127e+09|8.046824202e+09|8.109327954e+09|0.000000|0.000000|0.000000
2.476834400e+05|7.961456111e+09|8.017392954e+09|8.077976988e+09|0.000000|0.000000|0.000000
2.575754552e+05|7.933212588e+09|7.988136744e+09|8.046980823e+09|0.000000|0.000000|0.000000
2.672647173e+05|7.904413348e+09|7.958402341e+09|8.015633529e+09|0.000000|0.000000|0.000000
2.760647072e+05|7.877277175e+09|7.930467354e+09|7.986313756e+09|0.000000|0.000000|0.000000
2.852807933e+05|7.841420472e+09|7.900258068e+09|7.954737871e+09|2.000000|0.000000|0.000000
2.929947812e+05|7.791128016e+09|7.874219342e+09|7.927622698e+09|2.000000|0.000000|0.000000
3.024228783e+05|7.729660178e+09|7.841458858e+09|7.893632266e+09|2.000000|0.000000|0.000000
3.104483919e+05|7.677336685e+09|7.812758239e+09|7.863961005e+09|2.000000|0.000000|0.000000
3.185086608e+05|7.624786600e+09|7.783177727e+09|7.833478404e+09|2.000000|0.000000|0.000000
3.257491684e+05|7.577581068e+09|7.755958421e+09|7.805512695e+09|2.000000|0.000000|0.000000
3.331772499e+05|7.529152620e+09|7.727396020e+09|7.776249254e+09|2.000000|0.000000|0.000000
3.411948016e+05|7.476881036e+09|7.695840609e+09|7.744012896e+09|2.000000|0.000000|0.000000
3.474416663e+05|7.436153701e+09|7.670730790e+09|7.718428600e+09|2.000000|0.000000|0.000000
3.551857374e+05|7.385665114e+09|7.638965546e+09|7.686145421e+09|2.000000|0.000000|0.000000
3.618112828e+05|7.342468916e+09|7.611227856e+09|7.658028139e+09|2.000000|0.000000|0.000000
3.685009445e+05|7.298854702e+09|7.582696979e+09|7.629175228e+09|2.000000|0.000000|0.000000
3.758203550e+05|7.251134750e+09|7.550875918e+09|7.597074417e+09|2.000000|0.000000|0.000000
3.820916303e+05|7.210248267e+09|7.523109163e+09|7.569130114e+09|2.000000|0.000000|0.000000
3.879269385e+05|7.172204135e+09|7.496856236e+09|7.542764971e+09|2.000000|0.000000|0.000000
3.947798079e+05|7.127525865e+09|7.465512852e+09|7.511356868e+09|2.000000|0.000000|0.000000
4.015806655e+05|7.083186693e+09|7.433860312e+09|7.479713817e+09|2.000000|0.000000|0.000000
4.071692409e+05|7.046751170e+09|7.407442323e+09|7.453360190e+09|2.000000|0.000000|0.000000
4.133383418e+05|7.006530828e+09|7.377853399e+09|7.423903233e+09|2.000000|0.000000|0.000000
4.189201888e+05|6.970139172e+09|7.350695618e+09|7.396921392e+09|2.000000|0.000000|0.000000
4.247050130e+05|6.932424177e+09|7.322164239e+09|7.368630538e+09|2.000000|0.000000|0.000000
4.311031288e+05|6.890710739e+09|7.290151009e+09|7.336954170e+09|2.000000|0.000000|0.000000
4.370934926e+05|6.851655699e+09|7.259743516e+09|7.306931378e+09|2.000000|0.000000|0.000000
4.426428612e+05|6.815475790e+09|7.231200264e+09|7.278805939e+09|2.000000|0.000000|0.000000
4.479239180e+05|6.781045180e+09|7.203703365e+09|7.251762922e+09|2.000000|0.000000|0.000000
4.532439441e+05|6.746360503e+09|7.175675107e+09|7.224248732e+09|2.000000|0.000000|0.000000
4.588211389e+05|6.709999177e+09|7.145938713e+09|7.195114002e+09|2.000000|0.000000|0.000000
4.643176934e+05|6.674163598e+09|7.116279249e+09|7.166111893e+09|2.000000|0.000000|0.000000
4.702284704e+05|6.635627436e+09|7.083994503e+09|7.134607189e+09|2.000000|0.000000|0.000000
4.758532588e+05|6.598955817e+09|7.052897367e+09|7.104324535e+09|2.000000|0.000000|0.000000
4.801399854e+05|6.571007885e+09|7.028953238e+09|7.081049515e+09|2.000000|0.000000|0.000000
4.850851347e+05|6.538767272e+09|7.001069252e+09|7.053990538e+09|2.000000|0.000000|0.000000
4.903359997e+05|6.504533500e+09|6.971154817e+09|7.025015750e+09|2.000000|0.000000|0.000000
4.957800944e+05|6.469039940e+09|6.939807058e+09|6.994713015e+09|2.000000|0.000000|0.000000
5.008882829e+05|6.435736369e+09|6.910086636e+09|6.966040199e+09|2.000000|0.000000|0.000000
5.063032244e+05|6.400432878e+09|6.878258157e+09|6.935394775e+09|2.000000|0.000000|0.000000
5.110113059e+05|6.369737862e+09|6.850315004e+09|6.908542253e+09|2.000000|0.000000|0.000000
5.156204809e+05|6.339687681e+09|6.822716822e+09|6.882068853e+09|2.000000|0.000000|0.000000
5.203181350e+05|6.309060648e+09|6.794343244e+09|6.854900908e+09|2.000000|0.000000|0.000000
5.247514005e+05|6.280157335e+09|6.767339912e+09|6.829091296e+09|2.000000|0.000000|0.000000
5.300900117e+05|6.245351490e+09|6.734531031e+09|6.797793489e+09|2.000000|0.000000|0.000000
5.350099932e+05|6.213274961e+09|6.704014399e+09|6.768742098e+09|2.000000|0.000000|0.000000
5.397376120e+05|6.182452569e+09|6.671052316e+09|6.740641182e+09|2.000000|2.000000|0.000000
5.442976443e+05|6.152722781e+09|6.638213213e+09|6.713366429e+09|2.000000|2.000000|0.000000
5.490275165e+05|6.121885698e+09|6.604151008e+09|6.684901747e+09|2.000000|2.000000|0.000000
5.532848713e+05|6.094129259e+09|6.573491639e+09|6.659131075e+09|2.000000|2.000000|0.000000
5.572108005e+05|6.068533598e+09|6.545219035e+09|6.635242541e+09|2.000000|2.000000|0.000000
5.624094836e+05|6.034640035e+09|6.507780685e+09|6.603428853e+09|2.000000|2.000000|0.000000
5.672337056e+05|6.003187824e+09|6.473039018e+09|6.573725202e+09|2.000000|2.000000|0.000000
5.719295392e+05|5.972572660e+09|6.439221942e+09|6.544646917e+09|2.000000|2.000000|0.000000
5.758637030e+05|5.946923312e+09|6.410890036e+09|6.520161623e+09|2.000000|2.000000|0.000000
5.798968102e+05|5.920628888e+09|6.381845588e+09|6.494945310e+09|2.000000|2.000000|0.000000
5.839770776e+05|5.894026997e+09|6.352461516e+09|6.469317131e+09|2.000000|2.000000|0.000000
5.885223241e+05|5.864393608e+09|6.319728894e+09|6.440631994e+09|2.000000|2.000000|0.000000
5.926545845e+05|5.837452740e+09|6.289970394e+09|6.414430454e+09|2.000000|2.000000|0.000000
5.969413988e+05|5.809504237e+09|6.259098872e+09|6.387127449e+09|2.000000|2.000000|0.000000
6.011744058e+05|5.781906538e+09|6.228614845e+09|6.360047822e+09|2.000000|2.000000|0.000000
6.058292211e+05|5.751558798e+09|6.195093162e+09|6.330135399e+09|2.000000|2.000000|0.000000
6.099779087e+05|5.724510831e+09|6.165216361e+09|6.303359005e+09|2.000000|2.000000|0.000000
6.136685215e+05|5.700449350e+09|6.138638390e+09|6.279448603e+09|2.000000|2.000000|0.000000
6.178182820e+05|5.673394388e+09|6.108753862e+09|6.252463608e+09|2.000000|2.000000|0.000000
6.219325116e+05|5.646571075e+09|6.079125211e+09|6.225607232e+09|2.000000|2.000000|0.000000
6.261706479e+05|5.618939935e+09|6.048604245e+09|6.197837568e+09|2.000000|2.000000|0.000000
6.298100182e+05|5.595212536e+09|6.022395296e+09|6.173908325e+09|2.000000|2.000000|0.000000
6.342633346e+05|5.566178497e+09|5.990324709e+09|6.144525347e+09|2.000000|2.000000|0.000000
6.383296262e+05|5.539667723e+09|5.961041284e+09|6.117600110e+09|2.000000|2.000000|0.000000
6.421109844e+05|5.515014613e+09|5.933809808e+09|6.092481370e+09|2.000000|2.000000|0.000000
6.460600805e+05|5.489267913e+09|5.905370367e+09|6.066167757e+09|2.000000|2.000000|0.000000
6.495582361e+05|5.466461183e+09|5.880178377e+09|6.042791598e+09|2.000000|2.000000|0.000000
6.531608601e+05|5.442973357e+09|5.854234057e+09|6.018652817e+09|2.000000|2.000000|0.000000
6.570376073e+05|5.417698344e+09|5.826315636e+09|5.992605916e+09|2.000000|2.000000|0.000000
6.611760698e+05|5.390717041e+09|5.796512471e+09|5.964721043e+09|2.000000|2.000000|0.000000
6.655543208e+05|5.362172403e+09|5.764982469e+09|5.935133597e+09|2.000000|2.000000|0.000000
6.693769043e+05|5.337250519e+09|5.737454109e+09|5.909230383e+09|2.000000|2.000000|0.000000
6.729261433e+05|5.314110744e+09|5.711894241e+09|5.885122045e+09|2.000000|2.000000|0.000000
6.765007369e+05|5.290805666e+09|5.686151782e+09|5.860787213e+09|2.000000|2.000000|0.000000
6.801750080e+05|5.266850726e+09|5.659691495e+09|5.835718710e+09|2.000000|2.000000|0.000000
6.841118891e+05|5.241183662e+09|5.631340020e+09|5.808798471e+09|2.000000|2.000000|0.000000
6.878601530e+05|5.216746315e+09|5.604346873e+09|5.783112224e+09|2.000000|2.000000|0.000000
6.911644130e+05|5.195203716e+09|5.580551223e+09|5.760425080e+09|2.000000|2.000000|0.000000
6.950133204e+05|5.170110209e+09|5.552833291e+09|5.733948691e+09|2.000000|2.000000|0.000000
6.990415262e+05|5.143847741e+09|5.523824141e+09|5.706183824e+09|2.000000|2.000000|0.000000
7.028217310e+05|5.119202151e+09|5.496600972e+09|5.680079196e+09|2.000000|2.000000|0.000000
7.066435175e+05|5.094285463e+09|5.469078351e+09|5.653641156e+09|2.000000|2.000000|0.000000
7.100728641e+05|5.071927344e+09|5.444381889e+09|5.629880028e+09|2.000000|2.000000|0.000000
7.132039543e+05|5.051513750e+09|5.421833323e+09|5.608155510e+09|2.000000|2.000000|0.000000
7.167372861e+05|5.028477684e+09|5.396388011e+09|5.583607306e+09|2.000000|2.000000|0.000000
7.203276600e+05|5.005069724e+09|5.370531910e+09|5.558628857e+09|2.000000|2.000000|0.000000
7.237434111e+05|4.982800243e+09|5.345933356e+09|5.534835151e+09|2.000000|2.000000|0.000000
7.272523825e+05|4.959922998e+09|5.320663476e+09|5.510363176e+09|2.000000|2.000000|0.000000
7.308848386e+05|4.936240677e+09|5.294504320e+09|5.485000953e+09|2.000000|2.000000|0.000000
7.349134018e+05|4.909975878e+09|5.265492595e+09|5.456840798e+09|2.000000|2.000000|0.000000
7.386460408e+05|4.885640400e+09|5.238611971e+09|5.430721122e+09|2.000000|2.000000|0.000000
7.420027537e+05|4.863755827e+09|5.214438582e+09|5.407210781e+09|2.000000|2.000000|0.000000
7.449333609e+05|4.844649311e+09|5.193333795e+09|5.386669674e+09|2.000000|2.000000|0.000000
7.481958735e+05|4.823378890e+09|5.169838789e+09|5.363786850e+09|2.000000|2.000000|0.000000
7.516652562e+05|4.800759749e+09|5.144854007e+09|5.339436903e+09|2.000000|2.000000|0.000000
7.550712861e+05|4.778553646e+09|5.120325461e+09|5.315517053e+09|2.000000|2.000000|0.000000
7.586155216e+05|4.755446492e+09|5.094801626e+09|5.290613123e+09|2.000000|2.000000|0.000000
7.620625860e+05|4.732972859e+09|5.069977569e+09|5.266380556e+09|2.000000|2.000000|0.000000
7.658118661e+05|4.708528887e+09|5.042977103e+09|5.240012730e+09|2.000000|2.000000|0.000000
7.686998255e+05|4.689700419e+09|5.022179445e+09|5.219696161e+09|2.000000|2.000000|0.000000
7.725965330e+05|4.664295274e+09|4.994117281e+09|5.192276584e+09|2.000000|2.000000|0.000000
7.758020829e+05|4.643396229e+09|4.971032493e+09|5.169716437e+09|2.000000|2.000000|0.000000
7.786497630e+05|4.624830368e+09|4.950524906e+09|5.149673180e+09|2.000000|2.000000|0.000000
7.824224116e+05|4.600234042e+09|4.923356152e+09|5.123118878e+09|2.000000|2.000000|0.000000
7.858100088e+05|4.578148113e+09|4.898960349e+09|5.099275952e+09|2.000000|2.000000|0.000000
7.889800299e+05|4.557480704e+09|4.876131422e+09|5.076966986e+09|2.000000|2.000000|0.000000
7.919635488e+05|4.538029223e+09|4.854645591e+09|5.055974146e+09|2.000000|2.000000|0.000000
7.953208328e+05|4.516140926e+09|4.830468088e+09|5.032355385e+09|2.000000|2.000000|1.000000
7.986994231e+05|4.494113719e+09|4.806137148e+09|5.008601509e+09|2.000000|2.000000|1.000000
8.022717364e+05|4.470823508e+09|4.780411111e+09|4.983485624e+09|2.000000|2.000000|1.000000
8.057605035e+05|4.448077988e+09|4.755286731e+09|4.958957128e+09|2.000000|2.000000|1.000000
8.090159327e+05|4.426853748e+09|4.731842737e+09|4.936069163e+09|2.000000|2.000000|1.000000
8.119404380e+05|4.407787014e+09|4.710781893e+09|4.915507826e+09|2.000000|2.000000|1.000000
8.149133272e+05|4.388404835e+09|4.689372612e+09|4.894606316e+09|2.000000|2.000000|1.000000
8.181651733e+05|4.367203956e+09|4.665954422e+09|4.871743542e+09|2.000000|2.000000|1.000000
8.210254456e+05|4.348555998e+09|4.645356152e+09|4.851633808e+09|2.000000|2.000000|1.000000
8.239087429e+05|4.329757926e+09|4.624592068e+09|4.831362192e+09|2.000000|2.000000|1.000000
8.266943981e+05|4.311596445e+09|4.604531153e+09|4.811777069e+09|2.000000|2.000000|1.000000
8.299786772e+05|4.290184114e+09|4.580879396e+09|4.788686268e+09|2.000000|2.000000|1.000000
8.333097301e+05|4.268466835e+09|4.556890797e+09|4.765266615e+09|2.000000|2.000000|1.000000
8.370930570e+05|4.243800889e+09|4.529645144e+09|4.738667155e+09|2.000000|2.000000|1.000000
8.411818639e+05|4.217143324e+09|4.500199574e+09|4.709919956e+09|2.000000|2.000000|1.000000
8.454376080e+05|4.189397387e+09|4.469551805e+09|4.679999070e+09|2.000000|2.000000|1.000000
8.488730385e+05|4.166999603e+09|4.444811530e+09|4.655845568e+09|2.000000|2.000000|1.000000
8.516778515e+05|4.148713220e+09|4.424612652e+09|4.636125752e+09|2.000000|2.000000|1.000000
8.540524665e+05|4.133231575e+09|4.407511846e+09|4.619430532e+09|2.000000|2.000000|1.000000
8.566354762e+05|4.116391271e+09|4.388910285e+09|4.601270150e+09|2.000000|2.000000|1.000000
8.592749209e+05|4.099183031e+09|4.369902307e+09|4.582712991e+09|2.000000|2.000000|1.000000
8.616852360e+05|4.083468635e+09|4.352544407e+09|4.565766774e+09|2.000000|2.000000|1.000000
8.639778321e+05|4.068521724e+09|4.336034261e+09|4.549648204e+09|2.000000|2.000000|1.000000
8.661936545e+05|4.054075350e+09|4.320077001e+09|4.534069408e+09|2.000000|2.000000|1.000000
8.683086712e+05|4.040286194e+09|4.304845695e+09|4.519199348e+09|2.000000|2.000000|1.000000
8.708562371e+05|4.023676971e+09|4.286499382e+09|4.501288160e+09|2.000000|2.000000|1.000000
8.744788497e+05|4.000058826e+09|4.260411114e+09|4.475818636e+09|2.000000|2.000000|1.000000
8.844042933e+05|3.935348466e+09|4.188932967e+09|4.406035760e+09|2.000000|2.000000|1.000000
8.906827484e+05|3.894415173e+09|4.143718633e+09|4.361893788e+09|2.000000|2.000000|1.000000
8.925190407e+05|3.882443201e+09|4.130494561e+09|4.348983356e+09|2.000000|2.000000|1.000000
8.937518632e+05|3.874405637e+09|4.121616382e+09|4.340315744e+09|2.000000|2.000000|1.000000
8.954431547e+05|3.863379018e+09|4.109436536e+09|4.328424770e+09|2.000000|2.000000|1.000000
8.974734145e+05|3.850142447e+09|4.094815606e+09|4.314150610e+09|2.000000|2.000000|1.000000
8.997095969e+05|3.835563334e+09|4.078711725e+09|4.298428670e+09|2.000000|2.000000|1.000000
9.017422173e+05|3.822311372e+09|4.064073796e+09|4.284137913e+09|2.000000|2.000000|1.000000
9.032706033e+05|3.812346839e+09|4.053067114e+09|4.273392280e+09|2.000000|2.000000|1.000000
9.046366982e+05|3.803440386e+09|4.043229172e+09|4.263787669e+09|2.000000|2.000000|1.000000
9.058235990e+05|3.795702215e+09|4.034681698e+09|4.255442918e+09|2.000000|2.000000|1.000000
9.070794409e+05|3.787514573e+09|4.025637745e+09|4.246613463e+09|2.000000|2.000000|1.000000
9.083517342e+05|3.779219674e+09|4.016475316e+09|4.237668342e+09|2.000000|2.000000|1.000000
9.096223351e+05|3.770935808e+09|4.007325076e+09|4.228735121e+09|2.000000|2.000000|1.000000
9.109857298e+05|3.762046960e+09|3.997506580e+09|4.219149494e+09|2.000000|2.000000|1.000000
9.127888693e+05|3.750291132e+09|3.984521259e+09|4.206472150e+09|2.000000|2.000000|1.000000
9.162530253e+05|3.727706068e+09|3.959574117e+09|4.182116687e+09|2.000000|2.000000|1.000000
9.404964314e+05|3.569647688e+09|3.784985071e+09|4.011668426e+09|2.000000|2.000000|1.000000
9.504578810e+05|3.504702581e+09|3.713247627e+09|3.941632402e+09|2.000000|2.000000|1.000000
9.531673413e+05|3.487037864e+09|3.693735430e+09|3.922582982e+09|2.000000|2.000000|1.000000
9.571569264e+05|3.461027189e+09|3.665004407e+09|3.894533382e+09|2.000000|2.000000|1.000000
9.608070621e+05|3.437229604e+09|3.638717932e+09|3.868870352e+09|2.000000|2.000000|1.000000
9.632045989e+05|3.421598517e+09|3.621452054e+09|3.852013975e+09|2.000000|2.000000|1.000000
9.652410854e+05|3.408321350e+09|3.606786284e+09|3.837696037e+09|2.000000|2.000000|1.000000
9.674158597e+05|3.394142595e+09|3.591124632e+09|3.822405838e+09|2.000000|2.000000|1.000000
9.695746995e+05|3.380067728e+09|3.575577733e+09|3.807227670e+09|2.000000|2.000000|1.000000
9.841515536e+05|3.285031827e+09|3.470602424e+09|3.704742094e+09|2.000000|2.000000|1.000000
1.000072066e+06|3.181235754e+09|3.355950753e+09|3.592809654e+09|2.000000|2.000000|1.000000
1.003511741e+06|3.158810293e+09|3.331179907e+09|3.568626305e+09|2.000000|2.000000|1.000000
1.007248016e+06|3.134451113e+09|3.304273101e+09|3.542357658e+09|2.000000|2.000000|1.000000
1.011408215e+06|3.107328092e+09|3.274313397e+09|3.513108517e+09|2.000000|2.000000|1.000000
1.014096276e+06|3.089802890e+09|3.254955307e+09|3.494209550e+09|2.000000|2.000000|1.000000
1.016446572e+06|3.074479797e+09|3.238029636e+09|3.477685310e+09|2.000000|2.000000|1.000000
1.018749372e+06|3.059466363e+09|3.221446010e+09|3.461495003e+09|2.000000|2.000000|1.000000
1.020977167e+06|3.044941931e+09|3.205402528e+09|3.445832030e+09|2.000000|2.000000|1.000000
1.024461704e+06|3.022223994e+09|3.180308616e+09|3.421333279e+09|2.000000|2.000000|1.000000
1.036013874e+06|2.946907954e+09|3.097115586e+09|3.340113364e+09|2.000000|2.000000|1.000000
1.043093868e+06|2.900748912e+09|3.046128962e+09|3.290336006e+09|2.000000|2.000000|1.000000
1.048235957e+06|2.871407364e+09|3.013632409e+09|3.264615854e+09|3.000000|3.000000|2.000000
1.052728972e+06|2.845039568e+09|2.984457809e+09|3.220199984e+09|3.000000|3.000000|3.000000
1.056942557e+06|2.820843857e+09|2.957684855e+09|3.178937077e+09|3.000000|3.000000|3.000000
1.060431922e+06|2.801175409e+09|2.935922432e+09|3.145898284e+09|3.000000|3.000000|3.000000
1.063395073e+06|2.784722338e+09|2.917719834e+09|3.118615015e+09|3.000000|3.000000|3.000000
1.067594305e+06|2.761778289e+09|2.892341521e+09|3.081117521e+09|3.000000|3.000000|3.000000
1.074001704e+06|2.727555900e+09|2.854506618e+09|3.026401776e+09|3.000000|3.000000|3.000000
1.081225364e+06|2.690013889e+09|2.813039225e+09|2.968086109e+09|3.000000|3.000000|3.000000
1.085739170e+06|2.667062699e+09|2.787714359e+09|2.933328248e+09|3.000000|3.000000|3.000000
1.090870272e+06|2.641403730e+09|2.759430894e+09|2.895278024e+09|3.000000|3.000000|3.000000
1.095882244e+06|2.616746589e+09|2.732285843e+09|2.859518252e+09|3.000000|3.000000|3.000000
1.099971136e+06|2.596903028e+09|2.710467836e+09|2.831310284e+09|3.000000|3.000000|3.000000
1.103242615e+06|2.581189192e+09|2.693209938e+09|2.809331454e+09|3.000000|3.000000|3.000000
1.107016116e+06|2.563230862e+09|2.673509897e+09|2.784597838e+09|3.000000|3.000000|3.000000
1.111527607e+06|2.541976956e+09|2.650228757e+09|2.755848614e+09|3.000000|3.000000|3.000000
1.118504885e+06|2.509522247e+09|2.614756553e+09|2.713019633e+09|3.000000|3.000000|3.000000
1.124434502e+06|2.482287284e+09|2.585069054e+09|2.678047213e+09|3.000000|3.000000|3.000000
1.129166833e+06|2.460748348e+09|2.561646147e+09|2.650991245e+09|3.000000|3.000000|3.000000
1.133679219e+06|2.440352076e+09|2.539513805e+09|2.625842248e+09|3.000000|3.000000|3.000000
1.138018014e+06|2.420854340e+09|2.518402059e+09|2.602213546e+09|3.000000|3.000000|3.000000
1.141900938e+06|2.403487698e+09|2.499636707e+09|2.581493344e+09|3.000000|3.000000|3.000000
1.145291716e+06|2.388377780e+09|2.483340508e+09|2.563705572e+09|3.000000|3.000000|3.000000
1.148812114e+06|2.372737943e+09|2.466503552e+09|2.545519825e+09|3.000000|3.000000|3.000000
1.153661390e+06|2.351261625e+09|2.443435474e+09|2.520904700e+09|3.000000|3.000000|3.000000
1.159071678e+06|2.327374051e+09|2.417849750e+09|2.493983652e+09|3.000000|3.000000|3.000000
1.164832663e+06|2.301999699e+09|2.390756561e+09|2.465877292e+09|3.000000|3.000000|3.000000
1.169402361e+06|2.281901955e+09|2.369360394e+09|2.443946962e+09|3.000000|3.000000|3.000000
1.173939290e+06|2.261962273e+09|2.348187959e+09|2.422456301e+09|3.000000|3.000000|3.000000
1.178709046e+06|2.241003257e+09|2.325992939e+09|2.400132012e+09|3.000000|3.000000|3.000000
1.182587816e+06|2.223954999e+09|2.307984503e+09|2.382158139e+09|3.000000|3.000000|3.000000
1.186223662e+06|2.207965740e+09|2.291131482e+09|2.365440106e+09|3.000000|3.000000|3.000000
1.189975611e+06|2.191452619e+09|2.273763512e+09|2.348305590e+09|3.000000|3.000000|3.000000
1.194070131e+06|2.173411520e+09|2.254831429e+09|2.329726209e+09|3.000000|3.000000|3.000000
1.198856728e+06|2.152287755e+09|2.232720967e+09|2.308142144e+09|3.000000|3.000000|3.000000
1.204937884e+06|2.125388542e+09|2.204652415e+09|2.280892808e+09|3.000000|3.000000|3.000000
1.209441502e+06|2.105415327e+09|2.183873090e+09|2.260810008e+09|3.000000|3.000000|3.000000
1.213406890e+06|2.087788363e+09|2.165577946e+09|2.243179762e+09|3.000000|3.000000|3.000000
1.217687163e+06|2.068715582e+09|2.145827064e+09|2.224190773e+09|3.000000|3.000000|3.000000
1.222203718e+06|2.048534870e+09|2.124978714e+09|2.204185512e+09|3.000000|3.000000|3.000000
1.225626144e+06|2.033203484e+09|2.109173727e+09|2.189039606e+09|3.000000|3.000000|3.000000
1.229170954e+06|2.017286740e+09|2.092795411e+09|2.173357092e+09|3.000000|3.000000|3.000000
1.233257423e+06|1.998889744e+09|2.073902389e+09|2.155276829e+09|3.000000|3.000000|3.000000
1.237569448e+06|1.979420175e+09|2.053950668e+09|2.136188077e+09|3.000000|3.000000|3.000000
1.243228073e+06|1.953779867e+09|2.027740689e+09|2.111107035e+09|3.000000|3.000000|3.000000
1.247824644e+06|1.932875450e+09|2.006425112e+09|2.090696172e+09|3.000000|3.000000|3.000000
1.252231809e+06|1.912767885e+09|1.985965805e+09|2.071086690e+09|3.000000|3.000000|3.000000
1.256160720e+06|1.894789299e+09|1.967707989e+09|2.053567190e+09|3.000000|3.000000|3.000000
1.260844987e+06|1.873289553e+09|1.945916718e+09|2.032627101e+09|3.000000|3.000000|3.000000
1.264822559e+06|1.854978988e+09|1.927393175e+09|2.014797541e+09|3.000000|3.000000|3.000000
1.268032309e+06|1.840167337e+09|1.912432301e+09|2.000375165e+09|3.000000|3.000000|3.000000
1.271640544e+06|1.823479568e+09|1.895600427e+09|1.984123752e+09|3.000000|3.000000|3.000000
1.275587289e+06|1.805182199e+09|1.877173472e+09|1.966299450e+09|3.000000|3.000000|3.000000
1.279741561e+06|1.785874650e+09|1.857760390e+09|1.947482034e+09|3.000000|3.000000|3.000000
1.284413851e+06|1.764103054e+09|1.835906862e+09|1.926248471e+09|3.000000|3.000000|3.000000
1.289262368e+06|1.741450297e+09|1.813208917e+09|1.904135376e+09|3.000000|3.000000|3.000000
1.293588543e+06|1.721189476e+09|1.792940853e+09|1.884337093e+09|3.000000|3.000000|3.000000
1.298005152e+06|1.700461134e+09|1.772236146e+09|1.864060085e+09|3.000000|3.000000|3.000000
1.302171193e+06|1.680871043e+09|1.752696044e+09|1.844874596e+09|3.000000|3.000000|3.000000
1.306250313e+06|1.661657117e+09|1.733556131e+09|1.826035571e+09|3.000000|3.000000|3.000000
1.309665131e+06|1.645549630e+09|1.717528977e+09|1.810224954e+09|3.000000|3.000000|3.000000
1.312733211e+06|1.631061660e+09|1.703126956e+09|1.795990050e+09|3.000000|3.000000|3.000000
1.316075979e+06|1.615260929e+09|1.687434195e+09|1.780449956e+09|3.000000|3.000000|3.000000
1.319611180e+06|1.598534765e+09|1.670837866e+09|1.763981986e+09|3.000000|3.000000|3.000000
1.324242822e+06|1.576599880e+09|1.649096325e+09|1.742357819e+09|3.000000|3.000000|3.000000
1.329143372e+06|1.553370482e+09|1.626098611e+09|1.719422834e+09|3.000000|3.000000|3.000000
1.333212018e+06|1.534072256e+09|1.607012603e+09|1.700342164e+09|3.000000|3.000000|3.000000
1.338002217e+06|1.511342458e+09|1.584554170e+09|1.677837432e+09|3.000000|3.000000|3.000000
1.342161356e+06|1.491603312e+09|1.565068160e+09|1.658266772e+09|3.000000|3.000000|3.000000
1.346150396e+06|1.472671880e+09|1.546393617e+09|1.639473831e+09|3.000000|3.000000|3.000000
1.349754183e+06|1.455572022e+09|1.529536781e+09|1.622480040e+09|3.000000|3.000000|3.000000
1.353316495e+06|1.438674505e+09|1.512888856e+09|1.605670013e+09|3.000000|3.000000|3.000000
1.356684073e+06|1.422707937e+09|1.497166061e+09|1.589770690e+09|3.000000|3.000000|3.000000
1.360241671e+06|1.405850381e+09|1.480573506e+09|1.572968313e+09|3.000000|3.000000|3.000000
1.364080283e+06|1.387675409e+09|1.462692128e+09|1.554835187e+09|3.000000|3.000000|3.000000
1.368618366e+06|1.366211524e+09|1.441584156e+09|1.533398004e+09|3.000000|3.000000|3.000000
1.372816504e+06|1.346381586e+09|1.422090496e+09|1.513571776e+09|3.000000|3.000000|3.000000
1.377078638e+06|1.326279008e+09|1.402334689e+09|1.493453339e+09|3.000000|3.000000|3.000000
1.381184231e+06|1.306946594e+09|1.383339976e+09|1.474087895e+09|3.000000|3.000000|3.000000
1.385533371e+06|1.286505226e+09|1.363258672e+09|1.453593554e+09|3.000000|3.000000|3.000000
1.389020861e+06|1.270144414e+09|1.347187185e+09|1.437177591e+09|3.000000|3.000000|3.000000
1.392324995e+06|1.254670914e+09|1.331987406e+09|1.421641949e+09|3.000000|3.000000|3.000000
1.395762412e+06|1.238603010e+09|1.316203009e+09|1.405499650e+09|3.000000|3.000000|3.000000
1.398862287e+06|1.224140381e+09|1.301994222e+09|1.390961776e+09|3.000000|3.000000|3.000000
1.403119125e+06|1.204324647e+09|1.282523004e+09|1.371030697e+09|3.000000|3.000000|3.000000
1.407466018e+06|1.184146016e+09|1.262689673e+09|1.350720601e+09|3.000000|3.000000|3.000000
1.410976265e+06|1.167894767e+09|1.246711194e+09|1.334353551e+09|3.000000|3.000000|3.000000
1.414951445e+06|1.149540106e+09|1.228657517e+09|1.315857740e+09|3.000000|3.000000|3.000000
1.418539320e+06|1.133020122e+09|1.212400789e+09|1.299201476e+09|3.000000|3.000000|3.000000
1.422711950e+06|1.113864905e+09|1.193540185e+09|1.279877377e+09|3.000000|3.000000|3.000000
1.426889606e+06|1.094750092e+09|1.174706207e+09|1.260582373e+09|3.000000|3.000000|3.000000
1.430814284e+06|1.076852195e+09|1.157057642e+09|1.242505016e+09|3.000000|3.000000|3.000000
1.434218779e+06|1.061374121e+09|1.141783272e+09|1.226863126e+09|3.000000|3.000000|3.000000
1.437795304e+06|1.045162365e+09|1.125771765e+09|1.210470875e+09|3.000000|3.000000|3.000000
1.441147404e+06|1.030013503e+09|1.110796762e+09|1.195144710e+09|3.000000|3.000000|3.000000
1.444761185e+06|1.013731994e+09|1.094686537e+09|1.178662777e+09|3.000000|3.000000|3.000000
1.448810233e+06|9.955514192e+08|1.076676458e+09|1.160245442e+09|3.000000|3.000000|3.000000
1.453027519e+06|9.766853552e+08|1.057962044e+09|1.141117953e+09|3.000000|3.000000|3.000000
1.456962290e+06|9.591474434e+08|1.040539975e+09|1.123321202e+09|3.000000|3.000000|3.000000
1.460612289e+06|9.429340725e+08|1.024410411e+09|1.106853579e+09|3.000000|3.000000|3.000000
1.464051664e+06|9.277045890e+08|1.009237802e+09|1.091370857e+09|3.000000|3.000000|3.000000
1.468052323e+06|9.100479848e+08|9.916188043e+08|1.073401339e+09|3.000000|3.000000|3.000000
1.471578329e+06|8.945373111e+08|9.761144137e+08|1.057596861e+09|3.000000|3.000000|3.000000
1.474766512e+06|8.805530714e+08|9.621130655e+08|1.043330983e+09|3.000000|3.000000|3.000000
1.477788078e+06|8.673342590e+08|9.488571567e+08|1.029829971e+09|3.000000|3.000000|3.000000
1.480805772e+06|8.541651509e+08|9.356298740e+08|1.016362913e+09|3.000000|3.000000|3.000000
1.484531272e+06|8.379509560e+08|9.193134937e+08|9.997566619e+08|3.000000|3.000000|3.000000
1.488484186e+06|8.207977598e+08|9.020135197e+08|9.821553257e+08|3.000000|3.000000|3.000000
1.493152320e+06|8.006045622e+08|8.815935458e+08|9.613854539e+08|3.000000|3.000000|3.000000
1.497027235e+06|7.838914905e+08|8.646460892e+08|9.441502890e+08|3.000000|3.000000|3.000000
1.500943694e+06|7.670407042e+08|8.475138356e+08|9.267274240e+08|3.000000|3.000000|3.000000
1.504491695e+06|7.518080917e+08|8.319859235e+08|9.109342932e+08|3.000000|3.000000|3.000000
1.507615550e+06|7.384198215e+08|8.183047181e+08|8.970163180e+08|3.000000|3.000000|3.000000
1.511583457e+06|7.214419480e+08|8.009086244e+08|8.793124957e+08|3.000000|3.000000|3.000000
1.515030737e+06|7.067134538e+08|7.857733580e+08|8.639009809e+08|3.000000|3.000000|3.000000
1.518376422e+06|6.924348531e+08|7.710599705e+08|8.489090546e+08|3.000000|3.000000|3.000000
1.521413988e+06|6.794818309e+08|7.576769768e+08|8.352621453e+08|3.000000|3.000000|3.000000
1.525104717e+06|6.637530629e+08|7.413792099e+08|8.186265794e+08|3.000000|3.000000|3.000000
1.528278542e+06|6.502318285e+08|7.273265374e+08|8.042656035e+08|3.000000|3.000000|3.000000
1.532383394e+06|6.327445950e+08|7.090922433e+08|7.856036024e+08|3.000000|3.000000|3.000000
1.536367075e+06|6.157669447e+08|6.913229830e+08|7.673826312e+08|3.000000|3.000000|3.000000
1.539600139e+06|6.019780571e+08|6.768418056e+08|7.525041373e+08|3.000000|3.000000|3.000000
1.542942628e+06|5.877078108e+08|6.618074601e+08|7.370261610e+08|3.000000|3.000000|3.000000
1.546287099e+06|5.734091157e+08|6.466936018e+08|7.214309805e+08|3.000000|3.000000|3.000000
1.549423869e+06|5.599754496e+08|6.324481295e+08|7.066962692e+08|3.000000|3.000000|3.000000
1.552643281e+06|5.461597858e+08|6.177504317e+08|6.914544278e+08|3.000000|3.000000|3.000000
1.556168694e+06|5.309921876e+08|6.015586996e+08|6.746130788e+08|3.000000|3.000000|3.000000
1.559426375e+06|5.169343975e+08|5.864989706e+08|6.588982433e+08|3.000000|3.000000|3.000000
1.562829977e+06|5.021971693e+08|5.706563793e+08|6.423096083e+08|3.000000|3.000000|3.000000
1.566608471e+06|4.857687105e+08|5.529288512e+08|6.236732566e+08|3.000000|3.000000|3.000000
1.573039682e+06|4.576140456e+08|5.223829876e+08|5.913624934e+08|3.000000|3.000000|3.000000
1.580572276e+06|4.242671928e+08|4.859341590e+08|5.524457794e+08|3.000000|3.000000|3.000000
1.584424856e+06|4.070296104e+08|4.669789989e+08|5.320382303e+08|3.000000|3.000000|3.000000
1.586985640e+06|3.954951282e+08|4.542521683e+08|5.182676085e+08|3.000000|3.000000|3.000000
1.589050199e+06|3.861479853e+08|4.439136802e+08|5.070393456e+08|3.000000|3.000000|3.000000
1.590820411e+06|3.780977562e+08|4.349917703e+08|4.973187473e+08|3.000000|3.000000|3.000000
1.592536886e+06|3.702590506e+08|4.262884967e+08|4.878083428e+08|3.000000|3.000000|3.000000
1.593933539e+06|3.638561443e+08|4.191679028e+08|4.800065085e+08|3.000000|3.000000|3.000000
1.595252745e+06|3.577872315e+08|4.124092745e+08|4.725836585e+08|3.000000|3.000000|3.000000
1.596786991e+06|3.507025032e+08|4.045078157e+08|4.638836598e+08|3.000000|3.000000|3.000000
1.598393525e+06|3.432524044e+08|3.961855277e+08|4.546943534e+08|3.000000|3.000000|3.000000
1.600852323e+06|3.317850416e+08|3.833492351e+08|4.404678500e+08|3.000000|3.000000|3.000000
1.603679092e+06|3.184997227e+08|3.684384629e+08|4.238603015e+08|3.000000|3.000000|3.000000
1.618584147e+06|2.463941896e+08|2.868081101e+08|3.313219176e+08|3.000000|3.000000|3.000000
1.638903279e+06|1.411155381e+08|1.657492489e+08|1.888467701e+08|3.000000|3.000000|3.000000
1.640571961e+06|1.320350106e+08|1.552186525e+08|1.761544133e+08|3.000000|3.000000|3.000000
1.641892715e+06|1.247954048e+08|1.468139819e+08|1.659903656e+08|3.000000|3.000000|3.000000
1.642735950e+06|1.201486084e+08|1.414152767e+08|1.594456398e+08|3.000000|3.000000|3.000000
1.643668689e+06|1.149858493e+08|1.354134260e+08|1.521551788e+08|3.000000|3.000000|3.000000
1.644662949e+06|1.094559365e+08|1.289805069e+08|1.443241229e+08|3.000000|3.000000|3.000000
1.645546707e+06|1.045172312e+08|1.232316906e+08|1.373110301e+08|3.000000|3.000000|3.000000
1.646438573e+06|9.951061850e+07|1.174003762e+08|1.301830417e+08|3.000000|3.000000|3.000000
1.647131249e+06|9.560634050e+07|1.128506012e+08|1.246116157e+08|3.000000|3.000000|3.000000
1.647903722e+06|9.123576794e+07|1.077550073e+08|1.183614843e+08|3.000000|3.000000|3.000000
1.648662673e+06|8.692456130e+07|1.027261466e+08|1.121825391e+08|3.000000|3.000000|3.000000
1.649557961e+06|8.181681783e+07|9.676501724e+07|1.048444312e+08|3.000000|3.000000|3.000000
1.650505659e+06|7.638371403e+07|9.042049538e+07|9.701810948e+07|3.000000|3.000000|3.000000
1.651474513e+06|7.080094745e+07|8.389733519e+07|8.895400720e+07|3.000000|3.000000|3.000000
1.652247418e+06|6.632646135e+07|7.866636104e+07|8.247462336e+07|3.000000|3.000000|3.000000
