#PHASE|Nmant|Nmant/Nmanttot|Mmant|Mmant/Mmanttot|RRRminmant|RRRminmantEq|RRRmaxmant|RRRmaxmantEq|Ncore|Ncore/Ncoretot|Mcore|Mcore/Mcoretot|RRRmincore|RRRmaxcore|
0.000000000e+00|0.000000000e+00|0.000000000e+00|0.000000000e+00|0.000000000e+00|inf|inf|-inf|inf|0.000000000e+00|0.000000000e+00|0.000000000e+00|0.000000000e+00|inf|-inf
1.000000000e+00|9.584000000e+03|6.794512779e-02|3.269964686e+21|6.792105548e-02|8.376900094e+05|9.486747426e+05|1.657675863e+06|inf|9.584000000e+03|0.000000000e+00|0.000000000e+00|0.000000000e+00|inf|-inf
2.000000000e+00|3.738000000e+03|2.650030130e-02|1.278335454e+21|2.655254770e-02|1.447479651e+06|1.511984758e+06|8.313430134e+07|inf|3.738000000e+03|0.000000000e+00|0.000000000e+00|0.000000000e+00|inf|-inf
3.000000000e+00|1.235420000e+05|8.758427564e-01|4.216045934e+22|8.757228816e-01|9.066105470e+05|9.464335696e+05|1.661956235e+06|inf|1.235420000e+05|0.000000000e+00|0.000000000e+00|0.000000000e+00|inf|-inf
4.000000000e+00|3.961000000e+03|2.808124490e-02|1.356105872e+21|2.816793177e-02|9.774424873e+05|1.013703950e+06|1.672360849e+06|inf|3.961000000e+03|9.990046829e-01|2.089858235e+22|9.989910858e-01|1.809235527e+04|1.072457094e+06
5.000000000e+00|2.300000000e+02|1.630569636e-03|7.874288924e+19|1.635583458e-03|1.584695926e+06|1.649335877e+06|8.286494674e+07|inf|2.300000000e+02|9.953171146e-04|2.110617088e+19|1.008914204e-03|1.008023391e+06|1.608497704e+06
6.000000000e+00|0.000000000e+00|0.000000000e+00|0.000000000e+00|0.000000000e+00|inf|inf|-inf|inf|0.000000000e+00|0.000000000e+00|0.000000000e+00|0.000000000e+00|inf|-inf
7.000000000e+00|0.000000000e+00|0.000000000e+00|0.000000000e+00|0.000000000e+00|inf|inf|-inf|inf|0.000000000e+00|0.000000000e+00|0.000000000e+00|0.000000000e+00|inf|-inf
8.000000000e+00|0.000000000e+00|0.000000000e+00|0.000000000e+00|0.000000000e+00|inf|inf|-inf|inf|0.000000000e+00|0.000000000e+00|0.000000000e+00|0.000000000e+00|inf|-inf
