#RRR|P25fit|P50fit|P75fit|P25model|P50model|P75model
8.371309599e+04|8.060648675e+09|8.100260730e+09|8.155711739e+09|0.000000|0.000000|0.000000
1.274236586e+05|8.043479655e+09|8.063881082e+09|8.065064307e+09|0.000000|0.000000|2.000000
1.516373496e+05|8.014186833e+09|8.030504723e+09|7.941772393e+09|0.000000|0.000000|2.000000
1.694733389e+05|7.984601927e+09|8.000294023e+09|7.850954629e+09|0.000000|0.000000|2.000000
1.845261968e+05|7.954758531e+09|7.971250244e+09|7.774308088e+09|0.000000|0.000000|2.000000
1.972888036e+05|7.926181940e+09|7.944172452e+09|7.709323109e+09|0.000000|0.000000|2.000000
2.082409550e+05|7.899394860e+09|7.919195109e+09|7.653556654e+09|0.000000|0.000000|2.000000
2.189047848e+05|7.871401753e+09|7.893371275e+09|7.599258283e+09|0.000000|0.000000|2.000000
2.283601581e+05|7.845073829e+09|7.869262027e+09|7.551113162e+09|0.000000|0.000000|2.000000
2.364500233e+05|7.821469276e+09|7.847749628e+09|7.509920972e+09|0.000000|0.000000|2.000000
2.446675316e+05|7.796511627e+09|7.825078445e+09|7.468078845e+09|0.000000|0.000000|2.000000
2.523211660e+05|7.772408338e+09|7.803233379e+09|7.429107866e+09|0.000000|0.000000|2.000000
2.595950637e+05|7.748759402e+09|7.781831087e+09|7.392070441e+09|0.000000|0.000000|2.000000
2.663914762e+05|7.726030198e+09|7.761278005e+09|7.357464287e+09|0.000000|0.000000|2.000000
2.725060112e+05|7.705074211e+09|7.742334859e+09|7.326330136e+09|0.000000|0.000000|2.000000
2.784268408e+05|7.684336596e+09|7.723589141e+09|7.296182299e+09|0.000000|0.000000|2.000000
2.843888269e+05|7.663023224e+09|7.704317816e+09|7.265824900e+09|0.000000|0.000000|2.000000
2.907132196e+05|7.639953033e+09|7.683446935e+09|7.233622190e+09|0.000000|0.000000|2.000000
2.959981036e+05|7.620319509e+09|7.665672504e+09|7.206712477e+09|0.000000|0.000000|2.000000
3.008881621e+05|7.601871249e+09|7.648958121e+09|7.181813147e+09|0.000000|0.000000|2.000000
3.058049102e+05|7.583055127e+09|7.631895544e+09|7.156777919e+09|0.000000|0.000000|2.000000
3.108454016e+05|7.563492950e+09|7.614138665e+09|7.131112611e+09|0.000000|0.000000|2.000000
3.154834052e+05|7.545253882e+09|7.597565023e+09|7.107496701e+09|0.000000|0.000000|2.000000
3.202145766e+05|7.526416974e+09|7.580428849e+09|7.083406397e+09|0.000000|0.000000|2.000000
3.249935889e+05|7.507156658e+09|7.562886074e+09|7.059072496e+09|0.000000|0.000000|2.000000
3.294130556e+05|7.489140764e+09|7.546456220e+09|7.036569338e+09|0.000000|0.000000|2.000000
3.334043560e+05|7.472704142e+09|7.531448644e+09|7.016246329e+09|0.000000|0.000000|2.000000
3.375459115e+05|7.455484658e+09|7.515707332e+09|6.995158247e+09|0.000000|0.000000|2.000000
3.414714614e+05|7.439011267e+09|7.500629481e+09|6.975170027e+09|0.000000|0.000000|2.000000
3.455250407e+05|7.421847624e+09|7.484900109e+09|6.954529905e+09|0.000000|0.000000|2.000000
3.493011392e+05|7.405720987e+09|7.470102407e+09|6.935302666e+09|0.000000|0.000000|2.000000
3.530687551e+05|7.389499788e+09|7.455199414e+09|6.916118620e+09|0.000000|0.000000|2.000000
3.569261217e+05|7.372758571e+09|7.439798954e+09|6.896477579e+09|0.000000|0.000000|2.000000
3.604987600e+05|7.357134010e+09|7.425407486e+09|6.878286324e+09|0.000000|0.000000|2.000000
3.644322543e+05|7.339800453e+09|7.409421142e+09|6.858257653e+09|0.000000|0.000000|2.000000
3.680181935e+05|7.323880365e+09|7.394719063e+09|6.839998673e+09|0.000000|0.000000|2.000000
3.710527801e+05|7.310321023e+09|7.382182450e+09|6.824547084e+09|0.000000|0.000000|2.000000
3.743757495e+05|7.295382499e+09|7.368355028e+09|6.807627101e+09|0.000000|0.000000|2.000000
3.774140258e+05|7.281641684e+09|7.355621724e+09|6.792156725e+09|0.000000|0.000000|2.000000
3.805551562e+05|7.267353953e+09|7.342366859e+09|6.776162633e+09|0.000000|0.000000|2.000000
3.839658304e+05|7.251746888e+09|7.327870871e+09|6.758796072e+09|0.000000|0.000000|2.000000
3.873431035e+05|7.236197802e+09|7.313410948e+09|6.741599584e+09|0.000000|0.000000|2.000000
3.905073331e+05|7.221544653e+09|7.299768007e+09|6.725487875e+09|0.000000|0.000000|2.000000
3.936511476e+05|7.206905332e+09|7.286122305e+09|6.709480117e+09|0.000000|0.000000|2.000000
3.966496111e+05|7.192868441e+09|7.273023536e+09|6.694212461e+09|0.000000|0.000000|2.000000
3.995079109e+05|7.179420542e+09|7.260461054e+09|6.679658495e+09|0.000000|0.000000|2.000000
4.022423211e+05|7.166494556e+09|7.248373888e+09|6.665735352e+09|0.000000|0.000000|2.000000
4.051190072e+05|7.152832041e+09|7.235585036e+09|6.651087766e+09|0.000000|0.000000|2.000000
4.080503297e+05|7.138842951e+09|7.222476799e+09|6.636161980e+09|0.000000|0.000000|2.000000
4.107595675e+05|7.125853826e+09|7.210293257e+09|6.622367011e+09|0.000000|0.000000|2.000000
4.134624781e+05|7.112838003e+09|7.198072884e+09|6.608604259e+09|0.000000|0.000000|2.000000
4.161711165e+05|7.099737718e+09|7.185761404e+09|6.594812342e+09|0.000000|0.000000|2.000000
4.187541292e+05|7.087192214e+09|7.173960299e+09|6.581660090e+09|0.000000|0.000000|2.000000
4.215341558e+05|7.073632468e+09|7.161193150e+09|6.567504677e+09|0.000000|0.000000|2.000000
4.242746443e+05|7.060207597e+09|7.148540862e+09|6.553550585e+09|0.000000|0.000000|2.000000
4.266566024e+05|7.048492474e+09|7.137490177e+09|6.541422067e+09|0.000000|0.000000|2.000000
4.295037169e+05|7.034432931e+09|7.124216183e+09|6.526925054e+09|0.000000|0.000000|2.000000
4.322643513e+05|7.020741713e+09|7.111277662e+09|6.512868383e+09|0.000000|0.000000|2.000000
4.346561224e+05|7.008833238e+09|7.100014156e+09|6.500689899e+09|0.000000|0.000000|2.000000
4.368711843e+05|6.997766079e+09|7.089538398e+09|6.489411188e+09|0.000000|0.000000|2.000000
4.391627121e+05|6.986277982e+09|7.078656147e+09|6.477743126e+09|0.000000|0.000000|2.000000
4.416907779e+05|6.973558252e+09|7.066597776e+09|6.464870654e+09|0.000000|0.000000|2.000000
4.440327394e+05|6.961732091e+09|7.055377742e+09|6.452945792e+09|0.000000|0.000000|2.000000
4.466338629e+05|6.948549071e+09|7.042860585e+09|6.439701322e+09|0.000000|0.000000|2.000000
4.488057424e+05|6.937502756e+09|7.032364370e+09|6.428642489e+09|0.000000|0.000000|2.000000
4.509329978e+05|6.926649215e+09|7.022044476e+09|6.417810873e+09|0.000000|0.000000|2.000000
4.530896906e+05|6.915610968e+09|7.011542096e+09|6.406829368e+09|0.000000|0.000000|2.000000
4.555427526e+05|6.903013648e+09|6.999548013e+09|6.394338801e+09|0.000000|0.000000|2.000000
4.578277529e+05|6.891238982e+09|6.988329315e+09|6.382703976e+09|0.000000|0.000000|2.000000
4.599763897e+05|6.880131459e+09|6.977739410e+09|6.371763491e+09|0.000000|0.000000|2.000000
4.624930510e+05|6.867077603e+09|6.965285534e+09|6.358949088e+09|0.000000|0.000000|2.000000
4.648599447e+05|6.854757453e+09|6.953523542e+09|6.346897276e+09|0.000000|0.000000|2.000000
4.670410305e+05|6.843367436e+09|6.942642693e+09|6.335791565e+09|0.000000|0.000000|2.000000
4.690909670e+05|6.832629904e+09|6.932379255e+09|6.325353644e+09|0.000000|0.000000|2.000000
4.712347963e+05|6.821366952e+09|6.921607563e+09|6.314437637e+09|0.000000|0.000000|2.000000
4.731148157e+05|6.811461661e+09|6.912129310e+09|6.304864904e+09|0.000000|0.000000|2.000000
4.750716082e+05|6.801123753e+09|6.902232200e+09|6.294901256e+09|0.000000|0.000000|2.000000
4.770409662e+05|6.790690467e+09|6.892238817e+09|6.284873627e+09|0.000000|0.000000|2.000000
4.791079240e+05|6.779708789e+09|6.881714898e+09|6.274349037e+09|0.000000|0.000000|2.000000
4.810466616e+05|6.769379137e+09|6.871811008e+09|6.264477321e+09|0.000000|0.000000|2.000000
4.832597726e+05|6.757553006e+09|6.860466724e+09|6.253208544e+09|0.000000|0.000000|2.000000
4.852546414e+05|6.746861410e+09|6.850205737e+09|6.243051018e+09|0.000000|0.000000|2.000000
4.871489122e+05|6.736681118e+09|6.840431151e+09|6.233405720e+09|0.000000|0.000000|2.000000
4.892804375e+05|6.725193245e+09|6.829396180e+09|6.222552363e+09|0.000000|0.000000|2.000000
4.912789296e+05|6.714391011e+09|6.819015191e+09|6.212376388e+09|0.000000|0.000000|2.000000
4.932963598e+05|6.703455568e+09|6.808501756e+09|6.202103983e+09|0.000000|0.000000|2.000000
4.952088832e+05|6.693060085e+09|6.798503429e+09|6.192365746e+09|0.000000|0.000000|2.000000
4.970048343e+05|6.683272744e+09|6.789086539e+09|6.183221074e+09|0.000000|0.000000|2.000000
4.989564217e+05|6.672609178e+09|6.778822872e+09|6.173283930e+09|0.000000|0.000000|2.000000
5.009663041e+05|6.661596451e+09|6.768219200e+09|6.163049957e+09|0.000000|0.000000|2.000000
5.026902372e+05|6.652125685e+09|6.759097119e+09|6.154271989e+09|0.000000|0.000000|2.000000
5.044753961e+05|6.642294319e+09|6.749624786e+09|6.145182269e+09|0.000000|0.000000|2.000000
5.064258613e+05|6.631524281e+09|6.739244753e+09|6.135250839e+09|0.000000|0.000000|2.000000
5.083914315e+05|6.620640857e+09|6.728752060e+09|6.125242497e+09|0.000000|0.000000|2.000000
5.103327600e+05|6.609862014e+09|6.718356978e+09|6.115357588e+09|0.000000|0.000000|2.000000
5.120451997e+05|6.600329491e+09|6.709161283e+09|6.106638143e+09|0.000000|0.000000|2.000000
5.137831101e+05|6.590631581e+09|6.699803679e+09|6.097789005e+09|0.000000|0.000000|2.000000
5.155231588e+05|6.580897836e+09|6.690409199e+09|6.088928978e+09|0.000000|0.000000|2.000000
5.171430659e+05|6.571814587e+09|6.681640550e+09|6.080680692e+09|0.000000|0.000000|2.000000
5.191519485e+05|6.560521249e+09|6.670735803e+09|6.070451811e+09|0.000000|0.000000|2.000000
5.208714857e+05|6.550828922e+09|6.661374830e+09|6.061696226e+09|0.000000|0.000000|2.000000
5.226644329e+05|6.540697560e+09|6.651587823e+09|6.052566849e+09|0.000000|0.000000|2.000000
5.244993720e+05|6.530302115e+09|6.641543692e+09|6.043223658e+09|0.000000|0.000000|2.000000
5.264159282e+05|6.519415214e+09|6.631022658e+09|6.033464886e+09|0.000000|0.000000|2.000000
5.281594428e+05|6.509485352e+09|6.621424782e+09|6.024587212e+09|0.000000|0.000000|2.000000
5.299722465e+05|6.499134569e+09|6.611418434e+09|6.015356730e+09|0.000000|0.000000|2.000000
5.317980163e+05|6.488682532e+09|6.601312642e+09|6.006060227e+09|0.000000|0.000000|2.000000
5.335624255e+05|6.478555693e+09|6.591519897e+09|5.997076161e+09|0.000000|0.000000|2.000000
5.356172356e+05|6.466729635e+09|6.580082432e+09|5.986613425e+09|0.000000|0.000000|2.000000
5.374375243e+05|6.456223996e+09|6.569920727e+09|5.977344831e+09|0.000000|0.000000|2.000000
5.389715514e+05|6.447348996e+09|6.561335445e+09|5.969533831e+09|0.000000|0.000000|2.000000
5.405232428e+05|6.438351709e+09|6.552631174e+09|5.961632888e+09|0.000000|0.000000|2.000000
5.422433596e+05|6.428354108e+09|6.542958441e+09|5.952874351e+09|0.000000|0.000000|2.000000
5.440443580e+05|6.417859552e+09|6.532804201e+09|5.943703980e+09|0.000000|0.000000|2.000000
5.457548236e+05|6.407866973e+09|6.523135105e+09|5.934994586e+09|0.000000|0.000000|2.000000
5.474571852e+05|6.397896881e+09|6.513487343e+09|5.926326456e+09|0.000000|0.000000|2.000000
5.492672490e+05|6.387268678e+09|6.503202399e+09|5.917109925e+09|0.000000|0.000000|2.000000
5.508588445e+05|6.377899860e+09|6.494135973e+09|5.909005797e+09|0.000000|0.000000|2.000000
5.525071629e+05|6.368173944e+09|6.484723883e+09|5.900612845e+09|0.000000|0.000000|2.000000
5.539972423e+05|6.359361302e+09|6.476195603e+09|5.893025619e+09|0.000000|0.000000|2.000000
5.558868899e+05|6.348157501e+09|6.465353448e+09|5.883403862e+09|0.000000|0.000000|2.000000
5.575292405e+05|6.338394340e+09|6.455905659e+09|5.875041298e+09|0.000000|0.000000|2.000000
5.592368289e+05|6.328217984e+09|6.446058362e+09|5.866346553e+09|0.000000|0.000000|2.000000
5.608736848e+05|6.318438737e+09|6.436595767e+09|5.858011967e+09|0.000000|0.000000|2.000000
5.625533011e+05|6.308379037e+09|6.426862352e+09|5.849459652e+09|0.000000|0.000000|2.000000
5.643749822e+05|6.297439696e+09|6.416278590e+09|5.840183968e+09|0.000000|0.000000|2.000000
5.662469120e+05|6.286167231e+09|6.405373510e+09|5.830652427e+09|0.000000|0.000000|2.000000
5.680465307e+05|6.275300039e+09|6.394861577e+09|5.821489080e+09|0.000000|0.000000|2.000000
5.696727770e+05|6.265454179e+09|6.385338623e+09|5.813208516e+09|0.000000|0.000000|2.000000
5.712817481e+05|6.255688855e+09|6.375894641e+09|5.805015914e+09|0.000000|0.000000|2.000000
5.728000903e+05|6.246451521e+09|6.366962351e+09|5.797284779e+09|0.000000|0.000000|2.000000
5.744371376e+05|6.236467869e+09|6.357309665e+09|5.788949218e+09|0.000000|0.000000|2.000000
5.759635260e+05|6.227136390e+09|6.348288822e+09|5.781177113e+09|0.000000|0.000000|2.000000
5.775068943e+05|6.217678720e+09|6.339147349e+09|5.773318550e+09|0.000000|0.000000|2.000000
5.790433317e+05|6.208241038e+09|6.330026653e+09|5.765495277e+09|0.000000|0.000000|2.000000
5.806099244e+05|6.198594897e+09|6.320706093e+09|5.757518459e+09|0.000000|0.000000|2.000000
5.822476383e+05|6.188485615e+09|6.310939854e+09|5.749179504e+09|0.000000|0.000000|2.000000
5.839282132e+05|6.178084798e+09|6.300894041e+09|5.740622308e+09|0.000000|0.000000|2.000000
5.857887350e+05|6.166538258e+09|6.289744209e+09|5.731148854e+09|0.000000|0.000000|2.000000
5.873371217e+05|6.156903006e+09|6.280442199e+09|5.723264737e+09|0.000000|0.000000|2.000000
5.890856306e+05|6.145994026e+09|6.269913055e+09|5.714361633e+09|0.000000|0.000000|2.000000
5.907233366e+05|6.135748843e+09|6.260027167e+09|5.706022719e+09|0.000000|0.000000|2.000000
5.919994747e+05|6.127747010e+09|6.252307757e+09|5.699524845e+09|0.000000|0.000000|2.000000
5.935315151e+05|6.118118992e+09|6.243021736e+09|5.691723961e+09|0.000000|0.000000|2.000000
5.950877858e+05|6.108314448e+09|6.233567990e+09|5.683799700e+09|0.000000|0.000000|2.000000
5.967430438e+05|6.097859293e+09|6.223489830e+09|5.675371414e+09|0.000000|0.000000|2.000000
5.982386186e+05|6.088388679e+09|6.214363402e+09|5.667756206e+09|0.000000|0.000000|2.000000
5.998014046e+05|6.078467889e+09|6.204805998e+09|5.659798771e+09|0.000000|0.000000|2.000000
6.014906398e+05|6.067715969e+09|6.194451299e+09|5.651197478e+09|0.000000|0.000000|2.000000
6.032085730e+05|6.056750916e+09|6.183895094e+09|5.642450061e+09|0.000000|0.000000|2.000000
6.049009759e+05|6.045918564e+09|6.173470487e+09|5.633832638e+09|0.000000|0.000000|2.000000
6.065351563e+05|6.035430184e+09|6.163380664e+09|5.625511676e+09|0.000000|0.000000|2.000000
6.081822114e+05|6.024830463e+09|6.153187599e+09|5.617125157e+09|0.000000|0.000000|2.000000
6.095452711e+05|6.016036480e+09|6.144734028e+09|5.610184693e+09|0.000000|0.000000|2.000000
6.109929696e+05|6.006674554e+09|6.135737598e+09|5.602813264e+09|0.000000|0.000000|2.000000
6.123872080e+05|5.997636912e+09|6.127055893e+09|5.595714044e+09|0.000000|0.000000|2.000000
6.138599821e+05|5.988067219e+09|6.117866488e+09|5.588214933e+09|0.000000|0.000000|2.000000
6.155272701e+05|5.977204967e+09|6.107440225e+09|5.579725392e+09|0.000000|0.000000|2.000000
6.172277733e+05|5.966094762e+09|6.096780845e+09|5.571066724e+09|0.000000|0.000000|2.000000
6.186660739e+05|5.956672609e+09|6.087744983e+09|5.563743148e+09|0.000000|0.000000|2.000000
6.200547335e+05|5.947553735e+09|6.079003503e+09|5.556672334e+09|0.000000|0.000000|2.000000
6.213983452e+05|5.938710065e+09|6.070529225e+09|5.549830896e+09|0.000000|0.000000|2.000000
6.229006404e+05|5.928797792e+09|6.061035021e+09|5.542181470e+09|0.000000|0.000000|2.000000
6.244085547e+05|5.918822653e+09|6.051484996e+09|5.534503431e+09|0.000000|0.000000|2.000000
6.259679193e+05|5.908479810e+09|6.041587684e+09|5.526563417e+09|0.000000|0.000000|2.000000
6.277340585e+05|5.896731673e+09|6.030351594e+09|5.517570543e+09|0.000000|0.000000|2.000000
6.292242591e+05|5.886790918e+09|6.020849176e+09|5.509982700e+09|0.000000|0.000000|2.000000
6.306494653e+05|5.877259480e+09|6.011742468e+09|5.502725797e+09|0.000000|0.000000|2.000000
6.321576707e+05|5.867146989e+09|6.002085435e+09|5.495046277e+09|0.000000|0.000000|2.000000
6.336472061e+05|5.857133297e+09|5.992527738e+09|5.487461821e+09|0.000000|0.000000|2.000000
6.352279102e+05|5.846477846e+09|5.982363049e+09|5.479413150e+09|0.000000|0.000000|2.000000
6.368081240e+05|5.835795801e+09|5.972178820e+09|5.471366976e+09|0.000000|0.000000|2.000000
6.382493651e+05|5.826026953e+09|5.962870425e+09|5.464028426e+09|0.000000|0.000000|2.000000
6.397399128e+05|5.815897400e+09|5.953223647e+09|5.456438816e+09|0.000000|0.000000|2.000000
6.413202997e+05|5.805127688e+09|5.942973252e+09|5.448391760e+09|0.000000|0.000000|2.000000
6.426136941e+05|5.796290887e+09|5.934567270e+09|5.441806020e+09|0.000000|0.000000|2.000000
6.441285212e+05|5.785914907e+09|5.924702641e+09|5.434092783e+09|0.000000|0.000000|2.000000
6.455439678e+05|5.776193852e+09|5.915466116e+09|5.426885574e+09|0.000000|0.000000|2.000000
6.470829203e+05|5.765596122e+09|5.905402705e+09|5.419049495e+09|0.000000|0.000000|2.000000
6.484573117e+05|5.756106396e+09|5.896396898e+09|5.412051333e+09|0.000000|0.000000|2.000000
6.499986140e+05|5.745435717e+09|5.886276606e+09|5.404203289e+09|0.000000|0.000000|2.000000
6.513647346e+05|5.735952516e+09|5.877288159e+09|5.397247240e+09|0.000000|0.000000|2.000000
6.527277840e+05|5.726466759e+09|5.868302641e+09|5.390306829e+09|0.000000|0.000000|2.000000
6.542337129e+05|5.715958774e+09|5.858355122e+09|5.382638900e+09|0.000000|0.000000|2.000000
6.556928911e+05|5.705748890e+09|5.848696240e+09|5.375209018e+09|0.000000|0.000000|2.000000
6.570391800e+05|5.696304195e+09|5.839766965e+09|5.368353948e+09|0.000000|0.000000|2.000000
6.583354287e+05|5.687188018e+09|5.831153540e+09|5.361753675e+09|0.000000|0.000000|2.000000
6.596034750e+05|5.678248669e+09|5.822712259e+09|5.355297003e+09|0.000000|0.000000|2.000000
6.610919591e+05|5.667727994e+09|5.812784249e+09|5.347717900e+09|0.000000|0.000000|2.000000
6.625051528e+05|5.657712019e+09|5.803339096e+09|5.340522163e+09|0.000000|0.000000|2.000000
6.641358808e+05|5.646120819e+09|5.792416599e+09|5.332218779e+09|0.000000|0.000000|2.000000
6.658132515e+05|5.634160425e+09|5.781155422e+09|5.323677898e+09|0.000000|0.000000|2.000000
6.672899970e+05|5.623598744e+09|5.771219056e+09|5.316158566e+09|0.000000|0.000000|2.000000
6.686847410e+05|5.613595983e+09|5.761815388e+09|5.309056772e+09|0.000000|0.000000|2.000000
6.702624294e+05|5.602248715e+09|5.751155909e+09|5.301023456e+09|0.000000|0.000000|2.000000
6.717089057e+05|5.591814679e+09|5.741362042e+09|5.293658249e+09|0.000000|0.000000|2.000000
6.730212511e+05|5.582322790e+09|5.732459011e+09|5.286976014e+09|0.000000|0.000000|2.000000
6.743233828e+05|5.572880752e+09|5.723608925e+09|5.280345786e+09|0.000000|0.000000|2.000000
6.756995565e+05|5.562875657e+09|5.714237871e+09|5.273338548e+09|0.000000|0.000000|2.000000
6.771514090e+05|5.552291041e+09|5.704331684e+09|5.265945967e+09|0.000000|0.000000|2.000000
6.784343919e+05|5.542912348e+09|5.695560758e+09|5.259413241e+09|0.000000|0.000000|2.000000
6.797013814e+05|5.533627221e+09|5.686883520e+09|5.252961950e+09|0.000000|0.000000|2.000000
6.811496128e+05|5.522985278e+09|5.676945921e+09|5.245587807e+09|0.000000|0.000000|2.000000
6.824151625e+05|5.513660612e+09|5.668245154e+09|5.239143847e+09|0.000000|0.000000|2.000000
6.839100068e+05|5.502616128e+09|5.657947842e+09|5.231532359e+09|0.000000|0.000000|2.000000
6.853109691e+05|5.492235250e+09|5.648277411e+09|5.224398902e+09|0.000000|0.000000|2.000000
6.867612476e+05|5.481458144e+09|5.638246302e+09|5.217014336e+09|0.000000|0.000000|2.000000
6.882378665e+05|5.470452897e+09|5.628011773e+09|5.209495649e+09|0.000000|0.000000|2.000000
6.895243266e+05|5.460838090e+09|5.619077743e+09|5.202945217e+09|0.000000|0.000000|2.000000
6.908507403e+05|5.450898374e+09|5.609849141e+09|5.196191348e+09|0.000000|0.000000|2.000000
6.920445595e+05|5.441929316e+09|5.601528190e+09|5.190112628e+09|0.000000|0.000000|2.000000
6.933013423e+05|5.432463583e+09|5.592753113e+09|5.183713308e+09|0.000000|0.000000|2.000000
6.947313216e+05|5.421663729e+09|5.582749656e+09|5.176432102e+09|0.000000|0.000000|2.000000
6.962385397e+05|5.410246154e+09|5.572183820e+09|5.168757609e+09|0.000000|0.000000|2.000000
6.975294623e+05|5.400438848e+09|5.563116212e+09|5.162184455e+09|0.000000|0.000000|2.000000
6.986409466e+05|5.391973772e+09|5.555295636e+09|5.156524969e+09|0.000000|0.000000|2.000000
7.000554926e+05|5.381172335e+09|5.545324744e+09|5.149322347e+09|0.000000|0.000000|2.000000
7.013230812e+05|5.371466041e+09|5.536372634e+09|5.142868005e+09|0.000000|0.000000|2.000000
7.031534628e+05|5.357404914e+09|5.523417312e+09|5.133548020e+09|0.000000|0.000000|2.000000
7.044701474e+05|5.347256679e+09|5.514076955e+09|5.126843690e+09|0.000000|0.000000|2.000000
7.058895137e+05|5.336285554e+09|5.503988502e+09|5.119616523e+09|0.000000|0.000000|2.000000
7.074203441e+05|5.324416018e+09|5.493084838e+09|5.111821800e+09|0.000000|0.000000|2.000000
7.088678320e+05|5.313157298e+09|5.482752826e+09|5.104451443e+09|0.000000|0.000000|2.000000
7.102895399e+05|5.302065393e+09|5.472583980e+09|5.097212353e+09|0.000000|0.000000|2.000000
7.116219745e+05|5.291639474e+09|5.463034864e+09|5.090427827e+09|0.000000|0.000000|2.000000
7.127309655e+05|5.282939300e+09|5.455073186e+09|5.084781037e+09|0.000000|0.000000|2.000000
7.139167646e+05|5.273613686e+09|5.446546078e+09|5.078743154e+09|0.000000|0.000000|2.000000
7.151407129e+05|5.263963132e+09|5.437729419e+09|5.072511022e+09|0.000000|0.000000|2.000000
7.164150647e+05|5.253888116e+09|5.428533216e+09|5.066022244e+09|0.000000|0.000000|2.000000
7.177092627e+05|5.243627804e+09|5.419176562e+09|5.059432412e+09|0.000000|0.000000|2.000000
7.190725813e+05|5.232788386e+09|5.409301358e+09|5.052490630e+09|0.000000|0.000000|2.000000
7.203346707e+05|5.222725191e+09|5.400142144e+09|5.046064290e+09|0.000000|0.000000|2.000000
7.215515126e+05|5.212996568e+09|5.391295544e+09|5.039868342e+09|0.000000|0.000000|2.000000
7.228786741e+05|5.202356447e+09|5.381629227e+09|5.033110666e+09|0.000000|0.000000|2.000000
7.242017640e+05|5.191718164e+09|5.371974160e+09|5.026373722e+09|0.000000|0.000000|2.000000
7.256152602e+05|5.180318785e+09|5.361639006e+09|5.019176444e+09|0.000000|0.000000|2.000000
7.268388399e+05|5.170422342e+09|5.352675452e+09|5.012946188e+09|0.000000|0.000000|2.000000
7.282313649e+05|5.159126882e+09|5.342454986e+09|5.005855693e+09|0.000000|0.000000|2.000000
7.295741028e+05|5.148202245e+09|5.332580451e+09|4.999018704e+09|0.000000|0.000000|2.000000
7.309928163e+05|5.136624026e+09|5.322126351e+09|4.991794861e+09|0.000000|0.000000|2.000000
7.323443523e+05|5.125559976e+09|5.312147295e+09|4.984913074e+09|0.000000|0.000000|2.000000
7.336747090e+05|5.114636645e+09|5.302305535e+09|4.978139129e+09|0.000000|0.000000|2.000000
7.351084299e+05|5.102828117e+09|5.291677851e+09|4.970838871e+09|0.000000|0.000000|2.000000
7.362831554e+05|5.093124369e+09|5.282953537e+09|4.964857372e+09|0.000000|0.000000|2.000000
7.374187289e+05|5.083719607e+09|5.274505850e+09|4.959075229e+09|0.000000|0.000000|2.000000
7.388287283e+05|5.072008465e+09|5.263997275e+09|4.951895757e+09|0.000000|0.000000|2.000000
7.401278401e+05|5.061185202e+09|5.254296066e+09|4.945280905e+09|0.000000|0.000000|2.000000
7.415539449e+05|5.049267123e+09|5.243625411e+09|4.938019427e+09|0.000000|0.000000|2.000000
7.429929300e+05|5.037202131e+09|5.232835918e+09|4.930692364e+09|0.000000|0.000000|2.000000
7.444041716e+05|5.025331197e+09|5.222232465e+09|4.923506567e+09|0.000000|0.000000|2.000000
7.456588166e+05|5.014745260e+09|5.212787281e+09|4.917118132e+09|0.000000|0.000000|2.000000
7.469765983e+05|5.003593746e+09|5.202848166e+09|4.910408216e+09|0.000000|0.000000|2.000000
7.481022370e+05|4.994041401e+09|5.194343101e+09|4.904676659e+09|0.000000|0.000000|2.000000
7.491713670e+05|4.984945610e+09|5.186252045e+09|4.899232835e+09|0.000000|0.000000|2.000000
7.503849512e+05|4.974593582e+09|5.177052441e+09|4.893053475e+09|0.000000|0.000000|2.000000
7.516740467e+05|4.963565511e+09|5.167262518e+09|4.886489624e+09|0.000000|0.000000|2.000000
7.528086812e+05|4.953831485e+09|5.158630338e+09|4.880712262e+09|0.000000|0.000000|2.000000
7.542045608e+05|4.941820917e+09|5.147990929e+09|4.873604685e+09|0.000000|0.000000|2.000000
7.553759852e+05|4.931711396e+09|5.139045501e+09|4.867639995e+09|0.000000|0.000000|2.000000
7.565749372e+05|4.921335585e+09|5.129873925e+09|4.861535139e+09|0.000000|0.000000|2.000000
7.577584042e+05|4.911065144e+09|5.120804956e+09|4.855509131e+09|0.000000|0.000000|2.000000
7.590363473e+05|4.899942697e+09|5.110994283e+09|4.849002066e+09|0.000000|0.000000|2.000000
7.604457659e+05|4.887637080e+09|5.100152878e+09|4.841825551e+09|0.000000|0.000000|2.000000
7.617255343e+05|4.876427906e+09|5.090289252e+09|4.835309192e+09|0.000000|0.000000|2.000000
7.630719035e+05|4.864598681e+09|5.079892215e+09|4.828453714e+09|0.000000|0.000000|2.000000
7.642524031e+05|4.854195650e+09|5.070759069e+09|4.822442815e+09|0.000000|0.000000|2.000000
7.655039734e+05|4.843134371e+09|5.061058678e+09|4.816070036e+09|0.000000|0.000000|2.000000
7.668325682e+05|4.831356189e+09|5.050741662e+09|4.809305062e+09|0.000000|0.000000|2.000000
7.679901218e+05|4.821063789e+09|5.041736307e+09|4.803411000e+09|0.000000|0.000000|2.000000
7.692561179e+05|4.809774459e+09|5.031869634e+09|4.796964767e+09|0.000000|0.000000|2.000000
7.705343431e+05|4.798341225e+09|5.021888868e+09|4.790456266e+09|0.000000|0.000000|2.000000
7.717476308e+05|4.787456263e+09|5.012397646e+09|4.784278416e+09|0.000000|0.000000|2.000000
7.731415177e+05|4.774918269e+09|5.001472537e+09|4.777180985e+09|1.000000|0.000000|2.000000
7.744127360e+05|4.763421530e+09|4.991489156e+09|4.770708163e+09|1.000000|0.000000|2.000000
7.757797449e+05|4.751058472e+09|4.980732426e+09|4.763747590e+09|1.000000|0.000000|2.000000
7.773054647e+05|4.737260054e+09|4.968700970e+09|4.755978890e+09|1.000000|0.000000|2.000000
7.785025639e+05|4.726433638e+09|4.959241781e+09|4.749883468e+09|1.000000|0.000000|2.000000
7.796625912e+05|4.715942497e+09|4.950059410e+09|4.743976810e+09|1.000000|0.000000|2.000000
7.809233443e+05|4.704540404e+09|4.940061694e+09|4.737557275e+09|1.000000|0.000000|2.000000
7.821062142e+05|4.693842676e+09|4.930664462e+09|4.731534306e+09|1.000000|0.000000|2.000000
7.831372717e+05|4.684517922e+09|4.922459734e+09|4.726284340e+09|1.000000|0.000000|2.000000
7.844875234e+05|4.672306415e+09|4.911695841e+09|4.719409093e+09|1.000000|0.000000|2.000000
7.857638141e+05|4.660763802e+09|4.901501529e+09|4.712910442e+09|1.000000|0.000000|2.000000
7.869567378e+05|4.649975149e+09|4.891955466e+09|4.706836282e+09|1.000000|0.000000|2.000000
7.881334219e+05|4.639333366e+09|4.882522613e+09|4.700844810e+09|1.000000|0.000000|2.000000
7.893566208e+05|4.628270908e+09|4.872699200e+09|4.694616494e+09|1.000000|0.000000|2.000000
7.907010935e+05|4.616111665e+09|4.861881003e+09|4.687770672e+09|1.000000|0.000000|2.000000
7.919773190e+05|4.604569642e+09|4.851591700e+09|4.681272353e+09|1.000000|0.000000|2.000000
7.931212653e+05|4.594223934e+09|4.842352058e+09|4.675447577e+09|1.000000|0.000000|2.000000
7.941800746e+05|4.584648196e+09|4.833785868e+09|4.670056304e+09|1.000000|0.000000|2.000000
7.953239873e+05|4.574302793e+09|4.824515778e+09|4.664231698e+09|1.000000|0.000000|2.000000
7.963839515e+05|4.564716609e+09|4.815911702e+09|4.658834545e+09|1.000000|0.000000|2.000000
7.974270346e+05|4.555283097e+09|4.807431200e+09|4.653523347e+09|1.000000|0.000000|2.000000
7.987223739e+05|4.543568210e+09|4.796881172e+09|4.646927703e+09|1.000000|0.000000|2.000000
7.998783206e+05|4.533113973e+09|4.787448974e+09|4.641041824e+09|1.000000|0.000000|2.000000
8.012133503e+05|4.521040132e+09|4.776534946e+09|4.634244084e+09|1.000000|0.000000|2.000000
8.024516384e+05|4.509841209e+09|4.766392034e+09|4.627938936e+09|1.000000|0.000000|2.000000
8.037239193e+05|4.498334860e+09|4.755950822e+09|4.621460702e+09|1.000000|0.000000|2.000000
8.050532106e+05|4.486312916e+09|4.745020176e+09|4.614692181e+09|1.000000|0.000000|2.000000
8.062845101e+05|4.475177197e+09|4.734875587e+09|4.608422618e+09|1.000000|0.000000|2.000000
8.075666999e+05|4.463581234e+09|4.724291501e+09|4.601893930e+09|1.000000|0.000000|2.000000
8.090152875e+05|4.450480389e+09|4.712308960e+09|4.594517973e+09|1.000000|0.000000|2.000000
8.104330385e+05|4.437658426e+09|4.700555846e+09|4.587299031e+09|1.000000|0.000000|2.000000
8.115332961e+05|4.427707834e+09|4.691417202e+09|4.581696710e+09|1.000000|0.000000|2.000000
8.127833987e+05|4.416402063e+09|4.681015302e+09|4.575331404e+09|1.000000|0.000000|2.000000
8.141152496e+05|4.404356971e+09|4.669911293e+09|4.568549851e+09|1.000000|0.000000|2.000000
8.153005498e+05|4.393637264e+09|4.660010063e+09|4.562514508e+09|1.000000|0.000000|2.000000
8.165391766e+05|4.382435279e+09|4.649644150e+09|4.556207635e+09|1.000000|0.000000|2.000000
8.176630730e+05|4.372270900e+09|4.640221350e+09|4.550484949e+09|1.000000|0.000000|2.000000
8.188203903e+05|4.361804268e+09|4.630501347e+09|4.544592091e+09|1.000000|0.000000|2.000000
8.198253059e+05|4.352715937e+09|4.622047298e+09|4.539475234e+09|1.000000|0.000000|2.000000
8.208196046e+05|4.343723624e+09|4.613669702e+09|4.534412438e+09|1.000000|0.000000|2.000000
8.218480508e+05|4.334422486e+09|4.604990898e+09|4.529175769e+09|1.000000|0.000000|2.000000
8.229348950e+05|4.324593203e+09|4.595804339e+09|4.523641747e+09|1.000000|0.000000|2.000000
8.241274211e+05|4.313808146e+09|4.585706783e+09|4.517569610e+09|1.000000|0.000000|2.000000
8.253921503e+05|4.302370093e+09|4.574977542e+09|4.511129829e+09|1.000000|0.000000|2.000000
8.265419596e+05|4.291971362e+09|4.565205017e+09|4.505275199e+09|1.000000|0.000000|2.000000
8.277045272e+05|4.281457246e+09|4.555306385e+09|4.499355606e+09|1.000000|0.000000|2.000000
8.288704055e+05|4.270913190e+09|4.545361671e+09|4.493419157e+09|1.000000|0.000000|2.000000
8.300027681e+05|4.260672244e+09|4.535685640e+09|4.487653363e+09|1.000000|0.000000|2.000000
8.311328578e+05|4.250451854e+09|4.526012088e+09|4.481899142e+09|1.000000|0.000000|2.000000
8.322640152e+05|4.240221809e+09|4.516312401e+09|4.476139485e+09|1.000000|0.000000|2.000000
8.334883885e+05|4.229148730e+09|4.505794173e+09|4.469905188e+09|1.000000|0.000000|2.000000
8.346637022e+05|4.218519340e+09|4.495678558e+09|4.463920695e+09|1.000000|0.000000|2.000000
8.360435754e+05|4.206039939e+09|4.483778730e+09|4.456894620e+09|1.000000|0.000000|2.000000
8.372980259e+05|4.194694846e+09|4.472938319e+09|4.450507176e+09|1.000000|0.000000|2.000000
8.384808623e+05|4.183997422e+09|4.462697334e+09|4.444484378e+09|1.000000|0.000000|2.000000
8.397494329e+05|4.172524629e+09|4.451693039e+09|4.438025037e+09|1.000000|0.000000|2.000000
8.409846475e+05|4.161353502e+09|4.440957124e+09|4.431735538e+09|1.000000|0.000000|2.000000
8.421129827e+05|4.151148980e+09|4.431132024e+09|4.425990251e+09|1.000000|0.000000|2.000000
8.432113422e+05|4.141215555e+09|4.421551265e+09|4.420397595e+09|1.000000|0.000000|2.000000
8.445136729e+05|4.129437439e+09|4.410169933e+09|4.413766353e+09|1.000000|0.000000|2.000000
8.455925635e+05|4.119680087e+09|4.400723676e+09|4.408272829e+09|1.000000|0.000000|2.000000
8.466711377e+05|4.109925597e+09|4.391264193e+09|4.402780916e+09|1.000000|0.000000|2.000000
8.479105747e+05|4.098716284e+09|4.380374083e+09|4.396469918e+09|1.000000|0.000000|2.000000
8.491424144e+05|4.087575680e+09|4.369529683e+09|4.390197604e+09|1.000000|0.000000|2.000000
8.503286471e+05|4.076847541e+09|4.359066896e+09|4.384157513e+09|1.000000|0.000000|2.000000
8.514871835e+05|4.066369882e+09|4.348829511e+09|4.378258447e+09|1.000000|0.000000|2.000000
8.525157160e+05|4.057067964e+09|4.339725224e+09|4.373021338e+09|1.000000|0.000000|2.000000
8.536381475e+05|4.046916833e+09|4.329772895e+09|4.367306111e+09|1.000000|0.000000|2.000000
8.549063019e+05|4.035447804e+09|4.318507232e+09|4.360848889e+09|1.000000|0.000000|2.000000
8.559217267e+05|4.026264429e+09|4.309470401e+09|4.355678522e+09|1.000000|0.000000|2.000000
8.569968794e+05|4.016540883e+09|4.299886183e+09|4.350204031e+09|1.000000|0.000000|2.000000
8.580176678e+05|4.007309000e+09|4.290771473e+09|4.345006353e+09|1.000000|0.000000|2.000000
8.591137495e+05|3.997396175e+09|4.280968033e+09|4.339425295e+09|1.000000|0.000000|2.000000
8.603031944e+05|3.986638984e+09|4.270310246e+09|4.333368848e+09|1.000000|0.000000|2.000000
8.613966135e+05|3.976750239e+09|4.260495111e+09|4.327801348e+09|1.000000|0.000000|2.000000
8.625566875e+05|3.966258675e+09|4.250062983e+09|4.321894452e+09|1.000000|0.000000|2.000000
8.637804043e+05|3.955191534e+09|4.239037659e+09|4.315663499e+09|1.000000|0.000000|2.000000
8.648857764e+05|3.945194687e+09|4.229060106e+09|4.310035136e+09|1.000000|0.000000|2.000000
8.660319051e+05|3.934829243e+09|4.218696094e+09|4.304199247e+09|1.000000|0.000000|2.000000
8.671836819e+05|3.924412717e+09|4.208261906e+09|4.298334600e+09|1.000000|0.000000|2.000000
8.683454788e+05|3.913905571e+09|4.197717491e+09|4.292418931e+09|1.000000|0.000000|2.000000
8.695452235e+05|3.903055231e+09|4.186808101e+09|4.286310039e+09|1.000000|0.000000|2.000000
8.706638477e+05|3.892938534e+09|4.176617473e+09|4.280614199e+09|1.000000|0.000000|2.000000
8.718870240e+05|3.881876281e+09|4.165453474e+09|4.274385998e+09|1.000000|0.000000|2.000000
8.731333735e+05|3.870604452e+09|4.154055444e+09|4.268039802e+09|1.000000|0.000000|2.000000
8.741993785e+05|3.860963636e+09|4.144288594e+09|4.262611890e+09|1.000000|0.000000|2.000000
8.754483219e+05|3.849668349e+09|4.132824361e+09|4.256252487e+09|1.000000|0.000000|2.000000
8.765096026e+05|3.840070258e+09|4.123064614e+09|4.250848629e+09|1.000000|0.000000|2.000000
8.776747400e+05|3.829532902e+09|4.112330581e+09|4.244915952e+09|1.000000|0.000000|2.000000
8.788746996e+05|3.818680618e+09|4.101254678e+09|4.238805966e+09|1.000000|0.000000|2.000000
8.800065638e+05|3.808444180e+09|4.090787668e+09|4.233042709e+09|1.000000|0.000000|2.000000
8.810962915e+05|3.798588819e+09|4.080692250e+09|4.227494005e+09|1.000000|0.000000|2.000000
8.823044365e+05|3.787662507e+09|4.069479019e+09|4.221342340e+09|1.000000|0.000000|2.000000
8.834321717e+05|3.777463411e+09|4.058992332e+09|4.215600108e+09|1.000000|0.000000|2.000000
8.845373708e+05|3.767468129e+09|4.048696634e+09|4.209972626e+09|1.000000|0.000000|2.000000
8.856788383e+05|3.757144840e+09|4.038043721e+09|4.204160472e+09|1.000000|0.000000|2.000000
8.867004664e+05|3.747905364e+09|4.028492507e+09|4.198958519e+09|1.000000|0.000000|2.000000
8.877986710e+05|3.737973338e+09|4.018207720e+09|4.193366651e+09|1.000000|0.000000|2.000000
8.890088259e+05|3.727028849e+09|4.006853262e+09|4.187204752e+09|1.000000|0.000000|2.000000
8.902061660e+05|3.716200256e+09|3.995597055e+09|4.181108105e+09|1.000000|0.000000|2.000000
8.912732488e+05|3.706549692e+09|3.985546916e+09|4.175674704e+09|1.000000|0.000000|2.000000
8.922990169e+05|3.697272774e+09|3.975869430e+09|4.170451671e+09|1.000000|0.000000|2.000000
8.933765288e+05|3.687527891e+09|3.965686349e+09|4.164965167e+09|1.000000|0.000000|2.000000
8.943946180e+05|3.678320421e+09|3.956048401e+09|4.159781234e+09|1.000000|0.000000|2.000000
8.954758217e+05|3.668542149e+09|3.945795427e+09|4.154275932e+09|1.000000|0.000000|2.000000
8.965398583e+05|3.658919136e+09|3.935687563e+09|4.148858042e+09|1.000000|0.000000|2.000000
8.977085077e+05|3.648350017e+09|3.924565657e+09|4.142907482e+09|1.000000|0.000000|2.000000
8.989136123e+05|3.637451202e+09|3.913074527e+09|4.136771298e+09|1.000000|0.000000|2.000000
9.000908020e+05|3.626804845e+09|3.901827669e+09|4.130777252e+09|1.000000|0.000000|2.000000
9.010646203e+05|3.617997755e+09|3.892507413e+09|4.125818739e+09|1.000000|0.000000|2.000000
9.020490806e+05|3.609094420e+09|3.883070164e+09|4.120806038e+09|1.000000|0.000000|2.000000
9.030784226e+05|3.599785179e+09|3.873186351e+09|4.115564807e+09|1.000000|0.000000|2.000000
9.043834283e+05|3.587982871e+09|3.860631552e+09|4.108919944e+09|1.000000|0.000000|2.000000
9.057340155e+05|3.575768329e+09|3.847609843e+09|4.102042988e+09|1.000000|0.000000|2.000000
9.069878462e+05|3.564428842e+09|3.835495082e+09|4.095658700e+09|1.000000|0.000000|2.000000
9.083871153e+05|3.551774028e+09|3.821945488e+09|4.088533865e+09|1.000000|0.000000|2.000000
9.097208013e+05|3.539712338e+09|3.809001823e+09|4.081742967e+09|1.000000|0.000000|2.000000
9.108956433e+05|3.529087215e+09|3.797576139e+09|4.075760875e+09|1.000000|0.000000|2.000000
9.120605675e+05|3.518551786e+09|3.786224988e+09|4.069829283e+09|1.000000|0.000000|2.000000
9.132924588e+05|3.507410715e+09|3.774197489e+09|4.063556706e+09|1.000000|0.000000|2.000000
9.143763592e+05|3.497608056e+09|3.763594589e+09|4.058037673e+09|1.000000|0.000000|2.000000
9.154214264e+05|3.488156600e+09|3.753353518e+09|4.052716373e+09|1.000000|0.000000|2.000000
9.165865705e+05|3.477619182e+09|3.741914821e+09|4.046783661e+09|1.000000|0.000000|2.000000
9.177136213e+05|3.467426275e+09|3.730829036e+09|4.041044914e+09|1.000000|0.000000|2.000000
9.188178473e+05|3.457439794e+09|3.719947616e+09|4.035422387e+09|1.000000|0.000000|2.000000
9.197333465e+05|3.449160134e+09|3.710910817e+09|4.030760824e+09|1.000000|0.000000|2.000000
9.206476829e+05|3.440890990e+09|3.701871749e+09|4.026105181e+09|1.000000|0.000000|2.000000
9.216250157e+05|3.432052115e+09|3.692194680e+09|4.021128772e+09|1.000000|0.000000|2.000000
9.225412043e+05|3.423766220e+09|3.683108711e+09|4.016463699e+09|1.000000|0.000000|2.000000
9.234723965e+05|3.415344635e+09|3.673859719e+09|4.011722230e+09|1.000000|0.000000|2.000000
9.244185792e+05|3.406787476e+09|3.664447106e+09|4.006904431e+09|1.000000|0.000000|2.000000
9.252776833e+05|3.399017846e+09|3.655887863e+09|4.002530022e+09|1.000000|0.000000|2.000000
9.260812170e+05|3.391750788e+09|3.647871143e+09|3.998438568e+09|1.000000|0.000000|2.000000
9.268723714e+05|3.384595688e+09|3.639967402e+09|3.994410148e+09|1.000000|0.000000|2.000000
9.276736031e+05|3.377349448e+09|3.631952321e+09|3.990330415e+09|1.000000|0.000000|2.000000
9.286184985e+05|3.368803932e+09|3.622486286e+09|3.985519171e+09|1.000000|0.000000|2.000000
9.293884104e+05|3.361840945e+09|3.614762167e+09|3.981598913e+09|1.000000|0.000000|2.000000
9.300589176e+05|3.355776963e+09|3.608027200e+09|3.978184807e+09|1.000000|0.000000|2.000000
9.307181956e+05|3.349814535e+09|3.601397640e+09|3.974827877e+09|1.000000|0.000000|2.000000
9.314863241e+05|3.342867677e+09|3.593664250e+09|3.970916700e+09|1.000000|0.000000|2.000000
9.322885317e+05|3.335612612e+09|3.585577107e+09|3.966831999e+09|1.000000|0.000000|2.000000
9.330673238e+05|3.328569314e+09|3.577715590e+09|3.962866524e+09|1.000000|0.000000|2.000000
9.339317880e+05|3.320751207e+09|3.568977199e+09|3.958464822e+09|1.000000|0.000000|2.000000
9.347937246e+05|3.312955962e+09|3.560251705e+09|3.954075991e+09|1.000000|0.000000|2.000000
9.357066846e+05|3.304699265e+09|3.550995884e+09|3.949427357e+09|1.000000|0.000000|2.000000
9.366565335e+05|3.296108951e+09|3.541350962e+09|3.944590891e+09|1.000000|0.000000|2.000000
9.377264102e+05|3.286433120e+09|3.530468756e+09|3.939143264e+09|1.000000|0.000000|2.000000
9.387041922e+05|3.277590182e+09|3.520506106e+09|3.934164568e+09|1.000000|0.000000|2.000000
9.396380155e+05|3.269144801e+09|3.510975996e+09|3.929409702e+09|1.000000|0.000000|2.000000
9.405715199e+05|3.260702304e+09|3.501434109e+09|3.924656459e+09|1.000000|0.000000|2.000000
9.417717912e+05|3.249847201e+09|3.489143307e+09|3.918544887e+09|1.000000|0.000000|2.000000
9.430449054e+05|3.238333316e+09|3.476079296e+09|3.912062410e+09|1.000000|0.000000|2.000000
9.443846749e+05|3.226216608e+09|3.462300868e+09|3.905240536e+09|1.000000|0.000000|2.000000
9.457506666e+05|3.213862750e+09|3.448220526e+09|3.898285143e+09|1.000000|0.000000|2.000000
9.475875149e+05|3.197250524e+09|3.429235194e+09|3.888932230e+09|1.000000|0.000000|2.000000
9.500978550e+05|3.165063619e+09|3.403192791e+09|3.876150014e+09|2.000000|0.000000|2.000000
9.532439992e+05|3.155402941e+09|3.370397050e+09|3.860130394e+09|2.000000|0.000000|2.000000
9.569839698e+05|3.143918836e+09|3.331181577e+09|3.841087112e+09|2.000000|0.000000|2.000000
9.616180843e+05|3.129689137e+09|3.282241325e+09|3.817491005e+09|2.000000|0.000000|2.000000
9.651365922e+05|3.118885064e+09|3.244822208e+09|3.799575373e+09|2.000000|0.000000|2.000000
9.684938045e+05|3.108576272e+09|3.208906771e+09|3.782481031e+09|2.000000|0.000000|2.000000
9.712304219e+05|3.100173104e+09|3.179476330e+09|3.768546649e+09|2.000000|0.000000|2.000000
9.736044255e+05|3.092883392e+09|3.162154197e+09|3.756458635e+09|2.000000|2.000000|2.000000
9.761921852e+05|3.084937312e+09|3.154612525e+09|3.743282211e+09|2.000000|2.000000|2.000000
9.781289583e+05|3.078990178e+09|3.148968065e+09|3.733420499e+09|2.000000|2.000000|2.000000
9.797836652e+05|3.073909168e+09|3.144145648e+09|3.724995018e+09|2.000000|2.000000|2.000000
9.814559997e+05|3.068774030e+09|3.139271857e+09|3.716479781e+09|2.000000|2.000000|2.000000
9.829847453e+05|3.064079802e+09|3.134816537e+09|3.708695674e+09|2.000000|2.000000|2.000000
9.844044886e+05|3.059720281e+09|3.130678889e+09|3.701466587e+09|2.000000|2.000000|2.000000
9.858572953e+05|3.055259234e+09|3.126444883e+09|3.694069147e+09|2.000000|2.000000|2.000000
9.872755454e+05|3.050904298e+09|3.122311587e+09|3.686847664e+09|2.000000|2.000000|2.000000
9.884041433e+05|3.047438779e+09|3.119022442e+09|3.681101039e+09|2.000000|2.000000|2.000000
9.896419732e+05|3.043637849e+09|3.115414956e+09|3.674798224e+09|2.000000|2.000000|2.000000
9.908586451e+05|3.039901887e+09|3.111869132e+09|3.668603142e+09|2.000000|2.000000|2.000000
9.920616211e+05|3.036207980e+09|3.108363223e+09|3.662477797e+09|2.000000|2.000000|2.000000
9.933461622e+05|3.032263616e+09|3.104619603e+09|3.655937136e+09|2.000000|2.000000|2.000000
9.944966469e+05|3.028730891e+09|3.101266673e+09|3.650079068e+09|2.000000|2.000000|2.000000
9.958197442e+05|3.024668135e+09|3.097410687e+09|3.643342086e+09|2.000000|2.000000|2.000000
9.972433663e+05|3.020296703e+09|3.093261734e+09|3.636093249e+09|2.000000|2.000000|2.000000
9.988696579e+05|3.015302946e+09|3.088522130e+09|3.627812454e+09|2.000000|2.000000|2.000000
1.000255381e+06|3.011047889e+09|3.084483629e+09|3.620756592e+09|2.000000|2.000000|2.000000
1.001755010e+06|3.006443069e+09|3.080113167e+09|3.613120744e+09|2.000000|2.000000|2.000000
1.003499378e+06|3.001086741e+09|3.075029444e+09|3.604238724e+09|2.000000|2.000000|2.000000
1.005528672e+06|2.994855508e+09|3.069115344e+09|3.593905910e+09|2.000000|2.000000|2.000000
1.007962770e+06|2.987381268e+09|3.062021498e+09|3.581511905e+09|2.000000|2.000000|2.000000
1.010381993e+06|2.979952705e+09|3.054971003e+09|3.569193643e+09|2.000000|2.000000|2.000000
1.013349240e+06|2.970841354e+09|3.046323365e+09|3.554084932e+09|2.000000|2.000000|2.000000
1.016123004e+06|2.962324122e+09|3.038239609e+09|3.539961407e+09|2.000000|2.000000|2.000000
1.019412916e+06|2.951932647e+09|3.028651611e+09|3.523209747e+09|3.000000|2.000000|2.000000
1.022074494e+06|2.943564447e+09|3.020894805e+09|3.509657452e+09|3.000000|2.000000|2.000000
1.024284219e+06|2.936581634e+09|3.014195199e+09|3.498405916e+09|3.000000|3.000000|2.000000
1.026391056e+06|2.929894407e+09|3.007895901e+09|3.487678267e+09|3.000000|3.000000|2.000000
1.028058592e+06|2.924581258e+09|3.002886362e+09|3.479173878e+09|3.000000|3.000000|3.000000
1.029561653e+06|2.919776903e+09|2.998353083e+09|3.471513391e+09|3.000000|3.000000|3.000000
1.031183321e+06|2.914577306e+09|2.993443211e+09|3.463247007e+09|3.000000|3.000000|3.000000
1.032622912e+06|2.909947562e+09|2.989068285e+09|3.455907575e+09|3.000000|3.000000|3.000000
1.034411600e+06|2.904176959e+09|2.983611188e+09|3.446786864e+09|3.000000|3.000000|3.000000
1.035910063e+06|2.899327275e+09|2.979021504e+09|3.439144826e+09|3.000000|3.000000|3.000000
1.037149969e+06|2.895303846e+09|2.975211399e+09|3.432820604e+09|3.000000|3.000000|3.000000
1.038556228e+06|2.890729109e+09|2.970876625e+09|3.425647034e+09|3.000000|3.000000|3.000000
1.040149164e+06|2.885532404e+09|2.965949202e+09|3.417520145e+09|3.000000|3.000000|3.000000
1.041330923e+06|2.881667080e+09|2.962281917e+09|3.411490325e+09|3.000000|3.000000|3.000000
1.042508307e+06|2.877807617e+09|2.958618293e+09|3.405482261e+09|3.000000|3.000000|3.000000
1.043683685e+06|2.873946360e+09|2.954951086e+09|3.399483897e+09|3.000000|3.000000|3.000000
1.044847623e+06|2.870114484e+09|2.951309941e+09|3.393543407e+09|3.000000|3.000000|3.000000
1.045851540e+06|2.866802895e+09|2.948161722e+09|3.388419236e+09|3.000000|3.000000|3.000000
1.047011751e+06|2.862968245e+09|2.944514565e+09|3.382496876e+09|3.000000|3.000000|3.000000
1.048154832e+06|2.859182387e+09|2.940912058e+09|3.376661522e+09|3.000000|3.000000|3.000000
1.049414234e+06|2.855002325e+09|2.936932432e+09|3.370231876e+09|3.000000|3.000000|3.000000
1.050834810e+06|2.850276106e+09|2.932430327e+09|3.362978811e+09|3.000000|3.000000|3.000000
1.051964102e+06|2.846510551e+09|2.928841443e+09|3.357212553e+09|3.000000|3.000000|3.000000
1.053252154e+06|2.842206546e+09|2.924737340e+09|3.350635226e+09|3.000000|3.000000|3.000000
1.054707571e+06|2.837331727e+09|2.920086346e+09|3.343202766e+09|3.000000|3.000000|3.000000
1.056214587e+06|2.832271215e+09|2.915255305e+09|3.335506270e+09|3.000000|3.000000|3.000000
1.057714110e+06|2.827222953e+09|2.910433070e+09|3.327847550e+09|3.000000|3.000000|3.000000
1.059457850e+06|2.821336428e+09|2.904806505e+09|3.318940951e+09|3.000000|3.000000|3.000000
1.061039975e+06|2.815980612e+09|2.899683886e+09|3.310859373e+09|3.000000|3.000000|3.000000
1.062640438e+06|2.810548421e+09|2.894485021e+09|3.302683722e+09|3.000000|3.000000|3.000000
1.064688773e+06|2.803575268e+09|2.887806723e+09|3.292219697e+09|3.000000|3.000000|3.000000
1.066652377e+06|2.796868783e+09|2.881378946e+09|3.282188076e+09|3.000000|3.000000|3.000000
1.068530731e+06|2.790433674e+09|2.875206842e+09|3.272591654e+09|3.000000|3.000000|3.000000
1.070216848e+06|2.784640806e+09|2.869647074e+09|3.263977162e+09|3.000000|3.000000|3.000000
1.071855605e+06|2.778995939e+09|2.864226061e+09|3.255604515e+09|3.000000|3.000000|3.000000
1.073526283e+06|2.773226292e+09|2.858681900e+09|3.247068707e+09|3.000000|3.000000|3.000000
1.075255669e+06|2.767238245e+09|2.852924373e+09|3.238232929e+09|3.000000|3.000000|3.000000
1.076823334e+06|2.761796502e+09|2.847689061e+09|3.230223455e+09|3.000000|3.000000|3.000000
1.078343883e+06|2.756505990e+09|2.842596484e+09|3.222454788e+09|3.000000|3.000000|3.000000
1.079956360e+06|2.750882462e+09|2.837180401e+09|3.214216583e+09|3.000000|3.000000|3.000000
1.081497282e+06|2.745495903e+09|2.831989727e+09|3.206344127e+09|3.000000|3.000000|3.000000
1.083048409e+06|2.740061344e+09|2.826750034e+09|3.198419755e+09|3.000000|3.000000|3.000000
1.084546699e+06|2.734800238e+09|2.821674958e+09|3.190765561e+09|3.000000|3.000000|3.000000
1.086016472e+06|2.729628204e+09|2.816683321e+09|3.183257325e+09|3.000000|3.000000|3.000000
1.087553361e+06|2.724208352e+09|2.811449895e+09|3.175406566e+09|3.000000|3.000000|3.000000
1.088757230e+06|2.719954638e+09|2.807340639e+09|3.169257208e+09|3.000000|3.000000|3.000000
1.090145751e+06|2.715039528e+09|2.802590435e+09|3.162164972e+09|3.000000|3.000000|3.000000
1.091695764e+06|2.709541504e+09|2.797274340e+09|3.154248310e+09|3.000000|3.000000|3.000000
1.093059607e+06|2.704694081e+09|2.792585120e+09|3.147282929e+09|3.000000|3.000000|3.000000
1.094428644e+06|2.699819065e+09|2.787867149e+09|3.140291440e+09|3.000000|3.000000|3.000000
1.096040054e+06|2.694069345e+09|2.782300026e+09|3.132062779e+09|3.000000|3.000000|3.000000
1.097538816e+06|2.688710344e+09|2.777108680e+09|3.124409960e+09|3.000000|3.000000|3.000000
1.098969157e+06|2.683585978e+09|2.772142364e+09|3.117107092e+09|3.000000|3.000000|3.000000
1.100571615e+06|2.677833448e+09|2.766564648e+09|3.108926171e+09|3.000000|3.000000|3.000000
1.102220894e+06|2.671900202e+09|2.760808844e+09|3.100507059e+09|3.000000|3.000000|3.000000
1.104304191e+06|2.664387415e+09|2.753516615e+09|3.089873709e+09|3.000000|3.000000|3.000000
1.106159528e+06|2.657679781e+09|2.747002055e+09|3.080405201e+09|3.000000|3.000000|3.000000
1.108053530e+06|2.650816062e+09|2.740332193e+09|3.070740710e+09|3.000000|3.000000|3.000000
1.110212746e+06|2.642971341e+09|2.732704498e+09|3.059724678e+09|3.000000|3.000000|3.000000
1.112104348e+06|2.636081646e+09|2.726001467e+09|3.050075602e+09|3.000000|3.000000|3.000000
1.113916718e+06|2.629465570e+09|2.719561215e+09|3.040832194e+09|3.000000|3.000000|3.000000
1.115740825e+06|2.622791989e+09|2.713061624e+09|3.031530473e+09|3.000000|3.000000|3.000000
1.117428158e+06|2.616605825e+09|2.707033758e+09|3.022927653e+09|3.000000|3.000000|3.000000
1.119334532e+06|2.609601732e+09|2.700205470e+09|3.013209799e+09|3.000000|3.000000|3.000000
1.121038115e+06|2.603329472e+09|2.694087591e+09|3.004527312e+09|3.000000|3.000000|3.000000
1.122647497e+06|2.597392668e+09|2.688294282e+09|2.996326387e+09|3.000000|3.000000|3.000000
1.124349098e+06|2.591103764e+09|2.682154622e+09|2.987657139e+09|3.000000|3.000000|3.000000
1.126208446e+06|2.584217967e+09|2.675429010e+09|2.978186144e+09|3.000000|3.000000|3.000000
1.127857228e+06|2.578099952e+09|2.669450521e+09|2.969789468e+09|3.000000|3.000000|3.000000
1.129413455e+06|2.572315100e+09|2.663795199e+09|2.961865695e+09|3.000000|3.000000|3.000000
1.131145786e+06|2.565863995e+09|2.657485823e+09|2.953047092e+09|3.000000|3.000000|3.000000
1.132689516e+06|2.560104990e+09|2.651850939e+09|2.945190250e+09|3.000000|3.000000|3.000000
1.134116676e+06|2.554772344e+09|2.646631224e+09|2.937928131e+09|3.000000|3.000000|3.000000
1.135656149e+06|2.549010933e+09|2.640989681e+09|2.930096085e+09|3.000000|3.000000|3.000000
1.137346302e+06|2.542674826e+09|2.634782852e+09|2.921499402e+09|3.000000|3.000000|3.000000
1.139260807e+06|2.535484144e+09|2.627735683e+09|2.911764101e+09|3.000000|3.000000|3.000000
1.140953794e+06|2.529113618e+09|2.621489487e+09|2.903157514e+09|3.000000|3.000000|3.000000
1.142730952e+06|2.522414524e+09|2.614918315e+09|2.894125402e+09|3.000000|3.000000|3.000000
1.144480139e+06|2.515809131e+09|2.608436249e+09|2.885237871e+09|3.000000|3.000000|3.000000
1.146101565e+06|2.509675899e+09|2.602415058e+09|2.877001689e+09|3.000000|3.000000|3.000000
1.147920421e+06|2.502784186e+09|2.595646435e+09|2.867765223e+09|3.000000|3.000000|3.000000
1.149686155e+06|2.496082056e+09|2.589061184e+09|2.858801189e+09|3.000000|3.000000|3.000000
1.151436136e+06|2.489428458e+09|2.582520891e+09|2.849919777e+09|3.000000|3.000000|3.000000
1.153221705e+06|2.482628114e+09|2.575833572e+09|2.840860534e+09|3.000000|3.000000|3.000000
1.155097122e+06|2.475473275e+09|2.568794645e+09|2.831348531e+09|3.000000|3.000000|3.000000
1.156717028e+06|2.469283176e+09|2.562702368e+09|2.823135066e+09|3.000000|3.000000|3.000000
1.158441663e+06|2.462682743e+09|2.556203749e+09|2.814393293e+09|3.000000|3.000000|3.000000
1.160142604e+06|2.456162851e+09|2.549781926e+09|2.805774400e+09|3.000000|3.000000|3.000000
1.162036786e+06|2.448890517e+09|2.542616074e+09|2.796179644e+09|3.000000|3.000000|3.000000
1.163778083e+06|2.442194374e+09|2.536015294e+09|2.787362458e+09|3.000000|3.000000|3.000000
1.165532779e+06|2.435436362e+09|2.529350940e+09|2.778480522e+09|3.000000|3.000000|3.000000
1.167180482e+06|2.429081068e+09|2.523081376e+09|2.770143049e+09|3.000000|3.000000|3.000000
1.168824607e+06|2.422730637e+09|2.516814358e+09|2.761826512e+09|3.000000|3.000000|3.000000
1.170361298e+06|2.416787180e+09|2.510946946e+09|2.754056014e+09|3.000000|3.000000|3.000000
1.171983509e+06|2.410504659e+09|2.504742700e+09|2.745855839e+09|3.000000|3.000000|3.000000
1.173400966e+06|2.405008204e+09|2.499312963e+09|2.738693044e+09|3.000000|3.000000|3.000000
1.174910483e+06|2.399147751e+09|2.493521848e+09|2.731067500e+09|3.000000|3.000000|3.000000
1.176515365e+06|2.392909193e+09|2.487355078e+09|2.722963021e+09|3.000000|3.000000|3.000000
1.178285489e+06|2.386018996e+09|2.480541763e+09|2.714027503e+09|3.000000|3.000000|3.000000
1.179843150e+06|2.379947825e+09|2.474536260e+09|2.706167502e+09|3.000000|3.000000|3.000000
1.181570261e+06|2.373207555e+09|2.467866639e+09|2.697455790e+09|3.000000|3.000000|3.000000
1.183436993e+06|2.365912282e+09|2.460645178e+09|2.688043823e+09|3.000000|3.000000|3.000000
1.185245842e+06|2.358833317e+09|2.453635223e+09|2.678927734e+09|3.000000|3.000000|3.000000
1.186870840e+06|2.352465640e+09|2.447327443e+09|2.670741635e+09|3.000000|3.000000|3.000000
1.188499717e+06|2.346075051e+09|2.440994907e+09|2.662539306e+09|3.000000|3.000000|3.000000
1.190152380e+06|2.339583334e+09|2.434560069e+09|2.654220630e+09|3.000000|3.000000|3.000000
1.191731701e+06|2.333372438e+09|2.428401631e+09|2.646274387e+09|3.000000|3.000000|3.000000
1.193696153e+06|2.325637170e+09|2.420729039e+09|2.636394906e+09|3.000000|3.000000|3.000000
1.195401641e+06|2.318912903e+09|2.414056881e+09|2.627821905e+09|3.000000|3.000000|3.000000
1.197119877e+06|2.312130300e+09|2.407324621e+09|2.619188744e+09|3.000000|3.000000|3.000000
1.198774158e+06|2.305592588e+09|2.400833342e+09|2.610880686e+09|3.000000|3.000000|3.000000
1.200420939e+06|2.299077229e+09|2.394362233e+09|2.602614008e+09|3.000000|3.000000|3.000000
1.202001603e+06|2.292816700e+09|2.388142330e+09|2.594682757e+09|3.000000|3.000000|3.000000
1.203528460e+06|2.286763075e+09|2.382126240e+09|2.587024812e+09|3.000000|3.000000|3.000000
1.205118505e+06|2.280452508e+09|2.375852983e+09|2.579053448e+09|3.000000|3.000000|3.000000
1.206632744e+06|2.274436786e+09|2.369871114e+09|2.571465481e+09|3.000000|3.000000|3.000000
1.208221038e+06|2.268120626e+09|2.363588708e+09|2.563509973e+09|3.000000|3.000000|3.000000
1.209777295e+06|2.261925753e+09|2.357425175e+09|2.555718505e+09|3.000000|3.000000|3.000000
1.211277629e+06|2.255947820e+09|2.351475837e+09|2.548210394e+09|3.000000|3.000000|3.000000
1.212851192e+06|2.249672210e+09|2.345228518e+09|2.540339424e+09|3.000000|3.000000|3.000000
1.214453222e+06|2.243276937e+09|2.338860268e+09|2.532329893e+09|3.000000|3.000000|3.000000
1.216039177e+06|2.236939808e+09|2.332548129e+09|2.524404563e+09|3.000000|3.000000|3.000000
1.217580333e+06|2.230776020e+09|2.326406952e+09|2.516706804e+09|3.000000|3.000000|3.000000
1.218993922e+06|2.225117573e+09|2.320767802e+09|2.509649445e+09|3.000000|3.000000|3.000000
1.220451774e+06|2.219277143e+09|2.314945831e+09|2.502374378e+09|3.000000|3.000000|3.000000
1.222111605e+06|2.212621672e+09|2.308309603e+09|2.494095456e+09|3.000000|3.000000|3.000000
1.223492150e+06|2.207081361e+09|2.302783864e+09|2.487212901e+09|3.000000|3.000000|3.000000
1.224929542e+06|2.201308434e+09|2.297024731e+09|2.480050193e+09|3.000000|3.000000|3.000000
1.226403214e+06|2.195385103e+09|2.291114090e+09|2.472710164e+09|3.000000|3.000000|3.000000
1.227972705e+06|2.189071481e+09|2.284812371e+09|2.464896786e+09|3.000000|3.000000|3.000000
1.229647647e+06|2.182327870e+09|2.278079637e+09|2.456562916e+09|3.000000|3.000000|3.000000
1.231383234e+06|2.175333876e+09|2.271094934e+09|2.447932219e+09|3.000000|3.000000|3.000000
1.233129886e+06|2.168289001e+09|2.264057387e+09|2.439251603e+09|3.000000|3.000000|3.000000
1.234783894e+06|2.161612068e+09|2.257385528e+09|2.431036184e+09|3.000000|3.000000|3.000000
1.236603263e+06|2.154261261e+09|2.250038219e+09|2.422004820e+09|3.000000|3.000000|3.000000
1.238099550e+06|2.148210908e+09|2.243989115e+09|2.414581524e+09|3.000000|3.000000|3.000000
1.239935462e+06|2.140781306e+09|2.236559047e+09|2.405478624e+09|3.000000|3.000000|3.000000
1.241644237e+06|2.133860407e+09|2.229635745e+09|2.397011420e+09|3.000000|3.000000|3.000000
1.243159862e+06|2.127717207e+09|2.223488832e+09|2.389505634e+09|3.000000|3.000000|3.000000
1.244819726e+06|2.120984481e+09|2.216750343e+09|2.381290244e+09|3.000000|3.000000|3.000000
1.246527818e+06|2.114050886e+09|2.209808971e+09|2.372841337e+09|3.000000|3.000000|3.000000
1.248107193e+06|2.107635123e+09|2.203384362e+09|2.365033831e+09|3.000000|3.000000|3.000000
1.249846190e+06|2.100565850e+09|2.196303513e+09|2.356442535e+09|3.000000|3.000000|3.000000
1.251367073e+06|2.094378936e+09|2.190104909e+09|2.348933384e+09|3.000000|3.000000|3.000000
1.252924873e+06|2.088037749e+09|2.183750237e+09|2.341246422e+09|3.000000|3.000000|3.000000
1.254603766e+06|2.081199074e+09|2.176895326e+09|2.332967021e+09|3.000000|3.000000|3.000000
1.256167452e+06|2.074825484e+09|2.170505034e+09|2.325260548e+09|3.000000|3.000000|3.000000
1.257634985e+06|2.068840203e+09|2.164502694e+09|2.318032190e+09|3.000000|3.000000|3.000000
1.259100446e+06|2.062859936e+09|2.158504064e+09|2.310818156e+09|3.000000|3.000000|3.000000
1.260468899e+06|2.057272491e+09|2.152898278e+09|2.304085405e+09|3.000000|3.000000|3.000000
1.261886985e+06|2.051479334e+09|2.147084901e+09|2.297112299e+09|3.000000|3.000000|3.000000
1.263334541e+06|2.045562631e+09|2.141146291e+09|2.289998339e+09|3.000000|3.000000|3.000000
1.264798916e+06|2.039573980e+09|2.135134182e+09|2.282805907e+09|3.000000|3.000000|3.000000
1.266253356e+06|2.033622837e+09|2.129158453e+09|2.275666481e+09|3.000000|3.000000|3.000000
1.267811775e+06|2.027242843e+09|2.122750700e+09|2.268021328e+09|3.000000|3.000000|3.000000
1.269358736e+06|2.020906339e+09|2.116385198e+09|2.260437198e+09|3.000000|3.000000|3.000000
1.270884456e+06|2.014653576e+09|2.110102432e+09|2.252961941e+09|3.000000|3.000000|3.000000
1.272428424e+06|2.008322789e+09|2.103739874e+09|2.245402099e+09|3.000000|3.000000|3.000000
1.273915900e+06|2.002220606e+09|2.097605747e+09|2.238123467e+09|3.000000|3.000000|3.000000
1.275361859e+06|1.996285956e+09|2.091638792e+09|2.231052362e+09|3.000000|3.000000|3.000000
1.277179153e+06|1.988823409e+09|2.084133902e+09|2.222171475e+09|3.000000|3.000000|3.000000
1.278938999e+06|1.981592795e+09|2.076860444e+09|2.213577893e+09|3.000000|3.000000|3.000000
1.280428180e+06|1.975471275e+09|2.070701264e+09|2.206311094e+09|3.000000|3.000000|3.000000
1.282041871e+06|1.968834917e+09|2.064022647e+09|2.198442010e+09|3.000000|3.000000|3.000000
1.283688944e+06|1.962058112e+09|2.057201163e+09|2.190415856e+09|3.000000|3.000000|3.000000
1.285323154e+06|1.955331146e+09|2.050428328e+09|2.182458124e+09|3.000000|3.000000|3.000000
1.286944662e+06|1.948653501e+09|2.043703666e+09|2.174567933e+09|3.000000|3.000000|3.000000
1.288353057e+06|1.942851152e+09|2.037859269e+09|2.167719370e+09|3.000000|3.000000|3.000000
1.289772019e+06|1.937003116e+09|2.031967734e+09|2.160823795e+09|3.000000|3.000000|3.000000
1.291384816e+06|1.930353659e+09|2.025267461e+09|2.152991627e+09|3.000000|3.000000|3.000000
1.292879781e+06|1.924187639e+09|2.019053035e+09|2.145736803e+09|3.000000|3.000000|3.000000
1.294337214e+06|1.918174271e+09|2.012991278e+09|2.138668884e+09|3.000000|3.000000|3.000000
1.295885243e+06|1.911784845e+09|2.006549163e+09|2.131166808e+09|3.000000|3.000000|3.000000
1.297459990e+06|1.905282817e+09|1.999992177e+09|2.123540770e+09|3.000000|3.000000|3.000000
1.299059438e+06|1.898676454e+09|1.993328600e+09|2.115800833e+09|3.000000|3.000000|3.000000
1.300523642e+06|1.892626693e+09|1.987225235e+09|2.108720448e+09|3.000000|3.000000|3.000000
1.301818256e+06|1.887276087e+09|1.981826260e+09|2.102464220e+09|3.000000|3.000000|3.000000
1.303265644e+06|1.881292379e+09|1.975787399e+09|2.095474253e+09|3.000000|3.000000|3.000000
1.304693628e+06|1.875387193e+09|1.969826690e+09|2.088582724e+09|3.000000|3.000000|3.000000
1.306154339e+06|1.869344979e+09|1.963726546e+09|2.081538141e+09|3.000000|3.000000|3.000000
1.307715822e+06|1.862884082e+09|1.957202458e+09|2.074013052e+09|3.000000|3.000000|3.000000
1.309168414e+06|1.856872084e+09|1.951130510e+09|2.067017848e+09|3.000000|3.000000|3.000000
1.310757985e+06|1.850291391e+09|1.944482933e+09|2.059368684e+09|3.000000|3.000000|3.000000
1.312216083e+06|1.844253421e+09|1.938382437e+09|2.052357437e+09|3.000000|3.000000|3.000000
1.313753729e+06|1.837884467e+09|1.931946335e+09|2.044969146e+09|3.000000|3.000000|3.000000
1.315240013e+06|1.831726780e+09|1.925722570e+09|2.037833017e+09|3.000000|3.000000|3.000000
1.316618711e+06|1.826013572e+09|1.919947038e+09|2.031218183e+09|3.000000|3.000000|3.000000
1.317991724e+06|1.820322763e+09|1.914193183e+09|2.024635173e+09|3.000000|3.000000|3.000000
1.319374040e+06|1.814592272e+09|1.908398237e+09|2.018012171e+09|3.000000|3.000000|3.000000
1.320714583e+06|1.809033915e+09|1.902776435e+09|2.011593748e+09|3.000000|3.000000|3.000000
1.322628882e+06|1.801094876e+09|1.894745203e+09|2.002435841e+09|3.000000|3.000000|3.000000
1.324491038e+06|1.793370267e+09|1.886929126e+09|1.993536022e+09|3.000000|3.000000|3.000000
1.326019340e+06|1.787029284e+09|1.880511764e+09|1.986238193e+09|3.000000|3.000000|3.000000
1.327539837e+06|1.780719614e+09|1.874124939e+09|1.978983396e+09|3.000000|3.000000|3.000000
1.328974844e+06|1.774763769e+09|1.868095216e+09|1.972141787e+09|3.000000|3.000000|3.000000
1.330393107e+06|1.768876574e+09|1.862133997e+09|1.965385079e+09|3.000000|3.000000|3.000000
1.331710642e+06|1.763406787e+09|1.856594549e+09|1.959112783e+09|3.000000|3.000000|3.000000
1.333207781e+06|1.757190579e+09|1.850298145e+09|1.951990784e+09|3.000000|3.000000|3.000000
1.334906912e+06|1.750134739e+09|1.843149955e+09|1.943914792e+09|3.000000|3.000000|3.000000
1.336428197e+06|1.743816624e+09|1.836747959e+09|1.936690352e+09|3.000000|3.000000|3.000000
1.337994359e+06|1.737311399e+09|1.830155204e+09|1.929258993e+09|3.000000|3.000000|3.000000
1.339466754e+06|1.731195019e+09|1.823955451e+09|1.922278309e+09|3.000000|3.000000|3.000000
1.340946775e+06|1.725046405e+09|1.817721982e+09|1.915267124e+09|3.000000|3.000000|3.000000
1.342354377e+06|1.719198179e+09|1.811792079e+09|1.908604285e+09|3.000000|3.000000|3.000000
1.343852432e+06|1.712973679e+09|1.805479617e+09|1.901518961e+09|3.000000|3.000000|3.000000
1.345287942e+06|1.707008660e+09|1.799429307e+09|1.894734968e+09|3.000000|3.000000|3.000000
1.346560743e+06|1.701719463e+09|1.794063675e+09|1.888724447e+09|3.000000|3.000000|3.000000
1.347864661e+06|1.696300711e+09|1.788565828e+09|1.882571417e+09|3.000000|3.000000|3.000000
1.349277308e+06|1.690429860e+09|1.782608389e+09|1.875910386e+09|3.000000|3.000000|3.000000
1.350646206e+06|1.684740624e+09|1.776834360e+09|1.869460708e+09|3.000000|3.000000|3.000000
1.352194858e+06|1.678304127e+09|1.770300887e+09|1.862170136e+09|3.000000|3.000000|3.000000
1.353728372e+06|1.671930395e+09|1.763830038e+09|1.854957162e+09|3.000000|3.000000|3.000000
1.355113259e+06|1.666174319e+09|1.757985330e+09|1.848448705e+09|3.000000|3.000000|3.000000
1.356508808e+06|1.660373886e+09|1.752094696e+09|1.841895378e+09|3.000000|3.000000|3.000000
1.357811016e+06|1.654961421e+09|1.746597264e+09|1.835785138e+09|3.000000|3.000000|3.000000
1.359122965e+06|1.649508498e+09|1.741057964e+09|1.829633852e+09|3.000000|3.000000|3.000000
1.360697977e+06|1.642962289e+09|1.734407032e+09|1.822255365e+09|3.000000|3.000000|3.000000
1.362215221e+06|1.636656329e+09|1.727999140e+09|1.815153939e+09|3.000000|3.000000|3.000000
1.363895395e+06|1.629673432e+09|1.720902167e+09|1.807297319e+09|3.000000|3.000000|3.000000
1.365452865e+06|1.623200771e+09|1.714322644e+09|1.800021438e+09|3.000000|3.000000|3.000000
1.367046026e+06|1.616580122e+09|1.707591578e+09|1.792585797e+09|3.000000|3.000000|3.000000
1.368395852e+06|1.610970995e+09|1.701888028e+09|1.786291387e+09|3.000000|3.000000|3.000000
1.369815037e+06|1.605074001e+09|1.695890902e+09|1.779679046e+09|3.000000|3.000000|3.000000
1.371296294e+06|1.598919506e+09|1.689630962e+09|1.772783525e+09|3.000000|3.000000|3.000000
1.372734898e+06|1.592942686e+09|1.683550827e+09|1.766092478e+09|3.000000|3.000000|3.000000
1.374211396e+06|1.586808945e+09|1.677310125e+09|1.759231270e+09|3.000000|3.000000|3.000000
1.375622682e+06|1.580946641e+09|1.671344712e+09|1.752678881e+09|3.000000|3.000000|3.000000
1.377058684e+06|1.574982238e+09|1.665274525e+09|1.746017558e+09|3.000000|3.000000|3.000000
1.378547651e+06|1.568798505e+09|1.658980186e+09|1.739116768e+09|3.000000|3.000000|3.000000
1.379901594e+06|1.563176147e+09|1.653256441e+09|1.732847280e+09|3.000000|3.000000|3.000000
1.381553821e+06|1.556315995e+09|1.646271527e+09|1.725203728e+09|3.000000|3.000000|3.000000
1.382994344e+06|1.550335658e+09|1.640181484e+09|1.718545993e+09|3.000000|3.000000|3.000000
1.384421991e+06|1.544409563e+09|1.634145817e+09|1.711953702e+09|3.000000|3.000000|3.000000
1.385994696e+06|1.537882295e+09|1.627496871e+09|1.704698455e+09|3.000000|3.000000|3.000000
1.387485548e+06|1.531695722e+09|1.621194018e+09|1.697827482e+09|3.000000|3.000000|3.000000
1.388838719e+06|1.526081342e+09|1.615473311e+09|1.691596682e+09|3.000000|3.000000|3.000000
1.390083321e+06|1.520918174e+09|1.610211692e+09|1.685870547e+09|3.000000|3.000000|3.000000
1.391423707e+06|1.515358491e+09|1.604545282e+09|1.679708837e+09|3.000000|3.000000|3.000000
1.392734706e+06|1.509921577e+09|1.599003282e+09|1.673687358e+09|3.000000|3.000000|3.000000
1.394145885e+06|1.504070198e+09|1.593038019e+09|1.667211437e+09|3.000000|3.000000|3.000000
1.395674098e+06|1.497734765e+09|1.586578364e+09|1.660205130e+09|3.000000|3.000000|3.000000
1.396897724e+06|1.492662981e+09|1.581406451e+09|1.654600263e+09|3.000000|3.000000|3.000000
1.398241692e+06|1.487093395e+09|1.575726210e+09|1.648449330e+09|3.000000|3.000000|3.000000
1.399661619e+06|1.481210201e+09|1.569725338e+09|1.641956650e+09|3.000000|3.000000|3.000000
1.401188544e+06|1.474885065e+09|1.563272778e+09|1.634981483e+09|3.000000|3.000000|3.000000
1.402669781e+06|1.468750610e+09|1.557013851e+09|1.628221758e+09|3.000000|3.000000|3.000000
1.404098150e+06|1.462836468e+09|1.550978877e+09|1.621709592e+09|3.000000|3.000000|3.000000
1.405540956e+06|1.456863955e+09|1.544883519e+09|1.615137904e+09|3.000000|3.000000|3.000000
1.406897670e+06|1.451249144e+09|1.539152468e+09|1.608964138e+09|3.000000|3.000000|3.000000
1.408178864e+06|1.445948084e+09|1.533740998e+09|1.603139195e+09|3.000000|3.000000|3.000000
1.409458034e+06|1.440656595e+09|1.528338656e+09|1.597328473e+09|3.000000|3.000000|3.000000
1.410902244e+06|1.434683872e+09|1.522240038e+09|1.590774094e+09|3.000000|3.000000|3.000000
1.412368127e+06|1.428623152e+09|1.516050739e+09|1.584127927e+09|3.000000|3.000000|3.000000
1.413814523e+06|1.422644665e+09|1.509944600e+09|1.577576629e+09|3.000000|3.000000|3.000000
1.415281330e+06|1.416583542e+09|1.503753235e+09|1.570939513e+09|3.000000|3.000000|3.000000
1.416551490e+06|1.411336435e+09|1.498392708e+09|1.565197604e+09|3.000000|3.000000|3.000000
1.418115301e+06|1.404878112e+09|1.491793934e+09|1.558135124e+09|3.000000|3.000000|3.000000
1.419725464e+06|1.398230573e+09|1.485000854e+09|1.550871307e+09|3.000000|3.000000|3.000000
1.421191517e+06|1.392179988e+09|1.478816940e+09|1.544264683e+09|3.000000|3.000000|3.000000
1.422446649e+06|1.387001446e+09|1.473523639e+09|1.538613930e+09|3.000000|3.000000|3.000000
1.423802262e+06|1.381409964e+09|1.467807578e+09|1.532516387e+09|3.000000|3.000000|3.000000
1.425416673e+06|1.374753276e+09|1.461001678e+09|1.525262360e+09|3.000000|3.000000|3.000000
1.426956193e+06|1.368407719e+09|1.454512975e+09|1.518352550e+09|3.000000|3.000000|3.000000
1.428486757e+06|1.362101380e+09|1.448063498e+09|1.511490418e+09|3.000000|3.000000|3.000000
1.429956470e+06|1.356047968e+09|1.441871871e+09|1.504908145e+09|3.000000|3.000000|3.000000
1.431284299e+06|1.350580840e+09|1.436279227e+09|1.498967266e+09|3.000000|3.000000|3.000000
1.432569411e+06|1.345291330e+09|1.430867661e+09|1.493222897e+09|3.000000|3.000000|3.000000
1.434140957e+06|1.338825231e+09|1.424251533e+09|1.486205417e+09|3.000000|3.000000|3.000000
1.435519149e+06|1.333156865e+09|1.418450904e+09|1.480057889e+09|3.000000|3.000000|3.000000
1.436785433e+06|1.327950593e+09|1.413122541e+09|1.474414955e+09|3.000000|3.000000|3.000000
1.438062469e+06|1.322701912e+09|1.407750185e+09|1.468729374e+09|3.000000|3.000000|3.000000
1.439460670e+06|1.316957342e+09|1.401869581e+09|1.462510433e+09|3.000000|3.000000|3.000000
1.440949084e+06|1.310844577e+09|1.395611288e+09|1.455897240e+09|3.000000|3.000000|3.000000
1.442174300e+06|1.305814669e+09|1.390461035e+09|1.450458902e+09|3.000000|3.000000|3.000000
1.443428648e+06|1.300666995e+09|1.385189642e+09|1.444896355e+09|3.000000|3.000000|3.000000
1.444737177e+06|1.295298966e+09|1.379692001e+09|1.439099040e+09|3.000000|3.000000|3.000000
1.446048167e+06|1.289922917e+09|1.374185537e+09|1.433296477e+09|3.000000|3.000000|3.000000
1.447385873e+06|1.284439480e+09|1.368568453e+09|1.427381510e+09|3.000000|3.000000|3.000000
1.448689720e+06|1.279096976e+09|1.363095129e+09|1.421621957e+09|3.000000|3.000000|3.000000
1.449966996e+06|1.273865417e+09|1.357734889e+09|1.415985240e+09|3.000000|3.000000|3.000000
1.451243864e+06|1.268637608e+09|1.352377919e+09|1.410355743e+09|3.000000|3.000000|3.000000
1.452650909e+06|1.262879258e+09|1.346476641e+09|1.404158606e+09|3.000000|3.000000|3.000000
1.454075383e+06|1.257052214e+09|1.340504264e+09|1.397891438e+09|3.000000|3.000000|3.000000
1.455565695e+06|1.250958727e+09|1.334258047e+09|1.391341876e+09|3.000000|3.000000|3.000000
1.456775844e+06|1.246012943e+09|1.329187735e+09|1.386029044e+09|3.000000|3.000000|3.000000
1.458035099e+06|1.240868579e+09|1.323913308e+09|1.380505854e+09|3.000000|3.000000|3.000000
1.459483651e+06|1.234953583e+09|1.317848094e+09|1.374158999e+09|3.000000|3.000000|3.000000
1.460989487e+06|1.228807771e+09|1.311545443e+09|1.367568670e+09|3.000000|3.000000|3.000000
1.462531947e+06|1.222515795e+09|1.305092100e+09|1.360826015e+09|3.000000|3.000000|3.000000
1.463947241e+06|1.216745537e+09|1.299173146e+09|1.354646350e+09|3.000000|3.000000|3.000000
1.465491708e+06|1.210451939e+09|1.292716594e+09|1.347910454e+09|3.000000|3.000000|3.000000
1.466902697e+06|1.204705302e+09|1.286820466e+09|1.341763808e+09|3.000000|3.000000|3.000000
1.468219235e+06|1.199346002e+09|1.281321149e+09|1.336034756e+09|3.000000|3.000000|3.000000
1.469594992e+06|1.193748403e+09|1.275576691e+09|1.330054349e+09|3.000000|3.000000|3.000000
1.471009112e+06|1.187997705e+09|1.269674461e+09|1.323913960e+09|3.000000|3.000000|3.000000
1.472435866e+06|1.182198723e+09|1.263722004e+09|1.317725681e+09|3.000000|3.000000|3.000000
1.473762493e+06|1.176809530e+09|1.258189579e+09|1.311977989e+09|3.000000|3.000000|3.000000
1.475050190e+06|1.171581111e+09|1.252821648e+09|1.306404781e+09|3.000000|3.000000|3.000000
1.476489422e+06|1.165740514e+09|1.246824562e+09|1.300182525e+09|3.000000|3.000000|3.000000
1.477993690e+06|1.159639524e+09|1.240559383e+09|1.293686786e+09|3.000000|3.000000|3.000000
1.479231187e+06|1.154623228e+09|1.235407538e+09|1.288348918e+09|3.000000|3.000000|3.000000
1.480509353e+06|1.149444695e+09|1.230088551e+09|1.282841237e+09|3.000000|3.000000|3.000000
1.481618712e+06|1.144952264e+09|1.225473847e+09|1.278065581e+09|3.000000|3.000000|3.000000
1.482880606e+06|1.139844603e+09|1.220226687e+09|1.272638515e+09|3.000000|3.000000|3.000000
1.484264661e+06|1.134245543e+09|1.214474119e+09|1.266692493e+09|3.000000|3.000000|3.000000
1.485876286e+06|1.127729938e+09|1.207779106e+09|1.259777293e+09|3.000000|3.000000|3.000000
1.487193078e+06|1.122409589e+09|1.202311648e+09|1.254133960e+09|3.000000|3.000000|3.000000
1.488536189e+06|1.116985970e+09|1.196737497e+09|1.248384137e+09|3.000000|3.000000|3.000000
1.489765365e+06|1.112025176e+09|1.191638517e+09|1.243127661e+09|3.000000|3.000000|3.000000
1.490986057e+06|1.107101233e+09|1.186576942e+09|1.237912760e+09|3.000000|3.000000|3.000000
1.492111185e+06|1.102565097e+09|1.181913601e+09|1.233110805e+09|3.000000|3.000000|3.000000
1.493391363e+06|1.097406585e+09|1.176609948e+09|1.227652583e+09|3.000000|3.000000|3.000000
1.494779214e+06|1.091817513e+09|1.170863042e+09|1.221741874e+09|3.000000|3.000000|3.000000
1.496118702e+06|1.086426506e+09|1.165319228e+09|1.216043661e+09|3.000000|3.000000|3.000000
1.497734530e+06|1.079927669e+09|1.158635441e+09|1.209178433e+09|3.000000|3.000000|3.000000
1.499028501e+06|1.074726793e+09|1.153285973e+09|1.203687435e+09|3.000000|3.000000|3.000000
1.500300252e+06|1.069618249e+09|1.148030973e+09|1.198296588e+09|3.000000|3.000000|3.000000
1.501698944e+06|1.064003283e+09|1.142254460e+09|1.192374372e+09|3.000000|3.000000|3.000000
1.502897998e+06|1.059192681e+09|1.137304978e+09|1.187303057e+09|3.000000|3.000000|3.000000
1.504202029e+06|1.053964008e+09|1.131924857e+09|1.181793643e+09|3.000000|3.000000|3.000000
1.505358363e+06|1.049330263e+09|1.127156466e+09|1.176913385e+09|3.000000|3.000000|3.000000
1.506772891e+06|1.043665364e+09|1.121326406e+09|1.170950018e+09|3.000000|3.000000|3.000000
1.507978813e+06|1.038838949e+09|1.116358800e+09|1.165871824e+09|3.000000|3.000000|3.000000
1.509511204e+06|1.032710021e+09|1.110049948e+09|1.159426488e+09|3.000000|3.000000|3.000000
1.511073081e+06|1.026467923e+09|1.103623879e+09|1.152865942e+09|3.000000|3.000000|3.000000
1.512436557e+06|1.021022703e+09|1.098017580e+09|1.147146047e+09|3.000000|3.000000|3.000000
1.513714680e+06|1.015921725e+09|1.092765204e+09|1.141790388e+09|3.000000|3.000000|3.000000
1.514920510e+06|1.011112287e+09|1.087812578e+09|1.136743145e+09|3.000000|3.000000|3.000000
1.516401072e+06|1.005211123e+09|1.081735135e+09|1.130553261e+09|3.000000|3.000000|3.000000
1.517784827e+06|9.996998535e+08|1.076058651e+09|1.124775389e+09|3.000000|3.000000|3.000000
1.519129074e+06|9.943497176e+08|1.070547593e+09|1.119169244e+09|3.000000|3.000000|3.000000
1.520489620e+06|9.889385252e+08|1.064973105e+09|1.113501914e+09|3.000000|3.000000|3.000000
1.521935098e+06|9.831937767e+08|1.059054404e+09|1.107488304e+09|3.000000|3.000000|3.000000
1.523432368e+06|9.772478261e+08|1.052927771e+09|1.101267386e+09|3.000000|3.000000|3.000000
1.524721897e+06|9.721306605e+08|1.047654587e+09|1.095916266e+09|3.000000|3.000000|3.000000
1.525849514e+06|9.676589113e+08|1.043046106e+09|1.091242099e+09|3.000000|3.000000|3.000000
1.527035407e+06|9.629589985e+08|1.038202090e+09|1.086331472e+09|3.000000|3.000000|3.000000
1.528373188e+06|9.576607736e+08|1.032740935e+09|1.080798197e+09|3.000000|3.000000|3.000000
1.529807907e+06|9.519829445e+08|1.026887934e+09|1.074871396e+09|3.000000|3.000000|3.000000
1.531140135e+06|9.467147536e+08|1.021456685e+09|1.069374887e+09|3.000000|3.000000|3.000000
1.532439749e+06|9.415792925e+08|1.016161790e+09|1.064019344e+09|3.000000|3.000000|3.000000
1.533599818e+06|9.369984073e+08|1.011438285e+09|1.059244206e+09|3.000000|3.000000|3.000000
1.535087766e+06|9.311271784e+08|1.005383709e+09|1.053126841e+09|3.000000|3.000000|3.000000
1.536305417e+06|9.263261968e+08|1.000432339e+09|1.048126950e+09|3.000000|3.000000|3.000000
1.537415661e+06|9.219516133e+08|9.959203624e+08|1.043572964e+09|3.000000|3.000000|3.000000
1.538667174e+06|9.170237526e+08|9.908373199e+08|1.038445108e+09|3.000000|3.000000|3.000000
1.539977375e+06|9.118686315e+08|9.855193938e+08|1.033083138e+09|3.000000|3.000000|3.000000
1.541400066e+06|9.062753610e+08|9.797489422e+08|1.027268169e+09|3.000000|3.000000|3.000000
1.542658930e+06|9.013300665e+08|9.746465267e+08|1.022129219e+09|3.000000|3.000000|3.000000
1.543922070e+06|8.963716661e+08|9.695301505e+08|1.016978866e+09|3.000000|3.000000|3.000000
1.545318365e+06|8.908949074e+08|9.638783916e+08|1.011292659e+09|3.000000|3.000000|3.000000
1.546646593e+06|8.856893732e+08|9.585060288e+08|1.005890541e+09|3.000000|3.000000|3.000000
1.547935251e+06|8.806429041e+08|9.532973694e+08|1.000655805e+09|3.000000|3.000000|3.000000
1.549057956e+06|8.762495239e+08|9.487624208e+08|9.961003698e+08|3.000000|3.000000|3.000000
1.550303963e+06|8.713771597e+08|9.437326541e+08|9.910502863e+08|3.000000|3.000000|3.000000
1.551591300e+06|8.663470865e+08|9.385396433e+08|9.858389452e+08|3.000000|3.000000|3.000000
1.552843447e+06|8.614583454e+08|9.334921146e+08|9.807761681e+08|3.000000|3.000000|3.000000
1.553921301e+06|8.572531320e+08|9.291499777e+08|9.764229332e+08|3.000000|3.000000|3.000000
1.555258260e+06|8.520409591e+08|9.237676622e+08|9.710294458e+08|3.000000|3.000000|3.000000
1.556700683e+06|8.464225364e+08|9.179653010e+08|9.652182351e+08|3.000000|3.000000|3.000000
1.558101363e+06|8.409716024e+08|9.123353824e+08|9.595828868e+08|3.000000|3.000000|3.000000
1.559543458e+06|8.353645721e+08|9.065436989e+08|9.537888506e+08|3.000000|3.000000|3.000000
1.561024889e+06|8.296099846e+08|9.005990274e+08|9.478451615e+08|3.000000|3.000000|3.000000
1.562443912e+06|8.241029711e+08|8.949095663e+08|9.421598523e+08|3.000000|3.000000|3.000000
1.563755444e+06|8.190176184e+08|8.896552663e+08|9.369121668e+08|3.000000|3.000000|3.000000
1.565183555e+06|8.134851879e+08|8.839385246e+08|9.312056436e+08|3.000000|3.000000|3.000000
1.566586024e+06|8.080571403e+08|8.783291264e+08|9.256093229e+08|3.000000|3.000000|3.000000
1.567848170e+06|8.031764912e+08|8.732849791e+08|9.205795067e+08|3.000000|3.000000|3.000000
1.569060023e+06|7.984941703e+08|8.684454158e+08|9.157559752e+08|3.000000|3.000000|3.000000
1.570330601e+06|7.935890206e+08|8.633751342e+08|9.107048789e+08|3.000000|3.000000|3.000000
1.571483640e+06|7.891412622e+08|8.587772827e+08|9.061265327e+08|3.000000|3.000000|3.000000
1.572623071e+06|7.847493905e+08|8.542368690e+08|9.016073421e+08|3.000000|3.000000|3.000000
1.573914012e+06|7.797776351e+08|8.490965577e+08|8.964934036e+08|3.000000|3.000000|3.000000
1.575061552e+06|7.753618282e+08|8.445306864e+08|8.919530406e+08|3.000000|3.000000|3.000000
1.576269308e+06|7.707180597e+08|8.397287453e+08|8.871800343e+08|3.000000|3.000000|3.000000
1.577481770e+06|7.660600824e+08|8.349117395e+08|8.823942190e+08|3.000000|3.000000|3.000000
1.578750632e+06|7.611896138e+08|8.298745901e+08|8.773919977e+08|3.000000|3.000000|3.000000
1.580100647e+06|7.560123713e+08|8.245197228e+08|8.720768455e+08|3.000000|3.000000|3.000000
1.581394971e+06|7.510532895e+08|8.193900715e+08|8.669877285e+08|3.000000|3.000000|3.000000
1.582708663e+06|7.460246228e+08|8.141880133e+08|8.618292564e+08|3.000000|3.000000|3.000000
1.584218287e+06|7.402517247e+08|8.082155305e+08|8.559098840e+08|3.000000|3.000000|3.000000
1.585412709e+06|7.356885715e+08|8.034942153e+08|8.512328674e+08|3.000000|3.000000|3.000000
1.586587210e+06|7.312053297e+08|7.988552365e+08|8.466393988e+08|3.000000|3.000000|3.000000
1.587825833e+06|7.264814247e+08|7.939668650e+08|8.418011061e+08|3.000000|3.000000|3.000000
1.589115546e+06|7.215671613e+08|7.888811060e+08|8.367697522e+08|3.000000|3.000000|3.000000
1.590445889e+06|7.165029073e+08|7.836396940e+08|8.315868617e+08|3.000000|3.000000|3.000000
1.591809592e+06|7.113167662e+08|7.782716813e+08|8.262813548e+08|3.000000|3.000000|3.000000
1.593075217e+06|7.065082622e+08|7.732941428e+08|8.213640926e+08|3.000000|3.000000|3.000000
1.594469596e+06|7.012157763e+08|7.678151577e+08|8.159540258e+08|3.000000|3.000000|3.000000
1.595901052e+06|6.957882558e+08|7.621958892e+08|8.104082282e+08|3.000000|3.000000|3.000000
1.597100472e+06|6.912449883e+08|7.574917319e+08|8.057677412e+08|3.000000|3.000000|3.000000
1.598187853e+06|6.871296398e+08|7.532303478e+08|8.015657320e+08|3.000000|3.000000|3.000000
1.599535067e+06|6.820355905e+08|7.479551391e+08|7.963662529e+08|3.000000|3.000000|3.000000
1.601047243e+06|6.763239792e+08|7.420398880e+08|7.905388433e+08|3.000000|3.000000|3.000000
1.602174035e+06|6.720722631e+08|7.376362277e+08|7.862025780e+08|3.000000|3.000000|3.000000
1.603520627e+06|6.669959842e+08|7.323781407e+08|7.810271920e+08|3.000000|3.000000|3.000000
1.604812486e+06|6.621309686e+08|7.273384788e+08|7.760690666e+08|3.000000|3.000000|3.000000
1.606133526e+06|6.571610777e+08|7.221897686e+08|7.710059454e+08|3.000000|3.000000|3.000000
1.607356954e+06|6.525629536e+08|7.174258343e+08|7.663232576e+08|3.000000|3.000000|3.000000
1.608467017e+06|6.483946962e+08|7.131069633e+08|7.620797439e+08|3.000000|3.000000|3.000000
1.609942367e+06|6.428604005e+08|7.073722470e+08|7.564475819e+08|3.000000|3.000000|3.000000
1.611291389e+06|6.378056070e+08|7.021339524e+08|7.513054416e+08|3.000000|3.000000|3.000000
1.612496498e+06|6.332946191e+08|6.974588462e+08|7.467181432e+08|3.000000|3.000000|3.000000
1.614050910e+06|6.274824890e+08|6.914347617e+08|7.408099634e+08|3.000000|3.000000|3.000000
1.615286872e+06|6.228662297e+08|6.866497591e+08|7.361192337e+08|3.000000|3.000000|3.000000
1.616554932e+06|6.181348468e+08|6.817450584e+08|7.313131868e+08|3.000000|3.000000|3.000000
1.617641880e+06|6.140830783e+08|6.775445726e+08|7.271988135e+08|3.000000|3.000000|3.000000
1.618914395e+06|6.093441123e+08|6.726313217e+08|7.223881824e+08|3.000000|3.000000|3.000000
1.620288559e+06|6.042321036e+08|6.673308927e+08|7.172007444e+08|3.000000|3.000000|3.000000
1.621480528e+06|5.998025220e+08|6.627376949e+08|7.127073734e+08|3.000000|3.000000|3.000000
1.622671485e+06|5.953810276e+08|6.581525601e+08|7.082236558e+08|3.000000|3.000000|3.000000
1.624049386e+06|5.902709136e+08|6.528529184e+08|7.030434266e+08|3.000000|3.000000|3.000000
1.625284560e+06|5.856950748e+08|6.481070024e+08|6.984064348e+08|3.000000|3.000000|3.000000
1.626374484e+06|5.816612349e+08|6.439229450e+08|6.943199603e+08|3.000000|3.000000|3.000000
1.627465738e+06|5.776261522e+08|6.397373306e+08|6.902334183e+08|3.000000|3.000000|3.000000
1.628581988e+06|5.735024580e+08|6.354595227e+08|6.860583629e+08|3.000000|3.000000|3.000000
1.629721355e+06|5.692973633e+08|6.310969845e+08|6.818021680e+08|3.000000|3.000000|3.000000
1.630798466e+06|5.653257591e+08|6.269764125e+08|6.777834798e+08|3.000000|3.000000|3.000000
1.631950424e+06|5.610821863e+08|6.225733849e+08|6.734908608e+08|3.000000|3.000000|3.000000
1.633207058e+06|5.564577593e+08|6.177748565e+08|6.688144663e+08|3.000000|3.000000|3.000000
1.634503784e+06|5.516910012e+08|6.128282718e+08|6.639957523e+08|3.000000|3.000000|3.000000
1.635890583e+06|5.465990135e+08|6.075437776e+08|6.588500647e+08|3.000000|3.000000|3.000000
1.637162297e+06|5.419349426e+08|6.027030058e+08|6.541384336e+08|3.000000|3.000000|3.000000
1.638297622e+06|5.377754246e+08|5.983856025e+08|6.499378086e+08|3.000000|3.000000|3.000000
1.639549329e+06|5.331942816e+08|5.936302433e+08|6.453128150e+08|3.000000|3.000000|3.000000
1.640728126e+06|5.288845619e+08|5.891563168e+08|6.409632004e+08|3.000000|3.000000|3.000000
1.641780836e+06|5.250395873e+08|5.851645872e+08|6.370837408e+08|3.000000|3.000000|3.000000
1.643126027e+06|5.201315274e+08|5.800688466e+08|6.321331749e+08|3.000000|3.000000|3.000000
1.644508277e+06|5.150943376e+08|5.748386302e+08|6.270541200e+08|3.000000|3.000000|3.000000
1.645841336e+06|5.102422646e+08|5.698002340e+08|6.221634000e+08|3.000000|3.000000|3.000000
1.647119243e+06|5.055963500e+08|5.649755539e+08|6.174820200e+08|3.000000|3.000000|3.000000
1.648324809e+06|5.012183137e+08|5.604287385e+08|6.130719370e+08|3.000000|3.000000|3.000000
1.649405448e+06|4.972979882e+08|5.563570151e+08|6.091240434e+08|3.000000|3.000000|3.000000
1.650481993e+06|4.933963180e+08|5.523044196e+08|6.051959916e+08|3.000000|3.000000|3.000000
1.651642648e+06|4.891940741e+08|5.479393474e+08|6.009665082e+08|3.000000|3.000000|3.000000
1.652879539e+06|4.847206917e+08|5.432923158e+08|5.964654632e+08|3.000000|3.000000|3.000000
1.654233320e+06|4.798303547e+08|5.382117730e+08|5.915464550e+08|3.000000|3.000000|3.000000
1.655679014e+06|4.746146997e+08|5.327928322e+08|5.863020223e+08|3.000000|3.000000|3.000000
1.657052778e+06|4.696649805e+08|5.276497851e+08|5.813267059e+08|3.000000|3.000000|3.000000
1.658234473e+06|4.654123306e+08|5.232307170e+08|5.770533917e+08|3.000000|3.000000|3.000000
1.659426538e+06|4.611270856e+08|5.187774824e+08|5.727485618e+08|3.000000|3.000000|3.000000
1.660729413e+06|4.564489526e+08|5.139156189e+08|5.680504625e+08|3.000000|3.000000|3.000000
1.662244335e+06|4.510166129e+08|5.082694840e+08|5.625967839e+08|3.000000|3.000000|3.000000
1.663535226e+06|4.463937324e+08|5.034642900e+08|5.579573014e+08|3.000000|3.000000|3.000000
1.664914444e+06|4.414607667e+08|4.983364014e+08|5.530081937e+08|3.000000|3.000000|3.000000
1.666196874e+06|4.368797672e+08|4.935740351e+08|5.484136542e+08|3.000000|3.000000|3.000000
1.667341164e+06|4.327969439e+08|4.893292830e+08|5.443199366e+08|3.000000|3.000000|3.000000
1.668828224e+06|4.274977957e+08|4.838195648e+08|5.390082924e+08|3.000000|3.000000|3.000000
1.670407838e+06|4.218771178e+08|4.779750457e+08|5.333763822e+08|3.000000|3.000000|3.000000
1.671670311e+06|4.173910720e+08|4.733099799e+08|5.288828600e+08|3.000000|3.000000|3.000000
1.672991205e+06|4.127033034e+08|4.684347951e+08|5.241886855e+08|3.000000|3.000000|3.000000
1.674257440e+06|4.082151750e+08|4.637669005e+08|5.196957667e+08|3.000000|3.000000|3.000000
1.675452110e+06|4.039857919e+08|4.593678184e+08|5.154630679e+08|3.000000|3.000000|3.000000
1.676787854e+06|3.992628406e+08|4.544550241e+08|5.107377839e+08|3.000000|3.000000|3.000000
1.677952878e+06|3.951485954e+08|4.501751111e+08|5.066226809e+08|3.000000|3.000000|3.000000
1.679092654e+06|3.911280929e+08|4.459924525e+08|5.026023933e+08|3.000000|3.000000|3.000000
1.680351094e+06|3.866942884e+08|4.413795214e+08|4.981700293e+08|3.000000|3.000000|3.000000
1.681717526e+06|3.818862814e+08|4.363769128e+08|4.933650062e+08|3.000000|3.000000|3.000000
1.683108100e+06|3.770000687e+08|4.312925528e+08|4.884833368e+08|3.000000|3.000000|3.000000
1.684502705e+06|3.721065378e+08|4.262001934e+08|4.835958769e+08|3.000000|3.000000|3.000000
1.685677813e+06|3.679885346e+08|4.219145742e+08|4.794841580e+08|3.000000|3.000000|3.000000
1.687067045e+06|3.631264715e+08|4.168542591e+08|4.746308929e+08|3.000000|3.000000|3.000000
1.688315823e+06|3.587618270e+08|4.123113217e+08|4.702754136e+08|3.000000|3.000000|3.000000
1.689475140e+06|3.547148290e+08|4.080987334e+08|4.662379815e+08|3.000000|3.000000|3.000000
1.690483377e+06|3.511991287e+08|4.044389685e+08|4.627314227e+08|3.000000|3.000000|3.000000
1.691553570e+06|3.474713657e+08|4.005582345e+08|4.590141948e+08|3.000000|3.000000|3.000000
1.692792807e+06|3.431599078e+08|3.960695753e+08|4.547159993e+08|3.000000|3.000000|3.000000
1.693874669e+06|3.394004836e+08|3.921553952e+08|4.509690803e+08|3.000000|3.000000|3.000000
1.695054614e+06|3.353050308e+08|3.878910959e+08|4.468882449e+08|3.000000|3.000000|3.000000
1.696031208e+06|3.319191804e+08|3.843654512e+08|4.435152601e+08|3.000000|3.000000|3.000000
1.696986297e+06|3.286112246e+08|3.809207398e+08|4.402205547e+08|3.000000|3.000000|3.000000
1.698003655e+06|3.250912338e+08|3.772550349e+08|4.367154008e+08|3.000000|3.000000|3.000000
1.699102442e+06|3.212937176e+08|3.733000932e+08|4.329347410e+08|3.000000|3.000000|3.000000
1.700209483e+06|3.174721138e+08|3.693198321e+08|4.291309887e+08|3.000000|3.000000|3.000000
1.701240373e+06|3.139174028e+08|3.656173339e+08|4.255936801e+08|3.000000|3.000000|3.000000
1.702151428e+06|3.107791350e+08|3.623484242e+08|4.224714131e+08|3.000000|3.000000|3.000000
1.702888624e+06|3.082419699e+08|3.597055248e+08|4.199476198e+08|3.000000|3.000000|3.000000
1.703773699e+06|3.051984871e+08|3.565350713e+08|4.169206901e+08|3.000000|3.000000|3.000000
1.704730616e+06|3.019111950e+08|3.531104702e+08|4.136519042e+08|3.000000|3.000000|3.000000
1.705596974e+06|2.989378998e+08|3.500128323e+08|4.106959070e+08|3.000000|3.000000|3.000000
1.706440215e+06|2.960465890e+08|3.470004714e+08|4.078219257e+08|3.000000|3.000000|3.000000
1.707319331e+06|2.930350606e+08|3.438627174e+08|4.048289792e+08|3.000000|3.000000|3.000000
1.708387930e+06|2.893782726e+08|3.400524628e+08|4.011954824e+08|3.000000|3.000000|3.000000
1.709399321e+06|2.859211388e+08|3.364500444e+08|3.977611003e+08|3.000000|3.000000|3.000000
1.710352468e+06|2.826665598e+08|3.330585179e+08|3.945285884e+08|3.000000|3.000000|3.000000
1.711262935e+06|2.795608613e+08|3.298219782e+08|3.914445325e+08|3.000000|3.000000|3.000000
1.712312930e+06|2.759830446e+08|3.260932385e+08|3.878923548e+08|3.000000|3.000000|3.000000
1.713335074e+06|2.725040659e+08|3.224673092e+08|3.844390300e+08|3.000000|3.000000|3.000000
1.714754246e+06|2.676802208e+08|3.174393859e+08|3.796519321e+08|3.000000|3.000000|3.000000
1.716236601e+06|2.626496521e+08|3.121955957e+08|3.746611361e+08|3.000000|3.000000|3.000000
1.717981797e+06|2.567376470e+08|3.060324905e+08|3.687977580e+08|3.000000|3.000000|3.000000
1.721334534e+06|2.454120962e+08|2.942243442e+08|3.575710174e+08|3.000000|3.000000|3.000000
1.727253987e+06|2.255200163e+08|2.734796538e+08|3.378703002e+08|3.000000|3.000000|3.000000
1.730926428e+06|2.132460415e+08|2.606764226e+08|3.257255940e+08|3.000000|3.000000|3.000000
1.733502002e+06|2.046688566e+08|2.517279498e+08|3.172437569e+08|3.000000|3.000000|3.000000
1.735300287e+06|1.986953517e+08|2.454951653e+08|3.113390746e+08|3.000000|3.000000|3.000000
1.736630110e+06|1.942860062e+08|2.408940639e+08|3.069817976e+08|3.000000|3.000000|3.000000
1.737903099e+06|1.900715208e+08|2.364960041e+08|3.028180813e+08|3.000000|3.000000|3.000000
1.738981263e+06|1.865069594e+08|2.327759542e+08|2.992972215e+08|3.000000|3.000000|3.000000
1.740056814e+06|1.829555358e+08|2.290694116e+08|2.957900302e+08|3.000000|3.000000|3.000000
1.741137930e+06|1.793902763e+08|2.253482241e+08|2.922698679e+08|3.000000|3.000000|3.000000
1.742240383e+06|1.757593432e+08|2.215582801e+08|2.886855736e+08|3.000000|3.000000|3.000000
1.743307064e+06|1.722507412e+08|2.178958224e+08|2.852227186e+08|3.000000|3.000000|3.000000
1.744254773e+06|1.691372059e+08|2.146455891e+08|2.821503368e+08|3.000000|3.000000|3.000000
1.745029879e+06|1.665933429e+08|2.119899230e+08|2.796404858e+08|3.000000|3.000000|3.000000
1.745830646e+06|1.639677339e+08|2.092488085e+08|2.770503468e+08|3.000000|3.000000|3.000000
1.746785862e+06|1.608390004e+08|2.059822906e+08|2.739643634e+08|3.000000|3.000000|3.000000
1.747668557e+06|1.579509916e+08|2.029669582e+08|2.711162808e+08|3.000000|3.000000|3.000000
1.748466350e+06|1.553434023e+08|2.002442924e+08|2.685451236e+08|3.000000|3.000000|3.000000
1.749243470e+06|1.528057973e+08|1.975945937e+08|2.660433206e+08|3.000000|3.000000|3.000000
1.750039983e+06|1.502073376e+08|1.948812442e+08|2.634818763e+08|3.000000|3.000000|3.000000
1.750837934e+06|1.476066964e+08|1.921655073e+08|2.609186400e+08|3.000000|3.000000|3.000000
1.751694083e+06|1.448191818e+08|1.892545051e+08|2.581716155e+08|3.000000|3.000000|3.000000
1.752504710e+06|1.421825560e+08|1.865009603e+08|2.555736654e+08|3.000000|3.000000|3.000000
1.753109669e+06|1.402165763e+08|1.844477275e+08|2.536367621e+08|3.000000|3.000000|3.000000
1.753751185e+06|1.381333838e+08|1.822720115e+08|2.515846013e+08|3.000000|3.000000|3.000000
1.754295241e+06|1.363679521e+08|1.804281143e+08|2.498456460e+08|3.000000|3.000000|3.000000
1.754931227e+06|1.343057007e+08|1.782741412e+08|2.478145292e+08|3.000000|3.000000|3.000000
1.755544208e+06|1.323195704e+08|1.761996096e+08|2.458585944e+08|3.000000|3.000000|3.000000
1.756072384e+06|1.306094175e+08|1.744132877e+08|2.441746062e+08|3.000000|3.000000|3.000000
1.756570263e+06|1.289983785e+08|1.727304507e+08|2.425883548e+08|3.000000|3.000000|3.000000
1.757046968e+06|1.274567808e+08|1.711201103e+08|2.410706027e+08|3.000000|3.000000|3.000000
1.757505697e+06|1.259741702e+08|1.695713508e+08|2.396110416e+08|3.000000|3.000000|3.000000
1.758069149e+06|1.241542455e+08|1.676701789e+08|2.378195665e+08|3.000000|3.000000|3.000000
1.758619105e+06|1.223791337e+08|1.658157686e+08|2.360723690e+08|3.000000|3.000000|3.000000
1.759136537e+06|1.207101080e+08|1.640721367e+08|2.344297378e+08|3.000000|3.000000|3.000000
1.759661496e+06|1.190178940e+08|1.623042338e+08|2.327644318e+08|3.000000|3.000000|3.000000
1.760225806e+06|1.172000635e+08|1.604050441e+08|2.309756712e+08|3.000000|3.000000|3.000000
1.760774906e+06|1.154324522e+08|1.585582696e+08|2.292364897e+08|3.000000|3.000000|3.000000
1.761320531e+06|1.136772261e+08|1.567243847e+08|2.275096529e+08|3.000000|3.000000|3.000000
1.761897480e+06|1.118225321e+08|1.547865199e+08|2.256851288e+08|3.000000|3.000000|3.000000
1.762405995e+06|1.101889408e+08|1.530796263e+08|2.240782565e+08|3.000000|3.000000|3.000000
1.763020874e+06|1.082150415e+08|1.510170967e+08|2.221368242e+08|3.000000|3.000000|3.000000
1.763599078e+06|1.063602670e+08|1.490789828e+08|2.203127383e+08|3.000000|3.000000|3.000000
1.764137267e+06|1.046350614e+08|1.472762094e+08|2.186162349e+08|3.000000|3.000000|3.000000
1.764679101e+06|1.028993490e+08|1.454624078e+08|2.169095521e+08|3.000000|3.000000|3.000000
1.765202094e+06|1.012251133e+08|1.437128022e+08|2.152634626e+08|3.000000|3.000000|3.000000
1.765710395e+06|9.959896865e+07|1.420134088e+08|2.136647916e+08|3.000000|3.000000|3.000000
1.766189999e+06|9.806558908e+07|1.404109195e+08|2.121574410e+08|3.000000|3.000000|3.000000
1.766655928e+06|9.657681712e+07|1.388550116e+08|2.106940544e+08|3.000000|3.000000|3.000000
1.767138962e+06|9.503431962e+07|1.372429173e+08|2.091779762e+08|3.000000|3.000000|3.000000
1.767564637e+06|9.367576724e+07|1.358230355e+08|2.078427918e+08|3.000000|3.000000|3.000000
1.767986794e+06|9.232916959e+07|1.344156183e+08|2.065194482e+08|3.000000|3.000000|3.000000
1.768475795e+06|9.077025325e+07|1.327862560e+08|2.049875660e+08|3.000000|3.000000|3.000000
1.768989923e+06|8.913227876e+07|1.310742203e+08|2.033781280e+08|3.000000|3.000000|3.000000
1.769513652e+06|8.746481891e+07|1.293313209e+08|2.017398562e+08|3.000000|3.000000|3.000000
1.770076199e+06|8.567500427e+07|1.274604806e+08|1.999815261e+08|3.000000|3.000000|3.000000
1.770650977e+06|8.384760586e+07|1.255503010e+08|1.981864382e+08|3.000000|3.000000|3.000000
1.771241659e+06|8.197104156e+07|1.235886715e+08|1.963432267e+08|3.000000|3.000000|3.000000
1.771951516e+06|7.971773883e+07|1.212331497e+08|1.941302041e+08|3.000000|3.000000|3.000000
1.772842226e+06|7.689325603e+07|1.182804194e+08|1.913565673e+08|3.000000|3.000000|3.000000
1.773952486e+06|7.337709380e+07|1.146044209e+08|1.879042538e+08|3.000000|3.000000|3.000000
2.096409398e+06|-7.143759628e+08|-7.148886312e+08|-5.760108654e+08|3.000000|3.000000|3.000000
3.989162500e+06|2.247850258e+08|2.691016064e+08|2.743742318e+08|3.000000|3.000000|3.000000
4.064183851e+06|2.065060074e+08|2.506401373e+08|2.874746965e+08|3.000000|3.000000|3.000000
4.114793815e+06|1.876774691e+08|2.312227671e+08|2.913772020e+08|3.000000|3.000000|3.000000
4.157714636e+06|1.681059266e+08|2.108742820e+08|2.918173131e+08|3.000000|3.000000|3.000000
4.194724520e+06|1.489227194e+08|1.908297300e+08|2.902631711e+08|3.000000|3.000000|3.000000
4.223891898e+06|1.325174035e+08|1.736295281e+08|2.878930191e+08|3.000000|3.000000|3.000000
4.249354803e+06|1.174150248e+08|1.577557964e+08|2.850782167e+08|3.000000|3.000000|3.000000
4.270708608e+06|1.042838996e+08|1.439263116e+08|2.822340312e+08|3.000000|3.000000|3.000000
4.294451474e+06|8.928609760e+07|1.281014187e+08|2.786099269e+08|3.000000|3.000000|3.000000
4.310791826e+06|7.877833314e+07|1.169960930e+08|2.758652906e+08|3.000000|3.000000|3.000000
4.331343938e+06|6.541583135e+07|1.028523975e+08|2.721620410e+08|3.000000|3.000000|3.000000
4.348879336e+06|5.394301901e+07|9.068966612e+07|2.688134447e+08|3.000000|3.000000|3.000000
4.364830005e+06|4.349706184e+07|7.959968705e+07|2.656432745e+08|3.000000|3.000000|3.000000
4.381949922e+06|3.232380578e+07|6.772011777e+07|2.621370080e+08|3.000000|3.000000|3.000000
4.397678109e+06|2.213869980e+07|5.687452917e+07|2.588467517e+08|3.000000|3.000000|3.000000
4.411886844e+06|1.304008748e+07|4.717150422e+07|2.558386490e+08|3.000000|3.000000|3.000000
4.428273137e+06|2.712115784e+06|3.613955451e+07|2.523528902e+08|3.000000|3.000000|3.000000
4.441413805e+06|-5.409146273e+06|2.745004060e+07|2.495638960e+08|3.000000|3.000000|3.000000
4.456073886e+06|-1.426383086e+07|1.795932711e+07|2.464801633e+08|3.000000|3.000000|3.000000
4.469906891e+06|-2.238592237e+07|9.236809720e+06|2.436170636e+08|3.000000|3.000000|3.000000
4.483061622e+06|-2.986819615e+07|1.184904410e+06|2.409547732e+08|3.000000|3.000000|3.000000
4.496927731e+06|-3.746647482e+07|-7.010664225e+06|2.382318868e+08|3.000000|3.000000|3.000000
4.508285538e+06|-4.344477432e+07|-1.347453041e+07|2.360797723e+08|3.000000|3.000000|3.000000
4.522180062e+06|-5.042590287e+07|-2.104353705e+07|2.335613271e+08|3.000000|3.000000|3.000000
4.535634496e+06|-5.680357223e+07|-2.798228094e+07|2.312623025e+08|3.000000|3.000000|3.000000
4.546383274e+06|-6.160436624e+07|-3.322428453e+07|2.295384182e+08|3.000000|3.000000|3.000000
4.559553827e+06|-6.710118263e+07|-3.925167582e+07|2.275798753e+08|3.000000|3.000000|3.000000
4.572041291e+06|-7.189112153e+07|-4.453290768e+07|2.258966601e+08|3.000000|3.000000|3.000000
4.583643308e+06|-7.594653110e+07|-4.903309397e+07|2.245002230e+08|3.000000|3.000000|3.000000
4.594742566e+06|-7.944675206e+07|-5.294704972e+07|2.233290507e+08|3.000000|3.000000|3.000000
4.607113768e+06|-8.288334193e+07|-5.682977005e+07|2.222297252e+08|3.000000|3.000000|3.000000
4.620033101e+06|-8.591648316e+07|-6.031016898e+07|2.213328980e+08|3.000000|3.000000|3.000000
4.631430463e+06|-8.809237486e+07|-6.286329485e+07|2.207716802e+08|3.000000|3.000000|3.000000
4.641798328e+06|-8.964225822e+07|-6.474102447e+07|2.204616525e+08|3.000000|3.000000|3.000000
4.652761082e+06|-9.081370805e+07|-6.624206484e+07|2.203548232e+08|3.000000|3.000000|3.000000
4.665445969e+06|-9.153934848e+07|-6.732554622e+07|2.205326546e+08|3.000000|3.000000|3.000000
4.677713604e+06|-9.156513294e+07|-6.767159860e+07|2.210319825e+08|3.000000|3.000000|3.000000
4.688136049e+06|-9.103902766e+07|-6.739626002e+07|2.217244026e+08|3.000000|3.000000|3.000000
4.699002493e+06|-8.993008874e+07|-6.652658385e+07|2.227231434e+08|3.000000|3.000000|3.000000
4.710340704e+06|-8.813688865e+07|-6.495746154e+07|2.240820995e+08|3.000000|3.000000|3.000000
4.722233778e+06|-8.552726534e+07|-6.255314906e+07|2.258734829e+08|3.000000|3.000000|3.000000
4.733675206e+06|-8.228207493e+07|-5.947507005e+07|2.279686299e+08|3.000000|3.000000|3.000000
4.744408794e+06|-7.855545986e+07|-5.587663023e+07|2.302818433e+08|3.000000|3.000000|3.000000
4.755276653e+06|-7.408289178e+07|-5.150417888e+07|2.329827141e+08|3.000000|3.000000|3.000000
4.767590732e+06|-6.813117729e+07|-4.562798459e+07|2.364992444e+08|3.000000|3.000000|3.000000
4.778941027e+06|-6.178083552e+07|-3.930976663e+07|2.401893728e+08|3.000000|3.000000|3.000000
4.789202812e+06|-5.529877208e+07|-3.282430219e+07|2.439123166e+08|3.000000|3.000000|3.000000
4.799630787e+06|-4.796596726e+07|-2.545508293e+07|2.480867973e+08|3.000000|3.000000|3.000000
4.812402271e+06|-3.792443044e+07|-1.532164870e+07|2.537586472e+08|3.000000|3.000000|3.000000
4.823540956e+06|-2.817880528e+07|-5.451445869e+06|2.592285980e+08|3.000000|3.000000|3.000000
4.834098675e+06|-1.806172907e+07|4.823603776e+06|2.648813072e+08|3.000000|3.000000|3.000000
4.844855073e+06|-6.844936147e+06|1.624288242e+07|2.711261210e+08|3.000000|3.000000|3.000000
4.857727826e+06|7.826126265e+06|3.121367377e+07|2.792685770e+08|3.000000|3.000000|3.000000
4.868466641e+06|2.113970490e+07|4.482709981e+07|2.866397576e+08|3.000000|3.000000|3.000000
4.879734991e+06|3.619575802e+07|6.024846748e+07|2.949612418e+08|3.000000|3.000000|3.000000
4.891758012e+06|5.352568874e+07|7.802762048e+07|3.045262539e+08|3.000000|3.000000|3.000000
4.903141702e+06|7.117684192e+07|9.616284657e+07|3.142587661e+08|3.000000|3.000000|3.000000
4.915334058e+06|9.146592214e+07|1.170362071e+08|3.254381186e+08|3.000000|3.000000|3.000000
4.926624883e+06|1.115712069e+08|1.377455370e+08|3.365116194e+08|3.000000|3.000000|3.000000
4.939537666e+06|1.361660859e+08|1.631082784e+08|3.500553655e+08|3.000000|3.000000|3.000000
4.951734806e+06|1.610166313e+08|1.887624425e+08|3.637401343e+08|3.000000|3.000000|3.000000
4.963955545e+06|1.875425937e+08|2.161727385e+08|3.783503263e+08|3.000000|3.000000|3.000000
4.976478023e+06|2.164655660e+08|2.460870622e+08|3.942861992e+08|3.000000|3.000000|3.000000
4.990626816e+06|2.513346557e+08|2.821838955e+08|4.135079939e+08|3.000000|3.000000|3.000000
