#RRR|P25fit|P50fit|P75fit|P25model|P50model|P75model
8.743660244e+04|8.937205891e+09|8.920965328e+09|8.914881518e+09|0.000000|0.000000|0.000000
1.329390554e+05|8.820973695e+09|8.855730181e+09|8.898117288e+09|0.000000|0.000000|0.000000
1.580273498e+05|8.761699900e+09|8.814260273e+09|8.873569007e+09|0.000000|0.000000|0.000000
1.766140857e+05|8.718845775e+09|8.780723810e+09|8.848865696e+09|0.000000|0.000000|0.000000
1.927171670e+05|8.681953180e+09|8.749609355e+09|8.823199913e+09|0.000000|0.000000|0.000000
2.059345895e+05|8.651574015e+09|8.722577650e+09|8.799294882e+09|0.000000|0.000000|0.000000
2.190616914e+05|8.621118043e+09|8.694350442e+09|8.773112164e+09|0.000000|0.000000|0.000000
2.314402854e+05|8.591981508e+09|8.666434829e+09|8.746268657e+09|0.000000|0.000000|0.000000
2.427436929e+05|8.564900037e+09|8.639814547e+09|8.719989723e+09|0.000000|0.000000|0.000000
2.535584066e+05|8.538466124e+09|8.613312988e+09|8.693316361e+09|0.000000|0.000000|0.000000
2.647438191e+05|8.510494006e+09|8.584819516e+09|8.664201206e+09|0.000000|0.000000|0.000000
2.749188547e+05|8.484413331e+09|8.557925367e+09|8.636406285e+09|0.000000|0.000000|0.000000
2.840676797e+05|8.460389172e+09|8.532938187e+09|8.610379080e+09|0.000000|0.000000|0.000000
2.940454427e+05|8.433511853e+09|8.504804997e+09|8.580906095e+09|0.000000|0.000000|0.000000
3.035681142e+05|8.407150124e+09|8.477085447e+09|8.551747435e+09|0.000000|0.000000|0.000000
3.122502771e+05|8.382468648e+09|8.451063499e+09|8.524309024e+09|0.000000|0.000000|0.000000
3.205683822e+05|8.358209716e+09|8.425455475e+09|8.497276847e+09|0.000000|0.000000|0.000000
3.291910289e+05|8.332397468e+09|8.398203686e+09|8.468504950e+09|0.000000|0.000000|0.000000
3.376574993e+05|8.306363199e+09|8.370739871e+09|8.439529464e+09|0.000000|0.000000|0.000000
3.461314547e+05|8.279592352e+09|8.342545950e+09|8.409827132e+09|0.000000|0.000000|0.000000
3.529656237e+05|8.257462745e+09|8.319289785e+09|8.385373286e+09|0.000000|0.000000|0.000000
3.609684639e+05|8.230916555e+09|8.291465028e+09|8.356184152e+09|0.000000|0.000000|0.000000
3.689967533e+05|8.203579790e+09|8.262906737e+09|8.326315708e+09|0.000000|0.000000|0.000000
3.765866893e+05|8.177066337e+09|8.235310385e+09|8.297550603e+09|0.000000|0.000000|0.000000
3.831739792e+05|8.153514702e+09|8.210886732e+09|8.272179061e+09|0.000000|0.000000|0.000000
3.899942155e+05|8.128589003e+09|8.185134535e+09|8.245520802e+09|0.000000|0.000000|0.000000
3.974939917e+05|8.100530999e+09|8.156268558e+09|8.215758609e+09|0.000000|0.000000|0.000000
4.042256000e+05|8.074756822e+09|8.129868814e+09|8.188653879e+09|0.000000|0.000000|0.000000
4.115766383e+05|8.045961513e+09|8.100508331e+09|8.158641836e+09|0.000000|0.000000|0.000000
4.181303941e+05|8.019708166e+09|8.073863226e+09|8.131528798e+09|0.000000|0.000000|0.000000
4.237774485e+05|7.996641145e+09|8.050549104e+09|8.107903004e+09|0.000000|0.000000|0.000000
4.303787145e+05|7.969146401e+09|8.022877809e+09|8.079981447e+09|0.000000|0.000000|0.000000
4.372460036e+05|7.939929906e+09|7.993612953e+09|8.050594239e+09|0.000000|0.000000|0.000000
4.437253024e+05|7.911783401e+09|7.965553693e+09|8.022555620e+09|0.000000|0.000000|0.000000
4.495520034e+05|7.885985220e+09|7.939948973e+09|7.997087718e+09|0.000000|0.000000|0.000000
4.555611898e+05|7.858891878e+09|7.913173578e+09|7.970575673e+09|0.000000|0.000000|0.000000
4.613998599e+05|7.832089546e+09|7.886799235e+09|7.944580580e+09|0.000000|0.000000|0.000000
4.669426416e+05|7.806206482e+09|7.861434358e+09|7.919692110e+09|0.000000|0.000000|0.000000
4.733627745e+05|7.775688229e+09|7.831656429e+09|7.890612313e+09|0.000000|0.000000|0.000000
4.795624996e+05|7.745665824e+09|7.802495484e+09|7.862279199e+09|0.000000|0.000000|0.000000
4.849482407e+05|7.719142497e+09|7.776840224e+09|7.837469127e+09|0.000000|0.000000|0.000000
4.904429988e+05|7.691656059e+09|7.750356538e+09|7.811971548e+09|0.000000|0.000000|0.000000
4.961511026e+05|7.662644585e+09|7.722514353e+09|7.785289204e+09|0.000000|0.000000|0.000000
5.013673226e+05|7.635723659e+09|7.696777587e+09|7.760735573e+09|0.000000|0.000000|0.000000
5.070443372e+05|7.605978812e+09|7.668448947e+09|7.733830989e+09|0.000000|0.000000|0.000000
5.125622756e+05|7.576621016e+09|7.640596751e+09|7.707501697e+09|0.000000|0.000000|0.000000
5.182967693e+05|7.545643711e+09|7.611320709e+09|7.679955814e+09|0.000000|0.000000|0.000000
5.239597715e+05|7.514584370e+09|7.582079607e+09|7.652573234e+09|0.000000|0.000000|0.000000
5.283650571e+05|7.490101015e+09|7.559106540e+09|7.631150412e+09|0.000000|0.000000|0.000000
5.333213901e+05|7.462217948e+09|7.530255165e+09|7.606922483e+09|0.000000|2.000000|0.000000
5.390731378e+05|7.429412500e+09|7.491713396e+09|7.578642518e+09|0.000000|2.000000|0.000000
5.443434705e+05|7.398930818e+09|7.456397532e+09|7.552577575e+09|0.000000|2.000000|0.000000
5.491830338e+05|7.370585369e+09|7.423968201e+09|7.528517112e+09|0.000000|2.000000|0.000000
5.541527115e+05|7.341124366e+09|7.390666990e+09|7.503686228e+09|0.000000|2.000000|0.000000
5.593318705e+05|7.310041003e+09|7.355962069e+09|7.477677493e+09|0.000000|2.000000|0.000000
5.641381468e+05|7.280848791e+09|7.323755791e+09|7.453423332e+09|0.000000|2.000000|0.000000
5.688798182e+05|7.251722645e+09|7.291982422e+09|7.429385551e+09|0.000000|2.000000|0.000000
5.736040107e+05|7.222382397e+09|7.260326177e+09|7.405329623e+09|0.000000|2.000000|0.000000
5.788508924e+05|7.189421021e+09|7.225167455e+09|7.378489051e+09|0.000000|2.000000|0.000000
5.835760332e+05|7.159400828e+09|7.193504856e+09|7.354208216e+09|0.000000|2.000000|0.000000
5.883045830e+05|7.129041070e+09|7.161819413e+09|7.329807711e+09|0.000000|2.000000|0.000000
5.930725349e+05|7.098107699e+09|7.129869942e+09|7.305101836e+09|0.000000|2.000000|0.000000
5.972459162e+05|7.070768709e+09|7.101904617e+09|7.283393826e+09|0.000000|2.000000|0.000000
6.019311723e+05|7.039785356e+09|7.070509280e+09|7.258932164e+09|0.000000|2.000000|0.000000
6.069354020e+05|7.006354295e+09|7.036976540e+09|7.232700090e+09|0.000000|2.000000|0.000000
6.110142155e+05|6.978848478e+09|7.009644902e+09|7.211239792e+09|0.000000|2.000000|0.000000
6.157309775e+05|6.946754502e+09|6.978038448e+09|7.186335386e+09|0.000000|2.000000|0.000000
6.204898516e+05|6.914064996e+09|6.946149806e+09|7.161114587e+09|0.000000|2.000000|0.000000
6.253127359e+05|6.880621408e+09|6.913832239e+09|7.135459418e+09|0.000000|2.000000|0.000000
6.294603363e+05|6.851609207e+09|6.886039669e+09|7.113320738e+09|0.000000|2.000000|0.000000
6.332500940e+05|6.824898399e+09|6.860644959e+09|7.093031632e+09|0.000000|2.000000|0.000000
6.373688969e+05|6.795651573e+09|6.833045357e+09|7.070916108e+09|0.000000|2.000000|0.000000
6.423858512e+05|6.759724467e+09|6.799427351e+09|7.043887846e+09|0.000000|2.000000|0.000000
6.469222144e+05|6.726955297e+09|6.769029727e+09|7.019364403e+09|0.000000|2.000000|0.000000
6.512182331e+05|6.695676311e+09|6.740242623e+09|6.996067277e+09|0.000000|2.000000|0.000000
6.549730155e+05|6.668143833e+09|6.715082279e+09|6.975647706e+09|0.000000|2.000000|0.000000
6.595005288e+05|6.634706586e+09|6.684743958e+09|6.950955130e+09|0.000000|2.000000|0.000000
6.639744119e+05|6.601411735e+09|6.654765006e+09|6.926479901e+09|0.000000|2.000000|0.000000
6.680140674e+05|6.571134107e+09|6.627695762e+09|6.904316658e+09|0.000000|2.000000|0.000000
6.723538753e+05|6.538382687e+09|6.598615231e+09|6.880440110e+09|0.000000|2.000000|0.000000
6.764223263e+05|6.507470655e+09|6.571353031e+09|6.857994473e+09|0.000000|2.000000|0.000000
6.801919980e+05|6.478650724e+09|6.546092916e+09|6.837144089e+09|0.000000|2.000000|0.000000
6.841527711e+05|6.448187421e+09|6.519552252e+09|6.815182119e+09|0.000000|2.000000|0.000000
6.887688480e+05|6.412451147e+09|6.488620477e+09|6.789516578e+09|0.000000|2.000000|0.000000
6.926369387e+05|6.382315056e+09|6.462700867e+09|6.767952320e+09|0.000000|2.000000|0.000000
6.964359223e+05|6.352550567e+09|6.437244336e+09|6.746722654e+09|0.000000|2.000000|0.000000
7.006038718e+05|6.319707672e+09|6.409315408e+09|6.723373767e+09|0.000000|2.000000|0.000000
7.048157320e+05|6.286322219e+09|6.381092241e+09|6.699718383e+09|0.000000|2.000000|0.000000
7.088382733e+05|6.254255759e+09|6.354137676e+09|6.677069904e+09|0.000000|2.000000|0.000000
7.124340437e+05|6.225443422e+09|6.330042852e+09|6.656777993e+09|0.000000|2.000000|0.000000
7.164363890e+05|6.193211534e+09|6.303223618e+09|6.634140570e+09|0.000000|2.000000|0.000000
7.203161785e+05|6.161806544e+09|6.277225616e+09|6.612145246e+09|0.000000|2.000000|0.000000
7.242898716e+05|6.129480858e+09|6.250598377e+09|6.589565742e+09|0.000000|2.000000|0.000000
7.284061435e+05|6.095826979e+09|6.223015735e+09|6.566121087e+09|0.000000|2.000000|0.000000
7.321429389e+05|6.065129995e+09|6.197975919e+09|6.544789584e+09|0.000000|2.000000|0.000000
7.357357271e+05|6.035487703e+09|6.173901078e+09|6.524237111e+09|0.000000|2.000000|0.000000
7.395032592e+05|6.004271076e+09|6.148655300e+09|6.502639905e+09|0.000000|2.000000|0.000000
7.430974213e+05|5.974366793e+09|6.124571253e+09|6.481993671e+09|0.000000|2.000000|0.000000
7.469280099e+05|5.942364606e+09|6.098902940e+09|6.459943423e+09|0.000000|2.000000|0.000000
7.509522324e+05|5.908602471e+09|6.071937109e+09|6.436727748e+09|0.000000|2.000000|0.000000
7.549542248e+05|5.874885592e+09|6.045120241e+09|6.413588887e+09|0.000000|2.000000|0.000000
7.584054575e+05|5.845698374e+09|6.021993946e+09|6.393593380e+09|0.000000|2.000000|0.000000
7.616288086e+05|5.818348000e+09|6.000394659e+09|6.374883922e+09|0.000000|2.000000|0.000000
7.653980293e+05|5.786257703e+09|5.975137565e+09|6.352964216e+09|0.000000|2.000000|0.000000
7.691470710e+05|5.754226326e+09|5.950015688e+09|6.331117231e+09|0.000000|2.000000|0.000000
7.729583023e+05|5.721551292e+09|5.924477087e+09|6.308862327e+09|0.000000|2.000000|0.000000
7.765038773e+05|5.691054922e+09|5.900718615e+09|6.288117543e+09|0.000000|2.000000|0.000000
7.800469589e+05|5.660487432e+09|5.876976853e+09|6.267347814e+09|0.000000|2.000000|0.000000
7.833990026e+05|5.631485293e+09|5.854515212e+09|6.247661627e+09|0.000000|2.000000|0.000000
7.871427879e+05|5.599001430e+09|5.829428557e+09|6.225633071e+09|0.000000|2.000000|0.000000
7.906984084e+05|5.568062812e+09|5.805602773e+09|6.204670965e+09|0.000000|2.000000|0.000000
7.941814996e+05|5.537675445e+09|5.782262998e+09|6.184098016e+09|0.000000|2.000000|0.000000
7.974208635e+05|5.509345826e+09|5.760556411e+09|6.164930517e+09|0.000000|2.000000|0.000000
8.014375648e+05|5.474129570e+09|5.733640980e+09|6.141117794e+09|0.000000|2.000000|0.000000
8.048473349e+05|5.444160569e+09|5.710792521e+09|6.120863528e+09|0.000000|2.000000|0.000000
8.080268307e+05|5.416156685e+09|5.689487103e+09|6.101944258e+09|0.000000|2.000000|0.000000
8.117906195e+05|5.382936184e+09|5.664266407e+09|6.079507210e+09|0.000000|2.000000|0.000000
8.151607762e+05|5.353128039e+09|5.641683393e+09|6.059378965e+09|0.000000|2.000000|0.000000
8.185218013e+05|5.323345020e+09|5.619161569e+09|6.039269693e+09|0.000000|2.000000|0.000000
8.219515716e+05|5.292898252e+09|5.596179092e+09|6.018712452e+09|0.000000|2.000000|0.000000
8.254484759e+05|5.261801639e+09|5.572746757e+09|5.997714639e+09|0.000000|2.000000|0.000000
8.286992690e+05|5.232847413e+09|5.550963584e+09|5.978160003e+09|0.000000|2.000000|0.000000
8.319128344e+05|5.204183477e+09|5.529429869e+09|5.958796432e+09|0.000000|2.000000|0.000000
8.356429292e+05|5.170863949e+09|5.504434954e+09|5.936279402e+09|0.000000|2.000000|0.000000
8.391386074e+05|5.139594441e+09|5.481010835e+09|5.915137288e+09|0.000000|2.000000|0.000000
8.418042620e+05|5.115723073e+09|5.463148604e+09|5.898989037e+09|0.000000|2.000000|0.000000
8.452056548e+05|5.085232095e+09|5.440356281e+09|5.878350781e+09|0.000000|2.000000|0.000000
8.485402382e+05|5.055308959e+09|5.418011640e+09|5.858081895e+09|0.000000|2.000000|0.000000
8.520379865e+05|5.023891699e+09|5.394573649e+09|5.836782800e+09|0.000000|2.000000|0.000000
8.554088922e+05|4.993587754e+09|5.371985617e+09|5.816218734e+09|0.000000|2.000000|0.000000
8.588891830e+05|4.962276857e+09|5.348664608e+09|5.794948746e+09|0.000000|2.000000|0.000000
8.618958883e+05|4.935209839e+09|5.328517037e+09|5.776541388e+09|0.000000|2.000000|0.000000
8.651311305e+05|4.906070679e+09|5.306838069e+09|5.756701940e+09|0.000000|2.000000|0.000000
8.686995349e+05|4.873916166e+09|5.282926621e+09|5.734779650e+09|0.000000|2.000000|0.000000
8.715947867e+05|4.847818521e+09|5.263525888e+09|5.716962028e+09|0.000000|2.000000|0.000000
8.748064475e+05|4.818862091e+09|5.242004935e+09|5.697164769e+09|0.000000|2.000000|0.000000
8.777954529e+05|4.791909113e+09|5.221975970e+09|5.678709218e+09|0.000000|2.000000|0.000000
8.809933778e+05|4.763070511e+09|5.200547061e+09|5.658930689e+09|0.000000|2.000000|0.000000
8.843148539e+05|4.733118722e+09|5.178290250e+09|5.638351713e+09|0.000000|2.000000|0.000000
8.873266698e+05|4.705962758e+09|5.158108434e+09|5.619659168e+09|0.000000|2.000000|0.000000
8.903976159e+05|4.678279496e+09|5.137530394e+09|5.600567996e+09|0.000000|2.000000|0.000000
8.938017727e+05|4.647602379e+09|5.114719550e+09|5.579367818e+09|0.000000|2.000000|0.000000
8.970912063e+05|4.617972099e+09|5.092677451e+09|5.558844399e+09|0.000000|2.000000|0.000000
9.001096856e+05|4.590792875e+09|5.072450985e+09|5.539984821e+09|1.000000|2.000000|1.000000
9.034412460e+05|4.560827772e+09|5.050126601e+09|5.519107181e+09|1.000000|2.000000|1.000000
9.066524455e+05|4.531945233e+09|5.028608740e+09|5.498983797e+09|1.000000|2.000000|1.000000
9.095950932e+05|4.505478133e+09|5.008890412e+09|5.480543326e+09|1.000000|2.000000|1.000000
9.124022217e+05|4.480229936e+09|4.990080182e+09|5.462952104e+09|1.000000|2.000000|1.000000
9.158761948e+05|4.448983927e+09|4.966801506e+09|5.441182016e+09|1.000000|2.000000|1.000000
9.189399639e+05|4.421427423e+09|4.946271559e+09|5.421982524e+09|1.000000|2.000000|1.000000
9.217726514e+05|4.395949340e+09|4.927290061e+09|5.404231133e+09|1.000000|2.000000|1.000000
9.248452853e+05|4.368313104e+09|4.906700712e+09|5.384976088e+09|1.000000|2.000000|1.000000
9.276794887e+05|4.342821386e+09|4.887709056e+09|5.367215197e+09|1.000000|2.000000|1.000000
9.309444743e+05|4.313455078e+09|4.865830781e+09|5.346754756e+09|1.000000|2.000000|1.000000
9.342657737e+05|4.283582265e+09|4.843575154e+09|5.325941417e+09|1.000000|2.000000|1.000000
9.374603523e+05|4.254849220e+09|4.822168668e+09|5.305922190e+09|1.000000|2.000000|1.000000
9.400035823e+05|4.231974608e+09|4.805126790e+09|5.289984721e+09|1.000000|2.000000|1.000000
9.427960624e+05|4.206858164e+09|4.786414717e+09|5.272485295e+09|1.000000|2.000000|1.000000
9.453907429e+05|4.183520790e+09|4.769028075e+09|5.256225404e+09|1.000000|2.000000|1.000000
9.483173406e+05|4.157198048e+09|4.749417297e+09|5.237885513e+09|1.000000|2.000000|1.000000
9.508380930e+05|4.134525609e+09|4.732526039e+09|5.222088903e+09|1.000000|2.000000|1.000000
9.537061415e+05|4.108729477e+09|4.713307591e+09|5.204115918e+09|1.000000|2.000000|1.000000
9.562590364e+05|4.085767937e+09|4.696200950e+09|5.188117882e+09|1.000000|2.000000|1.000000
9.597786900e+05|4.054111064e+09|4.672616175e+09|5.166061532e+09|1.000000|2.000000|1.000000
9.631860572e+05|4.023464131e+09|4.649783819e+09|5.144708839e+09|1.000000|2.000000|1.000000
9.668076311e+05|3.990890554e+09|4.625516088e+09|5.122013792e+09|1.000000|2.000000|1.000000
9.714215924e+05|3.949391134e+09|4.594598489e+09|5.093099826e+09|1.000000|2.000000|1.000000
9.760522681e+05|3.907741379e+09|4.563568889e+09|5.064081116e+09|1.000000|2.000000|1.000000
9.794439910e+05|3.876469503e+09|4.540841362e+09|5.042826460e+09|2.000000|2.000000|1.000000
9.819566723e+05|3.865214974e+09|4.524004188e+09|5.027080428e+09|2.000000|2.000000|1.000000
9.838661414e+05|3.856662287e+09|4.511209066e+09|5.015114501e+09|2.000000|2.000000|1.000000
9.856947466e+05|3.848471797e+09|4.498955802e+09|5.003655317e+09|2.000000|2.000000|1.000000
9.874078960e+05|3.840798445e+09|4.487476195e+09|4.992919652e+09|2.000000|2.000000|1.000000
9.891128843e+05|3.833161646e+09|4.476051273e+09|4.982235129e+09|2.000000|2.000000|1.000000
9.909473098e+05|3.824945086e+09|4.463759010e+09|4.970739472e+09|2.000000|2.000000|1.000000
9.926158520e+05|3.817471533e+09|4.452578309e+09|4.960283343e+09|2.000000|2.000000|1.000000
9.945310654e+05|3.808893117e+09|4.439744695e+09|4.948281418e+09|2.000000|2.000000|1.000000
9.966440277e+05|3.799428966e+09|4.425585989e+09|4.935040276e+09|2.000000|2.000000|1.000000
1.000155609e+06|3.783700270e+09|4.402055303e+09|4.913034509e+09|2.000000|2.000000|1.000000
1.007228048e+06|3.752022171e+09|4.354663744e+09|4.868714187e+09|2.000000|2.000000|1.000000
1.018341027e+06|3.702246119e+09|4.280197008e+09|4.799073309e+09|2.000000|2.000000|1.000000
1.022947948e+06|3.681611302e+09|4.249326590e+09|4.770203466e+09|2.000000|2.000000|1.000000
1.024976072e+06|3.672527147e+09|4.235736372e+09|4.757493970e+09|2.000000|2.000000|1.000000
1.026541315e+06|3.665516281e+09|4.225247868e+09|4.747685180e+09|2.000000|2.000000|1.000000
1.027825889e+06|3.659762558e+09|4.216640095e+09|4.739635238e+09|2.000000|2.000000|1.000000
1.028930779e+06|3.654813653e+09|4.209236358e+09|4.732711304e+09|2.000000|2.000000|1.000000
1.030045326e+06|3.649821496e+09|4.201767914e+09|4.725726857e+09|2.000000|2.000000|1.000000
1.031097077e+06|3.645110605e+09|4.194720254e+09|4.719135925e+09|2.000000|2.000000|1.000000
1.032148574e+06|3.640400857e+09|4.187674305e+09|4.712546592e+09|2.000000|2.000000|1.000000
1.033217097e+06|3.635614844e+09|4.180514259e+09|4.705850558e+09|2.000000|2.000000|1.000000
1.034151433e+06|3.631429864e+09|4.174253382e+09|4.699995420e+09|2.000000|2.000000|1.000000
1.035230497e+06|3.626596641e+09|4.167022709e+09|4.693233335e+09|2.000000|2.000000|1.000000
1.036307028e+06|3.621774761e+09|4.159809005e+09|4.686487119e+09|2.000000|2.000000|1.000000
1.037593759e+06|3.616011375e+09|4.151186775e+09|4.678423658e+09|2.000000|2.000000|1.000000
1.038995661e+06|3.609732125e+09|4.141792794e+09|4.669638459e+09|2.000000|2.000000|1.000000
1.040418980e+06|3.603356950e+09|4.132255307e+09|4.660719054e+09|2.000000|2.000000|1.000000
1.042072891e+06|3.595948932e+09|4.121172650e+09|4.650354615e+09|2.000000|2.000000|1.000000
1.045225596e+06|3.581827676e+09|4.100046751e+09|4.630597792e+09|2.000000|2.000000|1.000000
1.056915590e+06|3.529467126e+09|4.021713513e+09|4.557340983e+09|2.000000|2.000000|1.000000
1.078823225e+06|3.431340823e+09|3.874913087e+09|4.420054041e+09|2.000000|2.000000|1.000000
1.086748048e+06|3.395844817e+09|3.821809805e+09|4.376112862e+09|2.000000|2.000000|2.000000
1.089437414e+06|3.383798900e+09|3.803788686e+09|4.350670609e+09|2.000000|2.000000|2.000000
1.091563591e+06|3.374275561e+09|3.789541433e+09|4.330556309e+09|2.000000|2.000000|2.000000
1.093510051e+06|3.365557188e+09|3.776498438e+09|4.312142182e+09|2.000000|2.000000|2.000000
1.095216170e+06|3.357915324e+09|3.765065940e+09|4.296001757e+09|2.000000|2.000000|2.000000
1.097357930e+06|3.348322187e+09|3.750714266e+09|4.275740035e+09|2.000000|2.000000|2.000000
1.099536544e+06|3.338563973e+09|3.736115633e+09|4.255129655e+09|2.000000|2.000000|2.000000
1.101828468e+06|3.328298235e+09|3.720757725e+09|4.233447329e+09|2.000000|2.000000|2.000000
1.106360646e+06|3.307998196e+09|3.690388148e+09|4.190571497e+09|2.000000|2.000000|2.000000
1.126417215e+06|3.218162987e+09|3.555991492e+09|4.000830025e+09|2.000000|2.000000|2.000000
1.139094683e+06|3.161379449e+09|3.471041308e+09|3.880897181e+09|2.000000|2.000000|2.000000
1.142380498e+06|3.146661983e+09|3.449023457e+09|3.849812334e+09|2.000000|2.000000|2.000000
1.145039888e+06|3.134750332e+09|3.431203206e+09|3.824653667e+09|2.000000|2.000000|2.000000
1.147570026e+06|3.123417612e+09|3.414249055e+09|3.800717762e+09|2.000000|2.000000|2.000000
1.149671990e+06|3.114002722e+09|3.400164046e+09|3.780832518e+09|2.000000|2.000000|2.000000
1.151759250e+06|3.104653697e+09|3.386177573e+09|3.761086386e+09|2.000000|2.000000|2.000000
1.154243291e+06|3.093527449e+09|3.369532312e+09|3.737586573e+09|2.000000|2.000000|2.000000
1.156673745e+06|3.082641224e+09|3.353246134e+09|3.714593712e+09|2.000000|2.000000|2.000000
1.160081755e+06|3.067376436e+09|3.330409470e+09|3.682352864e+09|2.000000|2.000000|2.000000
1.165686540e+06|3.042272089e+09|3.292852477e+09|3.629329825e+09|2.000000|2.000000|2.000000
1.175337287e+06|2.999045511e+09|3.228183985e+09|3.538030716e+09|2.000000|2.000000|2.000000
1.183539542e+06|2.962306862e+09|3.173221664e+09|3.460434799e+09|2.000000|2.000000|2.000000
1.187726189e+06|2.943491701e+09|3.146742050e+09|3.424206127e+09|3.000000|3.000000|3.000000
1.191280770e+06|2.927519736e+09|3.124349020e+09|3.393632484e+09|3.000000|3.000000|3.000000
1.194708628e+06|2.912110878e+09|3.103086300e+09|3.364855225e+09|3.000000|3.000000|3.000000
1.197979028e+06|2.897406192e+09|3.083095478e+09|3.338026317e+09|3.000000|3.000000|3.000000
1.201228956e+06|2.882791989e+09|3.063507379e+09|3.311952891e+09|3.000000|3.000000|3.000000
1.205537286e+06|2.863419125e+09|3.037953513e+09|3.278260735e+09|3.000000|3.000000|3.000000
1.210574997e+06|2.840772704e+09|3.008649805e+09|3.240076557e+09|3.000000|3.000000|3.000000
1.217777072e+06|2.808420209e+09|2.967783777e+09|3.187637427e+09|3.000000|3.000000|3.000000
1.224465799e+06|2.778412230e+09|2.930853488e+09|3.141064058e+09|3.000000|3.000000|3.000000
1.229503013e+06|2.755846167e+09|2.903655026e+09|3.107258210e+09|3.000000|3.000000|3.000000
1.233621908e+06|2.737419007e+09|2.881787596e+09|3.080381392e+09|3.000000|3.000000|3.000000
1.237318621e+06|2.720902147e+09|2.862435463e+09|3.056819939e+09|3.000000|3.000000|3.000000
1.240497253e+06|2.706717858e+09|2.845995389e+09|3.036967950e+09|3.000000|3.000000|3.000000
1.244029641e+06|2.690975732e+09|2.827935221e+09|3.015331886e+09|3.000000|3.000000|3.000000
1.247872946e+06|2.673874548e+09|2.808527353e+09|2.992280326e+09|3.000000|3.000000|3.000000
1.252357971e+06|2.653955356e+09|2.786185205e+09|2.965995610e+09|3.000000|3.000000|3.000000
1.257971429e+06|2.629085306e+09|2.758664837e+09|2.933982986e+09|3.000000|3.000000|3.000000
1.264741904e+06|2.599185929e+09|2.726089854e+09|2.896596673e+09|3.000000|3.000000|3.000000
1.271231351e+06|2.570634092e+09|2.695459416e+09|2.861925466e+09|3.000000|3.000000|3.000000
1.276050874e+06|2.549500901e+09|2.673062099e+09|2.836858670e+09|3.000000|3.000000|3.000000
1.280083321e+06|2.531867772e+09|2.654539410e+09|2.816303546e+09|3.000000|3.000000|3.000000
1.283457935e+06|2.517146438e+09|2.639183324e+09|2.799378808e+09|3.000000|3.000000|3.000000
1.286827755e+06|2.502478809e+09|2.623975344e+09|2.782717962e+09|3.000000|3.000000|3.000000
1.290113077e+06|2.488211170e+09|2.609265441e+09|2.766695076e+09|3.000000|3.000000|3.000000
1.293574284e+06|2.473214737e+09|2.593887692e+09|2.750038480e+09|3.000000|3.000000|3.000000
1.298160661e+06|2.453399707e+09|2.573691457e+09|2.728302339e+09|3.000000|3.000000|3.000000
1.303199655e+06|2.431704848e+09|2.551726643e+09|2.704833709e+09|3.000000|3.000000|3.000000
1.309467008e+06|2.404834270e+09|2.524713790e+09|2.676199421e+09|3.000000|3.000000|3.000000
1.314994724e+06|2.381240579e+09|2.501150426e+09|2.651411165e+09|3.000000|3.000000|3.000000
1.320046479e+06|2.359766439e+09|2.479814471e+09|2.629105409e+09|3.000000|3.000000|3.000000
1.324331289e+06|2.341619062e+09|2.461856205e+09|2.610424940e+09|3.000000|3.000000|3.000000
1.327905040e+06|2.326530332e+09|2.446969423e+09|2.594999503e+09|3.000000|3.000000|3.000000
1.331396840e+06|2.311829217e+09|2.432499850e+09|2.580054589e+09|3.000000|3.000000|3.000000
1.334927571e+06|2.297006168e+09|2.417941164e+09|2.565061977e+09|3.000000|3.000000|3.000000
1.339048370e+06|2.279759362e+09|2.401036032e+09|2.547704029e+09|3.000000|3.000000|3.000000
1.343005384e+06|2.263252396e+09|2.384885370e+09|2.531167077e+09|3.000000|3.000000|3.000000
1.347352753e+06|2.245178456e+09|2.367228555e+09|2.513133943e+09|3.000000|3.000000|3.000000
1.352476237e+06|2.223960340e+09|2.346528037e+09|2.492045274e+09|3.000000|3.000000|3.000000
1.358051864e+06|2.200970851e+09|2.324122799e+09|2.469273657e+09|3.000000|3.000000|3.000000
1.362901530e+06|2.181059927e+09|2.304728837e+09|2.449598642e+09|3.000000|3.000000|3.000000
1.367147696e+06|2.163691483e+09|2.287813696e+09|2.432459524e+09|3.000000|3.000000|3.000000
1.371438692e+06|2.146200619e+09|2.270776698e+09|2.415211779e+09|3.000000|3.000000|3.000000
1.374905602e+06|2.132113282e+09|2.257049966e+09|2.401322909e+09|3.000000|3.000000|3.000000
1.378272788e+06|2.118468848e+09|2.243748322e+09|2.387868274e+09|3.000000|3.000000|3.000000
1.381917452e+06|2.103741519e+09|2.229381578e+09|2.373338471e+09|3.000000|3.000000|3.000000
1.386080950e+06|2.086969937e+09|2.213005842e+09|2.356776586e+09|3.000000|3.000000|3.000000
1.390278264e+06|2.070117869e+09|2.196532492e+09|2.340112338e+09|3.000000|3.000000|3.000000
1.395101693e+06|2.050820081e+09|2.177640951e+09|2.320993166e+09|3.000000|3.000000|3.000000
1.399369950e+06|2.033803229e+09|2.160954686e+09|2.304094610e+09|3.000000|3.000000|3.000000
1.404209022e+06|2.014577289e+09|2.142067432e+09|2.284950556e+09|3.000000|3.000000|3.000000
1.408627111e+06|1.997084623e+09|2.124847831e+09|2.267478462e+09|3.000000|3.000000|3.000000
1.413334874e+06|1.978507422e+09|2.106521085e+09|2.248860743e+09|3.000000|3.000000|3.000000
1.417270458e+06|1.963025637e+09|2.091214958e+09|2.233292047e+09|3.000000|3.000000|3.000000
1.420570824e+06|1.950075893e+09|2.078387933e+09|2.220230153e+09|3.000000|3.000000|3.000000
1.424137460e+06|1.936114767e+09|2.064533475e+09|2.206105905e+09|3.000000|3.000000|3.000000
1.427542269e+06|1.922818800e+09|2.051313603e+09|2.192612263e+09|3.000000|3.000000|3.000000
1.431576576e+06|1.907103792e+09|2.035655559e+09|2.176608447e+09|3.000000|3.000000|3.000000
1.435448476e+06|1.892060398e+09|2.020632411e+09|2.161230859e+09|3.000000|3.000000|3.000000
1.439805829e+06|1.875175282e+09|2.003729213e+09|2.143901519e+09|3.000000|3.000000|3.000000
1.444428012e+06|1.857313709e+09|1.985800725e+09|2.125488688e+09|3.000000|3.000000|3.000000
1.448844856e+06|1.840291873e+09|1.968668812e+09|2.107862360e+09|3.000000|3.000000|3.000000
1.452862939e+06|1.824844670e+09|1.953082298e+09|2.091799010e+09|3.000000|3.000000|3.000000
1.456846039e+06|1.809566285e+09|1.937629124e+09|2.075847643e+09|3.000000|3.000000|3.000000
1.460871545e+06|1.794158696e+09|1.922008041e+09|2.059697340e+09|3.000000|3.000000|3.000000
1.464721040e+06|1.779455049e+09|1.907065960e+09|2.044225184e+09|3.000000|3.000000|3.000000
1.468131771e+06|1.766451093e+09|1.893823117e+09|2.030493323e+09|3.000000|3.000000|3.000000
1.471762602e+06|1.752631560e+09|1.879721202e+09|2.015851165e+09|3.000000|3.000000|3.000000
1.475411470e+06|1.738766899e+09|1.865544112e+09|2.001111117e+09|3.000000|3.000000|3.000000
1.479334750e+06|1.723884692e+09|1.850294646e+09|1.985234515e+09|3.000000|3.000000|3.000000
1.483520398e+06|1.708034553e+09|1.834017838e+09|1.968264461e+09|3.000000|3.000000|3.000000
1.487486906e+06|1.693038873e+09|1.818585646e+09|1.952153156e+09|3.000000|3.000000|3.000000
1.491236565e+06|1.678883793e+09|1.803990104e+09|1.936896650e+09|3.000000|3.000000|3.000000
1.495579146e+06|1.662514131e+09|1.787077858e+09|1.919197020e+09|3.000000|3.000000|3.000000
1.499298595e+06|1.648512350e+09|1.772584807e+09|1.904011920e+09|3.000000|3.000000|3.000000
1.503650109e+06|1.632151765e+09|1.755619905e+09|1.886218067e+09|3.000000|3.000000|3.000000
1.507433006e+06|1.617945732e+09|1.740863965e+09|1.870725810e+09|3.000000|3.000000|3.000000
1.511188983e+06|1.603854914e+09|1.726205855e+09|1.855323379e+09|3.000000|3.000000|3.000000
1.515045753e+06|1.589399381e+09|1.711147071e+09|1.839487807e+09|3.000000|3.000000|3.000000
1.518947241e+06|1.574788779e+09|1.695906296e+09|1.823449703e+09|3.000000|3.000000|3.000000
1.522704511e+06|1.560728963e+09|1.681222082e+09|1.807987995e+09|3.000000|3.000000|3.000000
1.526336119e+06|1.547148243e+09|1.667022850e+09|1.793029535e+09|3.000000|3.000000|3.000000
1.529772585e+06|1.534304337e+09|1.653581282e+09|1.778863647e+09|3.000000|3.000000|3.000000
1.533733772e+06|1.519506609e+09|1.638081184e+09|1.762522932e+09|3.000000|3.000000|3.000000
1.537834984e+06|1.504192698e+09|1.622026691e+09|1.745593365e+09|3.000000|3.000000|3.000000
1.542097230e+06|1.488283349e+09|1.605335355e+09|1.727989469e+09|3.000000|3.000000|3.000000
1.545839494e+06|1.474318517e+09|1.590675337e+09|1.712527262e+09|3.000000|3.000000|3.000000
1.549529709e+06|1.460550104e+09|1.576215109e+09|1.697276618e+09|3.000000|3.000000|3.000000
1.552951526e+06|1.447784104e+09|1.562803331e+09|1.683133700e+09|3.000000|3.000000|3.000000
1.556801349e+06|1.433421413e+09|1.547710690e+09|1.667221976e+09|3.000000|3.000000|3.000000
1.560982775e+06|1.417820392e+09|1.531314690e+09|1.649942379e+09|3.000000|3.000000|3.000000
1.564409217e+06|1.405034290e+09|1.517876969e+09|1.635786711e+09|3.000000|3.000000|3.000000
1.568534889e+06|1.389635398e+09|1.501695094e+09|1.618749420e+09|3.000000|3.000000|3.000000
1.572529468e+06|1.374720882e+09|1.486026018e+09|1.602263300e+09|3.000000|3.000000|3.000000
1.576213429e+06|1.360960747e+09|1.471574739e+09|1.587069847e+09|3.000000|3.000000|3.000000
1.579783995e+06|1.347618324e+09|1.457568220e+09|1.572355741e+09|3.000000|3.000000|3.000000
1.583571505e+06|1.333457996e+09|1.442711151e+09|1.556762153e+09|3.000000|3.000000|3.000000
1.587149169e+06|1.320074503e+09|1.428678189e+09|1.542048089e+09|3.000000|3.000000|3.000000
1.590737961e+06|1.306641021e+09|1.414603011e+09|1.527305217e+09|3.000000|3.000000|3.000000
1.594232630e+06|1.293551048e+09|1.400898825e+09|1.512966960e+09|3.000000|3.000000|3.000000
1.597897639e+06|1.279812897e+09|1.386529100e+09|1.497950557e+09|3.000000|3.000000|3.000000
1.601527878e+06|1.266194066e+09|1.372298656e+09|1.483099245e+09|3.000000|3.000000|3.000000
1.605565697e+06|1.251032399e+09|1.356474562e+09|1.466609021e+09|3.000000|3.000000|3.000000
1.609134463e+06|1.237619102e+09|1.342492730e+09|1.452061086e+09|3.000000|3.000000|3.000000
1.612592588e+06|1.224609450e+09|1.328948433e+09|1.437989541e+09|3.000000|3.000000|3.000000
1.616220665e+06|1.210946873e+09|1.314743221e+09|1.423254722e+09|3.000000|3.000000|3.000000
1.620315220e+06|1.195510156e+09|1.298717926e+09|1.406661944e+09|3.000000|3.000000|3.000000
1.624324130e+06|1.180377532e+09|1.283034891e+09|1.390455619e+09|3.000000|3.000000|3.000000
1.628122517e+06|1.166021699e+09|1.268182361e+09|1.375137902e+09|3.000000|3.000000|3.000000
1.631749784e+06|1.152295763e+09|1.254005630e+09|1.360545666e+09|3.000000|3.000000|3.000000
1.635421058e+06|1.138386001e+09|1.239663905e+09|1.345812787e+09|3.000000|3.000000|3.000000
1.638255127e+06|1.127636024e+09|1.228597718e+09|1.334465342e+09|3.000000|3.000000|3.000000
1.641484560e+06|1.115373085e+09|1.215993272e+09|1.321562830e+09|3.000000|3.000000|3.000000
1.645144813e+06|1.101456731e+09|1.201714675e+09|1.306975806e+09|3.000000|3.000000|3.000000
1.649143713e+06|1.086231132e+09|1.186124195e+09|1.291084699e+09|3.000000|3.000000|3.000000
1.652602373e+06|1.073043828e+09|1.172647859e+09|1.277379421e+09|3.000000|3.000000|3.000000
1.656527589e+06|1.058056304e+09|1.157362706e+09|1.261869800e+09|3.000000|3.000000|3.000000
1.660632266e+06|1.042358939e+09|1.141389189e+09|1.245702162e+09|3.000000|3.000000|3.000000
1.663758975e+06|1.030384481e+09|1.129228719e+09|1.233421875e+09|3.000000|3.000000|3.000000
1.666994217e+06|1.017978656e+09|1.116652762e+09|1.220747577e+09|3.000000|3.000000|3.000000
1.670392285e+06|1.004931130e+09|1.103451119e+09|1.207470758e+09|3.000000|3.000000|3.000000
1.673746264e+06|9.920353736e+08|1.090427994e+09|1.194401650e+09|3.000000|3.000000|3.000000
1.676797618e+06|9.802880164e+08|1.078586110e+09|1.182542207e+09|3.000000|3.000000|3.000000
1.680686044e+06|9.652970399e+08|1.063504057e+09|1.167471089e+09|3.000000|3.000000|3.000000
1.684469662e+06|9.506875513e+08|1.048837339e+09|1.152850509e+09|3.000000|3.000000|3.000000
1.688301154e+06|9.358705723e+08|1.033993616e+09|1.138088703e+09|3.000000|3.000000|3.000000
1.692211495e+06|9.207253083e+08|1.018852944e+09|1.123067513e+09|3.000000|3.000000|3.000000
1.696406187e+06|9.044526799e+08|1.002620317e+09|1.107002434e+09|3.000000|3.000000|3.000000
1.700521739e+06|8.884611777e+08|9.867024086e+08|1.091287401e+09|3.000000|3.000000|3.000000
1.704021661e+06|8.748418936e+08|9.731716391e+08|1.077958168e+09|3.000000|3.000000|3.000000
1.707151412e+06|8.626478165e+08|9.610762128e+08|1.066064750e+09|3.000000|3.000000|3.000000
1.710470622e+06|8.497001166e+08|9.482525083e+08|1.053476911e+09|3.000000|3.000000|3.000000
1.713552356e+06|8.376647997e+08|9.363494415e+08|1.041811942e+09|3.000000|3.000000|3.000000
1.716423114e+06|8.264415720e+08|9.252635745e+08|1.030963671e+09|3.000000|3.000000|3.000000
1.719231455e+06|8.154515482e+08|9.144205016e+08|1.020367053e+09|3.000000|3.000000|3.000000
1.722712867e+06|8.018130921e+08|9.009804831e+08|1.007250703e+09|3.000000|3.000000|3.000000
1.725593287e+06|7.905172692e+08|8.898615529e+08|9.964137546e+08|3.000000|3.000000|3.000000
1.728599638e+06|7.787166170e+08|8.782568480e+08|9.851160087e+08|3.000000|3.000000|3.000000
1.732242628e+06|7.644025384e+08|8.641942775e+08|9.714411464e+08|3.000000|3.000000|3.000000
1.735683015e+06|7.508706146e+08|8.509123961e+08|9.585394711e+08|3.000000|3.000000|3.000000
1.738933131e+06|7.380752906e+08|8.383628675e+08|9.463599330e+08|3.000000|3.000000|3.000000
1.742910304e+06|7.224029877e+08|8.230016851e+08|9.314632742e+08|3.000000|3.000000|3.000000
1.747087993e+06|7.059244339e+08|8.068590414e+08|9.158191054e+08|3.000000|3.000000|3.000000
1.751939702e+06|6.867685429e+08|7.881000024e+08|8.976471493e+08|3.000000|3.000000|3.000000
1.756339744e+06|6.693806235e+08|7.710731462e+08|8.811548199e+08|3.000000|3.000000|3.000000
1.759958974e+06|6.550688574e+08|7.570554584e+08|8.675742844e+08|3.000000|3.000000|3.000000
1.763823343e+06|6.397797949e+08|7.420738300e+08|8.530529804e+08|3.000000|3.000000|3.000000
1.766961882e+06|6.273574630e+08|7.298935737e+08|8.412388828e+08|3.000000|3.000000|3.000000
1.770165227e+06|6.146750273e+08|7.174487258e+08|8.291580151e+08|3.000000|3.000000|3.000000
1.772804127e+06|6.042252593e+08|7.071857743e+08|8.191856935e+08|3.000000|3.000000|3.000000
1.776114099e+06|5.911164466e+08|6.942975938e+08|8.066478104e+08|3.000000|3.000000|3.000000
1.779096670e+06|5.793035821e+08|6.826682483e+08|7.953181536e+08|3.000000|3.000000|3.000000
1.782139120e+06|5.672538451e+08|6.707884064e+08|7.837259013e+08|3.000000|3.000000|3.000000
1.784947134e+06|5.561337037e+08|6.598074670e+08|7.729919320e+08|3.000000|3.000000|3.000000
1.787329061e+06|5.467023694e+08|6.504794509e+08|7.638579088e+08|3.000000|3.000000|3.000000
1.790071184e+06|5.358471543e+08|6.397246847e+08|7.533070297e+08|3.000000|3.000000|3.000000
1.793333212e+06|5.229380988e+08|6.269067350e+08|7.407017528e+08|3.000000|3.000000|3.000000
1.796544777e+06|5.102345767e+08|6.142596282e+08|7.282289819e+08|3.000000|3.000000|3.000000
1.799796513e+06|4.973794535e+08|6.014245066e+08|7.155312643e+08|3.000000|3.000000|3.000000
1.802940018e+06|4.849605588e+08|5.889860417e+08|7.031846147e+08|3.000000|3.000000|3.000000
1.806383529e+06|4.713675064e+08|5.753235863e+08|6.895721536e+08|3.000000|3.000000|3.000000
1.810627070e+06|4.546349783e+08|5.584298705e+08|6.726602338e+08|3.000000|3.000000|3.000000
1.816674672e+06|4.308312113e+08|5.342351662e+08|6.482694721e+08|3.000000|3.000000|3.000000
1.823388388e+06|4.044759098e+08|5.071936808e+08|6.207442024e+08|3.000000|3.000000|3.000000
1.827076260e+06|3.900358497e+08|4.922500210e+08|6.054011123e+08|3.000000|3.000000|3.000000
1.829959603e+06|3.787665516e+08|4.805186735e+08|5.932853819e+08|3.000000|3.000000|3.000000
1.832323452e+06|3.695421772e+08|4.708681568e+08|5.832697806e+08|3.000000|3.000000|3.000000
1.834665089e+06|3.604181931e+08|4.612779527e+08|5.732714073e+08|3.000000|3.000000|3.000000
1.837421816e+06|3.496953811e+08|4.499474457e+08|5.613983028e+08|3.000000|3.000000|3.000000
1.840207048e+06|3.388832842e+08|4.384536731e+08|5.492848982e+08|3.000000|3.000000|3.000000
1.843318232e+06|3.268331646e+08|4.255575238e+08|5.356073747e+08|3.000000|3.000000|3.000000
1.845886637e+06|3.169083396e+08|4.148637289e+08|5.241941155e+08|3.000000|3.000000|3.000000
1.849290593e+06|3.037888708e+08|4.006217896e+08|5.088896584e+08|3.000000|3.000000|3.000000
1.851935019e+06|2.936251258e+08|3.895008805e+08|4.968535080e+08|3.000000|3.000000|3.000000
1.854319257e+06|2.844838053e+08|3.794298543e+08|4.858869367e+08|3.000000|3.000000|3.000000
1.856898900e+06|2.746183508e+08|3.684843985e+08|4.738944074e+08|3.000000|3.000000|3.000000
1.859801538e+06|2.635502750e+08|3.561052781e+08|4.602360901e+08|3.000000|3.000000|3.000000
1.862443361e+06|2.535081840e+08|3.447781284e+08|4.476478928e+08|3.000000|3.000000|3.000000
1.865508107e+06|2.418979160e+08|3.315627683e+08|4.328491166e+08|3.000000|3.000000|3.000000
1.868533441e+06|2.304805242e+08|3.184353853e+08|4.180263704e+08|3.000000|3.000000|3.000000
1.872187481e+06|2.167512274e+08|3.024666972e+08|3.998266004e+08|3.000000|3.000000|3.000000
1.878198788e+06|1.943194701e+08|2.759118689e+08|3.691388501e+08|3.000000|3.000000|3.000000
1.888354601e+06|1.569036019e+08|2.301759408e+08|3.149940792e+08|3.000000|3.000000|3.000000
1.892329584e+06|1.424400314e+08|2.119513497e+08|2.929469976e+08|3.000000|3.000000|3.000000
1.895059117e+06|1.325717935e+08|1.993244179e+08|2.775098811e+08|3.000000|3.000000|3.000000
1.897459494e+06|1.239380855e+08|1.881418150e+08|2.637266423e+08|3.000000|3.000000|3.000000
1.899425520e+06|1.168986393e+08|1.789266053e+08|2.522886690e+08|3.000000|3.000000|3.000000
1.901412222e+06|1.098152167e+08|1.695619303e+08|2.405909209e+08|3.000000|3.000000|3.000000
1.903420893e+06|1.026849497e+08|1.600387963e+08|2.286180097e+08|3.000000|3.000000|3.000000
1.905907289e+06|9.390391839e+07|1.481724750e+08|2.135895170e+08|3.000000|3.000000|3.000000
1.908255171e+06|8.565908603e+07|1.368857038e+08|1.991815140e+08|3.000000|3.000000|3.000000
1.910552251e+06|7.763813416e+07|1.257645501e+08|1.848761304e+08|3.000000|3.000000|3.000000
1.913542905e+06|6.726482796e+07|1.111658084e+08|1.659327405e+08|3.000000|3.000000|3.000000
1.916333661e+06|5.765802794e+07|9.741722752e+07|1.479208448e+08|3.000000|3.000000|3.000000
1.918790432e+06|4.926123663e+07|8.521070811e+07|1.317891574e+08|3.000000|3.000000|3.000000
1.921007036e+06|4.173514352e+07|7.411230751e+07|1.170073353e+08|3.000000|3.000000|3.000000
1.923418772e+06|3.360166236e+07|6.194288525e+07|1.006734022e+08|3.000000|3.000000|3.000000
1.926056026e+06|2.477520378e+07|4.852059967e+07|8.250532634e+07|3.000000|3.000000|3.000000
1.928407289e+06|1.696705263e+07|3.645009561e+07|6.603031631e+07|3.000000|3.000000|3.000000
1.930305093e+06|1.070785243e+07|2.663449949e+07|5.253764804e+07|3.000000|3.000000|3.000000
