#PHASE|Nmant|Nmant/Nmanttot|Mmant|Mmant/Mmanttot|RRRminmant|RRRminmantEq|RRRmaxmant|RRRmaxmantEq|Ncore|Ncore/Ncoretot|Mcore|Mcore/Mcoretot|RRRmincore|RRRmaxcore|
0.000000000e+00|0.000000000e+00|0.000000000e+00|0.000000000e+00|0.000000000e+00|inf|inf|-inf|inf|0.000000000e+00|0.000000000e+00|0.000000000e+00|0.000000000e+00|inf|-inf
1.000000000e+00|1.134570000e+05|9.163725356e-01|3.863866831e+22|9.162185137e-01|8.901568043e+05|8.910998060e+05|1.551907525e+06|inf|1.134570000e+05|0.000000000e+00|0.000000000e+00|0.000000000e+00|inf|-inf
2.000000000e+00|5.092000000e+03|4.112720194e-02|1.737505082e+21|4.120054840e-02|1.454308031e+06|1.454308031e+06|1.284646022e+08|inf|5.092000000e+03|0.000000000e+00|0.000000000e+00|0.000000000e+00|inf|-inf
3.000000000e+00|5.204000000e+03|4.203180654e-02|1.775774919e+21|4.210802100e-02|1.287193070e+06|1.287193070e+06|1.554100916e+06|inf|5.204000000e+03|0.000000000e+00|0.000000000e+00|0.000000000e+00|inf|-inf
4.000000000e+00|5.600000000e+01|4.523022995e-04|1.925132916e+19|4.564966901e-04|1.493513555e+06|1.541168562e+06|1.554272349e+06|inf|5.600000000e+01|1.000000000e+00|1.793125284e+22|1.000000000e+00|1.067516410e+04|8.517056700e+05
5.000000000e+00|2.000000000e+00|1.615365355e-05|6.924718734e+17|1.642022302e-05|1.551747112e+06|1.551747112e+06|6.575664265e+07|inf|2.000000000e+00|0.000000000e+00|0.000000000e+00|0.000000000e+00|inf|-inf
6.000000000e+00|0.000000000e+00|0.000000000e+00|0.000000000e+00|0.000000000e+00|inf|inf|-inf|inf|0.000000000e+00|0.000000000e+00|0.000000000e+00|0.000000000e+00|inf|-inf
7.000000000e+00|0.000000000e+00|0.000000000e+00|0.000000000e+00|0.000000000e+00|inf|inf|-inf|inf|0.000000000e+00|0.000000000e+00|0.000000000e+00|0.000000000e+00|inf|-inf
8.000000000e+00|0.000000000e+00|0.000000000e+00|0.000000000e+00|0.000000000e+00|inf|inf|-inf|inf|0.000000000e+00|0.000000000e+00|0.000000000e+00|0.000000000e+00|inf|-inf
