#RRR|U50|U25|U75|Umean|T50|T25|T75|Tmean|P50|P25|P75|Pmean|rho50|rho25|rho75|Pmean|S
3.218451066e+05|7.474408921e+06|7.503879283e+06|7.522370196e+06|7.495802961e+06|6.263951827e+03|6.273736442e+03|6.279863875e+03|6.271024668e+03|3.002097145e+11|3.016827138e+11|3.026068211e+11|3.012796286e+11|1.182566992e+04|1.183938135e+04|1.184796436e+04|1.183558789e+04|1.901505453e+03
4.878670623e+05|7.429870740e+06|7.462741035e+06|7.488386664e+06|7.458186733e+06|6.249105136e+03|6.260071226e+03|6.268595550e+03|6.258520317e+03|2.979856099e+11|2.996265394e+11|3.009084064e+11|2.994001313e+11|1.180489551e+04|1.182023730e+04|1.183218384e+04|1.181807910e+04|1.901505453e+03
5.798554233e+05|7.392218641e+06|7.423472882e+06|7.442471926e+06|7.415538841e+06|6.236504175e+03|6.246967306e+03|6.253312544e+03|6.244273956e+03|2.961059343e+11|2.976661982e+11|2.986147133e+11|2.972707188e+11|1.178726733e+04|1.180190771e+04|1.181078027e+04|1.179814258e+04|1.901505453e+03
6.512541430e+05|7.359202400e+06|7.391979073e+06|7.419978440e+06|7.388549222e+06|6.225403615e+03|6.236423720e+03|6.245799161e+03|6.235207189e+03|2.944588821e+11|2.960939840e+11|2.974917145e+11|2.959240923e+11|1.177175635e+04|1.178715186e+04|1.180026440e+04|1.178546973e+04|1.901505453e+03
7.083085002e+05|7.338968542e+06|7.369032602e+06|7.383045575e+06|7.357512214e+06|6.218585868e+03|6.228711812e+03|6.233423056e+03|6.224785203e+03|2.934493497e+11|2.949492958e+11|2.956483580e+11|2.943754534e+11|1.176222095e+04|1.177637695e+04|1.178296045e+04|1.177090039e+04|1.901505453e+03
7.582365194e+05|7.312528963e+06|7.342907316e+06|7.365115649e+06|7.334703010e+06|6.209650411e+03|6.219913912e+03|6.227393945e+03|6.217092542e+03|2.921314164e+11|2.936458574e+11|2.947538862e+11|2.932379106e+11|1.174974878e+04|1.176407959e+04|1.177453271e+04|1.176015234e+04|1.901505453e+03
8.141455410e+05|7.283864556e+06|7.306038128e+06|7.326425122e+06|7.301977279e+06|6.199937430e+03|6.207452983e+03|6.214350906e+03|6.206037523e+03|2.907028930e+11|2.918079492e+11|2.928238390e+11|2.916062783e+11|1.173618384e+04|1.174667676e+04|1.175631079e+04|1.174471094e+04|1.901505453e+03
8.567110872e+05|7.259741535e+06|7.289975086e+06|7.312754322e+06|7.284862385e+06|6.191741219e+03|6.202009916e+03|6.209726683e+03|6.200224439e+03|2.895010020e+11|2.910074288e+11|2.921426462e+11|2.907535752e+11|1.172475146e+04|1.173908398e+04|1.174985181e+04|1.173659961e+04|1.901505453e+03
9.005981574e+05|7.231583631e+06|7.253559769e+06|7.270314463e+06|7.250537692e+06|6.182142065e+03|6.189635746e+03|6.195337952e+03|6.188581484e+03|2.880991134e+11|2.891932307e+11|2.900274987e+11|2.890431974e+11|1.171136963e+04|1.172181689e+04|1.172976343e+04|1.172035156e+04|1.901505453e+03
9.468941465e+05|7.188661442e+06|7.217551515e+06|7.247406797e+06|7.214240823e+06|6.167457545e+03|6.177350071e+03|6.187539007e+03|6.176164857e+03|2.859625952e+11|2.874004186e+11|2.888869081e+11|2.872365595e+11|1.169089551e+04|1.170468604e+04|1.171888965e+04|1.170304395e+04|1.901505453e+03
9.861060290e+05|7.169534933e+06|7.189379007e+06|7.216076080e+06|7.194044392e+06|6.160888727e+03|6.167703785e+03|6.176845873e+03|6.169268618e+03|2.850111234e+11|2.859982871e+11|2.873269581e+11|2.862310794e+11|1.168174878e+04|1.169124463e+04|1.170398267e+04|1.169342969e+04|1.901505453e+03
1.023910130e+06|7.137258176e+06|7.160778107e+06|7.184730749e+06|7.161362993e+06|6.149779200e+03|6.157877773e+03|6.166108414e+03|6.158035249e+03|2.834053907e+11|2.845755039e+11|2.857670701e+11|2.846053451e+11|1.166627905e+04|1.167756104e+04|1.168902075e+04|1.167778516e+04|1.901505453e+03
1.064460722e+06|7.105113209e+06|7.132310459e+06|7.163393586e+06|7.130540786e+06|6.138669346e+03|6.148071143e+03|6.158777309e+03|6.147414913e+03|2.818081219e+11|2.831595527e+11|2.847056216e+11|2.830726614e+11|1.165082080e+04|1.166389795e+04|1.167880737e+04|1.166300000e+04|1.901505453e+03
1.100440971e+06|7.077232271e+06|7.100943094e+06|7.128969560e+06|7.104700070e+06|6.129008793e+03|6.137225879e+03|6.146917380e+03|6.138484028e+03|2.804225099e+11|2.816008983e+11|2.829935365e+11|2.817882356e+11|1.163738184e+04|1.164882129e+04|1.166229370e+04|1.165057227e+04|1.901505453e+03
1.135921182e+06|7.047324456e+06|7.074284791e+06|7.094280632e+06|7.069210572e+06|6.118600776e+03|6.127985809e+03|6.134918637e+03|6.126168611e+03|2.789374076e+11|2.802760368e+11|2.812698067e+11|2.800250856e+11|1.162292554e+04|1.163596436e+04|1.164560547e+04|1.163345020e+04|1.901505453e+03
1.168153575e+06|7.015548654e+06|7.045516272e+06|7.066200823e+06|7.038227367e+06|6.107511449e+03|6.117970547e+03|6.125174194e+03|6.115375295e+03|2.773594470e+11|2.788476235e+11|2.798746979e+11|2.784865520e+11|1.160751367e+04|1.162204541e+04|1.163205322e+04|1.161845020e+04|1.901505453e+03
1.204908302e+06|6.988392449e+06|7.007683799e+06|7.030028450e+06|7.011114237e+06|6.097997760e+03|6.104760281e+03|6.112568407e+03|6.105909648e+03|2.760121918e+11|2.769690353e+11|2.780785248e+11|2.771404597e+11|1.159430444e+04|1.160368750e+04|1.161453760e+04|1.160529980e+04|1.901505453e+03
1.237596939e+06|6.949866855e+06|6.970592309e+06|6.994947682e+06|6.968729136e+06|6.084459346e+03|6.091748119e+03|6.100296931e+03|6.091050468e+03|2.741009782e+11|2.751291997e+11|2.763373413e+11|2.750374789e+11|1.157551562e+04|1.158563379e+04|1.159749219e+04|1.158467285e+04|1.901505453e+03
1.267253198e+06|6.913366339e+06|6.943301520e+06|6.962470037e+06|6.936564716e+06|6.071569699e+03|6.082144902e+03|6.088893216e+03|6.079730038e+03|2.722921035e+11|2.737755576e+11|2.747262635e+11|2.734423925e+11|1.155764819e+04|1.157230127e+04|1.158166943e+04|1.156896582e+04|1.901505453e+03
1.298035998e+06|6.902221553e+06|6.922666271e+06|6.955447865e+06|6.927907915e+06|6.067625612e+03|6.074858037e+03|6.086423370e+03|6.076669570e+03|2.717397406e+11|2.727529918e+11|2.743778548e+11|2.730133926e+11|1.155217554e+04|1.156220312e+04|1.157823633e+04|1.156472266e+04|1.901505453e+03
1.328946174e+06|6.866414668e+06|6.899187277e+06|6.922469341e+06|6.893853815e+06|6.054914244e+03|6.066551126e+03|6.074788433e+03|6.064615983e+03|2.699659698e+11|2.715893730e+11|2.727432334e+11|2.713258247e+11|1.153456909e+04|1.155068896e+04|1.156210693e+04|1.154801465e+04|1.901505453e+03
1.363376570e+06|6.831274630e+06|6.851116220e+06|6.878224049e+06|6.850756474e+06|6.042388801e+03|6.049465909e+03|6.059115037e+03|6.049289409e+03|2.682257787e+11|2.692084148e+11|2.705506858e+11|2.691913194e+11|1.151721875e+04|1.152702686e+04|1.154038159e+04|1.152678906e+04|1.901505453e+03
1.389683015e+06|6.804552093e+06|6.827033532e+06|6.857066487e+06|6.830500189e+06|6.032827725e+03|6.040874491e+03|6.051585884e+03|6.042059984e+03|2.669035432e+11|2.680157629e+11|2.695030526e+11|2.681885444e+11|1.150399512e+04|1.151512500e+04|1.152995532e+04|1.151677832e+04|1.901505453e+03
1.418391971e+06|6.772898405e+06|6.789140235e+06|6.814255056e+06|6.794780221e+06|6.021467627e+03|6.027300551e+03|6.036303655e+03|6.029290610e+03|2.653377625e+11|2.661411925e+11|2.673834440e+11|2.664206657e+11|1.148828052e+04|1.149635254e+04|1.150880444e+04|1.149910742e+04|1.901505453e+03
1.445730822e+06|6.732197185e+06|6.757838519e+06|6.780107291e+06|6.757197465e+06|6.006791582e+03|6.016049415e+03|6.024057580e+03|6.015770184e+03|2.633255442e+11|2.645928482e+11|2.656943722e+11|2.645620138e+11|1.146800049e+04|1.148078467e+04|1.149186597e+04|1.148041504e+04|1.901505453e+03
1.474327931e+06|6.707662557e+06|6.731419668e+06|6.759185192e+06|6.732475350e+06|5.997913623e+03|6.006510539e+03|6.016535071e+03|6.006853615e+03|2.621127646e+11|2.632871165e+11|2.646593934e+11|2.633397595e+11|1.145573291e+04|1.146760840e+04|1.148145923e+04|1.146809277e+04|1.901505453e+03
1.504127453e+06|6.674973016e+06|6.693289308e+06|6.713606109e+06|6.695443020e+06|5.986038899e+03|5.992699817e+03|6.000066126e+03|5.993430497e+03|2.604981818e+11|2.614025336e+11|2.624065424e+11|2.615099775e+11|1.143934131e+04|1.144853418e+04|1.145870312e+04|1.144955469e+04|1.901505453e+03
1.529191836e+06|6.644758830e+06|6.665985455e+06|6.694590986e+06|6.666470659e+06|5.975027448e+03|5.982766520e+03|5.993172772e+03|5.982893522e+03|2.590060671e+11|2.600543524e+11|2.614668158e+11|2.600790658e+11|1.142414771e+04|1.143482715e+04|1.144917969e+04|1.143500977e+04|1.901505453e+03
1.553726043e+06|6.613036517e+06|6.638717344e+06|6.663062871e+06|6.639786884e+06|5.963417825e+03|5.972822035e+03|5.981701817e+03|5.973159081e+03|2.574409514e+11|2.587077440e+11|2.599100486e+11|2.587617192e+11|1.140813940e+04|1.142110010e+04|1.143336230e+04|1.142158105e+04|1.901505453e+03
1.580069597e+06|6.589567492e+06|6.612142999e+06|6.627061949e+06|6.609396936e+06|5.954804168e+03|5.963090235e+03|5.968556831e+03|5.962054458e+03|2.562831431e+11|2.573968766e+11|2.581327848e+11|2.572617296e+11|1.139626318e+04|1.140768945e+04|1.141522363e+04|1.140626465e+04|1.901505453e+03
1.607032288e+06|6.550644314e+06|6.575658961e+06|6.595851006e+06|6.573737655e+06|5.940455914e+03|5.949689518e+03|5.957112145e+03|5.948938878e+03|2.543639297e+11|2.555969405e+11|2.565931082e+11|2.555030091e+11|1.137650708e+04|1.138921436e+04|1.139945190e+04|1.138819629e+04|1.901505453e+03
1.631881730e+06|6.519630666e+06|6.547515621e+06|6.566198473e+06|6.540847264e+06|5.928978820e+03|5.939299536e+03|5.946199842e+03|5.936784045e+03|2.528349977e+11|2.542097129e+11|2.551306888e+11|2.538817058e+11|1.136069849e+04|1.137491650e+04|1.138441455e+04|1.137146094e+04|1.901505453e+03
1.657182915e+06|6.486949374e+06|6.514972567e+06|6.534972886e+06|6.513407250e+06|5.916830592e+03|5.927251100e+03|5.934660474e+03|5.926597778e+03|2.512255635e+11|2.526054569e+11|2.535913835e+11|2.525297809e+11|1.134399390e+04|1.135832666e+04|1.136852637e+04|1.135744336e+04|1.901505453e+03
1.678544486e+06|6.468114788e+06|6.487963625e+06|6.516330707e+06|6.489646588e+06|5.909811919e+03|5.917208202e+03|5.927755375e+03|5.917775956e+03|2.502980520e+11|2.512755168e+11|2.526723370e+11|2.513592326e+11|1.133433984e+04|1.134451465e+04|1.135901538e+04|1.134530664e+04|1.901505453e+03
1.703454875e+06|6.434678611e+06|6.457427057e+06|6.485708244e+06|6.462026786e+06|5.897304048e+03|5.905823776e+03|5.916368455e+03|5.907496872e+03|2.486523805e+11|2.497716422e+11|2.511644341e+11|2.499989630e+11|1.131715674e+04|1.132885205e+04|1.134336157e+04|1.133116992e+04|1.901505453e+03
1.727039570e+06|6.401576533e+06|6.427096167e+06|6.453947219e+06|6.427503142e+06|5.884874009e+03|5.894460135e+03|5.904522125e+03|5.894573605e+03|2.470235502e+11|2.482793354e+11|2.496004323e+11|2.482998079e+11|1.130007861e+04|1.131325244e+04|1.132706567e+04|1.131341113e+04|1.901505453e+03
1.752462752e+06|6.372630007e+06|6.393574443e+06|6.416355732e+06|6.394662697e+06|5.873954235e+03|5.881860742e+03|5.890428372e+03|5.882231369e+03|2.456003475e+11|2.466299024e+11|2.477507913e+11|2.466842065e+11|1.128509326e+04|1.129593555e+04|1.130770654e+04|1.129645996e+04|1.901505453e+03
1.777829721e+06|6.340765978e+06|6.358233818e+06|6.383184517e+06|6.364774926e+06|5.861896159e+03|5.868510820e+03|5.877940487e+03|5.870938031e+03|2.440337871e+11|2.448926353e+11|2.461192242e+11|2.452148306e+11|1.126854712e+04|1.127762842e+04|1.129056323e+04|1.128096289e+04|1.901505453e+03
1.798530987e+06|6.302962125e+06|6.324092695e+06|6.350424741e+06|6.326175382e+06|5.847519854e+03|5.855562920e+03|5.865555035e+03|5.856307583e+03|2.421771471e+11|2.432148297e+11|2.445086717e+11|2.433179266e+11|1.124884302e+04|1.125986816e+04|1.127356885e+04|1.126089746e+04|1.901505453e+03
1.821970993e+06|6.276147855e+06|6.295561599e+06|6.325721066e+06|6.299807388e+06|5.837287768e+03|5.844699182e+03|5.856182077e+03|5.846268442e+03|2.408602962e+11|2.418137224e+11|2.432948036e+11|2.420228150e+11|1.123482178e+04|1.124497461e+04|1.126071021e+04|1.124713672e+04|1.901505453e+03
1.842425526e+06|6.255152686e+06|6.272483671e+06|6.308166191e+06|6.277530508e+06|5.829239768e+03|5.835884336e+03|5.849502184e+03|5.837768413e+03|2.398299306e+11|2.406805119e+11|2.424327638e+11|2.409288652e+11|1.122380347e+04|1.123289600e+04|1.125156079e+04|1.123549023e+04|1.901505453e+03
1.864715663e+06|6.214691870e+06|6.235532909e+06|6.258460228e+06|6.238936349e+06|5.813681039e+03|5.821704608e+03|5.830508657e+03|5.822959381e+03|2.378443469e+11|2.388669680e+11|2.399922639e+11|2.390347699e+11|1.120250024e+04|1.121348486e+04|1.122553540e+04|1.121521387e+04|1.901505453e+03
1.889218753e+06|6.185417080e+06|6.205735615e+06|6.232974002e+06|6.213582473e+06|5.802368542e+03|5.810223457e+03|5.820720743e+03|5.813214205e+03|2.364091215e+11|2.374053030e+11|2.387413690e+11|2.377907273e+11|1.118703784e+04|1.119777441e+04|1.121213599e+04|1.120187793e+04|1.901505453e+03
1.913469533e+06|6.150558839e+06|6.166270263e+06|6.194142160e+06|6.176571606e+06|5.788847370e+03|5.794952723e+03|5.805743400e+03|5.798901381e+03|2.347005371e+11|2.354702686e+11|2.368369098e+11|2.359760186e+11|1.116855029e+04|1.117689600e+04|1.119165210e+04|1.118230273e+04|1.901505453e+03
1.931997639e+06|6.130145190e+06|6.149812279e+06|6.184222744e+06|6.156179916e+06|5.780896557e+03|5.788556838e+03|5.801906358e+03|5.790994338e+03|2.337005849e+11|2.346639622e+11|2.363505725e+11|2.349765351e+11|1.115769312e+04|1.116815283e+04|1.118640674e+04|1.117149512e+04|1.901505453e+03
1.951740963e+06|6.089139709e+06|6.119928869e+06|6.151320693e+06|6.119475646e+06|5.764864387e+03|5.776911622e+03|5.789143793e+03|5.776683117e+03|2.316924283e+11|2.332000667e+11|2.347378589e+11|2.331785160e+11|1.113580396e+04|1.115224707e+04|1.116895532e+04|1.115194629e+04|1.901505453e+03
1.973205671e+06|6.069208288e+06|6.091859088e+06|6.114914101e+06|6.095226011e+06|5.757037265e+03|5.765931130e+03|5.774954199e+03|5.767200616e+03|2.307168241e+11|2.318255265e+11|2.329544244e+11|2.319909910e+11|1.112512915e+04|1.113725537e+04|1.114957178e+04|1.113900293e+04|1.901505453e+03
1.994702060e+06|6.029992742e+06|6.055604956e+06|6.072883579e+06|6.055703479e+06|5.741580015e+03|5.751686557e+03|5.758481686e+03|5.751667929e+03|2.287981051e+11|2.300508515e+11|2.308967159e+11|2.300566360e+11|1.110404321e+04|1.111782080e+04|1.112709253e+04|1.111780859e+04|1.901505453e+03
2.015154273e+06|5.999506536e+06|6.023543399e+06|6.055091848e+06|6.028181738e+06|5.729509634e+03|5.739029513e+03|5.751484594e+03|5.740808039e+03|2.273073710e+11|2.284827785e+11|2.300257388e+11|2.287103017e+11|1.108759351e+04|1.110057080e+04|1.111754663e+04|1.110300391e+04|1.901505453e+03
2.037424906e+06|5.966403794e+06|5.987617541e+06|6.013639769e+06|5.992401120e+06|5.716338120e+03|5.724790147e+03|5.735109829e+03|5.726639722e+03|2.256894893e+11|2.267260380e+11|2.279984425e+11|2.269606082e+11|1.106965942e+04|1.108116162e+04|1.109522583e+04|1.108369238e+04|1.901505453e+03
2.059607850e+06|5.938250227e+06|5.961019835e+06|5.987622424e+06|5.963998996e+06|5.705093970e+03|5.714190240e+03|5.724792090e+03|5.715339423e+03|2.243137041e+11|2.254264315e+11|2.267262765e+11|2.255723699e+11|1.105434473e+04|1.106673633e+04|1.108116699e+04|1.106830273e+04|1.901505453e+03
2.078903169e+06|5.912736567e+06|5.935381830e+06|5.970775886e+06|5.941929977e+06|5.694859223e+03|5.703946605e+03|5.718081464e+03|5.706502572e+03|2.230679612e+11|2.241735151e+11|2.259030958e+11|2.244944165e+11|1.104042749e+04|1.105278906e+04|1.107203467e+04|1.105628027e+04|1.901505453e+03
2.096978752e+06|5.883706155e+06|5.903526523e+06|5.921410869e+06|5.903107682e+06|5.683177668e+03|5.691156822e+03|5.698343187e+03|5.690941015e+03|2.216505708e+11|2.226182862e+11|2.234914053e+11|2.225984368e+11|1.102454272e+04|1.103539893e+04|1.104516821e+04|1.103511035e+04|1.901505453e+03
2.115444563e+06|5.849965232e+06|5.876341676e+06|5.906490837e+06|5.878615729e+06|5.669534333e+03|5.680207703e+03|5.692348789e+03|5.681073291e+03|2.200047191e+11|2.212911356e+11|2.227629926e+11|2.214030171e+11|1.100600635e+04|1.102050684e+04|1.103701929e+04|1.102169531e+04|1.901505453e+03
2.135546075e+06|5.824082375e+06|5.850995116e+06|5.875594459e+06|5.853119395e+06|5.659033005e+03|5.669951623e+03|5.679906134e+03|5.670739421e+03|2.187421955e+11|2.200549528e+11|2.212546753e+11|2.201593673e+11|1.099174292e+04|1.100657959e+04|1.102009790e+04|1.100765918e+04|1.901505453e+03
2.156085153e+06|5.794843624e+06|5.816253111e+06|5.847915573e+06|5.816932823e+06|5.647107668e+03|5.655845454e+03|5.668703714e+03|5.656062626e+03|2.173169743e+11|2.183604982e+11|2.199047393e+11|2.183943504e+11|1.097556079e+04|1.098741504e+04|1.100488281e+04|1.098772266e+04|1.901505453e+03
2.177512733e+06|5.758641517e+06|5.784526848e+06|5.802594518e+06|5.786255798e+06|5.632284407e+03|5.642890913e+03|5.650273354e+03|5.643540357e+03|2.155526545e+11|2.168141216e+11|2.176947822e+11|2.168990465e+11|1.095545581e+04|1.096984277e+04|1.097985425e+04|1.097073242e+04|1.901505453e+03
2.198695832e+06|5.728950645e+06|5.751321593e+06|5.794195578e+06|5.758511464e+06|5.620065925e+03|5.629275480e+03|5.646843215e+03|5.632158651e+03|2.141069599e+11|2.151962769e+11|2.172854050e+11|2.155474351e+11|1.093889502e+04|1.095137939e+04|1.097520239e+04|1.095529590e+04|1.901505453e+03
2.215678052e+06|5.697006604e+06|5.723720159e+06|5.749686211e+06|5.728099064e+06|5.606864361e+03|5.617909651e+03|5.628602962e+03|5.619657619e+03|2.125519383e+11|2.138522603e+11|2.151166598e+11|2.140661475e+11|1.092101245e+04|1.093596875e+04|1.095046582e+04|1.093835156e+04|1.901505453e+03
2.233070990e+06|5.672526692e+06|5.702234434e+06|5.727293750e+06|5.702793220e+06|5.596703822e+03|5.609031024e+03|5.619382987e+03|5.609200099e+03|2.113607783e+11|2.128063270e+11|2.140262819e+11|2.128342478e+11|1.090725439e+04|1.092394092e+04|1.093796509e+04|1.092418457e+04|1.901505453e+03
2.251364270e+06|5.640320547e+06|5.665027211e+06|5.691769062e+06|5.667001281e+06|5.583280805e+03|5.593585978e+03|5.604692660e+03|5.594347841e+03|2.097943725e+11|2.109959107e+11|2.122970890e+11|2.110926446e+11|1.088909570e+04|1.090303076e+04|1.091807300e+04|1.090407715e+04|1.901505453e+03
2.270486683e+06|5.612138639e+06|5.638106671e+06|5.664191812e+06|5.637957875e+06|5.571483343e+03|5.582355281e+03|5.593238561e+03|5.582227456e+03|2.084241020e+11|2.096867324e+11|2.109552629e+11|2.096802097e+11|1.087313428e+04|1.088784521e+04|1.090256201e+04|1.088767969e+04|1.901505453e+03
2.290627527e+06|5.571260792e+06|5.603579226e+06|5.629805751e+06|5.603286543e+06|5.554281571e+03|5.567893437e+03|5.578883101e+03|5.567702281e+03|2.064381472e+11|2.080079539e+11|2.092831053e+11|2.079947945e+11|1.084990015e+04|1.086828125e+04|1.088314624e+04|1.086804004e+04|1.901505453e+03
2.310532041e+06|5.549823192e+06|5.575214921e+06|5.602616313e+06|5.575803261e+06|5.545226217e+03|5.555949614e+03|5.567489382e+03|5.556123738e+03|2.053968160e+11|2.066302447e+11|2.079611362e+11|2.066595561e+11|1.083766357e+04|1.085214990e+04|1.086773340e+04|1.085239648e+04|1.901505453e+03
2.330482588e+06|5.506971081e+06|5.547292464e+06|5.574570075e+06|5.544261195e+06|5.527013386e+03|5.544155269e+03|5.555677636e+03|5.542791075e+03|2.033166058e+11|2.052739052e+11|2.065989191e+11|2.051275888e+11|1.081308643e+04|1.083621240e+04|1.085178394e+04|1.083439160e+04|1.901505453e+03
2.347399143e+06|5.485645445e+06|5.519560878e+06|5.536599614e+06|5.512681754e+06|5.517909224e+03|5.532373465e+03|5.539616421e+03|5.529394422e+03|2.022817536e+11|2.039278437e+11|2.047549425e+11|2.035944262e+11|1.080080371e+04|1.082032129e+04|1.083009204e+04|1.081631152e+04|1.901505453e+03
2.364968071e+06|5.448469481e+06|5.491504355e+06|5.530063278e+06|5.490327517e+06|5.501966791e+03|5.520415255e+03|5.536839415e+03|5.519817776e+03|2.004787510e+11|2.025659243e+11|2.044376084e+11|2.025101045e+11|1.077931616e+04|1.080418018e+04|1.082634595e+04|1.080339746e+04|1.901505453e+03
2.382478039e+06|5.436999758e+06|5.464674197e+06|5.492495654e+06|5.465089907e+06|5.497030908e+03|5.508923640e+03|5.520840088e+03|5.509024289e+03|1.999226882e+11|2.012647144e+11|2.026139835e+11|2.012857366e+11|1.077266650e+04|1.078869873e+04|1.080475171e+04|1.078884668e+04|1.901505453e+03
2.398436540e+06|5.390034982e+06|5.433879593e+06|5.470879168e+06|5.432429890e+06|5.476725895e+03|5.495685283e+03|5.511584362e+03|5.494963684e+03|1.976469034e+11|1.997715130e+11|2.015656612e+11|1.997023540e+11|1.074532422e+04|1.077085693e+04|1.079228125e+04|1.076990234e+04|1.901505453e+03
2.416058396e+06|5.359026505e+06|5.395675760e+06|5.430404210e+06|5.396030776e+06|5.463225587e+03|5.479170016e+03|5.494185656e+03|5.479232564e+03|1.961452566e+11|1.979202953e+11|1.996030934e+11|1.979383436e+11|1.072717261e+04|1.074861963e+04|1.076884082e+04|1.074872266e+04|1.901505453e+03
2.436432289e+06|5.338905776e+06|5.370718509e+06|5.393493327e+06|5.366871416e+06|5.454440027e+03|5.468322138e+03|5.478224564e+03|5.466593805e+03|1.951707954e+11|1.967114486e+11|1.978145267e+11|1.965255859e+11|1.071535840e+04|1.073402832e+04|1.074734521e+04|1.073171094e+04|1.901505453e+03
2.456615628e+06|5.297448427e+06|5.328349514e+06|5.362912278e+06|5.329828525e+06|5.436237363e+03|5.449815285e+03|5.464920104e+03|5.450396704e+03|1.931649162e+11|1.946598906e+11|1.963334098e+11|1.947323390e+11|1.069090063e+04|1.070914014e+04|1.072945361e+04|1.070993457e+04|1.901505453e+03
2.474689274e+06|5.276554037e+06|5.307429290e+06|5.333870094e+06|5.306224923e+06|5.427021690e+03|5.440627930e+03|5.452236282e+03|5.440025204e+03|1.921542348e+11|1.936477680e+11|1.949270069e+11|1.935902275e+11|1.067852612e+04|1.069680371e+04|1.071239185e+04|1.069600098e+04|1.901505453e+03
2.491040921e+06|5.236169953e+06|5.279090054e+06|5.304645275e+06|5.271686146e+06|5.409116692e+03|5.428143514e+03|5.439403740e+03|5.424796909e+03|1.902017314e+11|1.922768360e+11|1.935130782e+11|1.919195011e+11|1.065449585e+04|1.068002881e+04|1.069515527e+04|1.067554980e+04|1.901505453e+03
2.507838615e+06|5.207245961e+06|5.242235879e+06|5.289383253e+06|5.248192624e+06|5.396212574e+03|5.411811206e+03|5.432686102e+03|5.414352792e+03|1.888041674e+11|1.904950151e+11|1.927746352e+11|1.907839493e+11|1.063719678e+04|1.065810840e+04|1.068612866e+04|1.066154004e+04|1.901505453e+03
2.523985446e+06|5.181296082e+06|5.221693224e+06|5.262234922e+06|5.219646165e+06|5.384595530e+03|5.402665861e+03|5.420682089e+03|5.401655018e+03|1.875504451e+11|1.895021835e+11|1.914619477e+11|1.894042277e+11|1.062161963e+04|1.064584473e+04|1.067001587e+04|1.064450586e+04|1.901505453e+03
2.539866459e+06|5.146926680e+06|5.185694193e+06|5.219762835e+06|5.185866965e+06|5.369120059e+03|5.386566914e+03|5.401804133e+03|5.386537696e+03|1.858914849e+11|1.877629092e+11|1.894089310e+11|1.877724814e+11|1.060089478e+04|1.062426514e+04|1.064468945e+04|1.062424219e+04|1.901505453e+03
2.557149329e+06|5.126933466e+06|5.166974905e+06|5.197373333e+06|5.164901939e+06|5.360086070e+03|5.378154761e+03|5.391796828e+03|5.377156132e+03|1.849264986e+11|1.868591555e+11|1.883272293e+11|1.867597576e+11|1.058879639e+04|1.061299658e+04|1.063127124e+04|1.061166895e+04|1.901505453e+03
2.575750663e+06|5.094130322e+06|5.126317413e+06|5.160173113e+06|5.124893523e+06|5.345178631e+03|5.359806594e+03|5.375091768e+03|5.359056111e+03|1.833439737e+11|1.848967864e+11|1.865309029e+11|1.848289803e+11|1.056885889e+04|1.058842188e+04|1.060889233e+04|1.058744141e+04|1.901505453e+03
2.595320660e+06|5.050629685e+06|5.093075656e+06|5.121944467e+06|5.088833416e+06|5.325289499e+03|5.344698436e+03|5.357822298e+03|5.342691911e+03|1.812465576e+11|1.832930913e+11|1.846858592e+11|1.830891910e+11|1.054227637e+04|1.056821777e+04|1.058577173e+04|1.056554492e+04|1.901505453e+03
2.613803898e+06|5.019252983e+06|5.060080212e+06|5.088441948e+06|5.052548261e+06|5.310857234e+03|5.329622735e+03|5.342587994e+03|5.326089741e+03|1.797345166e+11|1.817021173e+11|1.830695674e+11|1.813397874e+11|1.052299146e+04|1.054806299e+04|1.056539355e+04|1.054335352e+04|1.901505453e+03
2.629971689e+06|4.998341548e+06|5.045822985e+06|5.074348900e+06|5.037288842e+06|5.301191794e+03|5.323083782e+03|5.336156530e+03|5.319072824e+03|1.787273864e+11|1.810148932e+11|1.823898333e+11|1.806044198e+11|1.051009546e+04|1.053932959e+04|1.055679053e+04|1.053398145e+04|1.901505453e+03
2.645634929e+06|4.951919994e+06|5.008442908e+06|5.036419537e+06|4.998663726e+06|5.279609959e+03|5.305863571e+03|5.318765257e+03|5.301238839e+03|1.764923132e+11|1.792139269e+11|1.805615434e+11|1.787436462e+11|1.048129932e+04|1.051632568e+04|1.053355566e+04|1.051016992e+04|1.901505453e+03
2.658971758e+06|4.954494011e+06|4.992358493e+06|5.016655660e+06|4.985929416e+06|5.280811318e+03|5.298422203e+03|5.309657830e+03|5.295335410e+03|1.766162076e+11|1.784392519e+11|1.796094127e+11|1.781304258e+11|1.048290552e+04|1.050639600e+04|1.052139209e+04|1.050229297e+04|1.901505453e+03
2.673135119e+06|4.905608401e+06|4.969313545e+06|4.996245056e+06|4.956029865e+06|5.257903358e+03|5.287721161e+03|5.300221525e+03|5.281393959e+03|1.742639344e+11|1.773296128e+11|1.786264233e+11|1.766911951e+11|1.045237329e+04|1.049211279e+04|1.050879907e+04|1.048370020e+04|1.901505453e+03
2.689495609e+06|4.883734533e+06|4.943107781e+06|4.978229554e+06|4.931479397e+06|5.247597302e+03|5.275494417e+03|5.291872090e+03|5.269931051e+03|1.732118498e+11|1.760680492e+11|1.777587450e+11|1.755095908e+11|1.043864551e+04|1.047581641e+04|1.049765015e+04|1.046841895e+04|1.901505453e+03
2.706280829e+06|4.867873247e+06|4.899993664e+06|4.933171502e+06|4.898983116e+06|5.240088609e+03|5.255260415e+03|5.270848901e+03|5.254677577e+03|1.724494544e+11|1.739938936e+11|1.755897565e+11|1.739461677e+11|1.042865527e+04|1.044885547e+04|1.046961499e+04|1.044809375e+04|1.901505453e+03
2.725475067e+06|4.831290054e+06|4.876898316e+06|4.904479250e+06|4.871209370e+06|5.222706336e+03|5.244365308e+03|5.257372019e+03|5.241572358e+03|1.706911339e+11|1.728832427e+11|1.742096302e+11|1.726105664e+11|1.040552466e+04|1.043434033e+04|1.045166943e+04|1.043064258e+04|1.901505453e+03
2.747350706e+06|4.782707001e+06|4.824316067e+06|4.856114482e+06|4.818956049e+06|5.199430267e+03|5.219373386e+03|5.234509942e+03|5.216721208e+03|1.683575265e+11|1.703561775e+11|1.718843247e+11|1.700993726e+11|1.037458423e+04|1.040109131e+04|1.042122852e+04|1.039758203e+04|1.901505453e+03
2.766291182e+06|4.733776377e+06|4.770389011e+06|4.830121056e+06|4.776448268e+06|5.175782943e+03|5.193490812e+03|5.222147873e+03|5.196288134e+03|1.660091923e+11|1.677663205e+11|1.706349691e+11|1.680582305e+11|1.034318652e+04|1.036669971e+04|1.040478149e+04|1.037043457e+04|1.901505453e+03
2.779161188e+06|4.712748533e+06|4.763479286e+06|4.801655117e+06|4.758725375e+06|5.165544002e+03|5.190155258e+03|5.208524811e+03|5.187720506e+03|1.650005254e+11|1.674347219e+11|1.692676754e+11|1.672075419e+11|1.032960913e+04|1.036227100e+04|1.038667920e+04|1.035905957e+04|1.901505453e+03
2.791202936e+06|4.691575241e+06|4.739379896e+06|4.772770546e+06|4.732149784e+06|5.155208575e+03|5.178501020e+03|5.194639796e+03|5.174863306e+03|1.639848536e+11|1.662780384e+11|1.678805900e+11|1.659320444e+11|1.031589746e+04|1.034679492e+04|1.036822900e+04|1.034198926e+04|1.901505453e+03
2.803912733e+06|4.661696998e+06|4.709406111e+06|4.748036865e+06|4.703800395e+06|5.140536786e+03|5.163914094e+03|5.182691272e+03|5.161048769e+03|1.625524550e+11|1.648401899e+11|1.666935869e+11|1.645721696e+11|1.029645776e+04|1.032744727e+04|1.035236182e+04|1.032366406e+04|1.901505453e+03
2.817940345e+06|4.636991222e+06|4.683479851e+06|4.715811574e+06|4.678860792e+06|5.128354874e+03|5.151242328e+03|5.167037041e+03|5.148836550e+03|1.613683255e+11|1.635966106e+11|1.651474335e+11|1.633762954e+11|1.028031323e+04|1.031064014e+04|1.033159302e+04|1.030747461e+04|1.901505453e+03
2.832622843e+06|4.608747072e+06|4.657855083e+06|4.704860112e+06|4.656175056e+06|5.114348316e+03|5.138645743e+03|5.161696405e+03|5.137659631e+03|1.600155144e+11|1.623683088e+11|1.646220839e+11|1.622889583e+11|1.026177734e+04|1.029394971e+04|1.032450244e+04|1.029266699e+04|1.901505453e+03
2.852868923e+06|4.564189419e+06|4.596169489e+06|4.633194144e+06|4.597646284e+06|5.092095796e+03|5.108095696e+03|5.126474619e+03|5.108691265e+03|1.578818088e+11|1.594130398e+11|1.611864444e+11|1.594845861e+11|1.023234155e+04|1.025349365e+04|1.027782788e+04|1.025430859e+04|1.901505453e+03
2.871377771e+06|4.537869145e+06|4.575194936e+06|4.608211635e+06|4.570832818e+06|5.078861820e+03|5.097610200e+03|5.114082285e+03|5.095314277e+03|1.566219401e+11|1.584087626e+11|1.599898681e+11|1.582005468e+11|1.021485181e+04|1.023963232e+04|1.026142651e+04|1.023661230e+04|1.901505453e+03
2.892975254e+06|4.479754593e+06|4.526351781e+06|4.570801355e+06|4.523577378e+06|5.049393886e+03|5.073045823e+03|5.095409633e+03|5.071489753e+03|1.538422897e+11|1.560709219e+11|1.581984070e+11|1.559392380e+11|1.017593799e+04|1.020716406e+04|1.023672290e+04|1.020513281e+04|1.901505453e+03
2.908015897e+06|4.443108538e+06|4.509728034e+06|4.557212130e+06|4.505612594e+06|5.030637800e+03|5.064636873e+03|5.088596047e+03|5.062301485e+03|1.520904648e+11|1.552755505e+11|1.575477400e+11|1.550803808e+11|1.015119995e+04|1.019605762e+04|1.022771094e+04|1.019301172e+04|1.901505453e+03
2.920520921e+06|4.442448289e+06|4.491805728e+06|4.529907921e+06|4.484590757e+06|5.030298126e+03|5.055534665e+03|5.074842452e+03|5.051649986e+03|1.520589087e+11|1.544184524e+11|1.562410548e+11|1.540747201e+11|1.015075073e+04|1.018404346e+04|1.020954297e+04|1.017894336e+04|1.901505453e+03
2.932326556e+06|4.435277238e+06|4.476316392e+06|4.510705311e+06|4.467573408e+06|5.026608181e+03|5.047640238e+03|5.065131680e+03|5.042977595e+03|1.517161665e+11|1.536778895e+11|1.553223192e+11|1.532609696e+11|1.014588428e+04|1.017362598e+04|1.019671362e+04|1.016749902e+04|1.901505453e+03
2.944335813e+06|4.404777094e+06|4.458303428e+06|4.496464298e+06|4.446573468e+06|5.010866742e+03|5.038440760e+03|5.057906109e+03|5.032209530e+03|1.502586792e+11|1.528167005e+11|1.546411948e+11|1.522571778e+11|1.012513159e+04|1.016147900e+04|1.018716968e+04|1.015329785e+04|1.901505453e+03
2.956027550e+06|4.366314469e+06|4.437530561e+06|4.470714096e+06|4.417987419e+06|4.990875264e+03|5.027768063e+03|5.044781261e+03|5.017480931e+03|1.484218714e+11|1.518238680e+11|1.534100664e+11|1.508911973e+11|1.009880737e+04|1.014741699e+04|1.016985498e+04|1.013388184e+04|1.901505453e+03
2.968805927e+06|4.321151032e+06|4.395098807e+06|4.445994730e+06|4.380540704e+06|4.967192856e+03|5.005845648e+03|5.032121939e+03|4.998000053e+03|1.462661647e+11|1.497964891e+11|1.522284118e+11|1.491028364e+11|1.006764282e+04|1.011852490e+04|1.015314868e+04|1.010823047e+04|1.901505453e+03
2.991463543e+06|4.266755762e+06|4.313738854e+06|4.358697577e+06|4.315636558e+06|4.938353531e+03|4.963277567e+03|4.986892777e+03|4.964062069e+03|1.436712591e+11|1.459125303e+11|1.480583054e+11|1.460041852e+11|1.002975049e+04|1.006250488e+04|1.009357056e+04|1.006356738e+04|1.901505453e+03
3.028670251e+06|4.214448812e+06|4.242955172e+06|4.277982708e+06|4.245600605e+06|4.910310475e+03|4.925635761e+03|4.944337671e+03|4.926913896e+03|1.411778367e+11|1.425365929e+11|1.442066264e+11|1.426633319e+11|9.992948975e+03|1.001305518e+04|1.003761133e+04|1.001475195e+04|1.901505453e+03
3.044709590e+06|4.194036384e+06|4.224662610e+06|4.255702303e+06|4.223308942e+06|4.899287070e+03|4.915815782e+03|4.932451886e+03|4.914847464e+03|1.402050826e+11|1.416646526e+11|1.431443052e+11|1.416011920e+11|9.978483887e+03|1.000016553e+04|1.002200977e+04|9.998930664e+03|1.901505453e+03
3.054892183e+06|4.197580730e+06|4.235002514e+06|4.265912359e+06|4.228762416e+06|4.901203240e+03|4.921377740e+03|4.937903513e+03|4.917818220e+03|1.403739912e+11|1.421574101e+11|1.436310511e+11|1.418609259e+11|9.980997559e+03|1.000745996e+04|1.002916479e+04|1.000282422e+04|1.901505453e+03
3.062490583e+06|4.180706646e+06|4.234096889e+06|4.271977063e+06|4.224690327e+06|4.892052750e+03|4.920889815e+03|4.941138388e+03|4.915535056e+03|1.395699841e+11|1.421142735e+11|1.439202446e+11|1.416672655e+11|9.969000732e+03|1.000682373e+04|1.003340820e+04|9.999839844e+03|1.901505453e+03
3.070134534e+06|4.174786802e+06|4.208758199e+06|4.270708732e+06|4.204858429e+06|4.888831376e+03|4.907239885e+03|4.940462076e+03|4.904759240e+03|1.392879983e+11|1.409066379e+11|1.438597642e+11|1.407224561e+11|9.964785645e+03|9.988920898e+03|1.003251953e+04|9.985714844e+03|1.901505453e+03
3.076764806e+06|4.150273066e+06|4.217349098e+06|4.250165596e+06|4.201832538e+06|4.875468877e+03|4.911874620e+03|4.929492230e+03|4.903142203e+03|1.381203223e+11|1.413160688e+11|1.428803503e+11|1.405782093e+11|9.947267822e+03|9.994997559e+03|1.001812183e+04|9.983591797e+03|1.901505453e+03
3.083531261e+06|4.156989441e+06|4.219034818e+06|4.277753043e+06|4.205915499e+06|4.879134395e+03|4.912783316e+03|4.944215758e+03|4.905169233e+03|1.384401962e+11|1.413964192e+11|1.441956703e+11|1.407735945e+11|9.952079834e+03|9.996194824e+03|1.003744653e+04|9.986275391e+03|1.901505453e+03
3.091087081e+06|4.135432947e+06|4.234494265e+06|4.291713035e+06|4.207275541e+06|4.867335088e+03|4.921105420e+03|4.951620674e+03|4.905860894e+03|1.374137364e+11|1.421331870e+11|1.448616554e+11|1.408385816e+11|9.936625977e+03|1.000710107e+04|1.004718604e+04|9.987188477e+03|1.901505453e+03
3.101960144e+06|4.051830927e+06|4.217137184e+06|4.286037052e+06|4.172175455e+06|4.821025063e+03|4.911759270e+03|4.948611488e+03|4.886354698e+03|1.334348615e+11|1.413059854e+11|1.445908337e+11|1.391682795e+11|9.876039062e+03|9.994847656e+03|1.004322827e+04|9.961679688e+03|1.901505453e+03
3.143931198e+06|3.242337502e+06|4.039519541e+06|4.123596910e+06|3.816451556e+06|4.317370979e+03|4.814126271e+03|4.860828141e+03|4.668193245e+03|9.503505538e+10|1.328492682e+11|1.368503470e+11|1.222754860e+11|9.224250488e+03|9.867031738e+03|9.928104248e+03|9.678963867e+03|1.901505453e+03
3.210826579e+06|2.993990331e+06|3.043376842e+06|3.093587862e+06|3.053912029e+06|4.136370452e+03|4.173648011e+03|4.210883138e+03|4.180290250e+03|8.325054792e+10|8.559662252e+10|8.798053941e+10|8.609432930e+10|8.992857178e+03|9.040411621e+03|9.087950928e+03|9.048987305e+03|1.901505453e+03
3.218293429e+06|2.990404963e+06|3.031112889e+06|3.103740565e+06|3.048871620e+06|4.133633544e+03|4.164460821e+03|4.218319511e+03|4.176743064e+03|8.308006045e+10|8.501444536e+10|8.846225141e+10|8.585525511e+10|8.989375000e+03|9.028684082e+03|9.097454102e+03|9.044441406e+03|1.901505453e+03
3.223324777e+06|2.971715090e+06|3.013858242e+06|3.072130831e+06|3.016272393e+06|4.119306146e+03|4.151444910e+03|4.195045419e+03|4.152255935e+03|8.219131167e+10|8.419462359e+10|8.696185136e+10|8.430636038e+10|8.971124756e+03|9.012083496e+03|9.067726562e+03|9.013199219e+03|1.901505453e+03
3.227139157e+06|2.956639969e+06|2.998295267e+06|3.031989333e+06|2.986234834e+06|4.107694252e+03|4.139640538e+03|4.165118107e+03|4.129566477e+03|8.147464680e+10|8.345502757e+10|8.505605165e+10|8.287906249e+10|8.956323730e+03|8.997034180e+03|9.029519775e+03|8.984262695e+03|1.901505453e+03
3.230285524e+06|2.934440102e+06|2.989417128e+06|3.016908670e+06|2.984022718e+06|4.090463998e+03|4.132877391e+03|4.153755303e+03|4.127914531e+03|8.041870283e+10|8.303305267e+10|8.433964000e+10|8.277411251e+10|8.934392090e+03|8.988407227e+03|9.015028076e+03|8.982154297e+03|1.901505453e+03
3.233758001e+06|2.905486034e+06|2.965762381e+06|2.997887893e+06|2.954905043e+06|4.067746066e+03|4.114734315e+03|4.139331204e+03|4.105568434e+03|7.904022232e+10|8.190836491e+10|8.343567814e+10|8.138946958e+10|8.905484863e+03|8.965294434e+03|8.996640381e+03|8.953683594e+03|1.901505453e+03
3.236946820e+06|2.881687572e+06|2.941166465e+06|2.985285853e+06|2.938002125e+06|4.048873578e+03|4.095691083e+03|4.129713378e+03|4.092248639e+03|7.790652414e+10|8.073852965e+10|8.283651010e+10|8.058464389e+10|8.881494385e+03|8.941048340e+03|8.984380127e+03|8.936740234e+03|1.901505453e+03
3.240206075e+06|2.887002245e+06|2.925384832e+06|2.963986353e+06|2.924271642e+06|4.053102162e+03|4.083389150e+03|4.113358025e+03|4.081564011e+03|7.815970669e+10|7.998774105e+10|8.182399478e+10|7.993113035e+10|8.886865967e+03|8.925386230e+03|8.963540039e+03|8.923137695e+03|1.901505453e+03
3.243940186e+06|2.842618554e+06|2.890529882e+06|2.942852076e+06|2.888898492e+06|4.017524891e+03|4.055907019e+03|4.097000152e+03|4.053634927e+03|7.604459300e+10|7.832775557e+10|8.081867576e+10|7.824647211e+10|8.841653320e+03|8.890436035e+03|8.942716797e+03|8.887613281e+03|1.901505453e+03
3.249059475e+06|2.801213279e+06|2.852756328e+06|2.915180353e+06|2.856714762e+06|3.983701332e+03|4.025697425e+03|4.075372939e+03|4.027656140e+03|7.406802792e+10|7.652768074e+10|7.950170290e+10|7.671149299e+10|8.798716309e+03|8.852041992e+03|8.915189453e+03|8.854613281e+03|1.901505453e+03
3.256750336e+06|2.726871921e+06|2.783329375e+06|2.846644593e+06|2.785149070e+06|3.921460754e+03|3.968922340e+03|4.020771981e+03|3.969331674e+03|7.051319079e+10|7.321391692e+10|7.623644240e+10|7.329574217e+10|8.719811768e+03|8.779968262e+03|8.845780518e+03|8.780561523e+03|1.901505453e+03
3.268818969e+06|2.691631211e+06|2.736690081e+06|2.791802294e+06|2.737384687e+06|3.891224111e+03|3.929791406e+03|3.975929225e+03|3.929356082e+03|6.882444113e+10|7.098309886e+10|7.361850470e+10|7.101125848e+10|8.681525146e+03|8.730369141e+03|8.788862305e+03|8.729880859e+03|1.901505453e+03
3.279766151e+06|2.609611557e+06|2.649131723e+06|2.695801595e+06|2.650736101e+06|3.818815743e+03|3.854059469e+03|3.894829642e+03|3.854780884e+03|6.488206720e+10|6.678372020e+10|6.902441413e+10|6.685666199e+10|8.589971924e+03|8.634511230e+03|8.686084229e+03|8.635467773e+03|1.901505453e+03
3.429398342e+06|1.058147438e+07|1.065317442e+07|1.071665050e+07|1.065238299e+07|4.459061139e+03|4.463316262e+03|4.471072460e+03|4.465922126e+03|1.503903036e+11|1.519670239e+11|1.533644831e+11|1.519499949e+11|5.381557251e+03|5.395271973e+03|5.407397339e+03|5.395080078e+03|3.301767700e+03
3.440897331e+06|1.053266598e+07|1.059810036e+07|1.065599162e+07|1.059690479e+07|4.456150341e+03|4.460050026e+03|4.463482947e+03|4.459990618e+03|1.493139683e+11|1.507565388e+11|1.520288314e+11|1.507293894e+11|5.372187988e+03|5.384743652e+03|5.395808716e+03|5.384421387e+03|3.301767700e+03
3.446878188e+06|1.048645256e+07|1.054319093e+07|1.061491378e+07|1.054533253e+07|4.450988021e+03|4.456779012e+03|4.461048698e+03|4.454166296e+03|1.482926685e+11|1.495455874e+11|1.511265201e+11|1.495935407e+11|5.363261719e+03|5.374211182e+03|5.387961670e+03|5.374529785e+03|3.301767700e+03
3.452495122e+06|1.042432335e+07|1.050791704e+07|1.055103032e+07|1.049740557e+07|4.438744687e+03|4.454669980e+03|4.457246894e+03|4.448531018e+03|1.469289179e+11|1.487661835e+11|1.497187178e+11|1.485399853e+11|5.351162720e+03|5.367424805e+03|5.375718018e+03|5.365261230e+03|3.301767700e+03
3.457957755e+06|1.034105746e+07|1.039449215e+07|1.050269812e+07|1.040808904e+07|4.422274584e+03|4.432852170e+03|4.454182984e+03|4.434427448e+03|1.451126209e+11|1.462775614e+11|1.486501633e+11|1.465791025e+11|5.334875122e+03|5.345333984e+03|5.366420654e+03|5.347897949e+03|3.301767700e+03
3.464129031e+06|1.029277369e+07|1.036111280e+07|1.040609080e+07|1.035335816e+07|4.413609592e+03|4.426248034e+03|4.435144294e+03|4.425117715e+03|1.440478132e+11|1.455536158e+11|1.465297476e+11|1.453785576e+11|5.325358887e+03|5.338804443e+03|5.347602905e+03|5.337186035e+03|3.301767700e+03
3.476262970e+06|1.014812368e+07|1.025311459e+07|1.031664159e+07|1.024631701e+07|4.389888832e+03|4.406621318e+03|4.417807659e+03|4.407885200e+03|1.408832791e+11|1.431769321e+11|1.445733729e+11|1.430323460e+11|5.296660156e+03|5.317513428e+03|5.330068237e+03|5.316012695e+03|3.301767700e+03
3.530355623e+06|8.547083008e+06|9.967292884e+06|1.013929654e+07|9.576366004e+06|4.128512978e+03|4.373775766e+03|4.389293331e+03|4.300359069e+03|1.062821181e+11|1.369159694e+11|1.406899705e+11|1.285195267e+11|4.954307007e+03|5.260428223e+03|5.294900513e+03|5.174546387e+03|3.301767700e+03
3.629084203e+06|8.393899721e+06|8.444666372e+06|8.469282184e+06|8.434546961e+06|4.103645031e+03|4.111212474e+03|4.115157392e+03|4.109902702e+03|1.030189267e+11|1.040912064e+11|1.046130060e+11|1.038802040e+11|4.918633789e+03|4.930430176e+03|4.936163696e+03|4.928076172e+03|3.301767700e+03
3.639817444e+06|8.343207813e+06|8.392308231e+06|8.457948658e+06|8.400719917e+06|4.096056963e+03|4.103407273e+03|4.113212869e+03|4.104643679e+03|1.019438811e+11|1.029852390e+11|1.043713061e+11|1.031632656e+11|4.906808594e+03|4.918261719e+03|4.933512451e+03|4.920187988e+03|3.301767700e+03
3.647644167e+06|8.321691158e+06|8.368259168e+06|8.437013326e+06|8.378419090e+06|4.092826480e+03|4.099810898e+03|4.110073637e+03|4.100886942e+03|1.014862891e+11|1.024756925e+11|1.039298341e+11|1.026908846e+11|4.901777832e+03|4.912657227e+03|4.928652588e+03|4.914961426e+03|3.301767700e+03
3.656419405e+06|8.280532184e+06|8.319728874e+06|8.369283704e+06|8.318187146e+06|4.084573857e+03|4.092531566e+03|4.099964256e+03|4.090712976e+03|1.006127022e+11|1.014445187e+11|1.024974197e+11|1.014127050e+11|4.892045288e+03|4.901318604e+03|4.912896118e+03|4.900846680e+03|3.301767700e+03
3.668151236e+06|8.233427414e+06|8.279490200e+06|8.328715627e+06|8.279710625e+06|4.074566233e+03|4.084352813e+03|4.093881758e+03|4.083431447e+03|9.961702060e+10|1.005906368e+11|1.016357600e+11|1.005980275e+11|4.880851807e+03|4.891798828e+03|4.903421021e+03|4.891763184e+03|3.301767700e+03
3.680757923e+06|8.180400212e+06|8.215823999e+06|8.273863671e+06|8.227690165e+06|4.063261311e+03|4.070817977e+03|4.083159074e+03|4.072849185e+03|9.850090433e+10|9.924594086e+10|1.004715049e+11|9.949690435e+10|4.868204102e+03|4.876659180e+03|4.890465454e+03|4.879389160e+03|3.301767700e+03
3.702502079e+06|8.075985751e+06|8.140519264e+06|8.194637968e+06|8.140841903e+06|4.040157538e+03|4.054485576e+03|4.066300771e+03|4.054468935e+03|9.627689187e+10|9.765041315e+10|9.880008062e+10|9.765452892e+10|4.842766357e+03|4.858528076e+03|4.871606445e+03|4.858439941e+03|3.301767700e+03
3.784494391e+06|8.139972539e+06|8.192706726e+06|8.233119373e+06|8.178041857e+06|4.054364456e+03|4.065888667e+03|4.074500693e+03|4.062593999e+03|9.763873903e+10|9.875947779e+10|9.961052110e+10|9.844366458e+10|4.858393921e+03|4.871144531e+03|4.880779053e+03|4.867416992e+03|3.301767700e+03
3.809170734e+06|8.098850474e+06|8.148024966e+06|8.182037045e+06|8.136861569e+06|4.045241364e+03|4.056147920e+03|4.063610900e+03|4.053730066e+03|9.676251115e+10|9.781074525e+10|9.853527508e+10|9.757203387e+10|4.848358643e+03|4.860355713e+03|4.868596558e+03|4.857560059e+03|3.301767700e+03
3.820736006e+06|8.057700977e+06|8.095478838e+06|8.135709363e+06|8.095140585e+06|4.036086391e+03|4.044492201e+03|4.053419844e+03|4.044634519e+03|9.588933828e+10|9.669083144e+10|9.754773069e+10|9.668486792e+10|4.838287842e+03|4.847534668e+03|4.857355713e+03|4.847399902e+03|3.301767700e+03
3.833280483e+06|7.991116319e+06|8.039288900e+06|8.083001845e+06|8.038570549e+06|4.023136407e+03|4.031981673e+03|4.041718413e+03|4.032740777e+03|9.446750548e+10|9.549981849e+10|9.642577992e+10|9.547941007e+10|4.821830811e+03|4.833771729e+03|4.844484619e+03|4.833518066e+03|3.301767700e+03
3.849639559e+06|7.952537145e+06|7.976590836e+06|8.013239628e+06|7.977165806e+06|4.016087395e+03|4.020484932e+03|4.027168885e+03|4.020651292e+03|9.364071401e+10|9.415578382e+10|9.494202240e+10|9.417025408e+10|4.812236938e+03|4.818222656e+03|4.827322510e+03|4.818345215e+03|3.301767700e+03
3.870107200e+06|7.839324943e+06|7.886093743e+06|7.935645172e+06|7.886395205e+06|3.995482421e+03|4.003952081e+03|4.012994117e+03|4.004023099e+03|9.125819707e+10|9.223584199e+10|9.328103445e+10|9.224916831e+10|4.784109863e+03|4.795696289e+03|4.808024902e+03|4.795777344e+03|3.301767700e+03
3.900554274e+06|7.745084762e+06|7.801553615e+06|7.845447839e+06|7.790754161e+06|3.977549561e+03|3.988618386e+03|3.996593104e+03|3.985728723e+03|8.927952057e+10|9.046609554e+10|9.138638879e+10|9.023951428e+10|4.760570557e+03|4.774717773e+03|4.785626831e+03|4.771890137e+03|3.301767700e+03
3.958520114e+06|7.700185527e+06|7.757122393e+06|7.805235760e+06|7.744783683e+06|3.967897341e+03|3.980131708e+03|3.989288451e+03|3.976484987e+03|8.833970216e+10|8.953214460e+10|9.054340973e+10|8.927435771e+10|4.749220825e+03|4.763609619e+03|4.775634155e+03|4.760300781e+03|3.301767700e+03
3.981987714e+06|7.689263075e+06|7.731324834e+06|7.758450299e+06|7.723228976e+06|3.965544412e+03|3.974595009e+03|3.980416504e+03|3.972503179e+03|8.811164106e+10|8.899109648e+10|8.956001797e+10|8.882290315e+10|4.746450073e+03|4.757096924e+03|4.763944702e+03|4.754966797e+03|3.301767700e+03
3.993882750e+06|7.641984669e+06|7.683323832e+06|7.730647132e+06|7.681988341e+06|3.955336862e+03|3.964264134e+03|3.974449412e+03|3.963677655e+03|8.712709378e+10|8.798772625e+10|8.897690032e+10|8.795857944e+10|4.734442993e+03|4.744944580e+03|4.756924927e+03|4.744484375e+03|3.301767700e+03
4.007732590e+06|7.601165098e+06|7.645627724e+06|7.680755062e+06|7.638104348e+06|3.945632782e+03|3.956124730e+03|3.963710218e+03|3.953948586e+03|8.626258342e+10|8.720280630e+10|8.793415361e+10|8.703812478e+10|4.723826782e+03|4.735368652e+03|4.744294800e+03|4.733252441e+03|3.301767700e+03
4.024706780e+06|7.557323103e+06|7.592309852e+06|7.635089558e+06|7.595046927e+06|3.935067915e+03|3.943501545e+03|3.953785364e+03|3.943958733e+03|8.533594924e+10|8.607506482e+10|8.698260328e+10|8.613178757e+10|4.712362549e+03|4.721515137e+03|4.732674194e+03|4.722131348e+03|3.301767700e+03
4.045081751e+06|7.501543543e+06|7.539532746e+06|7.584972265e+06|7.543289167e+06|3.921823174e+03|3.930771505e+03|3.941734444e+03|3.931968504e+03|8.416051448e+10|8.496118402e+10|8.591983504e+10|8.503956364e+10|4.697696533e+03|4.707698242e+03|4.719598999e+03|4.708584961e+03|3.301767700e+03
4.075732102e+06|7.421447090e+06|7.464294381e+06|7.508182620e+06|7.460446699e+06|3.904617538e+03|3.913835205e+03|3.923244442e+03|3.913425077e+03|8.245950070e+10|8.336708857e+10|8.430188897e+10|8.328934909e+10|4.676351196e+03|4.687788330e+03|4.699459961e+03|4.686677734e+03|3.301767700e+03
4.123474322e+06|7.363080251e+06|7.434384332e+06|7.477601845e+06|7.409744093e+06|3.892325707e+03|3.907404023e+03|3.916691500e+03|3.902383769e+03|8.123475763e+10|8.273296813e+10|8.365058522e+10|8.222376968e+10|4.660754395e+03|4.679808105e+03|4.691329956e+03|4.673163086e+03|3.301767700e+03
4.152904353e+06|7.368994932e+06|7.403204139e+06|7.436541198e+06|7.396599672e+06|3.893521910e+03|3.900683473e+03|3.907868230e+03|3.899440913e+03|8.135807668e+10|8.207465314e+10|8.277861618e+10|8.194093346e+10|4.662334839e+03|4.671472168e+03|4.680385132e+03|4.669699219e+03|3.301767700e+03
4.168304770e+06|7.325911118e+06|7.362525830e+06|7.396175762e+06|7.359409804e+06|3.884795140e+03|3.892213585e+03|3.899166265e+03|3.891594760e+03|8.045901245e+10|8.122319851e+10|8.192663270e+10|8.116205140e+10|4.650830688e+03|4.660608154e+03|4.669592041e+03|4.659732422e+03|3.301767700e+03
4.181476648e+06|7.276228374e+06|7.314875303e+06|7.358772903e+06|7.311506232e+06|3.874692320e+03|3.882554707e+03|3.891454253e+03|3.881633430e+03|7.942004071e+10|8.022842885e+10|8.114493178e+10|8.015885537e+10|4.637513916e+03|4.647875732e+03|4.659607666e+03|4.646924805e+03|3.301767700e+03
4.198253227e+06|7.233832927e+06|7.259053672e+06|7.307684488e+06|7.262439364e+06|3.865369455e+03|3.871149881e+03|3.881093741e+03|3.871258814e+03|7.853640845e+10|7.906058427e+10|8.007812103e+10|7.913483923e+10|4.626092896e+03|4.632899170e+03|4.645950073e+03|4.633739258e+03|3.301767700e+03
4.218924068e+06|7.162898876e+06|7.194423705e+06|7.248563972e+06|7.198188385e+06|3.849049918e+03|3.856314048e+03|3.868747068e+03|3.856873951e+03|7.706953773e+10|7.771991887e+10|7.884241996e+10|7.779910290e+10|4.606878540e+03|4.615431885e+03|4.630069824e+03|4.616329590e+03|3.301767700e+03
4.243674081e+06|7.106310061e+06|7.157693208e+06|7.193907952e+06|7.149635302e+06|3.835615173e+03|3.847848643e+03|3.856195356e+03|3.845576985e+03|7.589228391e+10|7.696239020e+10|7.770925376e+10|7.679050477e+10|4.591296143e+03|4.605461914e+03|4.615289917e+03|4.603039551e+03|3.301767700e+03
4.280385377e+06|7.033119118e+06|7.099783623e+06|7.164047237e+06|7.091940958e+06|3.817784740e+03|3.834029378e+03|3.849314848e+03|3.831789642e+03|7.436654508e+10|7.575574623e+10|7.709316479e+10|7.558787463e+10|4.570853882e+03|4.589478760e+03|4.607189941e+03|4.586989258e+03|3.301767700e+03
4.315897602e+06|7.002496136e+06|7.060822535e+06|7.087509771e+06|7.039849814e+06|3.810140184e+03|3.824545674e+03|3.831044836e+03|3.819235166e+03|7.372489006e+10|7.494264598e+10|7.549923230e+10|7.450258943e+10|4.562179199e+03|4.578605469e+03|4.586055298e+03|4.572558594e+03|3.301767700e+03
4.336060336e+06|6.989955853e+06|7.021446034e+06|7.057800123e+06|7.016964742e+06|3.806944404e+03|3.814931566e+03|3.823808778e+03|3.813640663e+03|7.346015053e+10|7.412431431e+10|7.487971019e+10|7.402545632e+10|4.558584595e+03|4.567581055e+03|4.577759033e+03|4.566115234e+03|3.301767700e+03
4.351212654e+06|6.965716614e+06|7.000000592e+06|7.043720622e+06|7.001170468e+06|3.800758681e+03|3.809504476e+03|3.820373732e+03|3.809672787e+03|7.294962150e+10|7.367217032e+10|7.458680397e+10|7.369400239e+10|4.551630737e+03|4.561462891e+03|4.573820557e+03|4.561679199e+03|3.301767700e+03
4.367800415e+06|6.913963833e+06|6.945648894e+06|6.990247658e+06|6.948142025e+06|3.787513137e+03|3.795628809e+03|3.807018829e+03|3.796382335e+03|7.186491751e+10|7.252815656e+10|7.346630243e+10|7.258204122e+10|4.536740234e+03|4.545864746e+03|4.558667847e+03|4.546482422e+03|3.301767700e+03
4.387778269e+06|6.847278824e+06|6.892585704e+06|6.936393073e+06|6.895269620e+06|3.771783330e+03|3.782273026e+03|3.793260103e+03|3.783426663e+03|7.046345746e+10|7.141701772e+10|7.233413106e+10|7.147321255e+10|4.517311646e+03|4.530542969e+03|4.543200806e+03|4.531199219e+03|3.301767700e+03
4.411776184e+06|6.809711078e+06|6.843617780e+06|6.894642570e+06|6.843048086e+06|3.763054921e+03|3.770933926e+03|3.782748255e+03|3.770711763e+03|6.967288195e+10|7.038640908e+10|7.146030919e+10|7.037837265e+10|4.506300171e+03|4.516238770e+03|4.531144043e+03|4.516029785e+03|3.301767700e+03
4.438785228e+06|6.726058679e+06|6.794910181e+06|6.839612704e+06|6.781988039e+06|3.742374531e+03|3.759608404e+03|3.770004455e+03|3.755849455e+03|6.794739041e+10|6.936145557e+10|7.030212133e+10|6.910816758e+10|4.481933716e+03|4.501953125e+03|4.515065918e+03|4.498193848e+03|3.301767700e+03
4.470229829e+06|6.700894103e+06|6.747410505e+06|6.795819285e+06|6.741247032e+06|3.736006869e+03|3.747767234e+03|3.759820275e+03|3.745821136e+03|6.743176430e+10|6.838451599e+10|6.938058284e+10|6.826303319e+10|4.474597656e+03|4.488145264e+03|4.502221680e+03|4.486241211e+03|3.301767700e+03
4.499742318e+06|6.665568003e+06|6.704547558e+06|6.736922778e+06|6.696531986e+06|3.727003081e+03|3.736932149e+03|3.745119578e+03|3.734726557e+03|6.670533052e+10|6.750665295e+10|6.816985033e+10|6.733960510e+10|4.464230103e+03|4.475665039e+03|4.485094971e+03|4.473167969e+03|3.301767700e+03
4.518267715e+06|6.634383981e+06|6.660861011e+06|6.703047834e+06|6.655440562e+06|3.718908014e+03|3.725782507e+03|3.736552369e+03|3.724192557e+03|6.605983858e+10|6.660774937e+10|6.747591305e+10|6.649297674e+10|4.454921631e+03|4.462827148e+03|4.475228027e+03|4.461015137e+03|3.301767700e+03
4.535596195e+06|6.600146272e+06|6.632987786e+06|6.665796319e+06|6.630926937e+06|3.709996680e+03|3.718545095e+03|3.727062297e+03|3.717940750e+03|6.535380359e+10|6.603099255e+10|6.671006256e+10|6.598897357e+10|4.444671509e+03|4.454503906e+03|4.464298828e+03|4.453812500e+03|3.301767700e+03
4.553933227e+06|6.550559856e+06|6.595934166e+06|6.626894777e+06|6.590512436e+06|3.696980890e+03|3.708898653e+03|3.716960844e+03|3.707349294e+03|6.433153392e+10|6.526713632e+10|6.590516104e+10|6.515394018e+10|4.429706177e+03|4.443409180e+03|4.452679932e+03|4.441639160e+03|3.301767700e+03
4.574969996e+06|6.496497171e+06|6.545735951e+06|6.591407091e+06|6.535501909e+06|3.682502099e+03|3.695691541e+03|3.707718091e+03|3.692714822e+03|6.320755320e+10|6.423094459e+10|6.517403667e+10|6.401480755e+10|4.413079224e+03|4.428226807e+03|4.442049316e+03|4.424845215e+03|3.301767700e+03
4.596412856e+06|6.464705918e+06|6.507826363e+06|6.527148010e+06|6.491675140e+06|3.673958311e+03|3.685541478e+03|3.690718615e+03|3.681034589e+03|6.255004915e+10|6.344247907e+10|6.384388971e+10|6.310700759e+10|4.403267456e+03|4.416571533e+03|4.422515503e+03|4.411443848e+03|3.301767700e+03
4.622551860e+06|6.402931292e+06|6.454061458e+06|6.497545068e+06|6.447117813e+06|3.656738836e+03|3.671085995e+03|3.682783365e+03|3.668816508e+03|6.125857886e+10|6.233021802e+10|6.322926668e+10|6.217974764e+10|4.383796021e+03|4.399972900e+03|4.413404663e+03|4.397522949e+03|3.301767700e+03
4.654676709e+06|6.349833807e+06|6.403920057e+06|6.432961139e+06|6.383745654e+06|3.641774677e+03|3.657016945e+03|3.665175733e+03|3.651310857e+03|6.015339163e+10|6.127923573e+10|6.188719416e+10|6.086159698e+10|4.366915039e+03|4.384110840e+03|4.393306763e+03|4.377570312e+03|3.301767700e+03
4.681467567e+06|6.323505156e+06|6.363919533e+06|6.393756568e+06|6.353734511e+06|3.634457732e+03|3.645748421e+03|3.654157185e+03|3.642913057e+03|5.960354067e+10|6.044584687e+10|6.106704518e+10|6.023498221e+10|4.358440186e+03|4.371403320e+03|4.380883057e+03|4.368046387e+03|3.301767700e+03
4.701788100e+06|6.301208861e+06|6.343982817e+06|6.363572345e+06|6.324311703e+06|3.628254983e+03|3.640144565e+03|3.645650458e+03|3.634618480e+03|5.913826363e+10|6.003131938e+10|6.043863378e+10|5.962302431e+10|4.351242432e+03|4.365037598e+03|4.371292358e+03|4.358614258e+03|3.301767700e+03
4.717820845e+06|6.259495332e+06|6.293145416e+06|6.328846538e+06|6.286544817e+06|3.616619920e+03|3.626008969e+03|3.635941996e+03|3.624071376e+03|5.826922424e+10|5.897012588e+10|5.971508129e+10|5.883666528e+10|4.337739380e+03|4.348636230e+03|4.360162720e+03|4.346476562e+03|3.301767700e+03
4.735694834e+06|6.223659505e+06|6.250144341e+06|6.284653603e+06|6.243000525e+06|3.606450225e+03|3.614006178e+03|3.623642023e+03|3.611763499e+03|5.752967809e+10|5.807467629e+10|5.879313193e+10|5.793387449e+10|4.326167603e+03|4.334706299e+03|4.345889282e+03|4.332354492e+03|3.301767700e+03
4.757024954e+06|6.181718902e+06|6.222907537e+06|6.261514608e+06|6.213579353e+06|3.594408617e+03|3.606234692e+03|3.617184074e+03|3.603390583e+03|5.667360232e+10|5.751432210e+10|5.831124843e+10|5.732794361e+10|4.312623535e+03|4.325925049e+03|4.338394775e+03|4.322830566e+03|3.301767700e+03
4.781570836e+06|6.134764860e+06|6.164205345e+06|6.198214408e+06|6.161165002e+06|3.580826522e+03|3.589368076e+03|3.599149576e+03|3.588369123e+03|5.571385806e+10|5.631637793e+10|5.701020368e+10|5.625257712e+10|4.297351807e+03|4.306954346e+03|4.317955200e+03|4.305849121e+03|3.301767700e+03
4.804290257e+06|6.065140587e+06|6.122352420e+06|6.159513460e+06|6.103772888e+06|3.560214365e+03|3.577160353e+03|3.588016456e+03|3.571410859e+03|5.428190218e+10|5.545755148e+10|5.622070591e+10|5.507334234e+10|4.274212158e+03|4.293237061e+03|4.305434570e+03|4.286799805e+03|3.301767700e+03
4.831075939e+06|6.032504251e+06|6.071233119e+06|6.101095601e+06|6.058967139e+06|3.550443601e+03|3.562022777e+03|3.570873322e+03|3.558193224e+03|5.361143461e+10|5.440663976e+10|5.501964294e+10|5.415280314e+10|4.263250854e+03|4.276243896e+03|4.286178101e+03|4.271958984e+03|3.301767700e+03
4.861672446e+06|5.988095330e+06|6.027068407e+06|6.058927825e+06|6.013011406e+06|3.536895417e+03|3.548787835e+03|3.558369507e+03|3.544233396e+03|5.269181242e+10|5.349854726e+10|5.415479392e+10|5.320494849e+10|4.248075684e+03|4.261397461e+03|4.272142456e+03|4.256317383e+03|3.301767700e+03
4.881799129e+06|5.961700717e+06|5.999728455e+06|6.023443258e+06|5.990703838e+06|3.528820019e+03|3.540449095e+03|3.547683210e+03|3.537604726e+03|5.214808562e+10|5.293213220e+10|5.342331259e+10|5.274603424e+10|4.239026489e+03|4.252055908e+03|4.260159790e+03|4.248874512e+03|3.301767700e+03
4.897457231e+06|5.920743459e+06|5.958385777e+06|5.992832885e+06|5.953265153e+06|3.516078917e+03|3.527804583e+03|3.538343046e+03|3.526023633e+03|5.129866403e+10|5.207995152e+10|5.278963170e+10|5.197087305e+10|4.224769775e+03|4.237887695e+03|4.249697388e+03|4.235911133e+03|3.301767700e+03
4.916071513e+06|5.895628030e+06|5.926289875e+06|5.954848937e+06|5.919483360e+06|3.508171750e+03|3.517822972e+03|3.526720902e+03|3.515548940e+03|5.077628815e+10|5.141429955e+10|5.200729042e+10|5.127173058e+10|4.215932007e+03|4.226721924e+03|4.236675049e+03|4.224189941e+03|3.301767700e+03
4.938813034e+06|5.840744552e+06|5.871496242e+06|5.903729663e+06|5.868675591e+06|3.490763366e+03|3.500559437e+03|3.510724178e+03|3.499550759e+03|4.963813563e+10|5.027628108e+10|5.094456671e+10|5.021698766e+10|4.196476440e+03|4.207419678e+03|4.218785645e+03|4.206306152e+03|3.301767700e+03
4.961899123e+06|5.790321744e+06|5.835922456e+06|5.874847037e+06|5.826083683e+06|3.474386724e+03|3.489200081e+03|3.501617313e+03|3.485815158e+03|4.858405249e+10|4.953705770e+10|5.034559622e+10|4.933190367e+10|4.178206909e+03|4.194732178e+03|4.208603882e+03|4.191001953e+03|3.301767700e+03
4.984741112e+06|5.756408144e+06|5.797120905e+06|5.825197024e+06|5.789240543e+06|3.463329424e+03|3.476599300e+03|3.485720858e+03|3.473959026e+03|4.787966108e+10|4.872577408e+10|4.931243800e+10|4.856562119e+10|4.165879639e+03|4.180675293e+03|4.190852417e+03|4.177779297e+03|3.301767700e+03
5.010125350e+06|5.712158013e+06|5.743657637e+06|5.775046567e+06|5.733492997e+06|3.448724332e+03|3.459126271e+03|3.469413499e+03|3.455598851e+03|4.696854165e+10|4.761662620e+10|4.826600884e+10|4.741081701e+10|4.149796143e+03|4.161254150e+03|4.172657715e+03|4.157438965e+03|3.301767700e+03
5.038373328e+06|5.669836053e+06|5.704718275e+06|5.740423975e+06|5.696115614e+06|3.434707713e+03|3.446263797e+03|3.458059627e+03|3.443232554e+03|4.610173543e+10|4.681583371e+10|4.754998223e+10|4.664052075e+10|4.134355957e+03|4.147087646e+03|4.160079346e+03|4.143790039e+03|3.301767700e+03
5.062641287e+06|5.629144304e+06|5.662473719e+06|5.684325625e+06|5.654337133e+06|3.420922804e+03|3.432232812e+03|3.439511836e+03|3.429345238e+03|4.526317193e+10|4.595019837e+10|4.639798255e+10|4.578175954e+10|4.119250977e+03|4.131641357e+03|4.139649170e+03|4.128501465e+03|3.301767700e+03
5.079581521e+06|5.597708244e+06|5.633572955e+06|5.656823758e+06|5.624879006e+06|3.410228196e+03|3.422427327e+03|3.430317636e+03|3.419358418e+03|4.461889610e+10|4.535422897e+10|4.583345136e+10|4.517619178e+10|4.107533447e+03|4.120899658e+03|4.129542725e+03|4.117547363e+03|3.301767700e+03
5.095800895e+06|5.567710839e+06|5.604688557e+06|5.629956906e+06|5.590674008e+06|3.399911812e+03|3.412605180e+03|3.421198908e+03|3.407606199e+03|4.400304030e+10|4.476162035e+10|4.527987395e+10|4.447215668e+10|4.096237061e+03|4.110136719e+03|4.119552979e+03|4.104678223e+03|3.301767700e+03
5.115150774e+06|5.531213132e+06|5.563168023e+06|5.593910718e+06|5.557252572e+06|3.387111547e+03|3.398320532e+03|3.408934479e+03|3.396128225e+03|4.324747378e+10|4.390871769e+10|4.454132826e+10|4.378499793e+10|4.082245789e+03|4.094497192e+03|4.106115723e+03|4.092111572e+03|3.301767700e+03
5.137115580e+06|5.474667625e+06|5.510871653e+06|5.552225387e+06|5.507155876e+06|3.367059686e+03|3.379961837e+03|3.394485219e+03|3.378482963e+03|4.207979658e+10|4.282860855e+10|4.368183962e+10|4.275055879e+10|4.060341187e+03|4.074430298e+03|4.090306702e+03|4.072827148e+03|3.301767700e+03
5.161251276e+06|5.442803809e+06|5.483029294e+06|5.524481619e+06|5.474384696e+06|3.355509511e+03|3.370086080e+03|3.384746782e+03|3.366688495e+03|4.141707403e+10|4.225439765e+10|4.310868098e+10|4.207098525e+10|4.047746826e+03|4.063640381e+03|4.079661011e+03|4.059958008e+03|3.301767700e+03
5.186024209e+06|5.391257717e+06|5.426672399e+06|5.461974096e+06|5.423736287e+06|3.336616311e+03|3.349651577e+03|3.362461795e+03|3.348400856e+03|4.034677678e+10|4.108314875e+10|4.181528798e+10|4.102080329e+10|4.027153809e+03|4.041354614e+03|4.055327759e+03|4.040006592e+03|3.301767700e+03
5.216280587e+06|5.338747299e+06|5.378168810e+06|5.415273736e+06|5.375131261e+06|3.316929686e+03|3.331716219e+03|3.345507932e+03|3.330423997e+03|3.925093015e+10|4.007249991e+10|4.084784967e+10|4.000879099e+10|4.005735535e+03|4.021825928e+03|4.036836609e+03|4.020429932e+03|3.301767700e+03
5.238627175e+06|5.298879177e+06|5.324279279e+06|5.370212557e+06|5.323375817e+06|3.301662195e+03|3.311487420e+03|3.328735433e+03|3.310813782e+03|3.841474221e+10|3.895092444e+10|3.990612777e+10|3.892798634e+10|3.989154602e+03|3.999813599e+03|4.018583069e+03|3.999131592e+03|3.301767700e+03
5.257220644e+06|5.283290351e+06|5.312177854e+06|5.336456002e+06|5.306442783e+06|3.295623350e+03|3.306808596e+03|3.316068915e+03|3.304461949e+03|3.808711447e+10|3.869510503e+10|3.920339053e+10|3.857375808e+10|3.982600525e+03|3.994737549e+03|4.004798767e+03|3.992210693e+03|3.301767700e+03
5.276250241e+06|5.237354446e+06|5.259972976e+06|5.298704834e+06|5.265276247e+06|3.277730678e+03|3.286577968e+03|3.301594699e+03|3.288513257e+03|3.712661104e+10|3.759917580e+10|3.841107135e+10|3.771172950e+10|3.963213257e+03|3.972783569e+03|3.989079956e+03|3.974926270e+03|3.301767700e+03
5.293418209e+06|5.213388692e+06|5.239869039e+06|5.280805712e+06|5.239764016e+06|3.268230197e+03|3.278726587e+03|3.294660222e+03|3.278485765e+03|3.662526651e+10|3.717937389e+10|3.803499741e+10|3.717826267e+10|3.953006348e+03|3.964282593e+03|3.981556396e+03|3.964107178e+03|3.301767700e+03
5.314736593e+06|5.168316382e+06|5.197989880e+06|5.244434874e+06|5.200941185e+06|3.250319120e+03|3.262117327e+03|3.280534438e+03|3.263138780e+03|3.568994171e+10|3.630460524e+10|3.727525600e+10|3.636802416e+10|3.933753418e+03|3.946436157e+03|3.966226868e+03|3.947574463e+03|3.301767700e+03
5.340198092e+06|5.117988593e+06|5.146609671e+06|5.182689185e+06|5.150020599e+06|3.229777787e+03|3.241473557e+03|3.256036835e+03|3.242684383e+03|3.463903460e+10|3.523528296e+10|3.598712807e+10|3.530634161e+10|3.911826111e+03|3.924311401e+03|3.939901550e+03|3.925640625e+03|3.301767700e+03
5.364241098e+06|5.076394875e+06|5.111201026e+06|5.153652680e+06|5.111075391e+06|3.212556476e+03|3.227000726e+03|3.244348136e+03|3.226708986e+03|3.377208188e+10|3.449826174e+10|3.538265384e+10|3.449406878e+10|3.893453796e+03|3.908858643e+03|3.927381409e+03|3.908569580e+03|3.301767700e+03
5.388993937e+06|5.031882186e+06|5.068696607e+06|5.106546064e+06|5.061659357e+06|3.193708751e+03|3.209300783e+03|3.225095447e+03|3.206006365e+03|3.283862737e+10|3.360984879e+10|3.440186056e+10|3.345954426e+10|3.873379883e+03|3.889987305e+03|3.906824036e+03|3.886500732e+03|3.301767700e+03
5.413643653e+06|4.988820518e+06|5.014968198e+06|5.054809440e+06|5.016874078e+06|3.175043090e+03|3.186504645e+03|3.203423536e+03|3.186961959e+03|3.192982145e+10|3.248565746e+10|3.331803820e+10|3.251979388e+10|3.853534546e+03|3.865705566e+03|3.883727600e+03|3.866222900e+03|3.301767700e+03
5.435456559e+06|4.957900772e+06|4.984425938e+06|5.009925001e+06|4.984239915e+06|3.161465618e+03|3.173114944e+03|3.184295450e+03|3.172889711e+03|3.127789757e+10|3.183680860e+10|3.237813371e+10|3.183262202e+10|3.839107971e+03|3.851485718e+03|3.863359802e+03|3.851254883e+03|3.301767700e+03
5.453505582e+06|4.917021585e+06|4.949827294e+06|4.984693837e+06|4.945338146e+06|3.143063340e+03|3.157916053e+03|3.173232501e+03|3.155489060e+03|3.040748765e+10|3.110863975e+10|3.184247544e+10|3.100716229e+10|3.819593933e+03|3.835333984e+03|3.851611450e+03|3.832792725e+03|3.301767700e+03
5.473477582e+06|4.882867609e+06|4.913406443e+06|4.947300414e+06|4.917688854e+06|3.127505385e+03|3.141417998e+03|3.156804758e+03|3.143176431e+03|2.968227236e+10|3.033036953e+10|3.105573906e+10|3.042096768e+10|3.803103333e+03|3.817848999e+03|3.834152283e+03|3.819725098e+03|3.301767700e+03
5.494324139e+06|4.856530885e+06|4.891630569e+06|4.927088889e+06|4.891018298e+06|3.115178822e+03|3.131500082e+03|3.147643291e+03|3.130957036e+03|2.911542912e+10|2.986761183e+10|3.062271923e+10|2.985182812e+10|3.790070801e+03|3.807339478e+03|3.824445190e+03|3.806783203e+03|3.301767700e+03
5.514614927e+06|4.816742378e+06|4.838576700e+06|4.879311059e+06|4.845788085e+06|3.096372357e+03|3.106697639e+03|3.125883489e+03|3.109858146e+03|2.826207591e+10|2.872896012e+10|2.960719881e+10|2.888264800e+10|3.770190979e+03|3.781106323e+03|3.801382996e+03|3.784464600e+03|3.301767700e+03
5.541746313e+06|4.766041091e+06|4.797196938e+06|4.825502646e+06|4.795888620e+06|3.071622529e+03|3.086910768e+03|3.100516471e+03|3.085980314e+03|2.716151010e+10|2.783819188e+10|2.844899380e+10|2.780703638e+10|3.744093689e+03|3.760208130e+03|3.774573120e+03|3.759255859e+03|3.301767700e+03
5.566024244e+06|4.730805505e+06|4.751149995e+06|4.786685809e+06|4.755094615e+06|3.054083713e+03|3.064307049e+03|3.081755581e+03|3.065938656e+03|2.639597460e+10|2.684062466e+10|2.760894716e+10|2.692300761e+10|3.725658569e+03|3.736379517e+03|3.754777466e+03|3.738162842e+03|3.301767700e+03
5.591468640e+06|4.675680294e+06|4.707366772e+06|4.745749037e+06|4.710242404e+06|3.025980699e+03|3.042190629e+03|3.061640431e+03|3.043312283e+03|2.519719858e+10|2.588451268e+10|2.672419579e+10|2.594680087e+10|3.696264648e+03|3.713211426e+03|3.733570923e+03|3.714452393e+03|3.301767700e+03
5.617388164e+06|4.633087470e+06|4.658384476e+06|4.705393577e+06|4.663976091e+06|3.003613105e+03|3.016902466e+03|3.041188824e+03|3.019469513e+03|2.426483615e+10|2.481657021e+10|2.584171218e+10|2.493673507e+10|3.673024658e+03|3.686836792e+03|3.712160339e+03|3.689561768e+03|3.301767700e+03
5.637341437e+06|4.596997917e+06|4.628423072e+06|4.653184230e+06|4.625780240e+06|2.984109435e+03|3.001161240e+03|3.014171730e+03|2.999370741e+03|2.346726240e+10|2.416389023e+10|2.470256095e+10|2.409971692e+10|3.652796814e+03|3.670476318e+03|3.683998108e+03|3.668647461e+03|3.301767700e+03
5.653476439e+06|4.570598406e+06|4.598945537e+06|4.622500406e+06|4.595779372e+06|2.969645528e+03|2.985176005e+03|2.998046316e+03|2.983122049e+03|2.288449517e+10|2.351053388e+10|2.403604422e+10|2.343729199e+10|3.637802795e+03|3.653900757e+03|3.667236633e+03|3.651791260e+03|3.301767700e+03
5.671240240e+06|4.542614988e+06|4.566449780e+06|4.597066037e+06|4.571854490e+06|2.953832124e+03|2.967371413e+03|2.984146689e+03|2.969861559e+03|2.225553510e+10|2.279354663e+10|2.346880373e+10|2.290489870e+10|3.621446838e+03|3.635443115e+03|3.652834229e+03|3.638057617e+03|3.301767700e+03
5.692873231e+06|4.505825920e+06|4.531931584e+06|4.559830440e+06|4.534245579e+06|2.932770270e+03|2.947721937e+03|2.963674555e+03|2.948655193e+03|2.143178400e+10|2.201488339e+10|2.264606209e+10|2.206288219e+10|3.599669739e+03|3.615131348e+03|3.631615112e+03|3.616118652e+03|3.301767700e+03
5.718037385e+06|4.469021942e+06|4.490785031e+06|4.515398131e+06|4.493439070e+06|2.910757262e+03|2.923775864e+03|2.938262484e+03|2.924931415e+03|2.058635388e+10|2.108419797e+10|2.164503612e+10|2.113941979e+10|3.576983582e+03|3.590404053e+03|3.605350098e+03|3.591620605e+03|3.301767700e+03
5.743481944e+06|4.423264426e+06|4.453919302e+06|4.479234247e+06|4.452371708e+06|2.882555547e+03|2.901719885e+03|2.916866868e+03|2.900204557e+03|1.952702134e+10|2.024443792e+10|2.081921366e+10|2.019770385e+10|3.547964111e+03|3.567661499e+03|3.583282227e+03|3.566140869e+03|3.301767700e+03
5.770023965e+06|4.383040301e+06|4.413573026e+06|4.439357788e+06|4.414433757e+06|2.856799169e+03|2.876481479e+03|2.892640909e+03|2.876560642e+03|1.858212045e+10|1.930243293e+10|1.990294589e+10|1.931584113e+10|3.521522888e+03|3.541720581e+03|3.558332214e+03|3.541829102e+03|3.301767700e+03
5.794589127e+06|4.347136283e+06|4.369484433e+06|4.391634552e+06|4.369376635e+06|2.833043442e+03|2.847881675e+03|2.862452881e+03|2.847350770e+03|1.772967386e+10|1.825987404e+10|1.878796142e+10|1.825140676e+10|3.497179565e+03|3.512383301e+03|3.527314819e+03|3.511865234e+03|3.301767700e+03
5.817919477e+06|4.301911877e+06|4.328065251e+06|4.356054636e+06|4.328418241e+06|2.801669445e+03|2.819844132e+03|2.839047370e+03|2.819656707e+03|1.662963181e+10|1.726259194e+10|1.794356946e+10|1.726593465e+10|3.465124268e+03|3.483696167e+03|3.503323425e+03|3.483528809e+03|3.301767700e+03
5.835889377e+06|4.278110484e+06|4.300048938e+06|4.318136950e+06|4.299233069e+06|2.784299732e+03|2.800309493e+03|2.812974058e+03|2.799209653e+03|1.603188484e+10|1.658226510e+10|1.702209554e+10|1.655187098e+10|3.447433716e+03|3.463739014e+03|3.476676880e+03|3.462652588e+03|3.301767700e+03
5.854484652e+06|4.247591444e+06|4.262329355e+06|4.293221058e+06|4.269503544e+06|2.761613593e+03|2.772789466e+03|2.795325732e+03|2.777586678e+03|1.526549044e+10|1.564313421e+10|1.640951210e+10|1.581283757e+10|3.424360718e+03|3.435700317e+03|3.458665649e+03|3.440629150e+03|3.301767700e+03
5.877304935e+06|4.218807625e+06|4.238699586e+06|4.264245457e+06|4.240475043e+06|2.739574276e+03|2.754802374e+03|2.774186746e+03|2.755631028e+03|1.453764490e+10|1.503776302e+10|1.569012732e+10|1.507820772e+10|3.402006836e+03|3.417454834e+03|3.437124390e+03|3.418337158e+03|3.301767700e+03
5.904609051e+06|4.176481752e+06|4.195907444e+06|4.219125136e+06|4.196728505e+06|2.705471712e+03|2.721167618e+03|2.739817249e+03|2.721359989e+03|1.343553752e+10|1.393686611e+10|1.454553322e+10|1.395352949e+10|3.367543701e+03|3.383409668e+03|3.402251648e+03|3.383627441e+03|3.301767700e+03
5.934064304e+06|4.138806934e+06|4.154649355e+06|4.178389444e+06|4.155546274e+06|2.673182383e+03|2.687080579e+03|2.707016764e+03|2.687045804e+03|1.242138742e+10|1.285401944e+10|1.348430881e+10|1.286172681e+10|3.334970276e+03|3.349031128e+03|3.369107727e+03|3.348981201e+03|3.301767700e+03
5.962682109e+06|4.094216984e+06|4.114463060e+06|4.131231572e+06|4.111329612e+06|2.631869394e+03|2.650898950e+03|2.666296923e+03|2.647512908e+03|1.116443479e+10|1.173628700e+10|1.220787818e+10|1.164225357e+10|3.293361206e+03|3.312522339e+03|3.328030273e+03|3.309125000e+03|3.301767700e+03
5.984857021e+06|4.071355734e+06|4.085182786e+06|4.100706359e+06|4.084736102e+06|2.609357965e+03|2.622965376e+03|2.638271740e+03|2.621982704e+03|1.050070972e+10|1.089894456e+10|1.135772298e+10|1.087909907e+10|3.270719666e+03|3.284410645e+03|3.299793274e+03|3.283432617e+03|3.301767700e+03
6.003484216e+06|4.044388128e+06|4.061303043e+06|4.076405961e+06|4.059324061e+06|2.581015973e+03|2.598990115e+03|2.614325086e+03|2.596110321e+03|9.682695476e+09|1.019862135e+10|1.064501896e+10|1.012478136e+10|3.242267090e+03|3.260306763e+03|3.275719421e+03|3.257433350e+03|3.301767700e+03
6.018231531e+06|4.014434139e+06|4.036031682e+06|4.054668346e+06|4.036997818e+06|2.547253874e+03|2.572140474e+03|2.591934014e+03|2.571669872e+03|8.738246179e+09|9.433890191e+09|9.994110338e+09|9.433194591e+09|3.208408569e+03|3.233349976e+03|3.253227966e+03|3.232908691e+03|3.301767700e+03
6.032352588e+06|4.003308433e+06|4.020916392e+06|4.037034576e+06|4.021587228e+06|2.534034782e+03|2.554716835e+03|2.573217435e+03|2.554613416e+03|8.377580604e+09|8.943334627e+09|9.463989098e+09|8.952658288e+09|3.195158142e+03|3.215893555e+03|3.234431458e+03|3.215795410e+03|3.301767700e+03
6.046400306e+06|3.994195748e+06|4.008253139e+06|4.032208110e+06|4.012501508e+06|2.522560845e+03|2.540146543e+03|2.567740546e+03|2.543736605e+03|8.065626591e+09|8.545640826e+09|9.308570027e+09|8.655066554e+09|3.183667114e+03|3.201277710e+03|3.228944397e+03|3.204893066e+03|3.301767700e+03
6.070568467e+06|3.964943477e+06|3.986462378e+06|4.007820331e+06|3.987570579e+06|2.483789523e+03|2.512843974e+03|2.539649168e+03|2.512685292e+03|7.044640734e+09|7.807408023e+09|8.532253791e+09|7.818545792e+09|3.144823364e+03|3.173928223e+03|3.200777588e+03|3.173772705e+03|3.301767700e+03
6.115948090e+06|3.911899814e+06|3.926744169e+06|3.949517550e+06|3.929853475e+06|2.398179738e+03|2.424754038e+03|2.461350474e+03|2.426561161e+03|4.925897661e+09|5.563187585e+09|6.471343490e+09|5.633764845e+09|3.059018799e+03|3.085654663e+03|3.122340820e+03|3.087477783e+03|3.301767700e+03
6.174442582e+06|3.860213360e+06|3.868380136e+06|3.880869071e+06|3.871881538e+06|2.261767469e+03|2.292789141e+03|2.329824499e+03|2.297299460e+03|1.874480189e+09|2.537592341e+09|3.353067672e+09|2.657297697e+09|2.922257507e+03|2.953485229e+03|2.990640442e+03|2.957922119e+03|3.301767700e+03
6.204841296e+06|3.846961714e+06|3.851638702e+06|3.857311359e+06|3.852932373e+06|2.182428080e+03|2.212404930e+03|2.248281690e+03|2.220996599e+03|3.172309189e+07|8.469384427e+08|1.597845026e+09|9.541747129e+08|2.830758789e+03|2.872315796e+03|2.908648071e+03|2.871833496e+03|3.301767700e+03
6.221609448e+06|3.839879707e+06|3.845064577e+06|3.849970877e+06|3.845604434e+06|2.172520370e+03|2.179381695e+03|2.200833741e+03|2.191423894e+03|2.553410816e+05|7.186542944e+06|3.746806810e+08|3.353343235e+08|2.781541382e+03|2.817842285e+03|2.858253967e+03|2.818525635e+03|3.301767700e+03
6.234982472e+06|3.836758083e+06|3.837456841e+06|3.843071236e+06|3.840367801e+06|2.169726804e+03|2.170162704e+03|2.176183792e+03|2.176241862e+03|6.621446902e+00|3.852008429e+03|1.528157536e+06|7.335304872e+07|2.712421265e+03|2.755382690e+03|2.804326477e+03|2.762504883e+03|3.301767700e+03
6.246468161e+06|3.836758083e+06|3.836965748e+06|3.842823160e+06|3.839892381e+06|2.169726804e+03|2.169856349e+03|2.175786015e+03|2.174389335e+03|6.621446902e+00|4.701836759e+01|1.259570215e+06|3.762341004e+07|2.676315857e+03|2.739868408e+03|2.802647461e+03|2.739743408e+03|3.301767700e+03
6.258335481e+06|3.836758083e+06|3.836758083e+06|3.837015034e+06|3.837620725e+06|2.169726804e+03|2.169726804e+03|2.169887095e+03|2.170612026e+03|6.621446902e+00|6.621446902e+00|6.746340609e+01|5.633952571e+05|2.609079651e+03|2.667403931e+03|2.741420715e+03|2.674959717e+03|3.301767700e+03
6.270694159e+06|3.836758080e+06|3.836758083e+06|3.836758083e+06|3.836844059e+06|2.169726804e+03|2.169726804e+03|2.169726804e+03|2.169798398e+03|6.621446858e+00|6.621446902e+00|6.621446902e+00|6.520899024e+03|2.551443542e+03|2.614094482e+03|2.677650146e+03|2.614904785e+03|3.301767700e+03
6.283695247e+06|3.836758082e+06|3.836758083e+06|3.836758083e+06|3.836783087e+06|2.169726804e+03|2.169726804e+03|2.169726804e+03|2.169748323e+03|6.621446858e+00|6.621446858e+00|6.621446901e+00|1.873260655e+03|2.456757629e+03|2.507981934e+03|2.599507385e+03|2.527738037e+03|3.301767700e+03
6.302794519e+06|3.836758079e+06|3.836758083e+06|3.836758083e+06|3.836758081e+06|2.169726804e+03|2.169726804e+03|2.169726804e+03|2.169726804e+03|6.621446849e+00|6.621446858e+00|6.621446858e+00|6.621446849e+00|2.326596802e+03|2.378468506e+03|2.425445068e+03|2.387661377e+03|3.301767700e+03
6.329635055e+06|3.836758076e+06|3.836758076e+06|3.836758080e+06|3.836758077e+06|2.169726803e+03|2.169726804e+03|2.169726804e+03|2.169726803e+03|6.621446768e+00|6.621446812e+00|6.621446812e+00|6.621446798e+00|2.103592163e+03|2.178166504e+03|2.238643250e+03|2.178230225e+03|3.301767700e+03
6.380079721e+06|3.836758076e+06|3.836758078e+06|3.836758081e+06|3.836758078e+06|2.169726802e+03|2.169726803e+03|2.169726803e+03|2.169726803e+03|6.621446677e+00|6.621446724e+00|6.621446768e+00|6.621446719e+00|1.722920044e+03|1.828297852e+03|1.957194794e+03|1.824953003e+03|3.301767700e+03
6.504332196e+06|3.836758074e+06|3.836758076e+06|3.836758078e+06|3.836758076e+06|2.169726798e+03|2.169726800e+03|2.169726801e+03|2.169726800e+03|6.621446268e+00|6.621446409e+00|6.621446543e+00|6.621446400e+00|9.620130920e+02|1.087329712e+03|1.347962555e+03|1.143372681e+03|3.301767700e+03
6.616433349e+06|3.836758068e+06|3.836758069e+06|3.836758073e+06|3.836758071e+06|2.169726795e+03|2.169726795e+03|2.169726796e+03|2.169726795e+03|6.621445916e+00|6.621445949e+00|6.621446080e+00|6.621445978e+00|7.004859009e+02|7.246380310e+02|7.889250946e+02|7.416199341e+02|3.301767700e+03
