#PHASE|Nmant|Nmant/Nmanttot|Mmant|Mmant/Mmanttot|RRRminmant|RRRminmantEq|RRRmaxmant|RRRmaxmantEq|Ncore|Ncore/Ncoretot|Mcore|Mcore/Mcoretot|RRRmincore|RRRmaxcore|
0.000000000e+00|0.000000000e+00|0.000000000e+00|0.000000000e+00|0.000000000e+00|inf|inf|-inf|inf|0.000000000e+00|0.000000000e+00|0.000000000e+00|0.000000000e+00|inf|-inf
1.000000000e+00|6.311000000e+03|4.593058376e-02|2.187370696e+23|4.546609976e-02|3.384842188e+06|3.833116858e+06|4.963635732e+06|inf|6.311000000e+03|0.000000000e+00|0.000000000e+00|0.000000000e+00|inf|-inf
2.000000000e+00|0.000000000e+00|0.000000000e+00|0.000000000e+00|0.000000000e+00|inf|inf|-inf|inf|0.000000000e+00|0.000000000e+00|0.000000000e+00|0.000000000e+00|inf|-inf
3.000000000e+00|3.958900000e+04|2.881232579e-01|1.372731447e+24|2.853322715e-01|3.367758757e+06|3.816088726e+06|5.152111963e+08|inf|3.958900000e+04|0.000000000e+00|0.000000000e+00|0.000000000e+00|inf|-inf
4.000000000e+00|6.073000000e+04|4.419845273e-01|2.122133225e+24|4.411009122e-01|3.460532248e+06|3.964198020e+06|5.159254747e+08|inf|6.073000000e+04|5.450748403e-01|1.162889326e+24|5.388828136e-01|2.230303679e+05|4.938257221e+08
5.000000000e+00|6.640000000e+02|4.832500018e-03|2.406866024e+22|5.002847068e-03|7.745053257e+06|7.745053257e+06|5.724686596e+08|inf|6.640000000e+02|1.105133997e-03|2.475001593e+21|1.146915526e-03|1.192197209e+07|3.881311252e+08
6.000000000e+00|1.700000000e+02|1.237236450e-03|6.107886396e+21|1.269568860e-03|1.011643215e+07|2.502612282e+07|4.916701992e+08|inf|1.700000000e+02|3.087874405e-04|6.915362726e+20|3.204578493e-04|2.050299975e+07|9.013943506e+07
7.000000000e+00|3.639000000e+03|2.648413790e-02|1.301059627e+23|2.704347594e-02|7.810979229e+06|8.995523333e+06|4.559131516e+08|inf|3.639000000e+03|8.711056216e-03|1.947510463e+22|9.024761812e-03|7.596465939e+06|1.780187626e+08
8.000000000e+00|2.630000000e+04|1.914077567e-01|9.371083507e+23|1.947848247e-01|4.402575897e+06|5.243144360e+06|9.342767506e+06|inf|2.630000000e+04|4.448001820e-01|9.724323150e+23|4.506250512e-01|8.086236422e+04|9.078760594e+06
