#RRR|U50|U25|U75|Umean|T50|T25|T75|Tmean|P50|P25|P75|Pmean|rho50|rho25|rho75|Pmean|S
2.953893972e+05|7.332873653e+06|7.363030500e+06|7.388920852e+06|7.358047116e+06|5.764030251e+03|5.773153339e+03|5.780967268e+03|5.771623413e+03|3.043753158e+11|3.059035074e+11|3.072151819e+11|3.056512892e+11|1.191281592e+04|1.192685352e+04|1.193887671e+04|1.192450098e+04|1.846924304e+03
4.476916828e+05|7.299115231e+06|7.324445342e+06|7.341743037e+06|7.316247100e+06|5.753771302e+03|5.761471861e+03|5.766715948e+03|5.758955764e+03|3.026661037e+11|3.039486516e+11|3.048248326e+11|3.035339541e+11|1.189704932e+04|1.190888428e+04|1.191694165e+04|1.190502246e+04|1.846924304e+03
5.333869769e+05|7.260129179e+06|7.288163475e+06|7.306627947e+06|7.280661288e+06|5.741884696e+03|5.750436794e+03|5.756056937e+03|5.748119891e+03|3.006922234e+11|3.021115274e+11|3.030465265e+11|3.017323953e+11|1.187879126e+04|1.189193018e+04|1.190056006e+04|1.188837500e+04|1.846924304e+03
5.966715398e+05|7.240554730e+06|7.259675859e+06|7.273896923e+06|7.255951347e+06|5.735896461e+03|5.741746212e+03|5.746088412e+03|5.740583788e+03|2.997022309e+11|3.006692858e+11|3.013890154e+11|3.004815293e+11|1.186960083e+04|1.187857617e+04|1.188523950e+04|1.187679785e+04|1.846924304e+03
6.512005034e+05|7.206292295e+06|7.228129888e+06|7.249822626e+06|7.226795293e+06|5.725390759e+03|5.732090228e+03|5.738732972e+03|5.731655383e+03|2.979690072e+11|2.990737500e+11|3.001709904e+11|2.990066284e+11|1.185346655e+04|1.186375537e+04|1.187395166e+04|1.186309375e+04|1.846924304e+03
6.965609695e+05|7.177189914e+06|7.197557539e+06|7.216740611e+06|7.197083779e+06|5.716430155e+03|5.722705426e+03|5.728597715e+03|5.722531380e+03|2.964979827e+11|2.975273556e+11|2.984976202e+11|2.975040591e+11|1.183973413e+04|1.184935107e+04|1.185839062e+04|1.184909375e+04|1.846924304e+03
7.439000094e+05|7.158124541e+06|7.179483345e+06|7.200953764e+06|7.178816023e+06|5.710546211e+03|5.717137302e+03|5.723750719e+03|5.716902876e+03|2.955342942e+11|2.966138920e+11|2.976989642e+11|2.965806116e+11|1.183070776e+04|1.184081689e+04|1.185095312e+04|1.184046289e+04|1.846924304e+03
7.855568093e+05|7.133199828e+06|7.151689430e+06|7.174503301e+06|7.148469929e+06|5.702838039e+03|5.708558045e+03|5.715601587e+03|5.707526175e+03|2.942744687e+11|2.952089613e+11|2.963621879e+11|2.950470228e+11|1.181889233e+04|1.182765674e+04|1.183846265e+04|1.182608789e+04|1.846924304e+03
8.247713063e+05|7.090991887e+06|7.126652073e+06|7.149743967e+06|7.121387176e+06|5.689731935e+03|5.700808000e+03|5.707956766e+03|5.699124251e+03|2.921432015e+11|2.939438819e+11|2.951106166e+11|2.936790589e+11|1.179882593e+04|1.181578271e+04|1.182674023e+04|1.181321875e+04|1.846924304e+03
8.652020741e+05|7.080526155e+06|7.103442259e+06|7.131020512e+06|7.104983887e+06|5.686474803e+03|5.693602891e+03|5.702162503e+03|5.694046676e+03|2.916146209e+11|2.927719430e+11|2.941644226e+11|2.928503489e+11|1.179382935e+04|1.180475391e+04|1.181785498e+04|1.180543848e+04|1.846924304e+03
9.010729819e+05|7.060675771e+06|7.077396539e+06|7.106346742e+06|7.083329524e+06|5.680283339e+03|5.685500232e+03|5.694505329e+03|5.687312325e+03|2.906127294e+11|2.914565238e+11|2.929186048e+11|2.917569195e+11|1.178436230e+04|1.179233643e+04|1.180613428e+04|1.179512598e+04|1.846924304e+03
9.355813348e+05|7.022852959e+06|7.058523388e+06|7.081133377e+06|7.055917517e+06|5.668448593e+03|5.679610911e+03|5.686663864e+03|5.678749154e+03|2.887043491e+11|2.905041338e+11|2.916452934e+11|2.903735098e+11|1.176625610e+04|1.178333105e+04|1.179412012e+04|1.178202344e+04|1.846924304e+03
9.715605917e+05|6.993872033e+06|7.023180472e+06|7.051212686e+06|7.021176123e+06|5.659347118e+03|5.668551258e+03|5.677326002e+03|5.667875318e+03|2.872426890e+11|2.887208743e+11|2.901353116e+11|2.886206652e+11|1.175234131e+04|1.176641748e+04|1.177983789e+04|1.176539160e+04|1.846924304e+03
1.005329962e+06|6.965474047e+06|7.001692703e+06|7.030655342e+06|6.999569619e+06|5.650398773e+03|5.661807551e+03|5.670893163e+03|5.661093224e+03|2.858110621e+11|2.876368621e+11|2.890980839e+11|2.875308532e+11|1.173866797e+04|1.175610254e+04|1.176999438e+04|1.175502246e+04|1.846924304e+03
1.035263556e+06|6.934154839e+06|6.967859709e+06|6.997982519e+06|6.972477885e+06|5.640499964e+03|5.651151484e+03|5.660640506e+03|5.652559043e+03|2.842325232e+11|2.859313423e+11|2.874498769e+11|2.861650078e+11|1.172354810e+04|1.173982129e+04|1.175432056e+04|1.174198242e+04|1.846924304e+03
1.066684902e+06|6.924625358e+06|6.951155204e+06|6.976942203e+06|6.952224398e+06|5.637479689e+03|5.645878555e+03|5.654015210e+03|5.646153803e+03|2.837526161e+11|2.850890563e+11|2.863892356e+11|2.851443574e+11|1.171894067e+04|1.173175977e+04|1.174419873e+04|1.173220117e+04|1.846924304e+03
1.098242044e+06|6.892573644e+06|6.927952610e+06|6.956550778e+06|6.926167205e+06|5.627302541e+03|5.638534503e+03|5.647582564e+03|5.637925491e+03|2.821382573e+11|2.839201613e+11|2.853611527e+11|2.838310175e+11|1.170340674e+04|1.172054736e+04|1.173436377e+04|1.171963086e+04|1.846924304e+03
1.129990269e+06|6.882705252e+06|6.910537249e+06|6.936728694e+06|6.907118011e+06|5.624163286e+03|5.633009944e+03|5.641315292e+03|5.631888827e+03|2.816411234e+11|2.830430804e+11|2.843621477e+11|2.828713376e+11|1.169861426e+04|1.171212354e+04|1.172479419e+04|1.171041602e+04|1.846924304e+03
1.156063550e+06|6.843231578e+06|6.880598958e+06|6.909845701e+06|6.877506312e+06|5.611556623e+03|5.623492728e+03|5.632790392e+03|5.622460264e+03|2.796544221e+11|2.815350112e+11|2.830082462e+11|2.813803362e+11|1.167940161e+04|1.169759424e+04|1.171178296e+04|1.169603516e+04|1.846924304e+03
1.183916630e+06|6.827864022e+06|6.852451419e+06|6.888545310e+06|6.855264172e+06|5.606636207e+03|5.614505445e+03|5.626021411e+03|5.615372379e+03|2.788808398e+11|2.801184663e+11|2.819353376e+11|2.802605082e+11|1.167190088e+04|1.168389502e+04|1.170145557e+04|1.168522461e+04|1.846924304e+03
1.212194981e+06|6.798135074e+06|6.832667202e+06|6.871937426e+06|6.831511680e+06|5.597090741e+03|5.608174844e+03|5.620729752e+03|5.607743127e+03|2.773856477e+11|2.791226504e+11|2.810991440e+11|2.790656927e+11|1.165736084e+04|1.167424268e+04|1.169338037e+04|1.167360156e+04|1.846924304e+03
1.241098793e+06|6.762968472e+06|6.789099550e+06|6.817408572e+06|6.788853996e+06|5.585761516e+03|5.594183291e+03|5.603284604e+03|5.594062101e+03|2.756174975e+11|2.769314008e+11|2.783545595e+11|2.769196489e+11|1.164010571e+04|1.165293115e+04|1.166678687e+04|1.165275586e+04|1.846924304e+03
1.264935939e+06|6.750918646e+06|6.780296852e+06|6.804352827e+06|6.776580918e+06|5.581868695e+03|5.591348483e+03|5.599090138e+03|5.590112966e+03|2.750116923e+11|2.764888028e+11|2.776981989e+11|2.763024546e+11|1.163418018e+04|1.164861816e+04|1.166040747e+04|1.164674219e+04|1.846924304e+03
1.290137774e+06|6.720465167e+06|6.757363924e+06|6.782567269e+06|6.749082470e+06|5.571997119e+03|5.583952647e+03|5.592079854e+03|5.581219064e+03|2.734815590e+11|2.753356357e+11|2.766029542e+11|2.749203858e+11|1.161916699e+04|1.163735303e+04|1.164973071e+04|1.163320703e+04|1.846924304e+03
1.315990171e+06|6.708003211e+06|6.744332400e+06|6.778298860e+06|6.741684226e+06|5.567949657e+03|5.579736092e+03|5.590704740e+03|5.578825518e+03|2.728552822e+11|2.746808216e+11|2.763883387e+11|2.745485396e+11|1.161301758e+04|1.163094092e+04|1.164763623e+04|1.162956738e+04|1.846924304e+03
1.340161634e+06|6.678652125e+06|6.707101466e+06|6.731994735e+06|6.707973273e+06|5.558393263e+03|5.567656624e+03|5.575737678e+03|5.567894501e+03|2.713811180e+11|2.728099610e+11|2.740608829e+11|2.728546458e+11|1.159849170e+04|1.161256543e+04|1.162485840e+04|1.161294141e+04|1.846924304e+03
1.368319434e+06|6.634369940e+06|6.669511315e+06|6.709028190e+06|6.670607287e+06|5.543917382e+03|5.555409907e+03|5.568282734e+03|5.555709239e+03|2.691582540e+11|2.709223566e+11|2.729067969e+11|2.709783523e+11|1.157649365e+04|1.159395508e+04|1.161352100e+04|1.159442383e+04|1.846924304e+03
1.389951782e+06|6.636870718e+06|6.656382459e+06|6.679193496e+06|6.657526540e+06|5.544736450e+03|5.551120605e+03|5.558569875e+03|5.551462237e+03|2.692838261e+11|2.702633282e+11|2.714082858e+11|2.703212142e+11|1.157773633e+04|1.158744238e+04|1.159875073e+04|1.158796387e+04|1.846924304e+03
1.412385903e+06|6.598212511e+06|6.629348935e+06|6.659520308e+06|6.626555359e+06|5.532032525e+03|5.542271628e+03|5.552146239e+03|5.541300343e+03|2.673445004e+11|2.689062310e+11|2.704208390e+11|2.687671128e+11|1.155845581e+04|1.157399121e+04|1.158899536e+04|1.157253516e+04|1.846924304e+03
1.434773578e+06|6.575163185e+06|6.605026261e+06|6.633898757e+06|6.604697370e+06|5.524434015e+03|5.534275741e+03|5.543763030e+03|5.534130350e+03|2.661881500e+11|2.676862771e+11|2.691345923e+11|2.676702420e+11|1.154692896e+04|1.156186719e+04|1.157626147e+04|1.156164844e+04|1.846924304e+03
1.459062032e+06|6.546909526e+06|6.577086817e+06|6.609289212e+06|6.577961660e+06|5.515086873e+03|5.525068787e+03|5.535678453e+03|5.525315328e+03|2.647719925e+11|2.662846555e+11|2.679001047e+11|2.663294003e+11|1.153275830e+04|1.154789111e+04|1.156399219e+04|1.154827637e+04|1.846924304e+03
1.485510148e+06|6.517170795e+06|6.547435171e+06|6.585871219e+06|6.552687884e+06|5.505218651e+03|5.515261050e+03|5.527966089e+03|5.516939706e+03|2.632815286e+11|2.647983344e+11|2.667253542e+11|2.650626176e+11|1.151780078e+04|1.153302002e+04|1.155228369e+04|1.153558008e+04|1.846924304e+03
1.508343993e+06|6.513291326e+06|6.531487894e+06|6.555231533e+06|6.535195044e+06|5.503929323e+03|5.509972910e+03|5.517843491e+03|5.511165705e+03|2.630870455e+11|2.639991080e+11|2.651889963e+11|2.641854493e+11|1.151584570e+04|1.152500684e+04|1.153693604e+04|1.152682031e+04|1.846924304e+03
1.525094533e+06|6.490769049e+06|6.511069332e+06|6.540463034e+06|6.511623908e+06|5.496424472e+03|5.503190635e+03|5.512950040e+03|5.503331166e+03|2.619590704e+11|2.629756624e+11|2.644489027e+11|2.630043650e+11|1.150448193e+04|1.151472314e+04|1.152951636e+04|1.151495117e+04|1.846924304e+03
1.546432556e+06|6.465784679e+06|6.489438491e+06|6.515296156e+06|6.489474714e+06|5.488077058e+03|5.495980483e+03|5.504595679e+03|5.495954994e+03|2.607079345e+11|2.618924405e+11|2.631875547e+11|2.618948012e+11|1.149184106e+04|1.150380371e+04|1.151685718e+04|1.150377539e+04|1.846924304e+03
1.568387216e+06|6.424733160e+06|6.452303106e+06|6.471537084e+06|6.446135414e+06|5.474305637e+03|5.483564630e+03|5.490000715e+03|5.481459621e+03|2.586531197e+11|2.600327609e+11|2.609960367e+11|2.597247546e+11|1.147100708e+04|1.148500928e+04|1.149475903e+04|1.148183398e+04|1.846924304e+03
1.591777928e+06|6.406553128e+06|6.438690313e+06|6.461950782e+06|6.434723475e+06|5.468184812e+03|5.478997600e+03|5.486794392e+03|5.477615088e+03|2.577434521e+11|2.593513897e+11|2.605159173e+11|2.591537552e+11|1.146174463e+04|1.147809766e+04|1.148989624e+04|1.147601758e+04|1.846924304e+03
1.615617526e+06|6.377090008e+06|6.399378003e+06|6.424813866e+06|6.402536298e+06|5.458237670e+03|5.465766210e+03|5.474332775e+03|5.466795899e+03|2.562695645e+11|2.573843735e+11|2.586571576e+11|2.575429961e+11|1.144670850e+04|1.145809131e+04|1.147104956e+04|1.145965527e+04|1.846924304e+03
1.635949925e+06|6.355697891e+06|6.378959169e+06|6.395913890e+06|6.376197351e+06|5.450989889e+03|5.458870254e+03|5.464597933e+03|5.457899278e+03|2.552002282e+11|2.563630003e+11|2.572109993e+11|2.562255783e+11|1.143576367e+04|1.144765918e+04|1.145632178e+04|1.144620703e+04|1.846924304e+03
1.653302832e+06|6.328678123e+06|6.349362735e+06|6.370850958e+06|6.346826090e+06|5.441814373e+03|5.448840691e+03|5.456125369e+03|5.447947119e+03|2.538493133e+11|2.548834844e+11|2.559576706e+11|2.547570618e+11|1.142190088e+04|1.143251270e+04|1.144351465e+04|1.143117285e+04|1.846924304e+03
1.671037098e+06|6.310209211e+06|6.336382489e+06|6.355846775e+06|6.331858098e+06|5.435517368e+03|5.444433079e+03|5.451040408e+03|5.442856133e+03|2.529266775e+11|2.542345552e+11|2.552076728e+11|2.540089825e+11|1.141240063e+04|1.142585303e+04|1.143584277e+04|1.142348242e+04|1.846924304e+03
1.693296536e+06|6.281743265e+06|6.308598350e+06|6.327560099e+06|6.304891345e+06|5.425787658e+03|5.434967344e+03|5.441434197e+03|5.433662273e+03|2.515045101e+11|2.528461969e+11|2.537934018e+11|2.526615169e+11|1.139771924e+04|1.141156738e+04|1.142132251e+04|1.140960742e+04|1.846924304e+03
1.715006512e+06|6.258644234e+06|6.282269443e+06|6.307408969e+06|6.282435424e+06|5.417868758e+03|5.425967727e+03|5.434561447e+03|5.426000418e+03|2.503508907e+11|2.515308033e+11|2.527867838e+11|2.515395092e+11|1.138577002e+04|1.139798730e+04|1.141095850e+04|1.139804297e+04|1.846924304e+03
1.736394062e+06|6.229174511e+06|6.245713163e+06|6.272391807e+06|6.250743033e+06|5.407730825e+03|5.413423873e+03|5.422585491e+03|5.415120136e+03|2.488802110e+11|2.497056362e+11|2.510372493e+11|2.499571781e+11|1.137049683e+04|1.137907959e+04|1.139288550e+04|1.138163672e+04|1.846924304e+03
1.755879383e+06|6.211138636e+06|6.228746421e+06|6.242134059e+06|6.226185393e+06|5.401512015e+03|5.407583354e+03|5.412192627e+03|5.406682432e+03|2.479800047e+11|2.488588429e+11|2.495270322e+11|2.487311910e+11|1.136111523e+04|1.137027051e+04|1.137722144e+04|1.136891895e+04|1.846924304e+03
1.774073300e+06|6.177945423e+06|6.197206097e+06|6.218893867e+06|6.198121812e+06|5.390013740e+03|5.396691982e+03|5.404187377e+03|5.396965562e+03|2.463242916e+11|2.472850165e+11|2.483671383e+11|2.473312307e+11|1.134381006e+04|1.135386279e+04|1.136514844e+04|1.135428516e+04|1.846924304e+03
1.790105319e+06|6.156825055e+06|6.174648772e+06|6.198447270e+06|6.178490624e+06|5.382676296e+03|5.388869458e+03|5.397121903e+03|5.390166570e+03|2.452706517e+11|2.461598571e+11|2.473469178e+11|2.463518816e+11|1.133276001e+04|1.134208789e+04|1.135450928e+04|1.134404492e+04|1.846924304e+03
1.808622525e+06|6.132820791e+06|6.153813039e+06|6.175518019e+06|6.151287573e+06|5.374310394e+03|5.381628652e+03|5.389171220e+03|5.380719992e+03|2.440741476e+11|2.451203983e+11|2.462032165e+11|2.449951692e+11|1.132017480e+04|1.133118262e+04|1.134253809e+04|1.132982617e+04|1.846924304e+03
1.829341148e+06|6.103195891e+06|6.127290178e+06|6.144917134e+06|6.124076580e+06|5.363953259e+03|5.372379133e+03|5.378530718e+03|5.371222036e+03|2.425979371e+11|2.437985983e+11|2.446768272e+11|2.436388705e+11|1.130460059e+04|1.131727295e+04|1.132651978e+04|1.131553906e+04|1.846924304e+03
1.848821025e+06|6.071422384e+06|6.098177713e+06|6.120055504e+06|6.094814963e+06|5.352796570e+03|5.362195871e+03|5.369851236e+03|5.360956155e+03|2.410151955e+11|2.423478247e+11|2.434380747e+11|2.421811420e+11|1.128783447e+04|1.130195947e+04|1.131346924e+04|1.130011035e+04|1.846924304e+03
1.869143350e+06|6.056356737e+06|6.076168958e+06|6.097825265e+06|6.076043602e+06|5.347489442e+03|5.354466993e+03|5.362072334e+03|5.354386763e+03|2.402649964e+11|2.412515949e+11|2.423302533e+11|2.412457840e+11|1.127986133e+04|1.129034570e+04|1.130177295e+04|1.129023145e+04|1.846924304e+03
1.885186619e+06|6.023580582e+06|6.047562465e+06|6.067723222e+06|6.042628855e+06|5.335910661e+03|5.344387846e+03|5.351494041e+03|5.342610834e+03|2.386329948e+11|2.398269563e+11|2.408310114e+11|2.395818655e+11|1.126247803e+04|1.127520215e+04|1.128587769e+04|1.127254395e+04|1.846924304e+03
1.901726580e+06|6.007901410e+06|6.032793775e+06|6.055899740e+06|6.028090907e+06|5.330351036e+03|5.339173066e+03|5.347328327e+03|5.337463741e+03|2.378529799e+11|2.390914146e+11|2.402422353e+11|2.388582566e+11|1.125413525e+04|1.126736621e+04|1.127962012e+04|1.126481641e+04|1.846924304e+03
1.918713041e+06|5.980853335e+06|6.001116629e+06|6.019029530e+06|5.997927986e+06|5.320739630e+03|5.327942538e+03|5.334297822e+03|5.326766181e+03|2.365070581e+11|2.375153615e+11|2.384066245e+11|2.373572718e+11|1.123971533e+04|1.125051904e+04|1.126006128e+04|1.124876367e+04|1.846924304e+03
1.935916227e+06|5.945066888e+06|5.976770797e+06|5.993364049e+06|5.968606927e+06|5.307961812e+03|5.319286655e+03|5.325188489e+03|5.316327126e+03|2.347277414e+11|2.363039071e+11|2.371296660e+11|2.358987421e+11|1.122056250e+04|1.123753027e+04|1.124638843e+04|1.123310840e+04|1.846924304e+03
1.953330054e+06|5.937225336e+06|5.954996542e+06|5.973988745e+06|5.955244646e+06|5.305154814e+03|5.311513208e+03|5.318295907e+03|5.311568891e+03|2.343378158e+11|2.352213569e+11|2.361655041e+11|2.352340841e+11|1.121635205e+04|1.122588672e+04|1.123604346e+04|1.122597168e+04|1.846924304e+03
1.973073988e+06|5.904004572e+06|5.923929260e+06|5.940110419e+06|5.916659617e+06|5.293228109e+03|5.300390124e+03|5.306187848e+03|5.297742871e+03|2.326866301e+11|2.336767419e+11|2.344812909e+11|2.333159657e+11|1.119848657e+04|1.120920898e+04|1.121790088e+04|1.120525391e+04|1.846924304e+03
1.990288255e+06|5.876630322e+06|5.906179908e+06|5.926564210e+06|5.898799088e+06|5.283357513e+03|5.294011333e+03|5.301334875e+03|5.291313199e+03|2.313266281e+11|2.327946829e+11|2.338077599e+11|2.324284717e+11|1.118370483e+04|1.119965967e+04|1.121062646e+04|1.119562598e+04|1.846924304e+03
2.008906856e+06|5.847483092e+06|5.869814023e+06|5.885943501e+06|5.866388605e+06|5.272809158e+03|5.280895414e+03|5.286718726e+03|5.279623582e+03|2.298790262e+11|2.309878861e+11|2.317893281e+11|2.308183424e+11|1.116792065e+04|1.118002441e+04|1.118874072e+04|1.117812598e+04|1.846924304e+03
2.024409093e+06|5.827683517e+06|5.846653494e+06|5.864496602e+06|5.847729265e+06|5.265618484e+03|5.272508163e+03|5.278973533e+03|5.272872652e+03|2.288963118e+11|2.298378414e+11|2.307236816e+11|2.298916696e+11|1.115717236e+04|1.116747119e+04|1.117714600e+04|1.116802539e+04|1.846924304e+03
2.040664320e+06|5.808263022e+06|5.828158118e+06|5.845289102e+06|5.828066367e+06|5.258551291e+03|5.265791017e+03|5.272013075e+03|5.265725186e+03|2.279322690e+11|2.289198745e+11|2.297701296e+11|2.289156327e+11|1.114659644e+04|1.115742822e+04|1.116673389e+04|1.115733594e+04|1.846924304e+03
2.056487325e+06|5.784008819e+06|5.807692607e+06|5.828857836e+06|5.804294421e+06|5.249687602e+03|5.258343484e+03|5.266045376e+03|5.257059942e+03|2.267289472e+11|2.279039461e+11|2.289546132e+11|2.277358555e+11|1.113336108e+04|1.114629102e+04|1.115781030e+04|1.114438379e+04|1.846924304e+03
2.073061844e+06|5.753314384e+06|5.779097537e+06|5.800408293e+06|5.778101081e+06|5.238432934e+03|5.247889203e+03|5.255686123e+03|5.247478266e+03|2.252060992e+11|2.264852678e+11|2.275424040e+11|2.264363778e+11|1.111654785e+04|1.113067578e+04|1.114231836e+04|1.113006836e+04|1.846924304e+03
2.089125541e+06|5.727485486e+06|5.750306376e+06|5.770483789e+06|5.750271292e+06|5.228922484e+03|5.237328100e+03|5.244732837e+03|5.237262652e+03|2.239258192e+11|2.250568654e+11|2.260579996e+11|2.250560904e+11|1.110235669e+04|1.111489355e+04|1.112596289e+04|1.111481348e+04|1.846924304e+03
2.107607360e+06|5.704576469e+06|5.724258656e+06|5.743806218e+06|5.724817164e+06|5.220462402e+03|5.227732068e+03|5.234937262e+03|5.227899345e+03|2.227904211e+11|2.237659077e+11|2.247345729e+11|2.237939924e+11|1.108972925e+04|1.110057666e+04|1.111132690e+04|1.110083496e+04|1.846924304e+03
2.125254386e+06|5.672390304e+06|5.700366631e+06|5.722042831e+06|5.699720467e+06|5.208523639e+03|5.218905551e+03|5.226914378e+03|5.218615471e+03|2.211956799e+11|2.225817496e+11|2.236560870e+11|2.225502596e+11|1.107192798e+04|1.108740381e+04|1.109936108e+04|1.108698633e+04|1.846924304e+03
2.142055483e+06|5.655474335e+06|5.670233169e+06|5.687823646e+06|5.668235202e+06|5.202226203e+03|5.207721209e+03|5.214259388e+03|5.206953831e+03|2.203577642e+11|2.210888189e+11|2.219601447e+11|2.209900765e+11|1.106254370e+04|1.107073486e+04|1.108048022e+04|1.106959277e+04|1.846924304e+03
2.157603472e+06|5.630899623e+06|5.649968662e+06|5.664637036e+06|5.648020017e+06|5.193054004e+03|5.200174146e+03|5.205638657e+03|5.199418107e+03|2.191405449e+11|2.200849493e+11|2.208116700e+11|2.199888725e+11|1.104887500e+04|1.105948438e+04|1.106762866e+04|1.105836621e+04|1.846924304e+03
2.172971558e+06|5.601566021e+06|5.622675677e+06|5.640924434e+06|5.619431482e+06|5.182058288e+03|5.189974694e+03|5.196800627e+03|5.188705890e+03|2.176889091e+11|2.187336129e+11|2.196369387e+11|2.185736961e+11|1.103250806e+04|1.104429443e+04|1.105445801e+04|1.104241406e+04|1.846924304e+03
2.188192060e+06|5.574876590e+06|5.600418048e+06|5.619059061e+06|5.592396609e+06|5.172018417e+03|5.181627278e+03|5.188619668e+03|5.178565820e+03|2.163681801e+11|2.176321015e+11|2.185546611e+11|2.172356239e+11|1.101755884e+04|1.103186523e+04|1.104227686e+04|1.102731543e+04|1.846924304e+03
2.203720183e+06|5.554254780e+06|5.574819957e+06|5.596876910e+06|5.576906087e+06|5.164227455e+03|5.171997143e+03|5.180297396e+03|5.172742978e+03|2.153483346e+11|2.163653842e+11|2.174568514e+11|2.164690900e+11|1.100597485e+04|1.101752881e+04|1.102988281e+04|1.101865039e+04|1.846924304e+03
2.218169431e+06|5.529440092e+06|5.550617130e+06|5.580324862e+06|5.552986680e+06|5.154829275e+03|5.162851331e+03|5.174073649e+03|5.163690631e+03|2.141209323e+11|2.151684155e+11|2.166375937e+11|2.152861503e+11|1.099200000e+04|1.100393457e+04|1.102061963e+04|1.100519141e+04|1.846924304e+03
2.235480607e+06|5.494519586e+06|5.521628348e+06|5.542375611e+06|5.519774633e+06|5.141534741e+03|5.151861837e+03|5.159731657e+03|5.151091297e+03|2.123950341e+11|2.137346868e+11|2.147607020e+11|2.136439811e+11|1.097225122e+04|1.098758643e+04|1.099929297e+04|1.098645703e+04|1.846924304e+03
2.254379497e+06|5.464737125e+06|5.490408740e+06|5.513531185e+06|5.487423647e+06|5.130148295e+03|5.139966076e+03|5.148780388e+03|5.138780085e+03|2.109233539e+11|2.121918758e+11|2.133346183e+11|2.120448452e+11|1.095533667e+04|1.096991748e+04|1.098301392e+04|1.096816602e+04|1.846924304e+03
2.269647352e+06|5.449332002e+06|5.473757036e+06|5.488126270e+06|5.471189318e+06|5.124234771e+03|5.133604789e+03|5.139094804e+03|5.132589826e+03|2.101626897e+11|2.113687827e+11|2.120790620e+11|2.112425192e+11|1.094656299e+04|1.096046338e+04|1.096862769e+04|1.095896875e+04|1.846924304e+03
2.284479957e+06|5.432436458e+06|5.447825871e+06|5.463079916e+06|5.443535747e+06|5.117737758e+03|5.123656097e+03|5.129512618e+03|5.121970667e+03|2.093283028e+11|2.100883196e+11|2.108415175e+11|2.098767440e+11|1.093692822e+04|1.094570410e+04|1.095439429e+04|1.094321094e+04|1.846924304e+03
2.298970141e+06|5.405096383e+06|5.422126595e+06|5.446828416e+06|5.424678780e+06|5.107185737e+03|5.113767324e+03|5.123272743e+03|5.114710998e+03|2.079785577e+11|2.088191368e+11|2.100390614e+11|2.089455669e+11|1.092127026e+04|1.093103027e+04|1.094513696e+04|1.093244141e+04|1.846924304e+03
2.313082430e+06|5.380649598e+06|5.406136151e+06|5.426902883e+06|5.402085111e+06|5.097710572e+03|5.107588169e+03|5.115607281e+03|5.105973316e+03|2.067719508e+11|2.080298712e+11|2.090550457e+11|2.078303486e+11|1.090722900e+04|1.092186914e+04|1.093376001e+04|1.091948535e+04|1.846924304e+03
2.327357033e+06|5.349913335e+06|5.376213090e+06|5.407603053e+06|5.379645377e+06|5.085750762e+03|5.095988389e+03|5.108155844e+03|5.097262679e+03|2.052556030e+11|2.065529198e+11|2.081022607e+11|2.067230558e+11|1.088950732e+04|1.090467383e+04|1.092270728e+04|1.090657617e+04|1.846924304e+03
2.341887205e+06|5.333077596e+06|5.362150445e+06|5.399778119e+06|5.360576868e+06|5.079176035e+03|5.090521944e+03|5.105126631e+03|5.089831476e+03|2.044254565e+11|2.058589526e+11|2.077160626e+11|2.057824632e+11|1.087977710e+04|1.089657471e+04|1.091822363e+04|1.089556836e+04|1.846924304e+03
2.355767615e+06|5.293401275e+06|5.324274521e+06|5.345963314e+06|5.322375065e+06|5.063612226e+03|5.075733410e+03|5.084209291e+03|5.074940465e+03|2.024694187e+11|2.039914324e+11|2.050608812e+11|2.038981266e+11|1.085674731e+04|1.087467871e+04|1.088722876e+04|1.087351367e+04|1.846924304e+03
2.372327246e+06|5.268900775e+06|5.295424401e+06|5.327313164e+06|5.294770493e+06|5.053951647e+03|5.064408770e+03|5.076922123e+03|5.064086011e+03|2.012617454e+11|2.025691580e+11|2.041412564e+11|2.025374455e+11|1.084245508e+04|1.085792139e+04|1.087643701e+04|1.085745508e+04|1.846924304e+03
2.390773686e+06|5.244610886e+06|5.265357551e+06|5.286772728e+06|5.264605369e+06|5.044336588e+03|5.052552361e+03|5.061001158e+03|5.052217566e+03|2.000651982e+11|2.010871174e+11|2.021427352e+11|2.010506060e+11|1.082824194e+04|1.084038135e+04|1.085288330e+04|1.083989844e+04|1.846924304e+03
2.406410738e+06|5.212533035e+06|5.233598866e+06|5.253955295e+06|5.233024062e+06|5.031587655e+03|5.039965181e+03|5.048041789e+03|5.039689563e+03|1.984854754e+11|1.995229216e+11|2.005252849e+11|1.994950462e+11|1.080940405e+04|1.082178320e+04|1.083371460e+04|1.082138672e+04|1.846924304e+03
2.420759572e+06|5.191704471e+06|5.220083435e+06|5.243672458e+06|5.214102382e+06|5.023269253e+03|5.034592607e+03|5.043964285e+03|5.032150194e+03|1.974602184e+11|1.988573754e+11|2.000189966e+11|1.985633941e+11|1.079712646e+04|1.081385156e+04|1.082769556e+04|1.081025098e+04|1.846924304e+03
2.435004550e+06|5.172033616e+06|5.198301285e+06|5.225840116e+06|5.196960250e+06|5.015388945e+03|5.025908078e+03|5.036881969e+03|5.025333535e+03|1.964920885e+11|1.977849162e+11|1.991408456e+11|1.977192330e+11|1.078550098e+04|1.080102295e+04|1.081722998e+04|1.080018262e+04|1.846924304e+03
2.447538289e+06|5.150088500e+06|5.172928526e+06|5.196982996e+06|5.173389867e+06|5.006572581e+03|5.015747828e+03|5.025380900e+03|5.015888259e+03|1.954120731e+11|1.965361462e+11|1.977200367e+11|1.965592232e+11|1.077248901e+04|1.078602930e+04|1.080023853e+04|1.078624219e+04|1.846924304e+03
2.460840137e+06|5.113462050e+06|5.147498510e+06|5.180419406e+06|5.144677788e+06|4.991779504e+03|5.005528542e+03|5.018750509e+03|5.004320808e+03|1.936107605e+11|1.952847069e+11|1.969048704e+11|1.951467538e+11|1.075068384e+04|1.077094531e+04|1.079046289e+04|1.076918359e+04|1.846924304e+03
2.472757110e+06|5.096771980e+06|5.125732035e+06|5.159352645e+06|5.131140805e+06|4.985012273e+03|4.996742169e+03|5.010299498e+03|4.998850740e+03|1.927901180e+11|1.942142512e+11|1.958679530e+11|1.944809730e+11|1.074070654e+04|1.075799951e+04|1.077798315e+04|1.076111914e+04|1.846924304e+03
2.487321308e+06|5.084609747e+06|5.106166909e+06|5.126804825e+06|5.106967350e+06|4.980065024e+03|4.988825738e+03|4.997175524e+03|4.989076195e+03|1.921924192e+11|1.932519039e+11|1.942670191e+11|1.932921485e+11|1.073342505e+04|1.074632715e+04|1.075863696e+04|1.074671094e+04|1.846924304e+03
2.503727597e+06|5.045210194e+06|5.067465368e+06|5.091091226e+06|5.070195809e+06|4.963983356e+03|4.973079427e+03|4.982702365e+03|4.974147196e+03|1.902561886e+11|1.913498124e+11|1.925109140e+11|1.914843553e+11|1.070974023e+04|1.072313818e+04|1.073730933e+04|1.072471582e+04|1.846924304e+03
2.521167847e+06|5.025080131e+06|5.042873130e+06|5.061434714e+06|5.041410980e+06|4.955718401e+03|4.963024797e+03|4.970618915e+03|4.962376585e+03|1.892673969e+11|1.901414196e+11|1.910534611e+11|1.900699919e+11|1.069758838e+04|1.070833691e+04|1.071951221e+04|1.070738965e+04|1.846924304e+03
2.537432706e+06|4.983291725e+06|5.015586226e+06|5.036134728e+06|5.008290655e+06|4.938483600e+03|4.951813704e+03|4.960259558e+03|4.948763699e+03|1.872154230e+11|1.888010295e+11|1.898104410e+11|1.884432074e+11|1.067224341e+04|1.069184570e+04|1.070426807e+04|1.068736621e+04|1.846924304e+03
2.552352942e+06|4.968862295e+06|4.993145602e+06|5.022098996e+06|4.994014259e+06|4.932505302e+03|4.942560398e+03|4.954492765e+03|4.942862224e+03|1.865072216e+11|1.876989613e+11|1.891209763e+11|1.877422922e+11|1.066345801e+04|1.067823682e+04|1.069578223e+04|1.067869043e+04|1.846924304e+03
2.565398148e+06|4.945921153e+06|4.981999164e+06|5.003169664e+06|4.972215961e+06|4.922973945e+03|4.937948481e+03|4.946700475e+03|4.933825631e+03|1.853813530e+11|1.871519965e+11|1.881910329e+11|1.866722928e+11|1.064945312e+04|1.067145850e+04|1.068432202e+04|1.066541211e+04|1.846924304e+03
2.576705504e+06|4.931606571e+06|4.960738668e+06|4.988482161e+06|4.958185508e+06|4.916997826e+03|4.929135115e+03|4.940631599e+03|4.928011304e+03|1.846790553e+11|1.861085628e+11|1.874700807e+11|1.859836196e+11|1.064068726e+04|1.065850537e+04|1.067540039e+04|1.065686914e+04|1.846924304e+03
2.587710924e+06|4.907287860e+06|4.931941678e+06|4.954853274e+06|4.930164160e+06|4.906821664e+03|4.917137846e+03|4.926691482e+03|4.916346199e+03|1.834858679e+11|1.846954975e+11|1.858196639e+11|1.846086246e+11|1.062574487e+04|1.064089404e+04|1.065491235e+04|1.063973633e+04|1.846924304e+03
2.599576360e+06|4.891282043e+06|4.914042911e+06|4.940347817e+06|4.915640838e+06|4.900099911e+03|4.909651415e+03|4.920648361e+03|4.910257441e+03|1.827009048e+11|1.838173044e+11|1.851079595e+11|1.838962585e+11|1.061588745e+04|1.062990137e+04|1.064604028e+04|1.063080078e+04|1.846924304e+03
2.611621771e+06|4.853975571e+06|4.888525152e+06|4.913585359e+06|4.885272102e+06|4.884365964e+03|4.898939595e+03|4.909459827e+03|4.897514742e+03|1.808720679e+11|1.825658050e+11|1.837948468e+11|1.824068623e+11|1.059281543e+04|1.061418701e+04|1.062962305e+04|1.061210352e+04|1.846924304e+03
2.628985509e+06|4.826423164e+06|4.850718831e+06|4.873598897e+06|4.847471102e+06|4.872670757e+03|4.882989113e+03|4.892650765e+03|4.881551362e+03|1.795221347e+11|1.807124388e+11|1.818341133e+11|1.805538397e+11|1.057568237e+04|1.059079248e+04|1.060496484e+04|1.058870020e+04|1.846924304e+03
2.645309682e+06|4.792360280e+06|4.815047829e+06|4.837444043e+06|4.816007851e+06|4.858142483e+03|4.867829052e+03|4.877355303e+03|4.868190095e+03|1.778533525e+11|1.789647129e+11|1.800620710e+11|1.790121179e+11|1.055440967e+04|1.056859131e+04|1.058254639e+04|1.056912598e+04|1.846924304e+03
2.663776401e+06|4.765408152e+06|4.796109850e+06|4.818056789e+06|4.789861528e+06|4.846580464e+03|4.859748011e+03|4.869110410e+03|4.857014481e+03|1.765336412e+11|1.780368999e+11|1.791121570e+11|1.777314858e+11|1.053748657e+04|1.055675488e+04|1.057046338e+04|1.055276660e+04|1.846924304e+03
2.680108019e+06|4.733950247e+06|4.763990271e+06|4.784396654e+06|4.757583225e+06|4.833017000e+03|4.845971167e+03|4.854730132e+03|4.843166048e+03|1.749938720e+11|1.764641995e+11|1.774634535e+11|1.761509295e+11|1.051765332e+04|1.053659863e+04|1.054941528e+04|1.053250293e+04|1.846924304e+03
2.692618952e+06|4.725087450e+06|4.753204948e+06|4.774937023e+06|4.748245887e+06|4.829181896e+03|4.841332119e+03|4.850672488e+03|4.839142997e+03|1.745601974e+11|1.759360513e+11|1.770002117e+11|1.756938587e+11|1.051204980e+04|1.052980566e+04|1.054347974e+04|1.052661914e+04|1.846924304e+03
2.702905159e+06|4.695218852e+06|4.730543736e+06|4.767761698e+06|4.727195650e+06|4.816215100e+03|4.831543362e+03|4.847591574e+03|4.830007964e+03|1.730987936e+11|1.748272041e+11|1.766488958e+11|1.746639033e+11|1.049310352e+04|1.051550049e+04|1.053897192e+04|1.051326953e+04|1.846924304e+03
2.712819766e+06|4.674914716e+06|4.713060618e+06|4.741558084e+06|4.708744433e+06|4.807352174e+03|4.823970988e+03|4.836305711e+03|4.822008000e+03|1.721056516e+11|1.739716937e+11|1.753661033e+11|1.737610429e+11|1.048016187e+04|1.050443115e+04|1.052246484e+04|1.050157715e+04|1.846924304e+03
2.722165974e+06|4.673153235e+06|4.694845181e+06|4.719795631e+06|4.693858299e+06|4.806582245e+03|4.816052225e+03|4.826890121e+03|4.815553953e+03|1.720194906e+11|1.730805209e+11|1.743012345e+11|1.730326809e+11|1.047903271e+04|1.049286230e+04|1.050869897e+04|1.049214746e+04|1.846924304e+03
2.731940997e+06|4.640772620e+06|4.675517612e+06|4.696071972e+06|4.668627982e+06|4.792383100e+03|4.807615676e+03|4.816587062e+03|4.804549113e+03|1.704361650e+11|1.721351407e+11|1.731405163e+11|1.717985810e+11|1.045831763e+04|1.048054736e+04|1.049363916e+04|1.047607520e+04|1.846924304e+03
2.745200491e+06|4.615344894e+06|4.649038253e+06|4.683182594e+06|4.646566216e+06|4.781177386e+03|4.796018077e+03|4.810963862e+03|4.794836591e+03|1.691934403e+11|1.708401079e+11|1.725100410e+11|1.707200966e+11|1.044196411e+04|1.046360986e+04|1.048543262e+04|1.046190723e+04|1.846924304e+03
2.765101133e+06|4.571004812e+06|4.608617953e+06|4.638678530e+06|4.607064838e+06|4.761495395e+03|4.778206205e+03|4.791461561e+03|4.777426670e+03|1.670267911e+11|1.688646067e+11|1.703338401e+11|1.687892356e+11|1.041328589e+04|1.043762988e+04|1.045696729e+04|1.043651367e+04|1.846924304e+03
2.785077469e+06|4.541308862e+06|4.564023527e+06|4.588372360e+06|4.565669648e+06|4.748221446e+03|4.758384549e+03|4.769222555e+03|4.759053051e+03|1.655765247e+11|1.666856991e+11|1.678754111e+11|1.667666616e+11|1.039395801e+04|1.040874951e+04|1.042454443e+04|1.040973535e+04|1.846924304e+03
2.801581799e+06|4.516543162e+06|4.538836828e+06|4.557232718e+06|4.534294717e+06|4.737101866e+03|4.747113082e+03|4.755352831e+03|4.745013934e+03|1.643672417e+11|1.654558059e+11|1.663539584e+11|1.652344089e+11|1.037776709e+04|1.039234521e+04|1.040432837e+04|1.038929590e+04|1.846924304e+03
2.815663948e+06|4.485559612e+06|4.503892949e+06|4.528462122e+06|4.504611991e+06|4.723101979e+03|4.731395813e+03|4.742457711e+03|4.731670836e+03|1.628551788e+11|1.637498745e+11|1.649492782e+11|1.637852506e+11|1.035741016e+04|1.036946631e+04|1.038556934e+04|1.036987891e+04|1.846924304e+03
2.826332547e+06|4.469250923e+06|4.495137727e+06|4.515666838e+06|4.491785434e+06|4.715707618e+03|4.727437433e+03|4.736707767e+03|4.725860224e+03|1.620592665e+11|1.633225851e+11|1.643244642e+11|1.631593134e+11|1.034665601e+04|1.036371338e+04|1.037718945e+04|1.036142969e+04|1.846924304e+03
2.834772727e+06|4.449823526e+06|4.472030636e+06|4.491588579e+06|4.471276659e+06|4.706855546e+03|4.716969175e+03|4.725831558e+03|4.716559009e+03|1.611115426e+11|1.621949344e+11|1.631494169e+11|1.621585419e+11|1.033379785e+04|1.034849072e+04|1.036137939e+04|1.034790723e+04|1.846924304e+03
2.844332047e+06|4.436734217e+06|4.455762934e+06|4.481669647e+06|4.456809177e+06|4.700875603e+03|4.709565716e+03|4.721339715e+03|4.709979115e+03|1.604730602e+11|1.614012658e+11|1.626653098e+11|1.614526828e+11|1.032511011e+04|1.033773535e+04|1.035485181e+04|1.033834570e+04|1.846924304e+03
2.853361616e+06|4.411727447e+06|4.433652197e+06|4.454285695e+06|4.428849446e+06|4.689412658e+03|4.699466087e+03|4.708891843e+03|4.697204356e+03|1.592534879e+11|1.603227164e+11|1.613292153e+11|1.600888816e+11|1.030846558e+04|1.032306641e+04|1.033675537e+04|1.031978906e+04|1.846924304e+03
2.863365255e+06|4.388637252e+06|4.413164392e+06|4.441594998e+06|4.413350340e+06|4.678774484e+03|4.690073608e+03|4.703097471e+03|4.690085352e+03|1.581279629e+11|1.593235353e+11|1.607101477e+11|1.593331241e+11|1.029303174e+04|1.030942041e+04|1.032833936e+04|1.030945508e+04|1.846924304e+03
2.874883567e+06|4.355913322e+06|4.385424928e+06|4.420019571e+06|4.387656890e+06|4.663611828e+03|4.677291974e+03|4.693224829e+03|4.678256006e+03|1.565329687e+11|1.579713784e+11|1.596576951e+11|1.580804050e+11|1.027104370e+04|1.029087891e+04|1.031399194e+04|1.029228613e+04|1.846924304e+03
2.892872205e+06|4.322919295e+06|4.345866483e+06|4.383514026e+06|4.351507122e+06|4.648224894e+03|4.658935544e+03|4.676409789e+03|4.661484563e+03|1.549250994e+11|1.560433235e+11|1.578782385e+11|1.563185581e+11|1.024873926e+04|1.026426025e+04|1.028959912e+04|1.026796680e+04|1.846924304e+03
2.916487074e+06|4.288768071e+06|4.315275103e+06|4.337524483e+06|4.312859512e+06|4.632189622e+03|4.644641896e+03|4.655048125e+03|4.643448209e+03|1.532619263e+11|1.545528304e+11|1.556367051e+11|1.544355482e+11|1.022551782e+04|1.024355371e+04|1.025862329e+04|1.024183008e+04|1.846924304e+03
2.935104475e+06|4.261403877e+06|4.280309221e+06|4.301855872e+06|4.278612555e+06|4.619250718e+03|4.628202202e+03|4.638343336e+03|4.627335426e+03|1.519295491e+11|1.528500169e+11|1.538993286e+11|1.527676508e+11|1.020680054e+04|1.021974023e+04|1.023442896e+04|1.021850195e+04|1.846924304e+03
2.946156664e+06|4.231926612e+06|4.256474067e+06|4.290566845e+06|4.255467149e+06|4.605239404e+03|4.616912920e+03|4.633036010e+03|4.616352166e+03|1.504944353e+11|1.516895270e+11|1.533495467e+11|1.516408562e+11|1.018652808e+04|1.020341455e+04|1.022674146e+04|1.020261523e+04|1.846924304e+03
2.954742459e+06|4.220662388e+06|4.251161037e+06|4.275817060e+06|4.243284335e+06|4.599856690e+03|4.614391550e+03|4.626077250e+03|4.610549289e+03|1.499463463e+11|1.514308121e+11|1.526313241e+11|1.510478786e+11|1.017875049e+04|1.019976758e+04|1.021666846e+04|1.019422461e+04|1.846924304e+03
2.963186262e+06|4.202904170e+06|4.232141439e+06|4.253675376e+06|4.226977272e+06|4.591354342e+03|4.605341980e+03|4.615584896e+03|4.602781652e+03|1.490821809e+11|1.505048920e+11|1.515532321e+11|1.502541264e+11|1.016646484e+04|1.018667676e+04|1.020149634e+04|1.018299316e+04|1.846924304e+03
2.971046265e+06|4.187409686e+06|4.214941577e+06|4.236373209e+06|4.209547365e+06|4.583909214e+03|4.597119856e+03|4.607361923e+03|4.594465126e+03|1.483283556e+11|1.496679701e+11|1.507108647e+11|1.494058069e+11|1.015570874e+04|1.017479980e+04|1.018959424e+04|1.017097168e+04|1.846924304e+03
2.979191915e+06|4.174124261e+06|4.197001270e+06|4.215734293e+06|4.194443134e+06|4.577500024e+03|4.588523695e+03|4.597499219e+03|4.587240798e+03|1.476821561e+11|1.487949090e+11|1.497065457e+11|1.486707759e+11|1.014645581e+04|1.016237158e+04|1.017534448e+04|1.016053027e+04|1.846924304e+03
2.988166524e+06|4.142556551e+06|4.176585585e+06|4.201872478e+06|4.172052186e+06|4.562212008e+03|4.578688283e+03|4.590859796e+03|4.576416602e+03|1.461467981e+11|1.478018537e+11|1.490319646e+11|1.475816732e+11|1.012439258e+04|1.014816992e+04|1.016575122e+04|1.014490430e+04|1.846924304e+03
3.001532863e+06|4.105918621e+06|4.142563486e+06|4.167757222e+06|4.136807745e+06|4.544331642e+03|4.562215369e+03|4.574424380e+03|4.559328190e+03|1.443652089e+11|1.461471346e+11|1.473724375e+11|1.458675745e+11|1.009860010e+04|1.012439209e+04|1.014201978e+04|1.012024316e+04|1.846924304e+03
3.030532617e+06|4.051769340e+06|4.076270121e+06|4.114307494e+06|4.079299967e+06|4.517636958e+03|4.529752750e+03|4.548434146e+03|4.531139972e+03|1.417338160e+11|1.429244217e+11|1.447730617e+11|1.430719571e+11|1.006014478e+04|1.007759521e+04|1.010451709e+04|1.007960840e+04|1.846924304e+03
3.056236514e+06|4.059854905e+06|4.089098362e+06|4.110486140e+06|4.083805196e+06|4.521649716e+03|4.536068410e+03|4.546566312e+03|4.533377850e+03|1.421267033e+11|1.435477900e+11|1.445872761e+11|1.432908322e+11|1.006591797e+04|1.008669531e+04|1.010182251e+04|1.008282910e+04|1.846924304e+03
3.067875281e+06|4.048976975e+06|4.076743229e+06|4.110206245e+06|4.074789154e+06|4.516250142e+03|4.529986018e+03|4.546429467e+03|4.528881836e+03|1.415981203e+11|1.429474144e+11|1.445736677e+11|1.428528449e+11|1.005815088e+04|1.007793018e+04|1.010162427e+04|1.007636230e+04|1.846924304e+03
3.074740289e+06|4.045472593e+06|4.080588678e+06|4.111589029e+06|4.076359941e+06|4.514508920e+03|4.531880241e+03|4.547105432e+03|4.529647466e+03|1.414278113e+11|1.431342722e+11|1.446408968e+11|1.429292141e+11|1.005564453e+04|1.008066406e+04|1.010259766e+04|1.007746484e+04|1.846924304e+03
3.080975838e+06|4.035860299e+06|4.062564329e+06|4.105264141e+06|4.063827305e+06|4.509728581e+03|4.522992707e+03|4.544010969e+03|4.523411938e+03|1.409606894e+11|1.422583205e+11|1.443333949e+11|1.423203189e+11|1.004876733e+04|1.006785156e+04|1.009814014e+04|1.006849023e+04|1.846924304e+03
3.086757117e+06|4.024766356e+06|4.057490874e+06|4.094174960e+06|4.059106172e+06|4.504203586e+03|4.520476903e+03|4.538564719e+03|4.521148123e+03|1.404216100e+11|1.420118450e+11|1.437944465e+11|1.420906131e+11|1.004080737e+04|1.006423340e+04|1.009029321e+04|1.006521973e+04|1.846924304e+03
3.093196848e+06|4.024343064e+06|4.057605510e+06|4.088219398e+06|4.050920040e+06|4.503992549e+03|4.520533692e+03|4.535636054e+03|4.517040428e+03|1.404010410e+11|1.420174109e+11|1.435050793e+11|1.416930046e+11|1.004050464e+04|1.006431152e+04|1.008607397e+04|1.005931250e+04|1.846924304e+03
3.099526928e+06|4.023449576e+06|4.056596625e+06|4.095687273e+06|4.057166601e+06|4.503547159e+03|4.520033191e+03|4.539308033e+03|4.520161002e+03|1.403576248e+11|1.419683941e+11|1.438679499e+11|1.419964748e+11|1.003986377e+04|1.006359131e+04|1.009136670e+04|1.006380078e+04|1.846924304e+03
3.104996625e+06|3.974400556e+06|4.030624321e+06|4.082367067e+06|4.026311727e+06|4.478932397e+03|4.507121772e+03|4.532755920e+03|4.504689582e+03|1.379754331e+11|1.407062416e+11|1.432206822e+11|1.404977726e+11|1.000446387e+04|1.004501221e+04|1.008192627e+04|1.004155176e+04|1.846924304e+03
3.112540462e+06|3.949112950e+06|3.982157888e+06|4.056129518e+06|4.002644668e+06|4.466124615e+03|4.482841716e+03|4.519801368e+03|4.492763874e+03|1.367475985e+11|1.383520779e+11|1.419456954e+11|1.393484276e+11|9.986073730e+03|1.001008789e+04|1.006325879e+04|1.002440918e+04|1.846924304e+03
3.134199695e+06|3.906479948e+06|3.943027345e+06|3.977347026e+06|3.845965102e+06|4.444370837e+03|4.463035603e+03|4.480420818e+03|4.405716649e+03|1.346779677e+11|1.364521604e+11|1.381184745e+11|1.317465783e+11|9.954840332e+03|9.981635254e+03|1.000659912e+04|9.900420898e+03|1.846924304e+03
3.201497175e+06|2.887613700e+06|2.914825944e+06|2.954637884e+06|2.924092212e+06|3.841666512e+03|3.860449084e+03|3.887590595e+03|3.866501893e+03|8.525991496e+10|8.658461298e+10|8.852152525e+10|8.703459772e+10|9.100977295e+03|9.127281250e+03|9.165328125e+03|9.135788086e+03|1.846924304e+03
3.211954195e+06|2.866715247e+06|2.897553744e+06|2.925000893e+06|2.901916581e+06|3.827123089e+03|3.848557919e+03|3.867427912e+03|3.851146915e+03|8.424243574e+10|8.574404790e+10|8.707988945e+10|8.595485196e+10|9.080610596e+03|9.110622559e+03|9.137062256e+03|9.114287109e+03|1.846924304e+03
3.217239428e+06|2.850380188e+06|2.880732721e+06|2.911638232e+06|2.881993503e+06|3.815645858e+03|3.836889247e+03|3.858260196e+03|3.837333452e+03|8.344597889e+10|8.492499774e+10|8.642943133e+10|8.498457899e+10|9.064564453e+03|9.094286621e+03|9.124216064e+03|9.094945312e+03|1.846924304e+03
3.222224223e+06|2.842701649e+06|2.874792836e+06|2.928237159e+06|2.889463045e+06|3.810239732e+03|3.832761067e+03|3.869645291e+03|3.842354615e+03|8.307190240e+10|8.463586122e+10|8.723741799e+10|8.534773448e+10|9.056995605e+03|9.088505371e+03|9.140163086e+03|9.101990234e+03|1.846924304e+03
3.226092075e+06|2.826604376e+06|2.858870353e+06|2.892029043e+06|2.862236512e+06|3.798828140e+03|3.821615159e+03|3.844729049e+03|3.823540853e+03|8.228678174e+10|8.385993642e+10|8.547489682e+10|8.402207076e+10|9.041045898e+03|9.072912598e+03|9.105264404e+03|9.075642578e+03|1.846924304e+03
3.229311679e+06|2.818856351e+06|2.852989313e+06|2.886884484e+06|2.859665215e+06|3.793315127e+03|3.817481146e+03|3.841158628e+03|3.821706262e+03|8.190893758e+10|8.357316221e+10|8.522449739e+10|8.389662693e+10|9.033333984e+03|9.067129883e+03|9.100262207e+03|9.073077148e+03|1.846924304e+03
3.232422781e+06|2.807322560e+06|2.833841413e+06|2.872463050e+06|2.839508981e+06|3.785091535e+03|3.803970961e+03|3.831140744e+03|3.807599364e+03|8.134660056e+10|8.263979763e+10|8.452244779e+10|8.291452868e+10|9.021834473e+03|9.048229980e+03|9.086235107e+03|9.053337891e+03|1.846924304e+03
3.235070025e+06|2.789756102e+06|2.828861268e+06|2.863396141e+06|2.827325006e+06|3.772452872e+03|3.800432603e+03|3.824793730e+03|3.798987978e+03|8.048891705e+10|8.239683564e+10|8.408060963e+10|8.232048712e+10|9.004190674e+03|9.043284668e+03|9.077353760e+03|9.041293945e+03|1.846924304e+03
3.237996334e+06|2.775972861e+06|2.807168381e+06|2.830363943e+06|2.804147832e+06|3.762501802e+03|3.784982715e+03|3.801500554e+03|3.782514934e+03|7.981627348e+10|8.133911205e+10|8.247010954e+10|8.119005406e+10|8.990281006e+03|9.021682617e+03|9.044781250e+03|9.018266602e+03|1.846924304e+03
3.241757050e+06|2.762324057e+06|2.791242775e+06|2.837833545e+06|2.797886056e+06|3.752555562e+03|3.773524055e+03|3.806804270e+03|3.777818670e+03|7.914913757e+10|8.056145583e+10|8.283464475e+10|8.088353336e+10|8.976406006e+03|9.005685059e+03|9.052184082e+03|9.011721680e+03|1.846924304e+03
3.246746679e+06|2.751969140e+06|2.782875427e+06|2.830985397e+06|2.790870374e+06|3.744994507e+03|3.767491508e+03|3.801942085e+03|3.772777105e+03|7.864321860e+10|8.015321467e+10|8.250043077e+10|8.054113023e+10|8.965847900e+03|8.997256836e+03|9.045392578e+03|9.004679688e+03|1.846924304e+03
3.252970054e+06|2.737829303e+06|2.770625660e+06|2.807659004e+06|2.776089355e+06|3.734601847e+03|3.758607923e+03|3.785333546e+03|3.762194824e+03|7.795187959e+10|7.955485470e+10|8.136303432e+10|7.981985987e+10|8.951353027e+03|8.984850098e+03|9.022170654e+03|8.989890625e+03|1.846924304e+03
3.260588167e+06|2.689693745e+06|2.730399961e+06|2.766238228e+06|2.730123398e+06|3.698775785e+03|3.729117997e+03|3.755410233e+03|3.728401413e+03|7.559644891e+10|7.758863937e+10|7.934043507e+10|7.757238190e+10|8.901401611e+03|8.943705078e+03|8.980389404e+03|8.942743164e+03|1.846924304e+03
3.271139907e+06|2.599509096e+06|2.651996575e+06|2.693318668e+06|2.655038334e+06|3.629549132e+03|3.670173912e+03|3.701493443e+03|3.671781479e+03|7.117062566e+10|7.374839163e+10|7.577385711e+10|7.389329427e+10|8.805050781e+03|8.861568359e+03|8.905190430e+03|8.863863281e+03|1.846924304e+03
3.400488308e+06|9.896302318e+06|9.964714253e+06|1.001697624e+07|9.961601636e+06|3.922037905e+03|3.928938688e+03|3.934186551e+03|3.928586086e+03|1.535293207e+11|1.550669526e+11|1.562436133e+11|1.549985409e+11|5.444136719e+03|5.457311523e+03|5.467334839e+03|5.456640625e+03|3.062127248e+03
3.415538081e+06|9.811692807e+06|9.856544414e+06|9.900331323e+06|9.856570638e+06|3.913454272e+03|3.918011142e+03|3.922445298e+03|3.917980321e+03|1.516300124e+11|1.526372450e+11|1.536197849e+11|1.526385732e+11|5.427752930e+03|5.436450684e+03|5.444913452e+03|5.436393066e+03|3.062127248e+03
3.424801096e+06|9.758655461e+06|9.805197100e+06|9.878933860e+06|9.809888412e+06|3.908045901e+03|3.912793058e+03|3.920280276e+03|3.913224543e+03|1.504394477e+11|1.514841095e+11|1.531394078e+11|1.515909264e+11|5.417425659e+03|5.426489990e+03|5.440780884e+03|5.427314453e+03|3.062127248e+03
3.431113558e+06|9.680070074e+06|9.742340134e+06|9.810501801e+06|9.755368728e+06|3.899991922e+03|3.906377777e+03|3.913333012e+03|3.907662727e+03|1.486791831e+11|1.500736317e+11|1.516032618e+11|1.503679128e+11|5.402055542e+03|5.414240723e+03|5.427519897e+03|5.416696777e+03|3.062127248e+03
3.435449332e+06|9.637267505e+06|9.692386894e+06|9.745903888e+06|9.683048272e+06|3.895581907e+03|3.901257449e+03|3.906742323e+03|3.900249452e+03|1.477195147e+11|1.489548222e+11|1.501535287e+11|1.487464533e+11|5.393636475e+03|5.404471680e+03|5.414935913e+03|5.402546875e+03|3.062127248e+03
3.441666704e+06|9.522225193e+06|9.589105831e+06|9.704186139e+06|9.606059916e+06|3.883653713e+03|3.890601216e+03|3.902468665e+03|3.892297977e+03|1.451443464e+11|1.466401826e+11|1.492189314e+11|1.470220993e+11|5.370874512e+03|5.384128418e+03|5.406781860e+03|5.387371094e+03|3.062127248e+03
3.449638328e+06|9.452230252e+06|9.597133199e+06|9.651462599e+06|9.554825057e+06|3.876343062e+03|3.891432679e+03|3.897046366e+03|3.886961199e+03|1.435786189e+11|1.468199542e+11|1.480379737e+11|1.458760963e+11|5.356921631e+03|5.385714844e+03|5.396434448e+03|5.377187500e+03|3.062127248e+03
3.460596050e+06|9.476679554e+06|9.539001509e+06|9.593216020e+06|9.522045952e+06|3.878901375e+03|3.885399834e+03|3.891027014e+03|3.883567514e+03|1.441256272e+11|1.455191962e+11|1.467322121e+11|1.451420891e+11|5.361806030e+03|5.374204590e+03|5.384943481e+03|5.370711426e+03|3.062127248e+03
3.519474277e+06|7.791915061e+06|8.363432830e+06|9.337201163e+06|8.553887143e+06|3.688245138e+03|3.755058928e+03|3.864240370e+03|3.774993577e+03|1.068060026e+11|1.194181824e+11|1.410110606e+11|1.236719209e+11|4.999040527e+03|5.126001465e+03|5.333835571e+03|5.164061035e+03|3.062127248e+03
3.584161654e+06|7.682415824e+06|7.712635759e+06|7.765141655e+06|7.719054269e+06|3.674626400e+03|3.678399179e+03|3.684928389e+03|3.679173257e+03|1.044014018e+11|1.050636488e+11|1.062168146e+11|1.052057064e+11|4.973243286e+03|4.980385498e+03|4.992751953e+03|4.981856445e+03|3.062127248e+03
3.599409450e+06|7.632360514e+06|7.657467188e+06|7.692850597e+06|7.659015367e+06|3.668343597e+03|3.671503428e+03|3.675930357e+03|3.671673592e+03|1.033040112e+11|1.038556307e+11|1.046299800e+11|1.038886300e+11|4.961353882e+03|4.967334229e+03|4.975713745e+03|4.967657715e+03|3.062127248e+03
3.610508307e+06|7.602547103e+06|7.624235079e+06|7.653124600e+06|7.627686345e+06|3.664579976e+03|3.667318929e+03|3.670958424e+03|3.667740824e+03|1.026495838e+11|1.031254833e+11|1.037605017e+11|1.032014756e+11|4.954230713e+03|4.959412842e+03|4.966304443e+03|4.960213379e+03|3.062127248e+03
3.621274948e+06|7.555463100e+06|7.590034885e+06|7.621556538e+06|7.590625568e+06|3.658613936e+03|3.662997227e+03|3.666980975e+03|3.663057479e+03|1.016182687e+11|1.023752797e+11|1.030666447e+11|1.023891328e+11|4.942943359e+03|4.951233398e+03|4.958772949e+03|4.951352051e+03|3.062127248e+03
3.630072649e+06|7.527929738e+06|7.555036246e+06|7.598173271e+06|7.560494749e+06|3.655112446e+03|3.658559717e+03|3.664026931e+03|3.659229912e+03|1.010165899e+11|1.016089359e+11|1.025536796e+11|1.017291395e+11|4.936325195e+03|4.942841553e+03|4.953182251e+03|4.944113281e+03|3.062127248e+03
3.640472866e+06|7.496649882e+06|7.525925378e+06|7.556626200e+06|7.528007520e+06|3.651112047e+03|3.654857176e+03|3.658761644e+03|3.655098141e+03|1.003311409e+11|1.009728169e+11|1.016437011e+11|1.010177160e+11|4.928764282e+03|4.935841309e+03|4.943223877e+03|4.936300293e+03|3.062127248e+03
3.653733173e+06|7.437888561e+06|7.480851297e+06|7.509307767e+06|7.479278912e+06|3.643550028e+03|3.649083243e+03|3.652735276e+03|3.648848845e+03|9.904338804e+10|9.998451261e+10|1.006090770e+11|9.995066671e+10|4.914471680e+03|4.924924805e+03|4.931830933e+03|4.924488770e+03|3.062127248e+03
3.684031575e+06|7.403012055e+06|7.472601822e+06|7.565976841e+06|7.478358067e+06|3.639041001e+03|3.648022439e+03|3.659948511e+03|3.648685733e+03|9.828117059e+10|9.980362333e+10|1.018482660e+11|9.993078115e+10|4.905956177e+03|4.922921631e+03|4.945467896e+03|4.924186035e+03|3.062127248e+03
3.731913280e+06|7.463224563e+06|7.504486405e+06|7.545537329e+06|7.499390877e+06|3.646815927e+03|3.652117232e+03|3.657352738e+03|3.651423022e+03|9.959805655e+10|1.005031651e+11|1.014012821e+11|1.003910442e+11|4.920643188e+03|4.930663818e+03|4.940559204e+03|4.929354492e+03|3.062127248e+03
3.753690984e+06|7.396906350e+06|7.438157261e+06|7.462829045e+06|7.430364569e+06|3.638249993e+03|3.643584748e+03|3.646765017e+03|3.642556910e+03|9.814786813e+10|9.904926182e+10|9.958938770e+10|9.887970382e+10|4.904462769e+03|4.914537598e+03|4.920547485e+03|4.912599609e+03|3.062127248e+03
3.769430577e+06|7.356118606e+06|7.388141227e+06|7.406466472e+06|7.381129199e+06|3.632941129e+03|3.637113638e+03|3.639488306e+03|3.636182159e+03|9.725555766e+10|9.795671152e+10|9.835661303e+10|9.780273126e+10|4.894438354e+03|4.902316895e+03|4.906800293e+03|4.900559570e+03|3.062127248e+03
3.787462048e+06|7.315282136e+06|7.337893784e+06|7.363609689e+06|7.336130785e+06|3.627594099e+03|3.630557521e+03|3.633919616e+03|3.630315103e+03|9.636160485e+10|9.685623522e+10|9.741982909e+10|9.681836472e+10|4.884346802e+03|4.889938232e+03|4.896285156e+03|4.889483398e+03|3.062127248e+03
3.802077069e+06|7.254232827e+06|7.289899091e+06|7.312794361e+06|7.280551166e+06|3.619559364e+03|3.624259437e+03|3.627267651e+03|3.623010759e+03|9.502943344e+10|9.580697515e+10|9.630721571e+10|9.560338516e+10|4.869191895e+03|4.878052734e+03|4.883729248e+03|4.875702148e+03|3.062127248e+03
3.817215732e+06|7.188980634e+06|7.228952773e+06|7.253272050e+06|7.221974176e+06|3.610878341e+03|3.616207265e+03|3.619432519e+03|3.615253183e+03|9.360198003e+10|9.447667704e+10|9.500850720e+10|9.432395398e+10|4.852826172e+03|4.862870605e+03|4.868949707e+03|4.861075195e+03|3.062127248e+03
3.835765712e+06|7.115195662e+06|7.162651921e+06|7.202362777e+06|7.159115833e+06|3.600984215e+03|3.607356450e+03|3.612664827e+03|3.606844956e+03|9.199345259e+10|9.302714094e+10|9.389462804e+10|9.295102232e+10|4.834190796e+03|4.846188965e+03|4.856192627e+03|4.845232910e+03|3.062127248e+03
3.865909357e+06|7.059572331e+06|7.125419129e+06|7.188773564e+06|7.116852648e+06|3.593439339e+03|3.602359672e+03|3.610850703e+03|3.601129382e+03|9.077729581e+10|9.221579613e+10|9.359744976e+10|9.202872644e+10|4.819987061e+03|4.836780518e+03|4.852773193e+03|4.834474121e+03|3.062127248e+03
3.893780531e+06|7.047626535e+06|7.091396140e+06|7.135498306e+06|7.087824786e+06|3.591812786e+03|3.597762686e+03|3.603714222e+03|3.597217234e+03|9.051661586e+10|9.147287194e+10|9.243524021e+10|9.139509316e+10|4.816927246e+03|4.828124268e+03|4.839329224e+03|4.827107910e+03|3.062127248e+03
3.915042759e+06|7.008759465e+06|7.041280712e+06|7.067839456e+06|7.034476524e+06|3.586506579e+03|3.590947910e+03|3.594563824e+03|3.589993541e+03|8.966986940e+10|9.037820225e+10|9.095779225e+10|9.023069761e+10|4.806947144e+03|4.815299805e+03|4.822105103e+03|4.813510254e+03|3.062127248e+03
3.932931943e+06|6.961074811e+06|6.980486919e+06|7.018747470e+06|6.985494171e+06|3.579950192e+03|3.582632139e+03|3.587872191e+03|3.583288307e+03|8.863041313e+10|8.905515107e+10|8.988719238e+10|8.916279727e+10|4.794620972e+03|4.799665039e+03|4.809516235e+03|4.800900879e+03|3.062127248e+03
3.949732363e+06|6.915680688e+06|6.953435720e+06|6.982005481e+06|6.951358499e+06|3.573657212e+03|3.578893295e+03|3.582841533e+03|3.578587496e+03|8.763951012e+10|8.846347327e+10|8.908837015e+10|8.841846353e+10|4.782798828e+03|4.792637451e+03|4.800058350e+03|4.792064941e+03|3.062127248e+03
3.965400244e+06|6.867731499e+06|6.889855600e+06|6.927312308e+06|6.894381129e+06|3.566977134e+03|3.570063593e+03|3.575272552e+03|3.570667701e+03|8.659639614e+10|8.707732671e+10|8.789310610e+10|8.717655640e+10|4.770256958e+03|4.776051025e+03|4.785833862e+03|4.777189453e+03|3.062127248e+03
3.981747778e+06|6.829589474e+06|6.866043936e+06|6.899564951e+06|6.867588951e+06|3.561617927e+03|3.566741410e+03|3.571415793e+03|3.566913906e+03|8.576479064e+10|8.655976460e+10|8.728858655e+10|8.659293086e+10|4.760199341e+03|4.769815430e+03|4.778590088e+03|4.770145020e+03|3.062127248e+03
4.003588759e+06|6.782105007e+06|6.822129786e+06|6.859809188e+06|6.826804515e+06|3.554900762e+03|3.560564943e+03|3.565870152e+03|3.561184348e+03|8.472957887e+10|8.560188796e+10|8.642446544e+10|8.570435576e+10|4.747602417e+03|4.758225586e+03|4.768180054e+03|4.759393555e+03|3.062127248e+03
4.031149605e+06|6.772579688e+06|6.837718167e+06|6.884477739e+06|6.820003796e+06|3.553549190e+03|3.562764402e+03|3.569314013e+03|3.560190433e+03|8.452230583e+10|8.594241598e+10|8.696036217e+10|8.555639150e+10|4.745068604e+03|4.762351318e+03|4.774644653e+03|4.757535156e+03|3.062127248e+03
4.055294127e+06|6.730233819e+06|6.780981154e+06|6.839164767e+06|6.775632651e+06|3.547523220e+03|3.554741371e+03|3.562968326e+03|3.553907941e+03|8.360295884e+10|8.470511751e+10|8.597403533e+10|8.459014006e+10|4.733775513e+03|4.747303955e+03|4.762733521e+03|4.745754883e+03|3.062127248e+03
4.074574354e+06|6.700148996e+06|6.728204972e+06|6.763891577e+06|6.725027333e+06|3.543198739e+03|3.547234010e+03|3.552315182e+03|3.546719053e+03|8.294612881e+10|8.355900422e+10|8.433346884e+10|8.348811515e+10|4.725676025e+03|4.733235840e+03|4.742755737e+03|4.732279297e+03|3.062127248e+03
4.092455898e+06|6.643517795e+06|6.680484090e+06|6.715051820e+06|6.673427696e+06|3.535015905e+03|3.540363014e+03|3.545343730e+03|3.539304961e+03|8.171322328e+10|8.251734563e+10|8.327141269e+10|8.236489354e+10|4.710362427e+03|4.720366455e+03|4.729693604e+03|4.718394531e+03|3.062127248e+03
4.113217283e+06|6.595548095e+06|6.636816023e+06|6.675875482e+06|6.635769279e+06|3.528034504e+03|3.534044189e+03|3.539697565e+03|3.533854442e+03|8.067127780e+10|8.156768780e+10|8.241693735e+10|8.154527414e+10|4.697305054e+03|4.708543945e+03|4.719122681e+03|4.708194824e+03|3.062127248e+03
4.128311989e+06|6.570488561e+06|6.599300750e+06|6.638711184e+06|6.604840896e+06|3.524351754e+03|3.528585077e+03|3.534319051e+03|3.529359504e+03|8.012441490e+10|8.075325868e+10|8.160883693e+10|8.087225565e+10|4.690421997e+03|4.698334961e+03|4.709055908e+03|4.699786133e+03|3.062127248e+03
4.144549562e+06|6.517268875e+06|6.552596203e+06|6.603986644e+06|6.557178051e+06|3.516496760e+03|3.521716117e+03|3.529272335e+03|3.522346213e+03|7.896698379e+10|7.973472743e+10|8.085564686e+10|7.983558976e+10|4.675748535e+03|4.685496582e+03|4.699620483e+03|4.686682617e+03|3.062127248e+03
4.165075264e+06|6.470666541e+06|6.520911983e+06|6.552567851e+06|6.509208310e+06|3.509564345e+03|3.517035960e+03|3.521711932e+03|3.515253883e+03|7.795477363e+10|7.904603287e+10|7.973411078e+10|7.879215539e+10|4.662809082e+03|4.676753662e+03|4.685487427e+03|4.673437012e+03|3.062127248e+03
4.189789559e+06|6.442008554e+06|6.481854946e+06|6.539320499e+06|6.481469833e+06|3.505260345e+03|3.511241010e+03|3.519757129e+03|3.511104334e+03|7.733008529e+10|7.819916650e+10|7.944596279e+10|7.818901365e+10|4.654783936e+03|4.665940186e+03|4.681838379e+03|4.665696777e+03|3.062127248e+03
4.211958882e+06|6.428139933e+06|6.465608886e+06|6.511580286e+06|6.461830730e+06|3.503172491e+03|3.508805814e+03|3.515654385e+03|3.508166846e+03|7.702829832e+10|7.784440339e+10|7.884359633e+10|7.776189018e+10|4.650890137e+03|4.661396240e+03|4.674175903e+03|4.660216797e+03|3.062127248e+03
4.232238080e+06|6.380349560e+06|6.416917367e+06|6.452493840e+06|6.414157350e+06|3.495952839e+03|3.501480621e+03|3.506836719e+03|3.501010497e+03|7.599123513e+10|7.678437613e+10|7.755848987e+10|7.672553032e+10|4.637437622e+03|4.647736084e+03|4.657723145e+03|4.646871582e+03|3.062127248e+03
4.249198829e+06|6.341671367e+06|6.377133128e+06|6.406682484e+06|6.367573816e+06|3.490050433e+03|3.495465530e+03|3.499935765e+03|3.493956342e+03|7.514980459e+10|7.592159915e+10|7.656215852e+10|7.571292315e+10|4.626447754e+03|4.636529297e+03|4.644859619e+03|4.633729004e+03|3.062127248e+03
4.269554066e+06|6.308991858e+06|6.343023769e+06|6.367579618e+06|6.333404494e+06|3.485027561e+03|3.490257882e+03|3.494017064e+03|3.488737299e+03|7.443834176e+10|7.517929779e+10|7.571496425e+10|7.497038065e+10|4.617101440e+03|4.626834717e+03|4.633832153e+03|4.624013672e+03|3.062127248e+03
4.287433651e+06|6.248819098e+06|6.281468565e+06|6.323937116e+06|6.284337184e+06|3.475728803e+03|3.480782629e+03|3.487326969e+03|3.481186674e+03|7.313393936e+10|7.384081596e+10|7.476339447e+10|7.390392840e+10|4.599814697e+03|4.609209229e+03|4.621380249e+03|4.609968750e+03|3.062127248e+03
4.305835504e+06|6.221332331e+06|6.243076798e+06|6.279628276e+06|6.251180513e+06|3.471422926e+03|3.474830374e+03|3.480498321e+03|3.476052003e+03|7.253413043e+10|7.300847155e+10|7.380092762e+10|7.318314373e+10|4.591820435e+03|4.598147705e+03|4.608680786e+03|4.600423340e+03|3.062127248e+03
4.324634507e+06|6.168941686e+06|6.201798630e+06|6.238639605e+06|6.198682069e+06|3.463177750e+03|3.468354604e+03|3.474135749e+03|3.467809678e+03|7.139543180e+10|7.210886163e+10|7.291156243e+10|7.204217310e+10|4.576517212e+03|4.586124268e+03|4.596858521e+03|4.585124023e+03|3.062127248e+03
4.342991735e+06|6.146144565e+06|6.184395552e+06|6.228668903e+06|6.187919765e+06|3.459574282e+03|3.465615095e+03|3.472573522e+03|3.466120325e+03|7.090170270e+10|7.173069338e+10|7.269402508e+10|7.180828227e+10|4.569834229e+03|4.581040527e+03|4.593954224e+03|4.581988281e+03|3.062127248e+03
4.365076872e+06|6.104689871e+06|6.162945272e+06|6.211955793e+06|6.152826984e+06|3.452950297e+03|3.462230818e+03|3.469950912e+03|3.460548846e+03|6.999931936e+10|7.126547865e+10|7.232990778e+10|7.104569816e+10|4.557562256e+03|4.574761963e+03|4.589087769e+03|4.571659180e+03|3.062127248e+03
4.384870154e+06|6.075978796e+06|6.116822103e+06|6.156668501e+06|6.112450661e+06|3.448332314e+03|3.454897020e+03|3.461238883e+03|3.454113261e+03|6.937464876e+10|7.026385632e+10|7.112951421e+10|7.016827500e+10|4.549011841e+03|4.561168213e+03|4.572923096e+03|4.559732422e+03|3.062127248e+03
4.403700619e+06|6.049267257e+06|6.079904157e+06|6.114299996e+06|6.075958446e+06|3.444021881e+03|3.448964605e+03|3.454492559e+03|3.448276503e+03|6.879520097e+10|6.945993913e+10|7.020883736e+10|6.937533800e+10|4.541034424e+03|4.550181641e+03|4.560419678e+03|4.548920410e+03|3.062127248e+03
4.422611288e+06|6.017369503e+06|6.042659278e+06|6.083751946e+06|6.041655723e+06|3.438846785e+03|3.442953452e+03|3.449584116e+03|3.442732956e+03|6.810376118e+10|6.865212176e+10|6.954356967e+10|6.863008773e+10|4.531463623e+03|4.539059326e+03|4.551328857e+03|4.538663086e+03|3.062127248e+03
4.442734592e+06|5.969643337e+06|6.001544275e+06|6.031183478e+06|5.993593023e+06|3.431005211e+03|3.436251578e+03|3.441095918e+03|3.434893593e+03|6.706371162e+10|6.775825015e+10|6.840386938e+10|6.758543184e+10|4.516979858e+03|4.526670410e+03|4.535623047e+03|4.524172852e+03|3.062127248e+03
4.461366146e+06|5.917082998e+06|5.946996371e+06|5.988845868e+06|5.953353526e+06|3.422317455e+03|3.427268550e+03|3.434165612e+03|3.428281092e+03|6.592462259e+10|6.657208798e+10|6.748150905e+10|6.671099741e+10|4.500946045e+03|4.510081787e+03|4.522817627e+03|4.511959473e+03|3.062127248e+03
4.479788954e+06|5.885217439e+06|5.911788829e+06|5.953657789e+06|5.912553206e+06|3.416971350e+03|3.421435346e+03|3.428368719e+03|3.421494391e+03|6.522933879e+10|6.580968003e+10|6.671656636e+10|6.582412999e+10|4.491093018e+03|4.499320312e+03|4.512111206e+03|4.499442383e+03|3.062127248e+03
4.498314133e+06|5.846326922e+06|5.876267267e+06|5.936239693e+06|5.882884559e+06|3.410411868e+03|3.415464503e+03|3.425490237e+03|3.416507885e+03|6.438307962e+10|6.503422922e+10|6.633900993e+10|6.517859873e+10|4.479016479e+03|4.488320068e+03|4.506802124e+03|4.490256836e+03|3.062127248e+03
4.518099409e+06|5.830895462e+06|5.855087176e+06|5.907106594e+06|5.856132741e+06|3.407800529e+03|3.411892111e+03|3.420649737e+03|3.412002787e+03|6.404846724e+10|6.457338458e+10|6.570730204e+10|6.459712186e+10|4.474208740e+03|4.481740234e+03|4.497873047e+03|4.481959473e+03|3.062127248e+03
4.536896597e+06|5.791940545e+06|5.836380732e+06|5.878444010e+06|5.831031512e+06|3.401158500e+03|3.408729317e+03|3.415831129e+03|3.407752664e+03|6.320199521e+10|6.416734365e+10|6.508166397e+10|6.405134863e+10|4.461996460e+03|4.475919434e+03|4.488994751e+03|4.474137207e+03|3.062127248e+03
4.554936152e+06|5.759063621e+06|5.787998801e+06|5.823477037e+06|5.785185070e+06|3.395489330e+03|3.400480012e+03|3.406543418e+03|3.399926865e+03|6.248499945e+10|6.311585501e+10|6.388780917e+10|6.305421117e+10|4.451581665e+03|4.460749023e+03|4.471895142e+03|4.459747070e+03|3.062127248e+03
4.574665118e+06|5.721236659e+06|5.746419127e+06|5.780147039e+06|5.747044230e+06|3.388938205e+03|3.393302867e+03|3.399127501e+03|3.393356740e+03|6.166354292e+10|6.220999948e+10|6.294446973e+10|6.222443265e+10|4.439558960e+03|4.447568359e+03|4.458262695e+03|4.447679688e+03|3.062127248e+03
4.593423002e+06|5.700521138e+06|5.733955592e+06|5.753874223e+06|5.722369891e+06|3.385334966e+03|3.391144366e+03|3.394592390e+03|3.389063129e+03|6.121501773e+10|6.193932326e+10|6.237209053e+10|6.168742973e+10|4.432947754e+03|4.443603760e+03|4.449933105e+03|4.439802734e+03|3.062127248e+03
4.613353202e+06|5.649191350e+06|5.683914248e+06|5.724923307e+06|5.682852002e+06|3.376262453e+03|3.382406047e+03|3.389578032e+03|3.382144054e+03|6.009369623e+10|6.085145552e+10|6.174344022e+10|6.082756689e+10|4.416333618e+03|4.427583008e+03|4.440731079e+03|4.427119141e+03|3.062127248e+03
4.630180991e+06|5.600076478e+06|5.636093081e+06|5.669514565e+06|5.633890507e+06|3.367526956e+03|3.373938055e+03|3.379861472e+03|3.373495007e+03|5.902796531e+10|5.980876785e+10|6.053680302e+10|5.976176256e+10|4.400350586e+03|4.412078369e+03|4.422920654e+03|4.411280762e+03|3.062127248e+03
4.648557513e+06|5.579324318e+06|5.603979140e+06|5.641445978e+06|5.602992433e+06|3.363775357e+03|3.368223021e+03|3.374888435e+03|3.367977680e+03|5.857336282e+10|5.911240728e+10|5.992514433e+10|5.908882606e+10|4.393500854e+03|4.401624512e+03|4.413817505e+03|4.401191406e+03|3.062127248e+03
4.667437048e+06|5.539898617e+06|5.578074314e+06|5.627735754e+06|5.581022210e+06|3.356616328e+03|3.363548804e+03|3.372452951e+03|3.363984084e+03|5.771294440e+10|5.854603014e+10|5.962728815e+10|5.860964553e+10|4.380432983e+03|4.393088135e+03|4.409362061e+03|4.393904297e+03|3.062127248e+03
4.686650562e+06|5.516136542e+06|5.548985355e+06|5.596943093e+06|5.551918587e+06|3.352284316e+03|3.358269480e+03|3.366963192e+03|3.358724279e+03|5.719652601e+10|5.791085456e+10|5.895953839e+10|5.797546540e+10|4.372534058e+03|4.383450439e+03|4.399322998e+03|4.384299316e+03|3.062127248e+03
4.703807376e+06|5.484513233e+06|5.515713853e+06|5.565636280e+06|5.519486061e+06|3.346463041e+03|3.352207134e+03|3.361293872e+03|3.352791069e+03|5.650731023e+10|5.718735493e+10|5.827411168e+10|5.726867186e+10|4.361929443e+03|4.372392822e+03|4.388969238e+03|4.373482422e+03|3.062127248e+03
4.721858185e+06|5.453852489e+06|5.484218055e+06|5.521704047e+06|5.486292329e+06|3.340752931e+03|3.346408180e+03|3.353300462e+03|3.346704541e+03|5.583606293e+10|5.650083400e+10|5.731737284e+10|5.654479611e+10|4.351539185e+03|4.361828857e+03|4.374386719e+03|4.362388672e+03|3.062127248e+03
4.741192189e+06|5.416891659e+06|5.450237030e+06|5.477059857e+06|5.448130704e+06|3.333839768e+03|3.340078137e+03|3.345077010e+03|3.339632305e+03|5.503115884e+10|5.575711547e+10|5.634387960e+10|5.571215280e+10|4.338971680e+03|4.350314697e+03|4.359406738e+03|4.349516113e+03|3.062127248e+03
4.761313936e+06|5.383632355e+06|5.408238701e+06|5.445256419e+06|5.407847957e+06|3.327545838e+03|3.332216566e+03|3.339148028e+03|3.332054053e+03|5.430453664e+10|5.484335112e+10|5.564844198e+10|5.483289582e+10|4.327547119e+03|4.336022461e+03|4.348623047e+03|4.335748535e+03|3.062127248e+03
4.782143775e+06|5.325698794e+06|5.366866012e+06|5.414620950e+06|5.369043212e+06|3.316440279e+03|3.324340248e+03|3.333413974e+03|3.324655461e+03|5.303789015e+10|5.393683776e+10|5.498185355e+10|5.398470383e+10|4.307419800e+03|4.321734619e+03|4.338200439e+03|4.322331055e+03|3.062127248e+03
4.800495594e+06|5.295405355e+06|5.321306621e+06|5.360030063e+06|5.325317705e+06|3.310572641e+03|3.315594916e+03|3.323031427e+03|3.316291623e+03|5.237680181e+10|5.294231629e+10|5.378718163e+10|5.302925824e+10|4.296801758e+03|4.305889160e+03|4.319363525e+03|4.307170410e+03|3.062127248e+03
4.817425738e+06|5.262300002e+06|5.293368607e+06|5.343791933e+06|5.299712577e+06|3.304063469e+03|3.310172986e+03|3.319917564e+03|3.311314184e+03|5.164905687e+10|5.233192186e+10|5.343231302e+10|5.246876136e+10|4.285046875e+03|4.296080566e+03|4.313719116e+03|4.298166992e+03|3.062127248e+03
4.836308166e+06|5.228243462e+06|5.275790138e+06|5.318306828e+06|5.276192465e+06|3.297337854e+03|3.306719281e+03|3.315017283e+03|3.306713437e+03|5.090481010e+10|5.194516130e+10|5.287707051e+10|5.195411984e+10|4.272905029e+03|4.289841064e+03|4.304845459e+03|4.289852051e+03|3.062127248e+03
4.856073382e+06|5.197801895e+06|5.237600474e+06|5.301789234e+06|5.243710825e+06|3.291258987e+03|3.299188720e+03|3.311824629e+03|3.300301288e+03|5.023784788e+10|5.110885166e+10|5.251755913e+10|5.124271801e+10|4.261950684e+03|4.276246826e+03|4.299064941e+03|4.278277344e+03|3.062127248e+03
4.872522874e+06|5.187228529e+06|5.213586103e+06|5.282600090e+06|5.222343653e+06|3.289122365e+03|3.294434010e+03|3.308058186e+03|3.296036267e+03|5.000464771e+10|5.058578337e+10|5.209487118e+10|5.077444706e+10|4.258104614e+03|4.267669678e+03|4.292260498e+03|4.270591309e+03|3.062127248e+03
4.889329773e+06|5.155248232e+06|5.182668628e+06|5.233489457e+06|5.187628475e+06|3.282641933e+03|3.288200059e+03|3.298375832e+03|3.289103842e+03|4.930207029e+10|4.990424043e+10|5.101916732e+10|5.001285888e+10|4.246447510e+03|4.256444824e+03|4.274777588e+03|4.258096680e+03|3.062127248e+03
4.906693873e+06|5.118572289e+06|5.147066485e+06|5.184324722e+06|5.151017933e+06|3.275173257e+03|3.280979629e+03|3.288535101e+03|3.281691286e+03|4.850082958e+10|4.912291549e+10|4.994069713e+10|4.920953860e+10|4.233024048e+03|4.243459717e+03|4.257048218e+03|4.244762207e+03|3.062127248e+03
4.925584170e+06|5.096522534e+06|5.119092749e+06|5.160999413e+06|5.121897636e+06|3.270588284e+03|3.275281321e+03|3.283809359e+03|3.275724654e+03|4.801255507e+10|4.851237698e+10|4.942814566e+10|4.856986531e+10|4.224804932e+03|4.233219238e+03|4.248546753e+03|4.234047363e+03|3.062127248e+03
4.947891561e+06|5.049069862e+06|5.084849258e+06|5.119323495e+06|5.081542073e+06|3.260675439e+03|3.268155548e+03|3.275329156e+03|3.267395844e+03|4.696864428e+10|4.775481714e+10|4.851748836e+10|4.768266582e+10|4.207052246e+03|4.220445801e+03|4.233304688e+03|4.219104492e+03|3.062127248e+03
4.967771502e+06|5.002561130e+06|5.026654395e+06|5.066442279e+06|5.032988723e+06|3.250791853e+03|3.255956994e+03|3.264311812e+03|3.257213054e+03|4.594234529e+10|4.647717824e+10|4.734961379e+10|4.661360813e+10|4.189390869e+03|4.198610840e+03|4.213561768e+03|4.200875488e+03|3.062127248e+03
4.985025148e+06|4.973710929e+06|5.005351275e+06|5.043601989e+06|5.005021252e+06|3.244584947e+03|3.251390858e+03|3.259529181e+03|3.251202699e+03|4.530542043e+10|4.600412678e+10|4.684897693e+10|4.599619762e+10|4.178319214e+03|4.190458008e+03|4.205000732e+03|4.190153809e+03|3.062127248e+03
5.001896489e+06|4.948055849e+06|4.977872579e+06|5.026649204e+06|4.985503155e+06|3.239045172e+03|3.245481780e+03|3.255955876e+03|3.247036014e+03|4.474214942e+10|4.539708311e+10|4.647706372e+10|4.556597077e+10|4.168446045e+03|4.179918213e+03|4.198606689e+03|4.182713867e+03|3.062127248e+03
5.019687164e+06|4.921451336e+06|4.946325997e+06|4.996342447e+06|4.958084528e+06|3.233186664e+03|3.238670948e+03|3.249455971e+03|3.241114167e+03|4.415080104e+10|4.470429493e+10|4.580476437e+10|4.496068051e+10|4.158028931e+03|4.167779541e+03|4.187007080e+03|4.172157227e+03|3.062127248e+03
5.037575050e+06|4.891540922e+06|4.923501288e+06|4.970680005e+06|4.927297500e+06|3.226552969e+03|3.233640333e+03|3.243931381e+03|3.234340006e+03|4.348744562e+10|4.419642577e+10|4.523872077e+10|4.427873990e+10|4.146248413e+03|4.158832764e+03|4.177155029e+03|4.160113281e+03|3.062127248e+03
5.054726064e+06|4.877487098e+06|4.904054989e+06|4.951788331e+06|4.906756922e+06|3.223426746e+03|3.229331660e+03|3.239852328e+03|3.229819183e+03|4.317737301e+10|4.376437657e+10|4.482387102e+10|4.382441398e+10|4.140697998e+03|4.151180420e+03|4.169883423e+03|4.152076172e+03|3.062127248e+03
5.073521385e+06|4.836409110e+06|4.870928409e+06|4.908156262e+06|4.872083433e+06|3.214150932e+03|3.221965709e+03|3.230241319e+03|3.222113199e+03|4.226496140e+10|4.303297700e+10|4.385535498e+10|4.305641208e+10|4.124267212e+03|4.138105713e+03|4.152795044e+03|4.138395508e+03|3.062127248e+03
5.091808633e+06|4.814866474e+06|4.837097695e+06|4.870885788e+06|4.832941693e+06|3.209220445e+03|3.214308294e+03|3.221956241e+03|3.213238017e+03|4.178509345e+10|4.228033636e+10|4.303203473e+10|4.218704776e+10|4.115550659e+03|4.124546143e+03|4.138088379e+03|4.122686035e+03|3.062127248e+03
5.113351239e+06|4.776821529e+06|4.803739468e+06|4.834966499e+06|4.801529208e+06|3.200477645e+03|3.206668153e+03|3.213821216e+03|3.206059159e+03|4.094344767e+10|4.153811015e+10|4.223275619e+10|4.148873463e+10|4.100106812e+03|4.111041260e+03|4.123684814e+03|4.109992676e+03|3.062127248e+03
5.134023796e+06|4.714392309e+06|4.746844763e+06|4.780028309e+06|4.750173662e+06|3.185717865e+03|3.193406726e+03|3.201216330e+03|3.194104699e+03|3.954602653e+10|4.026972361e+10|4.101406868e+10|4.034414119e+10|4.074138184e+03|4.087661621e+03|4.101413208e+03|4.088913086e+03|3.062127248e+03
5.149991364e+06|4.686070350e+06|4.719234956e+06|4.759847052e+06|4.723650646e+06|3.178921289e+03|3.186867407e+03|3.196477865e+03|3.187785492e+03|3.891312229e+10|3.965363279e+10|4.056143201e+10|3.975132331e+10|4.062208862e+03|4.076159180e+03|4.093064697e+03|4.077808350e+03|3.062127248e+03
5.165286289e+06|4.658981175e+06|4.692089842e+06|4.752022723e+06|4.699120802e+06|3.172300338e+03|3.180389202e+03|3.194630473e+03|3.181919018e+03|3.830259199e+10|3.904947326e+10|4.038577674e+10|3.920243513e+10|4.050617065e+03|4.064778809e+03|4.089813354e+03|4.067505859e+03|3.062127248e+03
5.183715105e+06|4.649854400e+06|4.675587601e+06|4.722231503e+06|4.683197745e+06|3.170064074e+03|3.176362084e+03|3.187578341e+03|3.178099500e+03|3.809784403e+10|3.867634813e+10|3.972027925e+10|3.884583210e+10|4.046703491e+03|4.057727661e+03|4.077408936e+03|4.060801025e+03|3.062127248e+03
5.201828915e+06|4.611613631e+06|4.648213005e+06|4.696040511e+06|4.650309584e+06|3.160620748e+03|3.169661573e+03|3.181351954e+03|3.170009556e+03|3.724131208e+10|3.806107556e+10|3.913908511e+10|3.810696980e+10|4.030201355e+03|4.045999878e+03|4.066465637e+03|4.046653076e+03|3.062127248e+03
5.219938896e+06|4.599609580e+06|4.629159185e+06|4.664044073e+06|4.629959521e+06|3.157587521e+03|3.164982891e+03|3.173539491e+03|3.165029423e+03|3.696831699e+10|3.763545545e+10|3.841640233e+10|3.765050303e+10|4.024915771e+03|4.037815430e+03|4.052785645e+03|4.037937256e+03|3.062127248e+03
5.238182266e+06|4.566780536e+06|4.594140650e+06|4.633413191e+06|4.597858045e+06|3.149266343e+03|3.156203911e+03|3.166028543e+03|3.156999144e+03|3.622672959e+10|3.684424325e+10|3.773024310e+10|3.692691413e+10|4.010428894e+03|4.022504272e+03|4.039643860e+03|4.023928955e+03|3.062127248e+03
5.255706936e+06|4.539961681e+06|4.561588245e+06|4.597046281e+06|4.562006208e+06|3.142418489e+03|3.147946792e+03|3.156939152e+03|3.147902751e+03|3.562399781e+10|3.611011107e+10|3.691014005e+10|3.611768440e+10|3.998520203e+03|4.008130737e+03|4.023785339e+03|4.008096924e+03|3.062127248e+03
5.276125633e+06|4.499682667e+06|4.526582982e+06|4.553377329e+06|4.524062552e+06|3.131846650e+03|3.138913502e+03|3.145858171e+03|3.138107719e+03|3.470482727e+10|3.531740382e+10|3.592603282e+10|3.525794872e+10|3.980213318e+03|3.992449219e+03|4.004497864e+03|3.991091309e+03|3.062127248e+03
5.296556536e+06|4.478288126e+06|4.499476485e+06|4.535554335e+06|4.503469647e+06|3.126207382e+03|3.131792377e+03|3.141264565e+03|3.132741808e+03|3.422134720e+10|3.470015216e+10|3.552281091e+10|3.479086594e+10|3.970455017e+03|3.980119141e+03|3.996521606e+03|3.981789062e+03|3.062127248e+03
5.316431047e+06|4.417833175e+06|4.448102236e+06|4.490534659e+06|4.451340278e+06|3.109805941e+03|3.118064862e+03|3.129437421e+03|3.118792752e+03|3.283752588e+10|3.352967688e+10|3.449761816e+10|3.360212502e+10|3.942197754e+03|3.956412842e+03|3.976041565e+03|3.957706787e+03|3.062127248e+03
5.331731632e+06|4.384255840e+06|4.418348779e+06|4.473795682e+06|4.424617456e+06|3.100482395e+03|3.109946898e+03|3.125021116e+03|3.111469107e+03|3.206677844e+10|3.284925870e+10|3.412028248e+10|3.299031226e+10|3.926192749e+03|3.942439209e+03|3.968401123e+03|3.945110352e+03|3.062127248e+03
5.349824525e+06|4.370957390e+06|4.408516316e+06|4.446589624e+06|4.409153226e+06|3.096716409e+03|3.107256876e+03|3.117652975e+03|3.107245952e+03|3.175847628e+10|3.262590528e+10|3.349490827e+10|3.263636210e+10|3.919745178e+03|3.937811768e+03|3.955703064e+03|3.937841797e+03|3.062127248e+03
5.368221014e+06|4.343216794e+06|4.379985064e+06|4.418927237e+06|4.379058967e+06|3.088838524e+03|3.099273726e+03|3.110104888e+03|3.098809620e+03|3.112010799e+10|3.196760803e+10|3.286245104e+10|3.194334434e+10|3.906268738e+03|3.924121704e+03|3.942710510e+03|3.923382080e+03|3.062127248e+03
5.382717571e+06|4.339039582e+06|4.361870757e+06|4.405353313e+06|4.367814293e+06|3.087649645e+03|3.094139301e+03|3.106390736e+03|3.095631795e+03|3.102458663e+10|3.154861724e+10|3.255420750e+10|3.168441076e+10|3.904238892e+03|3.915335938e+03|3.936323242e+03|3.917943115e+03|3.062127248e+03
5.399649427e+06|4.308105176e+06|4.330515930e+06|4.362328787e+06|4.332703909e+06|3.078631568e+03|3.085220947e+03|3.094269214e+03|3.085621459e+03|3.030403971e+10|3.083010710e+10|3.155919366e+10|3.087370262e+10|3.888871521e+03|3.900086548e+03|3.915559082e+03|3.900830078e+03|3.062127248e+03
5.417648942e+06|4.286442742e+06|4.306745415e+06|4.339999836e+06|4.311762673e+06|3.072240910e+03|3.078230979e+03|3.087923000e+03|3.079567462e+03|2.979997030e+10|3.027226296e+10|3.104653237e+10|3.038794062e+10|3.878005798e+03|3.888191162e+03|3.904705688e+03|3.890502930e+03|3.062127248e+03
5.439244708e+06|4.242413954e+06|4.276138143e+06|4.309707844e+06|4.272622515e+06|3.058976357e+03|3.069194279e+03|3.079103621e+03|3.067870126e+03|2.877613599e+10|2.956172347e+10|3.034151573e+10|2.947684919e+10|3.855523804e+03|3.872826538e+03|3.889675415e+03|3.870705322e+03|3.062127248e+03
5.462721166e+06|4.213978467e+06|4.236891709e+06|4.276683630e+06|4.238224448e+06|3.050220009e+03|3.057278516e+03|3.069355666e+03|3.057290347e+03|2.810218455e+10|2.864436012e+10|2.957431126e+10|2.867128847e+10|3.840734619e+03|3.852655273e+03|3.873101562e+03|3.853019043e+03|3.062127248e+03
5.483188040e+06|4.155297691e+06|4.196571204e+06|4.238171652e+06|4.196357404e+06|3.031572792e+03|3.044809081e+03|3.057672160e+03|3.044129578e+03|2.672317030e+10|2.769820506e+10|2.867499085e+10|2.768930709e+10|3.809393921e+03|3.831610962e+03|3.853319275e+03|3.831101807e+03|3.062127248e+03
5.499657756e+06|4.115328593e+06|4.154085480e+06|4.194058571e+06|4.157141091e+06|3.015514622e+03|3.031182930e+03|3.044005354e+03|3.030181458e+03|2.577835715e+10|2.669382320e+10|2.764021288e+10|2.676330713e+10|3.787398315e+03|3.808739014e+03|3.830260803e+03|3.809954102e+03|3.062127248e+03
5.514163632e+06|4.097600088e+06|4.134753534e+06|4.178822209e+06|4.140428739e+06|3.007286220e+03|3.024515387e+03|3.039125992e+03|3.024004427e+03|2.535839255e+10|2.622901730e+10|2.728472446e+10|2.636729863e+10|3.777476196e+03|3.798245850e+03|3.822066223e+03|3.800899902e+03|3.062127248e+03
5.530029686e+06|4.087238866e+06|4.131395235e+06|4.163207695e+06|4.124092812e+06|3.002471141e+03|3.022960462e+03|3.034115177e+03|3.017597505e+03|2.510930572e+10|2.615187918e+10|2.691367527e+10|2.597862146e+10|3.771671631e+03|3.796372925e+03|3.813659729e+03|3.791893066e+03|3.062127248e+03
5.545630825e+06|4.082310513e+06|4.112703171e+06|4.163238079e+06|4.115252831e+06|3.000179309e+03|3.014296897e+03|3.034124935e+03|3.013671604e+03|2.498995090e+10|2.571667188e+10|2.691440187e+10|2.576988384e+10|3.768908020e+03|3.785928589e+03|3.813676331e+03|3.786897217e+03|3.062127248e+03
5.563032907e+06|4.059430423e+06|4.095149988e+06|4.132077934e+06|4.088789819e+06|2.989351093e+03|3.006148006e+03|3.023276612e+03|3.002621091e+03|2.443442848e+10|2.529972475e+10|2.616759639e+10|2.513733096e+10|3.755703003e+03|3.776106079e+03|3.796754578e+03|3.772052734e+03|3.062127248e+03
5.581782136e+06|4.035830026e+06|4.056289286e+06|4.100085628e+06|4.060468618e+06|2.978121176e+03|2.987857818e+03|3.008440612e+03|2.989673310e+03|2.387467341e+10|2.435869984e+10|2.541773883e+10|2.445949062e+10|3.741974792e+03|3.753877075e+03|3.778867432e+03|3.755903809e+03|3.062127248e+03
5.600574303e+06|4.012129241e+06|4.038240632e+06|4.067724222e+06|4.036164813e+06|2.966805329e+03|2.979269288e+03|2.993292156e+03|2.978128050e+03|2.330133901e+10|2.393208845e+10|2.463503044e+10|2.387535228e+10|3.727972046e+03|3.743376221e+03|3.760520142e+03|3.741735596e+03|3.062127248e+03
5.624608410e+06|3.961978418e+06|3.989477864e+06|4.021397026e+06|3.989813960e+06|2.942654803e+03|2.955945075e+03|2.971241924e+03|2.955824050e+03|2.207920415e+10|2.274373596e+10|2.352817707e+10|2.275236566e+10|3.697497803e+03|3.714263428e+03|3.733563049e+03|3.714144775e+03|3.062127248e+03
5.645199933e+06|3.924156723e+06|3.955810286e+06|3.995252390e+06|3.958992755e+06|2.923702767e+03|2.939567942e+03|2.958715745e+03|2.940183095e+03|2.114377580e+10|2.192809897e+10|2.288513401e+10|2.199728530e+10|3.673632568e+03|3.693609009e+03|3.717760376e+03|3.695047607e+03|3.062127248e+03
5.665430913e+06|3.879683150e+06|3.928057300e+06|3.962980412e+06|3.923689057e+06|2.896314544e+03|2.925660051e+03|2.943156090e+03|2.920754879e+03|2.004806062e+10|2.124120833e+10|2.210368591e+10|2.112917015e+10|3.644810913e+03|3.676096436e+03|3.698128662e+03|3.672747559e+03|3.062127248e+03
5.681887324e+06|3.838651294e+06|3.885757950e+06|3.925334963e+06|3.887068480e+06|2.868729147e+03|2.900284779e+03|2.924294065e+03|2.899035131e+03|1.901640778e+10|2.019803632e+10|2.117322780e+10|2.022082428e+10|3.617254517e+03|3.648783325e+03|3.674376343e+03|3.648988525e+03|3.062127248e+03
5.697228232e+06|3.829690257e+06|3.879798730e+06|3.929701616e+06|3.878012271e+06|2.862578978e+03|2.896390090e+03|2.926484967e+03|2.893147056e+03|1.879317596e+10|2.005091979e+10|2.128221937e+10|1.999564818e+10|3.611116821e+03|3.644886719e+03|3.677134338e+03|3.642926025e+03|3.062127248e+03
5.713220940e+06|3.814617836e+06|3.853503780e+06|3.886706755e+06|3.852692276e+06|2.852231784e+03|2.878920164e+03|2.900904811e+03|2.877358708e+03|1.841769695e+10|1.939173552e+10|2.022140900e+10|1.936332534e+10|3.600782593e+03|3.627420898e+03|3.649404053e+03|3.626158691e+03|3.062127248e+03
5.729821817e+06|3.816750941e+06|3.852922627e+06|3.890097997e+06|3.851255400e+06|2.853696360e+03|2.878521447e+03|2.903120792e+03|2.876489980e+03|1.847104829e+10|1.937700010e+10|2.030482707e+10|1.932657517e+10|3.602244690e+03|3.627023560e+03|3.651621094e+03|3.625161865e+03|3.062127248e+03
5.747116758e+06|3.787099240e+06|3.814909457e+06|3.859201968e+06|3.816857361e+06|2.832399840e+03|2.852432012e+03|2.882808858e+03|2.852744193e+03|1.770606610e+10|1.842499374e+10|1.953646953e+10|1.845598965e+10|3.581047058e+03|3.600982422e+03|3.631300354e+03|3.601349121e+03|3.062127248e+03
5.763863426e+06|3.761449188e+06|3.788740212e+06|3.833503994e+06|3.792829541e+06|2.813648388e+03|2.833584998e+03|2.865196583e+03|2.835869875e+03|1.704611375e+10|1.774814274e+10|1.888761499e+10|1.784468438e+10|3.562381592e+03|3.582225464e+03|3.613729492e+03|3.584527100e+03|3.062127248e+03
5.783848781e+06|3.725060749e+06|3.757818845e+06|3.790674327e+06|3.760860567e+06|2.785927024e+03|2.810882504e+03|2.834981847e+03|2.812252629e+03|1.608903281e+10|1.694923808e+10|1.779781609e+10|1.701398812e+10|3.534845032e+03|3.559638062e+03|3.583615479e+03|3.561038086e+03|3.062127248e+03
5.806939898e+06|3.708072857e+06|3.730887361e+06|3.768134734e+06|3.737621658e+06|2.772321087e+03|2.790365505e+03|2.818701874e+03|2.794614380e+03|1.562591315e+10|1.624019622e+10|1.722364819e+10|1.640258032e+10|3.521366394e+03|3.539257446e+03|3.567399170e+03|3.543517090e+03|3.062127248e+03
5.830782847e+06|3.684043022e+06|3.710278385e+06|3.731985150e+06|3.708058156e+06|2.752957700e+03|2.774098779e+03|2.791201772e+03|2.771599066e+03|1.497899332e+10|1.568603536e+10|1.626876934e+10|1.561512783e+10|3.502174622e+03|3.523129395e+03|3.540087891e+03|3.520679443e+03|3.062127248e+03
5.849414626e+06|3.633865006e+06|3.681204325e+06|3.720666212e+06|3.678079620e+06|2.709718530e+03|2.750662589e+03|2.782472777e+03|2.746470111e+03|1.356914226e+10|1.490328312e+10|1.597119189e+10|1.478651573e+10|3.459457336e+03|3.499899170e+03|3.531418030e+03|3.495823242e+03|3.062127248e+03
5.865965344e+06|3.604562747e+06|3.638243965e+06|3.679219257e+06|3.644814730e+06|2.683005369e+03|2.713712415e+03|2.748965844e+03|2.718055333e+03|1.272648819e+10|1.369777486e+10|1.484676562e+10|1.385777871e+10|3.433122498e+03|3.463389648e+03|3.498222595e+03|3.467742188e+03|3.062127248e+03
5.879556729e+06|3.598127699e+06|3.621415059e+06|3.655462981e+06|3.629691014e+06|2.676721529e+03|2.698369274e+03|2.728642088e+03|2.704741722e+03|1.252936761e+10|1.320739179e+10|1.417890172e+10|1.342844440e+10|3.426955750e+03|3.448275146e+03|3.478142883e+03|3.454604492e+03|3.062127248e+03
5.896898526e+06|3.588901312e+06|3.607352618e+06|3.643527608e+06|3.614777248e+06|2.667717024e+03|2.685560546e+03|2.718438496e+03|2.691179345e+03|1.224998724e+10|1.280585617e+10|1.385018456e+10|1.299819234e+10|3.418117249e+03|3.435641968e+03|3.468048645e+03|3.441239990e+03|3.062127248e+03
5.913710610e+06|3.564445139e+06|3.582467747e+06|3.619417582e+06|3.592000128e+06|2.643454857e+03|2.661442441e+03|2.696549207e+03|2.669487550e+03|1.151179273e+10|1.205745549e+10|1.314990282e+10|1.232374233e+10|3.394299561e+03|3.411950562e+03|3.446480347e+03|3.419911621e+03|3.062127248e+03
5.934298480e+06|3.547728847e+06|3.570941614e+06|3.601456544e+06|3.575107362e+06|2.625907991e+03|2.650209945e+03|2.679972105e+03|2.652664667e+03|1.098660174e+10|1.171723065e+10|1.263112148e+10|1.181106851e+10|3.377134033e+03|3.400907593e+03|3.430147034e+03|3.403408447e+03|3.062127248e+03
5.960908338e+06|3.512286388e+06|3.541427152e+06|3.559973396e+06|3.540480720e+06|2.586658511e+03|2.619302165e+03|2.638757548e+03|2.616457937e+03|9.846733351e+09|1.079264416e+10|1.136978161e+10|1.072962000e+10|3.338828735e+03|3.370664795e+03|3.389708252e+03|3.367981445e+03|3.062127248e+03
5.991201810e+06|3.483620870e+06|3.503634111e+06|3.526928490e+06|3.505314847e+06|2.551586766e+03|2.576333959e+03|2.603409995e+03|2.576791363e+03|8.860106777e+09|9.551651390e+09|1.032828972e+10|9.581486520e+09|3.304796692e+03|3.328804688e+03|3.355136414e+03|3.329313965e+03|3.062127248e+03
6.012565538e+06|3.465536287e+06|3.484823957e+06|3.503780908e+06|3.487145322e+06|2.527554157e+03|2.553071687e+03|2.576515867e+03|2.554528739e+03|8.202054344e+09|8.900693499e+09|9.556863220e+09|8.956491142e+09|3.281533386e+03|3.306238525e+03|3.328980591e+03|3.307696533e+03|3.062127248e+03
6.026699849e+06|3.459235981e+06|3.475053790e+06|3.494004886e+06|3.477151863e+06|2.519032552e+03|2.540452440e+03|2.564415029e+03|2.541178901e+03|7.974858519e+09|8.553712119e+09|9.214604696e+09|8.593804546e+09|3.273279663e+03|3.294011963e+03|3.317250244e+03|3.294764404e+03|3.062127248e+03
6.037631019e+06|3.451070293e+06|3.470506711e+06|3.493086620e+06|3.470945986e+06|2.507539635e+03|2.534286377e+03|2.563279553e+03|2.532299173e+03|7.669375171e+09|8.384431437e+09|9.182874776e+09|8.358628394e+09|3.262160583e+03|3.288047485e+03|3.316147156e+03|3.286175293e+03|3.062127248e+03
6.047322922e+06|3.432492643e+06|3.447335005e+06|3.463355537e+06|3.450620326e+06|2.479774165e+03|2.501944182e+03|2.524603252e+03|2.505073763e+03|6.947598164e+09|7.520064115e+09|8.122983656e+09|7.619632680e+09|3.235325867e+03|3.256759155e+03|3.278673767e+03|3.259806641e+03|3.062127248e+03
6.057384749e+06|3.428313167e+06|3.439627946e+06|3.456334841e+06|3.445383070e+06|2.473033073e+03|2.490419453e+03|2.515113006e+03|2.496733541e+03|6.772042194e+09|7.218978447e+09|7.871723658e+09|7.405339636e+09|3.228819702e+03|3.245622681e+03|3.269480103e+03|3.251757568e+03|3.062127248e+03
6.069457026e+06|3.418682589e+06|3.431364680e+06|3.448314793e+06|3.435864028e+06|2.456954142e+03|2.478069025e+03|2.503411294e+03|2.482216262e+03|6.361334980e+09|6.904408241e+09|7.558977112e+09|7.028417935e+09|3.213307556e+03|3.233675659e+03|3.258174927e+03|3.237731445e+03|3.062127248e+03
6.083850136e+06|3.405049978e+06|3.432846242e+06|3.453244210e+06|3.431594099e+06|2.433104833e+03|2.480301310e+03|2.510799109e+03|2.474692573e+03|5.768424086e+09|6.960921632e+09|7.757504292e+09|6.841247706e+09|3.190321228e+03|3.235836060e+03|3.265304810e+03|3.230483154e+03|3.062127248e+03
6.113622997e+06|3.378012480e+06|3.396072932e+06|3.416241237e+06|3.396892659e+06|2.378503490e+03|2.416270321e+03|2.452887879e+03|2.412528017e+03|4.466012766e+09|5.359788106e+09|6.261062063e+09|5.283422323e+09|3.137833191e+03|3.174130005e+03|3.209380005e+03|3.170580566e+03|3.062127248e+03
6.185868275e+06|3.327107225e+06|3.327107225e+06|3.352420196e+06|3.339681323e+06|2.221551478e+03|2.261379301e+03|2.309099203e+03|2.264728454e+03|4.714795492e+00|4.714795492e+00|2.902993353e+09|1.064615388e+09|2.986595703e+03|3.025102783e+03|3.071096252e+03|3.029274170e+03|3.062127248e+03
6.222177373e+06|3.327107225e+06|3.327107225e+06|3.327107225e+06|3.327107225e+06|2.147777567e+03|2.147777567e+03|2.210712848e+03|2.174678053e+03|4.714795492e+00|4.714795492e+00|4.714795492e+00|4.714795492e+00|2.898315979e+03|2.926697998e+03|2.976090454e+03|2.927268066e+03|3.062127248e+03
6.236504332e+06|3.327107225e+06|3.327107225e+06|3.327107225e+06|3.327107225e+06|2.147777567e+03|2.147777567e+03|2.147777567e+03|2.151374562e+03|4.714795492e+00|4.714795492e+00|4.714795492e+00|4.714795492e+00|2.829358337e+03|2.878938232e+03|2.908375305e+03|2.868344971e+03|3.062127248e+03
6.246202248e+06|3.327107225e+06|3.327107225e+06|3.327107225e+06|3.327107225e+06|2.147777567e+03|2.147777567e+03|2.147777567e+03|2.149195157e+03|4.714795492e+00|4.714795492e+00|4.714795492e+00|4.714795492e+00|2.799921753e+03|2.842241089e+03|2.881109192e+03|2.837706787e+03|3.062127248e+03
6.254018460e+06|3.327107225e+06|3.327107225e+06|3.327107225e+06|3.327107225e+06|2.147777567e+03|2.147777567e+03|2.147777567e+03|2.148064991e+03|4.714795492e+00|4.714795492e+00|4.714795492e+00|4.714795492e+00|2.738715942e+03|2.798614014e+03|2.856564758e+03|2.797275635e+03|3.062127248e+03
6.261471868e+06|3.327107225e+06|3.327107225e+06|3.327107225e+06|3.327107225e+06|2.147777567e+03|2.147777567e+03|2.147777567e+03|2.148391153e+03|4.714795492e+00|4.714795492e+00|4.714795492e+00|4.714795492e+00|2.726253174e+03|2.789730591e+03|2.852356873e+03|2.788122803e+03|3.062127248e+03
6.268072230e+06|3.327107225e+06|3.327107225e+06|3.327107225e+06|3.327107225e+06|2.147777567e+03|2.147777567e+03|2.147777567e+03|2.147777567e+03|4.714795492e+00|4.714795492e+00|4.714795492e+00|4.714795492e+00|2.714488281e+03|2.772161377e+03|2.850245361e+03|2.770809326e+03|3.062127248e+03
6.273491319e+06|3.327107225e+06|3.327107225e+06|3.327107225e+06|3.327107225e+06|2.147777567e+03|2.147777567e+03|2.147777567e+03|2.147777567e+03|4.714795492e+00|4.714795492e+00|4.714795492e+00|4.714795492e+00|2.674643433e+03|2.810105469e+03|2.859596069e+03|2.763810059e+03|3.062127248e+03
