#RRR|P25fit|P50fit|P75fit|P25model|P50model|P75model
2.998938527e+05|2.670260977e+11|2.698342624e+11|2.722752094e+11|0.000000|0.000000|0.000000
4.558751058e+05|2.655487472e+11|2.676058118e+11|2.695229854e+11|0.000000|0.000000|0.000000
5.430445470e+05|2.642340475e+11|2.659923366e+11|2.677038805e+11|0.000000|0.000000|0.000000
6.064637942e+05|2.630685685e+11|2.646549226e+11|2.662491410e+11|0.000000|0.000000|0.000000
6.619827286e+05|2.619088123e+11|2.633721652e+11|2.648830189e+11|0.000000|0.000000|0.000000
7.066606145e+05|2.608835824e+11|2.622646252e+11|2.637200046e+11|0.000000|0.000000|0.000000
7.466023657e+05|2.598992571e+11|2.612180844e+11|2.626317169e+11|0.000000|0.000000|0.000000
7.841782781e+05|2.589160217e+11|2.601852414e+11|2.615657038e+11|0.000000|0.000000|0.000000
8.185716192e+05|2.579683514e+11|2.591990942e+11|2.605538941e+11|0.000000|0.000000|0.000000
8.482389108e+05|2.571148873e+11|2.583173228e+11|2.596532668e+11|0.000000|0.000000|0.000000
8.775288449e+05|2.562400596e+11|2.574186321e+11|2.587386793e+11|0.000000|0.000000|0.000000
9.047672598e+05|2.553981854e+11|2.565579284e+11|2.578654103e+11|0.000000|0.000000|0.000000
9.306853591e+05|2.545721197e+11|2.557167235e+11|2.570140634e+11|0.000000|0.000000|0.000000
9.552285089e+05|2.537676878e+11|2.549002632e+11|2.561894915e+11|0.000000|0.000000|0.000000
9.770773778e+05|2.530336166e+11|2.541572335e+11|2.554403600e+11|0.000000|0.000000|0.000000
1.000537468e+06|2.522268021e+11|2.533424979e+11|2.546201474e+11|0.000000|0.000000|0.000000
1.023045197e+06|2.514348223e+11|2.525444465e+11|2.538177969e+11|0.000000|0.000000|0.000000
1.041243792e+06|2.507817696e+11|2.518874966e+11|2.531579962e+11|0.000000|0.000000|0.000000
1.060753440e+06|2.500691793e+11|2.511716595e+11|2.524396704e+11|0.000000|0.000000|0.000000
1.080241920e+06|2.493445739e+11|2.504447022e+11|2.517107634e+11|0.000000|0.000000|0.000000
1.098662576e+06|2.486480268e+11|2.497466882e+11|2.510113543e+11|0.000000|0.000000|0.000000
1.115970737e+06|2.479833229e+11|2.490812237e+11|2.503449387e+11|0.000000|0.000000|0.000000
1.134249717e+06|2.472706704e+11|2.483683657e+11|2.496314184e+11|0.000000|0.000000|0.000000
1.150162454e+06|2.466414216e+11|2.477393980e+11|2.490021322e+11|0.000000|0.000000|0.000000
1.167819800e+06|2.459336184e+11|2.470323652e+11|2.482949975e+11|0.000000|0.000000|0.000000
1.182388600e+06|2.453420992e+11|2.464418145e+11|2.477045409e+11|0.000000|0.000000|0.000000
1.197801506e+06|2.447089572e+11|2.458099961e+11|2.470729777e+11|0.000000|0.000000|0.000000
1.212623218e+06|2.440930201e+11|2.451955962e+11|2.464589570e+11|0.000000|0.000000|0.000000
1.226730680e+06|2.435003583e+11|2.446046165e+11|2.458684448e+11|0.000000|0.000000|0.000000
1.240804347e+06|2.429029300e+11|2.440090587e+11|2.452734434e+11|0.000000|0.000000|0.000000
1.257326851e+06|2.421937147e+11|2.433022585e+11|2.445673939e+11|0.000000|0.000000|0.000000
1.270193798e+06|2.416355882e+11|2.427461585e+11|2.440119392e+11|0.000000|0.000000|0.000000
1.283025447e+06|2.410739458e+11|2.421866492e+11|2.434531165e+11|0.000000|0.000000|0.000000
1.295941466e+06|2.405035486e+11|2.416184990e+11|2.428856922e+11|0.000000|0.000000|0.000000
1.309288112e+06|2.399088283e+11|2.410261919e+11|2.422941629e+11|0.000000|0.000000|0.000000
1.322427036e+06|2.393181258e+11|2.404379424e+11|2.417066981e+11|0.000000|0.000000|0.000000
1.334671083e+06|2.387630023e+11|2.398851626e+11|2.411546593e+11|0.000000|0.000000|0.000000
1.345976416e+06|2.382464728e+11|2.393708378e+11|2.406410214e+11|0.000000|0.000000|0.000000
1.358475309e+06|2.376710008e+11|2.387978393e+11|2.400687796e+11|0.000000|0.000000|0.000000
1.369954832e+06|2.371384023e+11|2.382675377e+11|2.395391655e+11|0.000000|0.000000|0.000000
1.382454369e+06|2.365540805e+11|2.376857353e+11|2.389580981e+11|0.000000|0.000000|0.000000
1.394347790e+06|2.359938554e+11|2.371279171e+11|2.384009613e+11|0.000000|0.000000|0.000000
1.404679310e+06|2.355038632e+11|2.366400176e+11|2.379136358e+11|0.000000|0.000000|0.000000
1.416110670e+06|2.349581081e+11|2.360965736e+11|2.373708042e+11|0.000000|0.000000|0.000000
1.426715971e+06|2.344484222e+11|2.355890226e+11|2.368637969e+11|0.000000|0.000000|0.000000
1.437372847e+06|2.339330056e+11|2.350757375e+11|2.363510317e+11|0.000000|0.000000|0.000000
1.448140568e+06|2.334089308e+11|2.345537974e+11|2.358295876e+11|0.000000|0.000000|0.000000
1.459162690e+06|2.328690557e+11|2.340160831e+11|2.352923476e+11|0.000000|0.000000|0.000000
1.469349534e+06|2.323670308e+11|2.335160292e+11|2.347927002e+11|0.000000|0.000000|0.000000
1.478861506e+06|2.318956188e+11|2.330464320e+11|2.343234531e+11|0.000000|0.000000|0.000000
1.488559407e+06|2.314123712e+11|2.325650061e+11|2.338423536e+11|0.000000|0.000000|0.000000
1.498761372e+06|2.309011603e+11|2.320556774e+11|2.333333335e+11|0.000000|0.000000|0.000000
1.509397975e+06|2.303650745e+11|2.315215137e+11|2.327994521e+11|0.000000|0.000000|0.000000
1.518640156e+06|2.298967115e+11|2.310547846e+11|2.323329345e+11|0.000000|0.000000|0.000000
1.528500991e+06|2.293943855e+11|2.305541626e+11|2.318325025e+11|0.000000|0.000000|0.000000
1.538065814e+06|2.289045716e+11|2.300659606e+11|2.313444488e+11|0.000000|0.000000|0.000000
1.547046359e+06|2.284423852e+11|2.296052490e+11|2.308838436e+11|0.000000|0.000000|0.000000
1.555143090e+06|2.280237864e+11|2.291879467e+11|2.304666095e+11|0.000000|0.000000|0.000000
1.564985411e+06|2.275125250e+11|2.286782171e+11|2.299569270e+11|0.000000|0.000000|0.000000
1.574920924e+06|2.269937424e+11|2.281609300e+11|2.294396471e+11|0.000000|0.000000|0.000000
1.584152272e+06|2.265093223e+11|2.276778523e+11|2.289565394e+11|0.000000|0.000000|0.000000
1.593313986e+06|2.260262727e+11|2.271960888e+11|2.284747112e+11|0.000000|0.000000|0.000000
1.601008864e+06|2.256188091e+11|2.267896690e+11|2.280682100e+11|0.000000|0.000000|0.000000
1.609519081e+06|2.251663132e+11|2.263382881e+11|2.276167103e+11|0.000000|0.000000|0.000000
1.618037254e+06|2.247114450e+11|2.258844938e+11|2.271627670e+11|0.000000|0.000000|0.000000
1.626520932e+06|2.242564861e+11|2.254305620e+11|2.267086569e+11|0.000000|0.000000|0.000000
1.635490074e+06|2.237734013e+11|2.249485163e+11|2.262263906e+11|0.000000|0.000000|0.000000
1.642760357e+06|2.233802449e+11|2.245561665e+11|2.258338379e+11|0.000000|0.000000|0.000000
1.650909012e+06|2.229379184e+11|2.241147058e+11|2.253921245e+11|0.000000|0.000000|0.000000
1.659699226e+06|2.224587926e+11|2.236364684e+11|2.249135848e+11|0.000000|0.000000|0.000000
1.667434322e+06|2.220354873e+11|2.232139054e+11|2.244907308e+11|0.000000|0.000000|0.000000
1.675963447e+06|2.215668988e+11|2.227460924e+11|2.240225702e+11|0.000000|0.000000|0.000000
1.683463391e+06|2.211532712e+11|2.223331096e+11|2.236092592e+11|0.000000|0.000000|0.000000
1.691240105e+06|2.207228200e+11|2.219032902e+11|2.231790774e+11|0.000000|0.000000|0.000000
1.698969399e+06|2.202934239e+11|2.214744849e+11|2.227498904e+11|0.000000|0.000000|0.000000
1.707963001e+06|2.197918248e+11|2.209735268e+11|2.222484620e+11|0.000000|0.000000|0.000000
1.715418215e+06|2.193744275e+11|2.205566233e+11|2.218311478e+11|0.000000|0.000000|0.000000
1.723466706e+06|2.189221916e+11|2.201048823e+11|2.213789430e+11|0.000000|0.000000|0.000000
1.730922868e+06|2.185017379e+11|2.196848520e+11|2.209584650e+11|0.000000|0.000000|0.000000
1.738048139e+06|2.180985979e+11|2.192820856e+11|2.205552549e+11|0.000000|0.000000|0.000000
1.745330820e+06|2.176851958e+11|2.188690341e+11|2.201417349e+11|0.000000|0.000000|0.000000
1.753348988e+06|2.172284618e+11|2.184126501e+11|2.196848180e+11|0.000000|0.000000|0.000000
1.759961865e+06|2.168505314e+11|2.180349803e+11|2.193066961e+11|0.000000|0.000000|0.000000
1.766512283e+06|2.164750630e+11|2.176597454e+11|2.189310027e+11|0.000000|0.000000|0.000000
1.773675263e+06|2.160632232e+11|2.172481334e+11|2.185188779e+11|0.000000|0.000000|0.000000
1.781287564e+06|2.156241101e+11|2.168092312e+11|2.180794185e+11|0.000000|0.000000|0.000000
1.789219715e+06|2.151649716e+11|2.163502792e+11|2.176198737e+11|0.000000|0.000000|0.000000
1.796695534e+06|2.147307789e+11|2.159162317e+11|2.171852570e+11|0.000000|0.000000|0.000000
1.804773030e+06|2.142600427e+11|2.154456201e+11|2.167140203e+11|0.000000|0.000000|0.000000
1.812633694e+06|2.138003523e+11|2.149860196e+11|2.162538025e+11|0.000000|0.000000|0.000000
1.819629774e+06|2.133899055e+11|2.145756275e+11|2.158428548e+11|0.000000|0.000000|0.000000
1.826680147e+06|2.129750205e+11|2.141607744e+11|2.154274369e+11|0.000000|0.000000|0.000000
1.833919718e+06|2.125476958e+11|2.137334588e+11|2.149995372e+11|0.000000|0.000000|0.000000
1.840739984e+06|2.121439120e+11|2.133296627e+11|2.145951879e+11|0.000000|0.000000|0.000000
1.847638972e+06|2.117342763e+11|2.129199946e+11|2.141849585e+11|0.000000|0.000000|0.000000
1.855356698e+06|2.112746096e+11|2.124602688e+11|2.137246040e+11|0.000000|0.000000|0.000000
1.862617731e+06|2.108407791e+11|2.120263618e+11|2.132901059e+11|0.000000|0.000000|0.000000
1.870091989e+06|2.103928295e+11|2.115783135e+11|2.128414510e+11|0.000000|0.000000|0.000000
1.877841186e+06|2.099269274e+11|2.111122888e+11|2.123748010e+11|0.000000|0.000000|0.000000
1.884797162e+06|2.095074389e+11|2.106926739e+11|2.119546291e+11|0.000000|0.000000|0.000000
1.890466583e+06|2.091646455e+11|2.103497668e+11|2.116112719e+11|0.000000|0.000000|0.000000
1.896809991e+06|2.087801518e+11|2.099651352e+11|2.112261419e+11|0.000000|0.000000|0.000000
1.903624372e+06|2.083659964e+11|2.095508202e+11|2.108112985e+11|0.000000|0.000000|0.000000
1.911090689e+06|2.079108949e+11|2.090955312e+11|2.103554404e+11|0.000000|0.000000|0.000000
1.918061590e+06|2.074847434e+11|2.086691941e+11|2.099285826e+11|0.000000|0.000000|0.000000
1.925513145e+06|2.070278778e+11|2.082121202e+11|2.094709651e+11|0.000000|0.000000|0.000000
1.933193770e+06|2.065555310e+11|2.077395497e+11|2.089978500e+11|0.000000|0.000000|0.000000
1.939992544e+06|2.061362018e+11|2.073200161e+11|2.085778493e+11|0.000000|0.000000|0.000000
1.947592419e+06|2.056661140e+11|2.068496945e+11|2.081070238e+11|0.000000|0.000000|0.000000
1.953821773e+06|2.052797389e+11|2.064631247e+11|2.077200567e+11|0.000000|0.000000|0.000000
1.960055613e+06|2.048921303e+11|2.060753195e+11|2.073318694e+11|0.000000|0.000000|0.000000
1.967115492e+06|2.044520076e+11|2.056349733e+11|2.068911104e+11|0.000000|0.000000|0.000000
1.973592272e+06|2.040471606e+11|2.052299220e+11|2.064857002e+11|0.000000|0.000000|0.000000
1.979700565e+06|2.036644048e+11|2.048469752e+11|2.061024337e+11|0.000000|0.000000|0.000000
1.986458605e+06|2.032398706e+11|2.044222327e+11|2.056773601e+11|0.000000|0.000000|0.000000
1.993772215e+06|2.027791777e+11|2.039613198e+11|2.052161172e+11|0.000000|0.000000|0.000000
2.000391886e+06|2.023610705e+11|2.035430197e+11|2.047975455e+11|0.000000|0.000000|0.000000
2.007469948e+06|2.019128281e+11|2.030945793e+11|2.043488447e+11|0.000000|0.000000|0.000000
2.014344012e+06|2.014763357e+11|2.026579046e+11|2.039119486e+11|0.000000|0.000000|0.000000
2.020954370e+06|2.010555032e+11|2.022369074e+11|2.034907695e+11|0.000000|0.000000|0.000000
2.027388668e+06|2.006448585e+11|2.018261138e+11|2.030798294e+11|0.000000|0.000000|0.000000
2.034390998e+06|2.001968182e+11|2.013779262e+11|2.026315183e+11|0.000000|0.000000|0.000000
2.040724709e+06|1.997905338e+11|2.009715231e+11|2.022250374e+11|0.000000|0.000000|0.000000
2.046896986e+06|1.993936688e+11|2.005745571e+11|2.018280279e+11|0.000000|0.000000|0.000000
2.053485466e+06|1.989690241e+11|2.001498222e+11|2.014032833e+11|0.000000|0.000000|0.000000
2.060731323e+06|1.985007962e+11|1.996815178e+11|2.009350141e+11|0.000000|0.000000|0.000000
2.067278067e+06|1.980766529e+11|1.992573278e+11|2.005108989e+11|0.000000|0.000000|0.000000
2.073558772e+06|1.976687718e+11|1.988494234e+11|2.001031061e+11|0.000000|0.000000|0.000000
2.079622360e+06|1.972740867e+11|1.984547373e+11|1.997085664e+11|0.000000|0.000000|0.000000
2.086109204e+06|1.968508692e+11|1.980315435e+11|1.992855727e+11|0.000000|0.000000|0.000000
2.092877907e+06|1.964081806e+11|1.975889087e+11|1.988431965e+11|0.000000|0.000000|0.000000
2.099352740e+06|1.959836785e+11|1.971644879e+11|1.984190723e+11|0.000000|0.000000|0.000000
2.105936582e+06|1.955509944e+11|1.967319180e+11|1.979868552e+11|0.000000|0.000000|0.000000
2.112472388e+06|1.951204355e+11|1.963015058e+11|1.975568461e+11|0.000000|0.000000|0.000000
2.118346207e+06|1.947326097e+11|1.959138417e+11|1.971695909e+11|0.000000|0.000000|0.000000
2.124469287e+06|1.943274435e+11|1.955088756e+11|1.967650993e+11|0.000000|0.000000|0.000000
2.131348481e+06|1.938711706e+11|1.950528679e+11|1.963096855e+11|0.000000|0.000000|0.000000
2.138056404e+06|1.934251636e+11|1.946071628e+11|1.958646233e+11|0.000000|0.000000|0.000000
2.143969597e+06|1.930311026e+11|1.942134051e+11|1.954714863e+11|0.000000|0.000000|0.000000
2.150262095e+06|1.926108435e+11|1.937935085e+11|1.950523076e+11|0.000000|0.000000|0.000000
2.156743948e+06|1.921769456e+11|1.933600290e+11|1.946196311e+11|0.000000|0.000000|0.000000
2.162907260e+06|1.917634375e+11|1.929469627e+11|1.942073899e+11|0.000000|0.000000|0.000000
2.169447314e+06|1.913236585e+11|1.925077015e+11|1.937690716e+11|0.000000|0.000000|0.000000
2.174896490e+06|1.909564526e+11|1.921409669e+11|1.934031772e+11|0.000000|0.000000|0.000000
2.181443055e+06|1.905143572e+11|1.916994875e+11|1.929627746e+11|0.000000|0.000000|0.000000
2.188455013e+06|1.900396965e+11|1.912255495e+11|1.924900735e+11|0.000000|0.000000|0.000000
2.194790860e+06|1.896097931e+11|1.907963569e+11|1.920620752e+11|0.000000|0.000000|0.000000
2.201541283e+06|1.891507043e+11|1.903380882e+11|1.916051611e+11|0.000000|0.000000|0.000000
2.206889029e+06|1.887862373e+11|1.899743186e+11|1.912425264e+11|0.000000|0.000000|0.000000
2.213176249e+06|1.883568686e+11|1.895458254e+11|1.908154389e+11|0.000000|0.000000|0.000000
2.219962840e+06|1.878923377e+11|1.890823093e+11|1.903535292e+11|0.000000|0.000000|0.000000
2.226052705e+06|1.874745608e+11|1.886655067e+11|1.899382485e+11|0.000000|0.000000|0.000000
2.231612984e+06|1.870923418e+11|1.882842315e+11|1.895584311e+11|0.000000|0.000000|0.000000
2.237576464e+06|1.866815867e+11|1.878745481e+11|1.891503850e+11|0.000000|0.000000|0.000000
2.243033237e+06|1.863049897e+11|1.874989869e+11|1.887763904e+11|0.000000|0.000000|0.000000
2.248897546e+06|1.858994753e+11|1.870946462e+11|1.883738079e+11|0.000000|0.000000|0.000000
2.254997002e+06|1.854768307e+11|1.866732908e+11|1.879543647e+11|0.000000|0.000000|0.000000
2.262313206e+06|1.849687052e+11|1.861668064e+11|1.874502891e+11|0.000000|0.000000|0.000000
2.268505342e+06|1.845376518e+11|1.857372253e+11|1.870228470e+11|0.000000|0.000000|0.000000
2.273894170e+06|1.841617755e+11|1.853626940e+11|1.866502539e+11|0.000000|0.000000|0.000000
2.279397917e+06|1.837771692e+11|1.849795245e+11|1.862691388e+11|0.000000|0.000000|0.000000
2.285441298e+06|1.833540215e+11|1.845580293e+11|1.858499886e+11|0.000000|0.000000|0.000000
2.291934048e+06|1.828984401e+11|1.841043132e+11|1.853988977e+11|0.000000|0.000000|0.000000
2.297747689e+06|1.824896580e+11|1.836972822e+11|1.849943125e+11|0.000000|0.000000|0.000000
2.304244827e+06|1.820318635e+11|1.832415376e+11|1.845414098e+11|0.000000|0.000000|0.000000
2.310183259e+06|1.816125563e+11|1.828241920e+11|1.841267638e+11|0.000000|0.000000|0.000000
2.316208292e+06|1.811862756e+11|1.823999894e+11|1.837054021e+11|0.000000|0.000000|0.000000
2.321702004e+06|1.807968329e+11|1.820125206e+11|1.833206146e+11|0.000000|0.000000|0.000000
2.327106244e+06|1.804130311e+11|1.816307357e+11|1.829415537e+11|0.000000|0.000000|0.000000
2.333368882e+06|1.799673965e+11|1.811875339e+11|1.825016174e+11|0.000000|0.000000|0.000000
2.339903227e+06|1.795014315e+11|1.807242188e+11|1.820418365e+11|0.000000|0.000000|0.000000
2.345363654e+06|1.791112672e+11|1.803363584e+11|1.816570308e+11|0.000000|0.000000|0.000000
2.351117081e+06|1.786993982e+11|1.799270070e+11|1.812509998e+11|0.000000|0.000000|0.000000
2.358010729e+06|1.782048652e+11|1.794356151e+11|1.807637262e+11|0.000000|0.000000|0.000000
2.364138442e+06|1.777643272e+11|1.789979856e+11|1.803298879e+11|0.000000|0.000000|0.000000
2.369427423e+06|1.773833679e+11|1.786196269e+11|1.799549019e+11|0.000000|0.000000|0.000000
2.375385508e+06|1.769534144e+11|1.781927050e+11|1.795318930e+11|0.000000|0.000000|0.000000
2.381662972e+06|1.764994972e+11|1.777421014e+11|1.790855444e+11|0.000000|0.000000|0.000000
2.386992639e+06|1.761133761e+11|1.773588917e+11|1.787060554e+11|0.000000|0.000000|0.000000
2.392917697e+06|1.756833245e+11|1.769321844e+11|1.782836034e+11|0.000000|0.000000|0.000000
2.398476034e+06|1.752791279e+11|1.765312306e+11|1.778867568e+11|0.000000|0.000000|0.000000
2.404775342e+06|1.748201567e+11|1.760760599e+11|1.774363783e+11|0.000000|0.000000|0.000000
2.410366745e+06|1.744119696e+11|1.756713601e+11|1.770360564e+11|0.000000|0.000000|0.000000
2.416016499e+06|1.739987636e+11|1.752617887e+11|1.766310292e+11|0.000000|0.000000|0.000000
2.421021760e+06|1.736320564e+11|1.748983962e+11|1.762717652e+11|0.000000|0.000000|0.000000
2.426348200e+06|1.732411601e+11|1.745111268e+11|1.758889968e+11|0.000000|0.000000|0.000000
2.432238519e+06|1.728080914e+11|1.740821904e+11|1.754651690e+11|0.000000|0.000000|0.000000
2.437999352e+06|1.723837396e+11|1.736620056e+11|1.750501157e+11|0.000000|0.000000|0.000000
2.443676815e+06|1.719647513e+11|1.732472477e+11|1.746405477e+11|0.000000|0.000000|0.000000
2.449264603e+06|1.715516270e+11|1.728384090e+11|1.742369474e+11|0.000000|0.000000|0.000000
2.455811372e+06|1.710666499e+11|1.723586096e+11|1.737634530e+11|0.000000|0.000000|0.000000
2.461613376e+06|1.706359851e+11|1.719326775e+11|1.733432618e+11|0.000000|0.000000|0.000000
2.466986993e+06|1.702363977e+11|1.715375962e+11|1.729536279e+11|0.000000|0.000000|0.000000
2.472443227e+06|1.698299577e+11|1.711358543e+11|1.725575473e+11|0.000000|0.000000|0.000000
2.478790735e+06|1.693562262e+11|1.706677465e+11|1.720961931e+11|0.000000|0.000000|0.000000
2.484493062e+06|1.689298209e+11|1.702465409e+11|1.716812102e+11|0.000000|0.000000|0.000000
2.489911077e+06|1.685239513e+11|1.698457434e+11|1.712864638e+11|0.000000|0.000000|0.000000
2.496013230e+06|1.680659866e+11|1.693936474e+11|1.708413469e+11|0.000000|0.000000|0.000000
2.501990483e+06|1.676165267e+11|1.689500989e+11|1.704048055e+11|0.000000|0.000000|0.000000
2.507848649e+06|1.671751867e+11|1.685147116e+11|1.699764520e+11|0.000000|0.000000|0.000000
2.513237275e+06|1.667684903e+11|1.681136321e+11|1.695819900e+11|0.000000|0.000000|0.000000
2.518512650e+06|1.663696630e+11|1.677204367e+11|1.691954117e+11|0.000000|0.000000|0.000000
2.523790195e+06|1.659699997e+11|1.673265414e+11|1.688082751e+11|0.000000|0.000000|0.000000
2.528836492e+06|1.655872197e+11|1.669494035e+11|1.684377315e+11|0.000000|0.000000|0.000000
2.534072352e+06|1.651894103e+11|1.665575809e+11|1.680528885e+11|0.000000|0.000000|0.000000
2.540059024e+06|1.647337436e+11|1.661089279e+11|1.676123900e+11|0.000000|0.000000|0.000000
2.545563199e+06|1.643140365e+11|1.656958297e+11|1.672069550e+11|0.000000|0.000000|0.000000
2.551441257e+06|1.638650098e+11|1.652540336e+11|1.667735204e+11|0.000000|0.000000|0.000000
2.557330807e+06|1.634142658e+11|1.648107156e+11|1.663387669e+11|0.000000|0.000000|0.000000
2.562369371e+06|1.630279826e+11|1.644309316e+11|1.659664601e+11|0.000000|0.000000|0.000000
2.567673408e+06|1.626206812e+11|1.640306196e+11|1.655741706e+11|0.000000|0.000000|0.000000
2.573212962e+06|1.621945649e+11|1.636119670e+11|1.651640645e+11|0.000000|0.000000|0.000000
2.578517190e+06|1.617858516e+11|1.632105594e+11|1.647710028e+11|0.000000|0.000000|0.000000
2.584207048e+06|1.613466632e+11|1.627793831e+11|1.643489581e+11|0.000000|0.000000|0.000000
2.589587543e+06|1.609306289e+11|1.623710946e+11|1.639494772e+11|0.000000|0.000000|0.000000
2.594705816e+06|1.605342158e+11|1.619822044e+11|1.635691227e+11|0.000000|0.000000|0.000000
2.600230220e+06|1.601056309e+11|1.615619110e+11|1.631582164e+11|0.000000|0.000000|0.000000
2.605928000e+06|1.596628153e+11|1.611278360e+11|1.627340147e+11|0.000000|0.000000|0.000000
2.611896090e+06|1.591981417e+11|1.606725263e+11|1.622892580e+11|0.000000|0.000000|0.000000
2.617437807e+06|1.587658857e+11|1.602491589e+11|1.618758856e+11|0.000000|0.000000|0.000000
2.623360757e+06|1.583030627e+11|1.597960451e+11|1.614336653e+11|0.000000|0.000000|0.000000
2.628616085e+06|1.578916886e+11|1.593934690e+11|1.610409396e+11|0.000000|0.000000|0.000000
2.634359504e+06|1.574413335e+11|1.589529288e+11|1.606113656e+11|0.000000|0.000000|0.000000
2.640530441e+06|1.569565537e+11|1.584789299e+11|1.601493859e+11|0.000000|0.000000|0.000000
2.646024202e+06|1.565241846e+11|1.580563666e+11|1.597377317e+11|0.000000|0.000000|0.000000
2.652234535e+06|1.560345263e+11|1.575780323e+11|1.592719690e+11|0.000000|0.000000|0.000000
2.657428585e+06|1.556242685e+11|1.571774427e+11|1.588820913e+11|0.000000|0.000000|0.000000
2.662272019e+06|1.552411055e+11|1.568034593e+11|1.585182606e+11|0.000000|0.000000|0.000000
2.666898049e+06|1.548746010e+11|1.564458717e+11|1.581705192e+11|0.000000|0.000000|0.000000
2.671781148e+06|1.544871568e+11|1.560679999e+11|1.578032003e+11|0.000000|0.000000|0.000000
2.676490373e+06|1.541129502e+11|1.557031822e+11|1.574487164e+11|0.000000|0.000000|0.000000
2.681233752e+06|1.537354752e+11|1.553353220e+11|1.570914221e+11|0.000000|0.000000|0.000000
2.686365877e+06|1.533264368e+11|1.549368665e+11|1.567045776e+11|0.000000|0.000000|0.000000
2.692177859e+06|1.528624245e+11|1.544850680e+11|1.562661553e+11|0.000000|0.000000|0.000000
2.697556189e+06|1.524322873e+11|1.540664521e+11|1.558601349e+11|0.000000|0.000000|0.000000
2.702493966e+06|1.520367511e+11|1.536816812e+11|1.554871136e+11|0.000000|0.000000|0.000000
2.708149031e+06|1.515830126e+11|1.532404947e+11|1.550596041e+11|0.000000|0.000000|0.000000
2.713100753e+06|1.511850537e+11|1.528537244e+11|1.546850053e+11|0.000000|0.000000|0.000000
2.718067431e+06|1.507852791e+11|1.524653596e+11|1.543090339e+11|0.000000|0.000000|0.000000
2.723647911e+06|1.503353648e+11|1.520284916e+11|1.538863142e+11|0.000000|0.000000|0.000000
2.729696705e+06|1.498468150e+11|1.515543568e+11|1.534277848e+11|0.000000|0.000000|0.000000
2.735563074e+06|1.493721256e+11|1.510939228e+11|1.529827565e+11|0.000000|0.000000|0.000000
2.741618923e+06|1.488812000e+11|1.506180009e+11|1.525230210e+11|0.000000|0.000000|0.000000
2.746812807e+06|1.484594183e+11|1.502093231e+11|1.521284570e+11|0.000000|0.000000|0.000000
2.753143911e+06|1.479443701e+11|1.497105457e+11|1.516471758e+11|0.000000|0.000000|0.000000
2.759037438e+06|1.474640141e+11|1.492456335e+11|1.511988422e+11|0.000000|0.000000|0.000000
2.764240666e+06|1.470391947e+11|1.488346901e+11|1.508027717e+11|0.000000|0.000000|0.000000
2.768972730e+06|1.466522512e+11|1.484605646e+11|1.504423665e+11|0.000000|0.000000|0.000000
2.774309105e+06|1.462152149e+11|1.480382125e+11|1.500357106e+11|0.000000|0.000000|0.000000
2.780186371e+06|1.457330484e+11|1.475725025e+11|1.495875650e+11|0.000000|0.000000|0.000000
2.785153892e+06|1.453248352e+11|1.471784332e+11|1.492085700e+11|0.000000|0.000000|0.000000
2.789937673e+06|1.449311303e+11|1.467985541e+11|1.488434076e+11|0.000000|0.000000|0.000000
2.794607833e+06|1.445462166e+11|1.464273339e+11|1.484867455e+11|0.000000|0.000000|0.000000
2.799369612e+06|1.441531814e+11|1.460484621e+11|1.481229131e+11|0.000000|0.000000|0.000000
2.804153162e+06|1.437577689e+11|1.456674843e+11|1.477572440e+11|0.000000|0.000000|0.000000
2.808983373e+06|1.433579083e+11|1.452824112e+11|1.473878348e+11|0.000000|0.000000|0.000000
2.813409154e+06|1.429910059e+11|1.449292466e+11|1.470492057e+11|0.000000|0.000000|0.000000
2.818929269e+06|1.425326815e+11|1.444883120e+11|1.466266479e+11|0.000000|0.000000|0.000000
2.824069038e+06|1.421052366e+11|1.440773158e+11|1.462330114e+11|0.000000|0.000000|0.000000
2.829232964e+06|1.416751021e+11|1.436639594e+11|1.458373402e+11|0.000000|0.000000|0.000000
2.834454263e+06|1.412394941e+11|1.432455752e+11|1.454370886e+11|0.000000|0.000000|0.000000
2.839618526e+06|1.408079566e+11|1.428313324e+11|1.450410306e+11|0.000000|0.000000|0.000000
2.844628317e+06|1.403886725e+11|1.424290742e+11|1.446566532e+11|0.000000|0.000000|0.000000
2.850104804e+06|1.399295906e+11|1.419888869e+11|1.442362852e+11|0.000000|0.000000|0.000000
2.856154305e+06|1.394215760e+11|1.415020905e+11|1.437717160e+11|0.000000|0.000000|0.000000
2.861743366e+06|1.389513881e+11|1.410518327e+11|1.433423083e+11|0.000000|0.000000|0.000000
2.866646623e+06|1.385382297e+11|1.406564199e+11|1.429654384e+11|0.000000|0.000000|0.000000
2.871865560e+06|1.380977879e+11|1.402351367e+11|1.425641521e+11|0.000000|0.000000|0.000000
2.877678374e+06|1.376063960e+11|1.397654150e+11|1.421170214e+11|0.000000|0.000000|0.000000
2.882906650e+06|1.371636693e+11|1.393424807e+11|1.417146956e+11|0.000000|0.000000|0.000000
2.888598959e+06|1.366808404e+11|1.388815285e+11|1.412764956e+11|0.000000|0.000000|0.000000
2.893845308e+06|1.362350911e+11|1.384562475e+11|1.408724769e+11|0.000000|0.000000|0.000000
2.898732135e+06|1.358192424e+11|1.380597304e+11|1.404960199e+11|0.000000|0.000000|0.000000
2.904606134e+06|1.353185639e+11|1.375826313e+11|1.400433611e+11|0.000000|0.000000|0.000000
2.910206029e+06|1.348404085e+11|1.371273066e+11|1.396116726e+11|0.000000|0.000000|0.000000
2.915436787e+06|1.343930300e+11|1.367015669e+11|1.392083102e+11|0.000000|0.000000|0.000000
2.920455106e+06|1.339631461e+11|1.362927296e+11|1.388212154e+11|0.000000|0.000000|0.000000
2.924964390e+06|1.335763029e+11|1.359250398e+11|1.384732932e+11|0.000000|0.000000|0.000000
2.929456878e+06|1.331903683e+11|1.355584164e+11|1.381265823e+11|0.000000|0.000000|0.000000
2.933752270e+06|1.328208680e+11|1.352075957e+11|1.377950059e+11|0.000000|0.000000|0.000000
2.938540446e+06|1.324084032e+11|1.348162037e+11|1.374253046e+11|0.000000|0.000000|0.000000
2.943693413e+06|1.319638372e+11|1.343946131e+11|1.370273400e+11|0.000000|0.000000|0.000000
2.948757299e+06|1.315262717e+11|1.339799283e+11|1.366361608e+11|0.000000|0.000000|0.000000
2.953123246e+06|1.311484686e+11|1.336220951e+11|1.362988244e+11|0.000000|0.000000|0.000000
2.957484203e+06|1.307706761e+11|1.332644376e+11|1.359618189e+11|1.000000|1.000000|1.000000
2.962075525e+06|1.303720333e+11|1.328873967e+11|1.356069038e+11|1.000000|1.000000|1.000000
2.966357178e+06|1.300002775e+11|1.325357858e+11|1.352759266e+11|1.000000|1.000000|1.000000
2.970849599e+06|1.296102217e+11|1.321668666e+11|1.349286566e+11|1.000000|1.000000|1.000000
2.976341407e+06|1.291333939e+11|1.317158774e+11|1.345041328e+11|1.000000|1.000000|1.000000
2.982095433e+06|1.286337989e+11|1.312433547e+11|1.340593391e+11|1.000000|1.000000|1.000000
2.987866650e+06|1.281327113e+11|1.307694203e+11|1.336132165e+11|1.000000|1.000000|1.000000
2.993560072e+06|1.276383782e+11|1.303018744e+11|1.331731077e+11|1.000000|1.000000|1.000000
2.999088547e+06|1.271583667e+11|1.298478741e+11|1.327457494e+11|1.000000|1.000000|1.000000
3.004907682e+06|1.266531187e+11|1.293700047e+11|1.322959228e+11|1.000000|1.000000|1.000000
3.010886242e+06|1.261340284e+11|1.288790431e+11|1.318337723e+11|1.000000|1.000000|1.000000
3.016267424e+06|1.256668058e+11|1.284371386e+11|1.314178001e+11|1.000000|1.000000|1.000000
3.021615151e+06|1.252024877e+11|1.279979813e+11|1.310044138e+11|1.000000|1.000000|1.000000
3.027601837e+06|1.246826920e+11|1.275063525e+11|1.305416352e+11|1.000000|1.000000|1.000000
3.032730023e+06|1.242374357e+11|1.270852241e+11|1.301452198e+11|1.000000|1.000000|1.000000
3.037954578e+06|1.237838122e+11|1.266561818e+11|1.297413550e+11|1.000000|1.000000|1.000000
3.043512918e+06|1.233012077e+11|1.261997289e+11|1.293116881e+11|1.000000|1.000000|1.000000
3.048611276e+06|1.228585413e+11|1.257810499e+11|1.289175785e+11|1.000000|1.000000|1.000000
3.053039339e+06|1.224740734e+11|1.254174158e+11|1.285752835e+11|1.000000|1.000000|1.000000
3.057740141e+06|1.220659249e+11|1.250313843e+11|1.282119054e+11|1.000000|1.000000|1.000000
3.062052420e+06|1.216915100e+11|1.246772584e+11|1.278785607e+11|1.000000|1.000000|1.000000
3.065855520e+06|1.213613047e+11|1.243649464e+11|1.275845761e+11|1.000000|1.000000|1.000000
3.070189640e+06|1.209849934e+11|1.240090269e+11|1.272495430e+11|1.000000|1.000000|1.000000
3.075102757e+06|1.205584107e+11|1.236055600e+11|1.268697528e+11|1.000000|1.000000|1.000000
3.079740100e+06|1.201557720e+11|1.232247398e+11|1.265112802e+11|1.000000|1.000000|1.000000
3.084554770e+06|1.197377368e+11|1.228293573e+11|1.261390999e+11|1.000000|1.000000|1.000000
3.089306675e+06|1.193251513e+11|1.224391292e+11|1.257717715e+11|1.000000|1.000000|1.000000
3.093327111e+06|1.189760757e+11|1.221089695e+11|1.254609866e+11|1.000000|1.000000|1.000000
3.098123098e+06|1.185596627e+11|1.217151214e+11|1.250902506e+11|1.000000|1.000000|1.000000
3.103297101e+06|1.181104285e+11|1.212902304e+11|1.246902935e+11|1.000000|1.000000|1.000000
3.107893673e+06|1.177113297e+11|1.209127583e+11|1.243349726e+11|1.000000|1.000000|1.000000
3.113198076e+06|1.172507734e+11|1.204771588e+11|1.239249353e+11|1.000000|1.000000|1.000000
3.119648845e+06|1.166906835e+11|1.199474194e+11|1.234262826e+11|1.000000|1.000000|1.000000
3.125484973e+06|1.161839600e+11|1.194681545e+11|1.229751424e+11|1.000000|1.000000|1.000000
3.130617284e+06|1.157383455e+11|1.190466872e+11|1.225784080e+11|1.000000|1.000000|1.000000
3.135506813e+06|1.153138107e+11|1.186451574e+11|1.222004411e+11|1.000000|1.000000|1.000000
3.141776550e+06|1.147694390e+11|1.181302844e+11|1.217157824e+11|1.000000|1.000000|1.000000
3.148112299e+06|1.142193357e+11|1.176099904e+11|1.212260208e+11|1.000000|1.000000|1.000000
3.154591193e+06|1.136568039e+11|1.170779413e+11|1.207251939e+11|1.000000|1.000000|1.000000
3.159942029e+06|1.131922160e+11|1.166385287e+11|1.203115674e+11|1.000000|1.000000|1.000000
3.164885813e+06|1.127629705e+11|1.162325434e+11|1.199294065e+11|1.000000|1.000000|1.000000
3.169236764e+06|1.123851978e+11|1.158752417e+11|1.195930723e+11|1.000000|1.000000|1.000000
3.173705142e+06|1.119972296e+11|1.155082970e+11|1.192476610e+11|1.000000|1.000000|1.000000
3.179222120e+06|1.113999024e+11|1.150552408e+11|1.188211915e+11|2.000000|1.000000|1.000000
3.184171168e+06|1.111895030e+11|1.146488232e+11|1.184386236e+11|2.000000|1.000000|1.000000
3.188843342e+06|1.109908744e+11|1.142651426e+11|1.180774586e+11|2.000000|1.000000|1.000000
3.193604961e+06|1.107884432e+11|1.138741167e+11|1.177093793e+11|2.000000|1.000000|1.000000
3.197901380e+06|1.106057891e+11|1.135212932e+11|1.173772605e+11|2.000000|1.000000|1.000000
3.202739981e+06|1.104000852e+11|1.131239456e+11|1.170032304e+11|2.000000|1.000000|1.000000
3.207084103e+06|1.102154031e+11|1.127672048e+11|1.166674242e+11|2.000000|1.000000|1.000000
3.211731998e+06|1.100178067e+11|1.123855180e+11|1.163081359e+11|2.000000|1.000000|1.000000
3.216222999e+06|1.098268803e+11|1.120167154e+11|1.159609757e+11|2.000000|1.000000|1.000000
3.220597293e+06|1.096409155e+11|1.116574968e+11|1.156228371e+11|2.000000|1.000000|1.000000
3.224808597e+06|1.094618799e+11|1.113116630e+11|1.152972979e+11|2.000000|1.000000|1.000000
3.229137931e+06|1.092778265e+11|1.109561365e+11|1.149626347e+11|2.000000|1.000000|1.000000
3.233696392e+06|1.090840322e+11|1.105817941e+11|1.146102598e+11|2.000000|1.000000|1.000000
3.239018959e+06|1.088577534e+11|1.101447029e+11|1.141988185e+11|2.000000|1.000000|1.000000
3.245187104e+06|1.085955264e+11|1.096381727e+11|1.137220129e+11|2.000000|1.000000|1.000000
3.251250922e+06|1.083377347e+11|1.091402098e+11|1.132532720e+11|2.000000|1.000000|1.000000
3.256878320e+06|1.080984966e+11|1.086780859e+11|1.128182669e+11|2.000000|1.000000|1.000000
3.262849446e+06|1.078446455e+11|1.081877349e+11|1.123566911e+11|2.000000|1.000000|1.000000
3.269058391e+06|1.075806840e+11|1.074691663e+11|1.118767316e+11|2.000000|2.000000|1.000000
3.275257439e+06|1.073171433e+11|1.072115899e+11|1.113975371e+11|2.000000|2.000000|1.000000
3.281848462e+06|1.070369385e+11|1.069377267e+11|1.108880426e+11|2.000000|2.000000|1.000000
3.287968850e+06|1.067767418e+11|1.066834188e+11|1.104149287e+11|2.000000|2.000000|1.000000
3.293549502e+06|1.065394910e+11|1.064515375e+11|1.099835371e+11|2.000000|2.000000|1.000000
3.299636794e+06|1.062807013e+11|1.061986048e+11|1.095129815e+11|2.000000|2.000000|1.000000
3.306074472e+06|1.060070157e+11|1.059311132e+11|1.090153407e+11|2.000000|2.000000|1.000000
3.312601792e+06|1.057295191e+11|1.056598969e+11|1.085107704e+11|2.000000|2.000000|1.000000
3.318457876e+06|1.054805588e+11|1.054165711e+11|1.080580876e+11|2.000000|2.000000|1.000000
3.323731932e+06|1.052563424e+11|1.051974291e+11|1.076503962e+11|2.000000|2.000000|1.000000
3.328479341e+06|1.050545153e+11|1.050001697e+11|1.072834154e+11|2.000000|2.000000|1.000000
3.332795329e+06|1.048710292e+11|1.048208363e+11|1.069497839e+11|2.000000|2.000000|1.000000
3.337500803e+06|1.046709850e+11|1.046253195e+11|1.065860447e+11|2.000000|2.000000|1.000000
3.341710194e+06|1.044920307e+11|1.044504153e+11|1.062606533e+11|2.000000|2.000000|1.000000
3.346495467e+06|1.042885939e+11|1.042515827e+11|1.058907455e+11|2.000000|2.000000|1.000000
3.351511936e+06|1.040753283e+11|1.040431437e+11|1.055029660e+11|2.000000|2.000000|1.000000
3.355805356e+06|1.038928017e+11|1.038647480e+11|1.051710791e+11|2.000000|2.000000|1.000000
3.359727337e+06|1.037260661e+11|1.037017860e+11|1.048679049e+11|2.000000|2.000000|1.000000
3.364229815e+06|1.035346518e+11|1.035147038e+11|1.045198575e+11|2.000000|2.000000|1.000000
3.368944959e+06|1.033341965e+11|1.033187851e+11|1.041553708e+11|2.000000|2.000000|1.000000
3.373907464e+06|1.031232250e+11|1.031125884e+11|1.037717628e+11|2.000000|2.000000|1.000000
3.378563952e+06|1.029252633e+11|1.029191069e+11|1.034118103e+11|2.000000|2.000000|1.000000
3.382922613e+06|1.027399631e+11|1.027380004e+11|1.030645307e+11|2.000000|2.000000|2.000000
3.387469895e+06|1.025466440e+11|1.025490566e+11|1.028786467e+11|2.000000|2.000000|2.000000
3.393274480e+06|1.022998731e+11|1.023078706e+11|1.026413665e+11|2.000000|2.000000|2.000000
3.400591490e+06|1.019888043e+11|1.020038419e+11|1.023422614e+11|2.000000|2.000000|2.000000
3.408368581e+06|1.016581761e+11|1.016806965e+11|1.020243490e+11|2.000000|2.000000|2.000000
3.416889193e+06|1.012959384e+11|1.013266570e+11|1.016760429e+11|2.000000|2.000000|2.000000
3.426903068e+06|1.008702176e+11|1.009105710e+11|1.012666952e+11|2.000000|2.000000|2.000000
3.437788063e+06|1.004074627e+11|1.004582892e+11|1.008217378e+11|2.000000|2.000000|2.000000
3.448224367e+06|9.996378311e+10|1.000246510e+11|1.003951220e+11|2.000000|2.000000|2.000000
3.459932589e+06|9.946603031e+10|9.953816329e+10|9.991651261e+10|2.000000|2.000000|2.000000
3.471235930e+06|9.898549024e+10|9.906849880e+10|9.945445399e+10|2.000000|2.000000|2.000000
3.480409236e+06|9.859550456e+10|9.868733927e+10|9.907946706e+10|2.000000|2.000000|2.000000
3.489782032e+06|9.819703796e+10|9.829789077e+10|9.869632539e+10|2.000000|2.000000|2.000000
3.497398897e+06|9.787322140e+10|9.798140282e+10|9.838496273e+10|2.000000|2.000000|2.000000
3.504745580e+06|9.756089116e+10|9.767614124e+10|9.808464464e+10|2.000000|2.000000|2.000000
3.511905280e+06|9.725651011e+10|9.737864893e+10|9.779197000e+10|2.000000|2.000000|2.000000
3.518222951e+06|9.698792633e+10|9.711614374e+10|9.753371589e+10|2.000000|2.000000|2.000000
3.523706495e+06|9.675480391e+10|9.688829734e+10|9.730955930e+10|2.000000|2.000000|2.000000
3.529860059e+06|9.649319684e+10|9.663261096e+10|9.705801357e+10|2.000000|2.000000|2.000000
3.536024308e+06|9.623113551e+10|9.637648060e+10|9.680603105e+10|2.000000|2.000000|2.000000
3.541843055e+06|9.598376254e+10|9.613470617e+10|9.656817198e+10|2.000000|2.000000|2.000000
3.547312584e+06|9.575123589e+10|9.590744206e+10|9.634458825e+10|2.000000|2.000000|2.000000
3.552666090e+06|9.552364175e+10|9.568499884e+10|9.612574733e+10|2.000000|2.000000|2.000000
3.557962900e+06|9.529845794e+10|9.546491138e+10|9.590922402e+10|2.000000|2.000000|2.000000
3.563749267e+06|9.505246155e+10|9.522448238e+10|9.567268860e+10|2.000000|2.000000|2.000000
3.570735827e+06|9.475544125e+10|9.493418424e+10|9.538709162e+10|2.000000|2.000000|2.000000
3.578447179e+06|9.442760775e+10|9.461377027e+10|9.507186652e+10|2.000000|2.000000|2.000000
3.587499700e+06|9.404275705e+10|9.423762950e+10|9.470181707e+10|2.000000|2.000000|2.000000
3.598882822e+06|9.355882524e+10|9.376465003e+10|9.423649716e+10|2.000000|2.000000|2.000000
3.608757085e+06|9.313903973e+10|9.335436510e+10|9.383285650e+10|2.000000|2.000000|2.000000
3.621189920e+06|9.261048138e+10|9.283776908e+10|9.332462637e+10|2.000000|2.000000|2.000000
3.633876860e+06|9.207112022e+10|9.231061473e+10|9.280600890e+10|2.000000|2.000000|2.000000
3.645280187e+06|9.158632945e+10|9.183679575e+10|9.233986307e+10|2.000000|2.000000|2.000000
3.656644312e+06|9.110320530e+10|9.136460566e+10|9.187531975e+10|2.000000|2.000000|2.000000
3.666146709e+06|9.069922893e+10|9.096977208e+10|9.148688021e+10|2.000000|2.000000|2.000000
3.675172265e+06|9.031552457e+10|9.059475171e+10|9.111793302e+10|2.000000|2.000000|2.000000
3.684463411e+06|8.992052917e+10|9.020869584e+10|9.073812905e+10|2.000000|2.000000|2.000000
3.692468356e+06|8.958021413e+10|8.987608281e+10|9.041090244e+10|2.000000|2.000000|2.000000
3.699602434e+06|8.927692237e+10|8.957965514e+10|9.011927520e+10|2.000000|2.000000|2.000000
3.706452693e+06|8.898569664e+10|8.929502043e+10|8.983924994e+10|2.000000|2.000000|2.000000
3.712403942e+06|8.873269060e+10|8.904774042e+10|8.959597445e+10|2.000000|2.000000|2.000000
3.718903617e+06|8.845636925e+10|8.877767278e+10|8.933028035e+10|2.000000|2.000000|2.000000
3.724683326e+06|8.821065592e+10|8.853752043e+10|8.909401709e+10|2.000000|2.000000|2.000000
3.730243377e+06|8.797428095e+10|8.830649509e+10|8.886673304e+10|2.000000|2.000000|2.000000
3.735571283e+06|8.774777512e+10|8.808511554e+10|8.864893857e+10|2.000000|2.000000|2.000000
3.741595222e+06|8.749167882e+10|8.783481521e+10|8.840269168e+10|2.000000|2.000000|2.000000
3.748305801e+06|8.720639128e+10|8.755598430e+10|8.812837622e+10|2.000000|2.000000|2.000000
3.755908306e+06|8.688318525e+10|8.724009306e+10|8.781760062e+10|2.000000|2.000000|2.000000
3.763628567e+06|8.655497303e+10|8.691930894e+10|8.750201136e+10|2.000000|2.000000|2.000000
3.774003080e+06|8.611392033e+10|8.648823814e+10|8.707792143e+10|2.000000|2.000000|2.000000
3.785352311e+06|8.563142936e+10|8.601666689e+10|8.661398694e+10|2.000000|2.000000|2.000000
3.797460377e+06|8.511667793e+10|8.551356531e+10|8.611903272e+10|2.000000|2.000000|2.000000
3.809189981e+06|8.461801611e+10|8.502618921e+10|8.563954931e+10|2.000000|2.000000|2.000000
3.819032288e+06|8.419958912e+10|8.461723205e+10|8.523721492e+10|2.000000|2.000000|2.000000
3.827263491e+06|8.384965520e+10|8.427521784e+10|8.490073937e+10|2.000000|2.000000|2.000000
3.834178354e+06|8.355568292e+10|8.398789873e+10|8.461807318e+10|2.000000|2.000000|2.000000
3.843575047e+06|8.315620038e+10|8.359745727e+10|8.423395464e+10|2.000000|2.000000|2.000000
3.852794319e+06|8.276426056e+10|8.321438783e+10|8.385708873e+10|2.000000|2.000000|2.000000
3.861559877e+06|8.239160954e+10|8.285017064e+10|8.349876977e+10|2.000000|2.000000|2.000000
3.868031368e+06|8.211648636e+10|8.258127405e+10|8.323422777e+10|2.000000|2.000000|2.000000
3.874141057e+06|8.185674457e+10|8.232741073e+10|8.298447558e+10|2.000000|2.000000|2.000000
3.880456504e+06|8.158825535e+10|8.206499796e+10|8.272631239e+10|2.000000|2.000000|2.000000
3.887017911e+06|8.130930958e+10|8.179236529e+10|8.245809480e+10|2.000000|2.000000|2.000000
3.892539077e+06|8.107458772e+10|8.156295565e+10|8.223240028e+10|2.000000|2.000000|2.000000
3.898536543e+06|8.081961686e+10|8.131375529e+10|8.198723554e+10|2.000000|2.000000|2.000000
3.904893711e+06|8.054935393e+10|8.104960894e+10|8.172736685e+10|2.000000|2.000000|2.000000
3.911256094e+06|8.027886930e+10|8.078524592e+10|8.146728499e+10|2.000000|2.000000|2.000000
3.917146327e+06|8.002845723e+10|8.054050118e+10|8.122650372e+10|2.000000|2.000000|2.000000
3.924885037e+06|7.969946072e+10|8.021895052e+10|8.091016033e+10|2.000000|2.000000|2.000000
3.932905391e+06|7.935849061e+10|7.988569724e+10|8.058230384e+10|2.000000|2.000000|2.000000
3.943166570e+06|7.892225609e+10|7.945933557e+10|8.016284679e+10|2.000000|2.000000|2.000000
3.955574309e+06|7.839476464e+10|7.894378230e+10|7.965564253e+10|2.000000|2.000000|2.000000
3.965868758e+06|7.795711572e+10|7.851603825e+10|7.923482548e+10|2.000000|2.000000|2.000000
3.975637786e+06|7.754180405e+10|7.811012591e+10|7.883548659e+10|2.000000|2.000000|2.000000
3.984156263e+06|7.717965719e+10|7.775617516e+10|7.848726781e+10|2.000000|2.000000|2.000000
3.993163806e+06|7.679671862e+10|7.738190324e+10|7.811905695e+10|2.000000|2.000000|2.000000
4.003114295e+06|7.637369249e+10|7.696845104e+10|7.771230031e+10|2.000000|2.000000|2.000000
4.011575728e+06|7.601397076e+10|7.661687052e+10|7.736641338e+10|2.000000|2.000000|2.000000
4.020162314e+06|7.564892839e+10|7.626008979e+10|7.701541045e+10|2.000000|2.000000|2.000000
4.028201137e+06|7.530717308e+10|7.592606909e+10|7.668679897e+10|2.000000|2.000000|2.000000
4.034729773e+06|7.502962052e+10|7.565479809e+10|7.641992101e+10|2.000000|2.000000|2.000000
4.040870355e+06|7.476856538e+10|7.539965115e+10|7.616890598e+10|2.000000|2.000000|2.000000
4.047307016e+06|7.449492295e+10|7.513220179e+10|7.590578777e+10|2.000000|2.000000|2.000000
4.053153694e+06|7.424636256e+10|7.488926681e+10|7.566678695e+10|2.000000|2.000000|2.000000
4.058354571e+06|7.402525714e+10|7.467316545e+10|7.545418519e+10|2.000000|2.000000|2.000000
4.064826727e+06|7.375010573e+10|7.440424127e+10|7.518961604e+10|2.000000|2.000000|2.000000
4.070805171e+06|7.349594355e+10|7.415583129e+10|7.494522887e+10|2.000000|2.000000|2.000000
4.077617350e+06|7.320633671e+10|7.387277882e+10|7.466676023e+10|2.000000|2.000000|2.000000
4.084105670e+06|7.293049811e+10|7.360318300e+10|7.440153032e+10|2.000000|2.000000|2.000000
4.092426138e+06|7.257676925e+10|7.325745972e+10|7.406140578e+10|2.000000|2.000000|2.000000
4.100765491e+06|7.222223749e+10|7.291095172e+10|7.372050922e+10|2.000000|2.000000|2.000000
4.109373960e+06|7.185626482e+10|7.255326174e+10|7.336861177e+10|2.000000|2.000000|2.000000
4.118657734e+06|7.146405131e+10|7.216958359e+10|7.299087485e+10|3.000000|3.000000|3.000000
4.128976838e+06|7.102838316e+10|7.174336015e+10|7.257122247e+10|3.000000|3.000000|3.000000
4.139453359e+06|7.058726760e+10|7.131164580e+10|7.214603498e+10|3.000000|3.000000|3.000000
4.147684555e+06|7.024154170e+10|7.097317466e+10|7.181259052e+10|3.000000|3.000000|3.000000
4.156554238e+06|6.986983790e+10|7.060915965e+10|7.145389300e+10|3.000000|3.000000|3.000000
4.165084078e+06|6.951319985e+10|7.025979072e+10|7.110954146e+10|3.000000|3.000000|3.000000
4.172473716e+06|6.920488917e+10|6.995767895e+10|7.081170052e+10|3.000000|3.000000|3.000000
4.181640785e+06|6.882326753e+10|6.958362098e+10|7.044284337e+10|3.000000|3.000000|3.000000
4.190443181e+06|6.845771214e+10|6.922519765e+10|7.008931326e+10|3.000000|3.000000|3.000000
4.198162914e+06|6.813783441e+10|6.891147006e+10|6.977979637e+10|3.000000|3.000000|3.000000
4.204926616e+06|6.785812203e+10|6.863706625e+10|6.950902022e+10|3.000000|3.000000|3.000000
4.211001502e+06|6.760733509e+10|6.839098397e+10|6.926614740e+10|3.000000|3.000000|3.000000
4.217115229e+06|6.735536547e+10|6.814368893e+10|6.902203597e+10|3.000000|3.000000|3.000000
4.223383433e+06|6.709746834e+10|6.789052212e+10|6.877208516e+10|3.000000|3.000000|3.000000
4.229804789e+06|6.683373170e+10|6.763156626e+10|6.851637367e+10|3.000000|3.000000|3.000000
4.234973072e+06|6.662180107e+10|6.742343582e+10|6.831081776e+10|3.000000|3.000000|3.000000
4.241062878e+06|6.637247233e+10|6.717853058e+10|6.806890426e+10|3.000000|3.000000|3.000000
4.247466630e+06|6.611074576e+10|6.692139249e+10|6.781486354e+10|3.000000|3.000000|3.000000
4.253913488e+06|6.584773021e+10|6.666293134e+10|6.755947054e+10|3.000000|3.000000|3.000000
4.262368899e+06|6.550349129e+10|6.632456755e+10|6.722505506e+10|3.000000|3.000000|3.000000
4.270440871e+06|6.517562750e+10|6.600220910e+10|6.690638618e+10|3.000000|3.000000|3.000000
4.279428432e+06|6.481145538e+10|6.564404882e+10|6.655224301e+10|3.000000|3.000000|3.000000
4.288677220e+06|6.443766958e+10|6.527632074e+10|6.618854946e+10|3.000000|3.000000|3.000000
4.298326813e+06|6.404873801e+10|6.489357115e+10|6.580990261e+10|3.000000|3.000000|3.000000
4.308057290e+06|6.365763769e+10|6.450856279e+10|6.542892198e+10|3.000000|3.000000|3.000000
4.315923423e+06|6.334227446e+10|6.419802098e+10|6.512155649e+10|3.000000|3.000000|3.000000
4.324132237e+06|6.301393990e+10|6.387462005e+10|6.480139480e+10|3.000000|3.000000|3.000000
4.332052422e+06|6.269789405e+10|6.356324030e+10|6.449306784e+10|3.000000|3.000000|3.000000
4.339593637e+06|6.239765118e+10|6.326735497e+10|6.420002342e+10|3.000000|3.000000|3.000000
4.347489119e+06|6.208401653e+10|6.295819398e+10|6.389376845e+10|3.000000|3.000000|3.000000
4.355906398e+06|6.175045901e+10|6.262930666e+10|6.356790272e+10|3.000000|3.000000|3.000000
4.363946647e+06|6.143261932e+10|6.231583311e+10|6.325724220e+10|3.000000|3.000000|3.000000
4.371570096e+06|6.113195875e+10|6.201922729e+10|6.296323796e+10|3.000000|3.000000|3.000000
4.379138883e+06|6.083413174e+10|6.172534461e+10|6.267187542e+10|3.000000|3.000000|3.000000
4.385704307e+06|6.057633438e+10|6.147090345e+10|6.241956995e+10|3.000000|3.000000|3.000000
4.391919425e+06|6.033276184e+10|6.123045251e+10|6.218109789e+10|3.000000|3.000000|3.000000
4.397419316e+06|6.011760085e+10|6.101800908e+10|6.197037102e+10|3.000000|3.000000|3.000000
4.404137766e+06|5.985525549e+10|6.075892661e+10|6.171334158e+10|3.000000|3.000000|3.000000
4.410792408e+06|5.959593030e+10|6.050277207e+10|6.145917332e+10|3.000000|3.000000|3.000000
4.417282517e+06|5.934352421e+10|6.025339988e+10|6.121169323e+10|3.000000|3.000000|3.000000
4.424328675e+06|5.907006109e+10|5.998316573e+10|6.094346319e+10|3.000000|3.000000|3.000000
4.431276794e+06|5.880098295e+10|5.971720588e+10|6.067942881e+10|3.000000|3.000000|3.000000
4.437909784e+06|5.854464699e+10|5.946378625e+10|6.042780055e+10|3.000000|3.000000|3.000000
4.445924185e+06|5.823562803e+10|5.915821258e+10|6.012433078e+10|3.000000|3.000000|3.000000
4.454145891e+06|5.791941593e+10|5.884544632e+10|5.981365445e+10|3.000000|3.000000|3.000000
4.462965145e+06|5.758112422e+10|5.851075193e+10|5.948112542e+10|3.000000|3.000000|3.000000
4.470678191e+06|5.728603173e+10|5.821872216e+10|5.919092502e+10|3.000000|3.000000|3.000000
4.480311681e+06|5.691847220e+10|5.785487952e+10|5.882928346e+10|3.000000|3.000000|3.000000
4.489311978e+06|5.657608412e+10|5.751585608e+10|5.849223300e+10|3.000000|3.000000|3.000000
4.496558958e+06|5.630110748e+10|5.724351341e+10|5.822142086e+10|3.000000|3.000000|3.000000
4.504933967e+06|5.598412177e+10|5.692948870e+10|5.790910079e+10|3.000000|3.000000|3.000000
4.512933772e+06|5.568213180e+10|5.663024460e+10|5.761142123e+10|3.000000|3.000000|3.000000
4.521167220e+06|5.537213394e+10|5.632298927e+10|5.730571156e+10|3.000000|3.000000|3.000000
4.528902848e+06|5.508163118e+10|5.603498658e+10|5.701910183e+10|3.000000|3.000000|3.000000
4.537062217e+06|5.477600567e+10|5.573191821e+10|5.671744097e+10|3.000000|3.000000|3.000000
4.544629765e+06|5.449327432e+10|5.545148574e+10|5.643825765e+10|3.000000|3.000000|3.000000
4.550793477e+06|5.426350896e+10|5.522354139e+10|5.621129096e+10|3.000000|3.000000|3.000000
4.557274710e+06|5.402240879e+10|5.498430655e+10|5.597304590e+10|3.000000|3.000000|3.000000
4.563159993e+06|5.380392356e+10|5.476747145e+10|5.575707578e+10|3.000000|3.000000|3.000000
4.569159738e+06|5.358162635e+10|5.454681390e+10|5.553726711e+10|3.000000|3.000000|3.000000
4.575994853e+06|5.332891623e+10|5.429591967e+10|5.528729970e+10|3.000000|3.000000|3.000000
4.581658049e+06|5.311996966e+10|5.408843589e+10|5.508055152e+10|3.000000|3.000000|3.000000
4.588651643e+06|5.286248191e+10|5.383270265e+10|5.482568654e+10|3.000000|3.000000|3.000000
4.596166615e+06|5.258646980e+10|5.355851231e+10|5.455238003e+10|3.000000|3.000000|3.000000
4.603898845e+06|5.230320515e+10|5.327705386e+10|5.427177817e+10|3.000000|3.000000|3.000000
4.611615048e+06|5.202126367e+10|5.299684634e+10|5.399237247e+10|3.000000|3.000000|3.000000
4.619824787e+06|5.172209724e+10|5.269945022e+10|5.369577176e+10|3.000000|3.000000|3.000000
4.627807586e+06|5.143200080e+10|5.241100198e+10|5.340804032e+10|3.000000|3.000000|3.000000
4.635401687e+06|5.115676289e+10|5.213726557e+10|5.313493439e+10|3.000000|3.000000|3.000000
4.642795618e+06|5.088946757e+10|5.187137037e+10|5.286960520e+10|3.000000|3.000000|3.000000
4.650772915e+06|5.060184497e+10|5.158519049e+10|5.258398346e+10|3.000000|3.000000|3.000000
4.659885615e+06|5.027425402e+10|5.125916206e+10|5.225852639e+10|3.000000|3.000000|3.000000
4.668534089e+06|4.996430819e+10|5.095061549e+10|5.195045732e+10|3.000000|3.000000|3.000000
4.675461189e+06|4.971672614e+10|5.070409590e+10|5.170427504e+10|3.000000|3.000000|3.000000
4.682608929e+06|4.946188618e+10|5.045029829e+10|5.145078369e+10|3.000000|3.000000|3.000000
4.691444023e+06|4.914776916e+10|5.013739451e+10|5.113820028e+10|3.000000|3.000000|3.000000
4.699063415e+06|4.887765876e+10|4.986826419e+10|5.086929495e+10|3.000000|3.000000|3.000000
4.707307757e+06|4.858621283e+10|4.957781020e+10|5.057903133e+10|3.000000|3.000000|3.000000
4.714275678e+06|4.834055428e+10|4.933293491e+10|5.033427424e+10|3.000000|3.000000|3.000000
4.720528643e+06|4.812062079e+10|4.911366162e+10|5.011507397e+10|3.000000|3.000000|3.000000
4.727027258e+06|4.789256771e+10|4.888625219e+10|4.988770748e+10|3.000000|3.000000|3.000000
4.733095448e+06|4.768009872e+10|4.867434534e+10|4.967581063e+10|3.000000|3.000000|3.000000
4.739436330e+06|4.745857685e+10|4.845337103e+10|4.945481587e+10|3.000000|3.000000|3.000000
4.746576988e+06|4.720972062e+10|4.820508300e+10|4.920646730e+10|3.000000|3.000000|3.000000
4.753883286e+06|4.695575698e+10|4.795164800e+10|4.895292947e+10|3.000000|3.000000|3.000000
4.760847049e+06|4.671432653e+10|4.771067212e+10|4.871181740e+10|3.000000|3.000000|3.000000
4.767653469e+06|4.647894277e+10|4.747568652e+10|4.847666290e+10|3.000000|3.000000|3.000000
4.774301475e+06|4.624960257e+10|4.724669147e+10|4.824746898e+10|3.000000|3.000000|3.000000
4.780978377e+06|4.601982810e+10|4.701722045e+10|4.801776474e+10|3.000000|3.000000|3.000000
4.788868329e+06|4.574903587e+10|4.674673140e+10|4.774695714e+10|3.000000|3.000000|3.000000
4.797308046e+06|4.546024804e+10|4.645820197e+10|4.745803585e+10|3.000000|3.000000|3.000000
4.805841497e+06|4.516917110e+10|4.616731763e+10|4.716670204e+10|3.000000|3.000000|3.000000
4.813652485e+06|4.490354761e+10|4.590181043e+10|4.690073689e+10|3.000000|3.000000|3.000000
4.822186512e+06|4.461422210e+10|4.561254698e+10|4.661092270e+10|3.000000|3.000000|3.000000
4.830662707e+06|4.432777381e+10|4.532609375e+10|4.632387079e+10|3.000000|3.000000|3.000000
4.837947361e+06|4.408232345e+10|4.508058658e+10|4.607780831e+10|3.000000|3.000000|3.000000
4.845990410e+06|4.381210458e+10|4.481024900e+10|4.580681419e+10|3.000000|3.000000|3.000000
4.853599297e+06|4.355723096e+10|4.455520945e+10|4.555111192e+10|3.000000|3.000000|3.000000
4.860632003e+06|4.332231421e+10|4.432009335e+10|4.531534759e+10|3.000000|3.000000|3.000000
4.868461786e+06|4.306151493e+10|4.405902057e+10|4.505351311e+10|3.000000|3.000000|3.000000
4.876306560e+06|4.280100158e+10|4.379817917e+10|4.479186659e+10|3.000000|3.000000|3.000000
4.883978685e+06|4.254698242e+10|4.354378731e+10|4.453664708e+10|3.000000|3.000000|3.000000
4.890782335e+06|4.232234775e+10|4.331877958e+10|4.431087235e+10|3.000000|3.000000|3.000000
4.897782959e+06|4.209182800e+10|4.308783453e+10|4.407910592e+10|3.000000|3.000000|3.000000
4.904870185e+06|4.185909585e+10|4.285462935e+10|4.384503621e+10|3.000000|3.000000|3.000000
4.911276568e+06|4.164927520e+10|4.264434461e+10|4.363394165e+10|3.000000|3.000000|3.000000
4.916762688e+06|4.147001306e+10|4.246465769e+10|4.345354001e+10|3.000000|3.000000|3.000000
4.924184433e+06|4.122811760e+10|4.222214772e+10|4.321003217e+10|3.000000|3.000000|3.000000
4.931142390e+06|4.100198032e+10|4.199539300e+10|4.298230982e+10|3.000000|3.000000|3.000000
4.937392590e+06|4.079937550e+10|4.179219970e+10|4.277822104e+10|3.000000|3.000000|3.000000
4.943687490e+06|4.059582895e+10|4.158802834e+10|4.257312282e+10|3.000000|3.000000|3.000000
4.951836544e+06|4.033308450e+10|4.132442751e+10|4.230828521e+10|3.000000|3.000000|3.000000
4.959762608e+06|4.007834904e+10|4.106880812e+10|4.205142325e+10|3.000000|3.000000|3.000000
4.966486185e+06|3.986289395e+10|4.085256412e+10|4.183409483e+10|3.000000|3.000000|3.000000
4.974318765e+06|3.961263510e+10|4.060134140e+10|4.158157395e+10|3.000000|3.000000|3.000000
4.981411205e+06|3.938670620e+10|4.037449841e+10|4.135352339e+10|3.000000|3.000000|3.000000
4.989612688e+06|3.912625708e+10|4.011294379e+10|4.109053467e+10|3.000000|3.000000|3.000000
4.998696854e+06|3.883878950e+10|3.982419161e+10|4.080014730e+10|3.000000|3.000000|3.000000
5.008468532e+06|3.853075419e+10|3.951470469e+10|4.048884716e+10|3.000000|3.000000|3.000000
5.016571969e+06|3.827624221e+10|3.925893463e+10|4.023153122e+10|3.000000|3.000000|3.000000
5.023019245e+06|3.807435251e+10|3.905600916e+10|4.002734873e+10|3.000000|3.000000|3.000000
5.030254215e+06|3.784843645e+10|3.882889437e+10|3.979879501e+10|3.000000|3.000000|3.000000
5.037505743e+06|3.762268222e+10|3.860190033e+10|3.957032893e+10|3.000000|3.000000|3.000000
5.044784664e+06|3.739675898e+10|3.837469436e+10|3.934161560e+10|3.000000|3.000000|3.000000
5.051908378e+06|3.717631654e+10|3.815295977e+10|3.911837718e+10|3.000000|3.000000|3.000000
5.060191325e+06|3.692082746e+10|3.789592294e+10|3.885955652e+10|3.000000|3.000000|3.000000
5.067517247e+06|3.669559802e+10|3.766928435e+10|3.863130891e+10|3.000000|3.000000|3.000000
5.073953897e+06|3.649828206e+10|3.747069942e+10|3.843128622e+10|3.000000|3.000000|3.000000
5.080721707e+06|3.629139314e+10|3.726244534e+10|3.822149637e+10|3.000000|3.000000|3.000000
5.087276941e+06|3.609156834e+10|3.706126833e+10|3.801880851e+10|3.000000|3.000000|3.000000
5.093444335e+06|3.590407461e+10|3.687247571e+10|3.782857366e+10|3.000000|3.000000|3.000000
5.099512701e+06|3.572007266e+10|3.668717068e+10|3.764183005e+10|3.000000|3.000000|3.000000
5.106602720e+06|3.550569753e+10|3.647124188e+10|3.742419616e+10|3.000000|3.000000|3.000000
5.113795282e+06|3.528888805e+10|3.625282218e+10|3.720402017e+10|3.000000|3.000000|3.000000
5.120860052e+06|3.507658406e+10|3.603890346e+10|3.698835058e+10|3.000000|3.000000|3.000000
5.128409837e+06|3.485042075e+10|3.581097866e+10|3.675852672e+10|3.000000|3.000000|3.000000
5.136413670e+06|3.461146374e+10|3.557011408e+10|3.651561759e+10|3.000000|3.000000|3.000000
5.145301570e+06|3.434708725e+10|3.530357143e+10|3.624676723e+10|3.000000|3.000000|3.000000
5.153007252e+06|3.411870685e+10|3.507327265e+10|3.601443626e+10|3.000000|3.000000|3.000000
5.160504734e+06|3.389723734e+10|3.484990100e+10|3.578905958e+10|3.000000|3.000000|3.000000
5.168688701e+06|3.365632329e+10|3.460687100e+10|3.554381004e+10|3.000000|3.000000|3.000000
5.176398241e+06|3.343017122e+10|3.437868817e+10|3.531350713e+10|3.000000|3.000000|3.000000
5.184105107e+06|3.320486967e+10|3.415132061e+10|3.508399220e+10|3.000000|3.000000|3.000000
5.191667382e+06|3.298454559e+10|3.392893471e+10|3.485947224e+10|3.000000|3.000000|3.000000
5.198893482e+06|3.277471043e+10|3.371709772e+10|3.464557136e+10|3.000000|3.000000|3.000000
5.205835110e+06|3.257377532e+10|3.351421073e+10|3.444067922e+10|3.000000|3.000000|3.000000
5.214043403e+06|3.233698336e+10|3.327507460e+10|3.419914388e+10|3.000000|3.000000|3.000000
5.221909330e+06|3.211089015e+10|3.304669868e+10|3.396844045e+10|3.000000|3.000000|3.000000
5.229697656e+06|3.188782035e+10|3.282133404e+10|3.374074424e+10|3.000000|3.000000|3.000000
5.237416992e+06|3.166750514e+10|3.259871067e+10|3.351578370e+10|3.000000|3.000000|3.000000
5.245467685e+06|3.143855855e+10|3.236732157e+10|3.328192955e+10|3.000000|3.000000|3.000000
5.251245448e+06|3.127476956e+10|3.220175767e+10|3.311457940e+10|3.000000|3.000000|3.000000
5.257194472e+06|3.110657945e+10|3.203172104e+10|3.294268872e+10|3.000000|3.000000|3.000000
5.264184503e+06|3.090954649e+10|3.183249403e+10|3.274126416e+10|3.000000|3.000000|3.000000
5.270432912e+06|3.073395632e+10|3.165492044e+10|3.256170889e+10|3.000000|3.000000|3.000000
5.277778902e+06|3.052817205e+10|3.144677793e+10|3.235121594e+10|3.000000|3.000000|3.000000
5.284763391e+06|3.033316571e+10|3.124950315e+10|3.215168588e+10|3.000000|3.000000|3.000000
5.291861926e+06|3.013562562e+10|3.104963164e+10|3.194950202e+10|3.000000|3.000000|3.000000
5.298517909e+06|2.995099661e+10|3.086279306e+10|3.176047687e+10|3.000000|3.000000|3.000000
5.306059782e+06|2.974249064e+10|3.065175624e+10|3.154694121e+10|3.000000|3.000000|3.000000
5.314375801e+06|2.951344019e+10|3.041988204e+10|3.131228577e+10|3.000000|3.000000|3.000000
5.322445440e+06|2.929203601e+10|3.019570496e+10|3.108538421e+10|3.000000|3.000000|3.000000
5.330547715e+06|2.907058868e+10|2.997144142e+10|3.085836008e+10|3.000000|3.000000|3.000000
5.338338761e+06|2.885845309e+10|2.975656783e+10|3.064080848e+10|3.000000|3.000000|3.000000
5.346835358e+06|2.862800670e+10|2.952310243e+10|3.040439671e+10|3.000000|3.000000|3.000000
5.355537051e+06|2.839297084e+10|2.928493938e+10|3.016318856e+10|3.000000|3.000000|3.000000
5.363744073e+06|2.817219852e+10|2.906118537e+10|2.993653729e+10|3.000000|3.000000|3.000000
5.371824453e+06|2.795568852e+10|2.884170947e+10|2.971418519e+10|3.000000|3.000000|3.000000
5.378680926e+06|2.777263828e+10|2.865611935e+10|2.952613634e+10|3.000000|3.000000|3.000000
5.385058693e+06|2.760291683e+10|2.848401643e+10|2.935173155e+10|3.000000|3.000000|3.000000
5.393110423e+06|2.738940386e+10|2.826747119e+10|2.913226012e+10|3.000000|3.000000|3.000000
5.399948643e+06|2.720873191e+10|2.808420168e+10|2.894648798e+10|3.000000|3.000000|3.000000
5.407443520e+06|2.701140834e+10|2.788400788e+10|2.874353304e+10|3.000000|3.000000|3.000000
5.414575921e+06|2.682430560e+10|2.769415145e+10|2.855103154e+10|3.000000|3.000000|3.000000
5.421976208e+06|2.663087386e+10|2.749783989e+10|2.835195778e+10|3.000000|3.000000|3.000000
5.428987373e+06|2.644826916e+10|2.731248575e+10|2.816397018e+10|3.000000|3.000000|3.000000
5.436294506e+06|2.625863518e+10|2.711996471e+10|2.796868763e+10|3.000000|3.000000|3.000000
5.443016159e+06|2.608480747e+10|2.694346209e+10|2.778962974e+10|3.000000|3.000000|3.000000
5.449627961e+06|2.591439262e+10|2.677039834e+10|2.761403859e+10|3.000000|3.000000|3.000000
5.456440148e+06|2.573940616e+10|2.659266454e+10|2.743368655e+10|3.000000|3.000000|3.000000
5.464163379e+06|2.554174554e+10|2.639186714e+10|2.722990350e+10|3.000000|3.000000|3.000000
5.473043437e+06|2.531543417e+10|2.616192064e+10|2.699650177e+10|3.000000|3.000000|3.000000
5.479866640e+06|2.514223694e+10|2.598590985e+10|2.681782005e+10|3.000000|3.000000|3.000000
5.486642561e+06|2.497083696e+10|2.581169846e+10|2.664094264e+10|3.000000|3.000000|3.000000
5.495007106e+06|2.476007240e+10|2.559743988e+10|2.642337454e+10|3.000000|3.000000|3.000000
5.502225620e+06|2.457891323e+10|2.541324482e+10|2.623630725e+10|3.000000|3.000000|3.000000
5.510350795e+06|2.437580712e+10|2.520669904e+10|2.602651083e+10|3.000000|3.000000|3.000000
5.518958071e+06|2.416158183e+10|2.498880440e+10|2.580515260e+10|3.000000|3.000000|3.000000
5.527133832e+06|2.395898405e+10|2.478269726e+10|2.559573667e+10|3.000000|3.000000|3.000000
5.535454152e+06|2.375369151e+10|2.457380972e+10|2.538346330e+10|3.000000|3.000000|3.000000
5.544381340e+06|2.353442050e+10|2.435065545e+10|2.515665579e+10|3.000000|3.000000|3.000000
5.552889649e+06|2.332639641e+10|2.413890566e+10|2.494140478e+10|3.000000|3.000000|3.000000
5.561077151e+06|2.312709862e+10|2.393600031e+10|2.473511268e+10|3.000000|3.000000|3.000000
5.569404484e+06|2.292528472e+10|2.373049514e+10|2.452614553e+10|3.000000|3.000000|3.000000
5.576676476e+06|2.274977899e+10|2.355174803e+10|2.434436108e+10|3.000000|3.000000|3.000000
5.583562400e+06|2.258421948e+10|2.338310404e+10|2.417282907e+10|3.000000|3.000000|3.000000
5.591329875e+06|2.239819837e+10|2.319358613e+10|2.398003969e+10|3.000000|3.000000|3.000000
5.599402992e+06|2.220568144e+10|2.299741553e+10|2.378045371e+10|3.000000|3.000000|3.000000
5.607002961e+06|2.202521458e+10|2.281349148e+10|2.359330054e+10|3.000000|3.000000|3.000000
5.614873254e+06|2.183911237e+10|2.262379136e+10|2.340024247e+10|3.000000|3.000000|3.000000
5.621570836e+06|2.168136797e+10|2.246297117e+10|2.323655366e+10|3.000000|3.000000|3.000000
5.628574708e+06|2.151702676e+10|2.229539997e+10|2.306597198e+10|3.000000|3.000000|3.000000
5.635067424e+06|2.136524272e+10|2.214060949e+10|2.290838114e+10|3.000000|3.000000|3.000000
5.641498016e+06|2.121544487e+10|2.198782259e+10|2.275281171e+10|3.000000|3.000000|3.000000
5.648991259e+06|2.104156299e+10|2.181044367e+10|2.257217936e+10|3.000000|3.000000|3.000000
5.658191833e+06|2.082904794e+10|2.159361446e+10|2.235133939e+10|3.000000|3.000000|3.000000
5.665806366e+06|2.065398851e+10|2.141496794e+10|2.216936040e+10|3.000000|3.000000|3.000000
5.673947535e+06|2.046764384e+10|2.122477177e+10|2.197558839e+10|3.000000|3.000000|3.000000
5.681799376e+06|2.028872604e+10|2.104212368e+10|2.178947917e+10|3.000000|3.000000|3.000000
5.690012494e+06|2.010242065e+10|2.085190020e+10|2.159562257e+10|3.000000|3.000000|3.000000
5.697439818e+06|1.993468330e+10|2.068060570e+10|2.142103152e+10|3.000000|3.000000|3.000000
5.706231062e+06|1.973705507e+10|2.047875035e+10|2.121526103e+10|3.000000|3.000000|3.000000
5.713669218e+06|1.957061574e+10|2.030872060e+10|2.104190774e+10|3.000000|3.000000|3.000000
5.723560902e+06|1.935036970e+10|2.008368053e+10|2.081243259e+10|3.000000|3.000000|3.000000
5.732889957e+06|1.914379503e+10|1.987256481e+10|2.059711846e+10|3.000000|3.000000|3.000000
5.741713422e+06|1.894943673e+10|1.967389440e+10|2.039446360e+10|3.000000|3.000000|3.000000
5.749395777e+06|1.878102185e+10|1.950171183e+10|2.021880136e+10|3.000000|3.000000|3.000000
5.757779912e+06|1.859807971e+10|1.931464406e+10|2.002792517e+10|3.000000|3.000000|3.000000
5.766304718e+06|1.841298493e+10|1.912534004e+10|1.983473743e+10|3.000000|3.000000|3.000000
5.773783765e+06|1.825135684e+10|1.896000741e+10|1.966598826e+10|3.000000|3.000000|3.000000
5.781879198e+06|1.807720884e+10|1.878183758e+10|1.948411081e+10|3.000000|3.000000|3.000000
5.790804924e+06|1.788616367e+10|1.858634398e+10|1.928451814e+10|3.000000|3.000000|3.000000
5.799919263e+06|1.769212387e+10|1.838774691e+10|1.908172360e+10|3.000000|3.000000|3.000000
5.808618073e+06|1.750791196e+10|1.819917191e+10|1.888913169e+10|3.000000|3.000000|3.000000
5.815702846e+06|1.735858770e+10|1.804628456e+10|1.873296516e+10|3.000000|3.000000|3.000000
5.822812818e+06|1.720937054e+10|1.789348323e+10|1.857686631e+10|3.000000|3.000000|3.000000
5.830664861e+06|1.704532187e+10|1.772546675e+10|1.840520056e+10|3.000000|3.000000|3.000000
5.839198373e+06|1.686791843e+10|1.754374011e+10|1.821949912e+10|3.000000|3.000000|3.000000
5.848284661e+06|1.668003318e+10|1.735123932e+10|1.802275627e+10|3.000000|3.000000|3.000000
5.856762486e+06|1.650566803e+10|1.717255663e+10|1.784010678e+10|3.000000|3.000000|3.000000
5.864722406e+06|1.634277850e+10|1.700560391e+10|1.766942206e+10|3.000000|3.000000|3.000000
5.872550229e+06|1.618336949e+10|1.684219049e+10|1.750233170e+10|3.000000|3.000000|3.000000
5.879640080e+06|1.603965356e+10|1.669484051e+10|1.735164569e+10|3.000000|3.000000|3.000000
5.889762876e+06|1.583555179e+10|1.648553866e+10|1.713757158e+10|3.000000|3.000000|3.000000
5.898881501e+06|1.565279716e+10|1.629808871e+10|1.694581389e+10|3.000000|3.000000|3.000000
5.907933928e+06|1.547239982e+10|1.611302014e+10|1.675646086e+10|3.000000|3.000000|3.000000
5.916637377e+06|1.529992404e+10|1.593604419e+10|1.657535840e+10|3.000000|3.000000|3.000000
5.927756943e+06|1.508094604e+10|1.571130444e+10|1.634533672e+10|3.000000|3.000000|3.000000
5.937752882e+06|1.488541338e+10|1.551058102e+10|1.613985606e+10|3.000000|3.000000|3.000000
5.946476129e+06|1.471579428e+10|1.533642376e+10|1.596154061e+10|3.000000|3.000000|3.000000
5.955459989e+06|1.454209842e+10|1.515804647e+10|1.577887469e+10|3.000000|3.000000|3.000000
5.963303825e+06|1.439126517e+10|1.500311975e+10|1.562019865e+10|3.000000|3.000000|3.000000
5.971329022e+06|1.423773581e+10|1.484539666e+10|1.545863500e+10|3.000000|3.000000|3.000000
5.980961420e+06|1.405451497e+10|1.465713508e+10|1.526575795e+10|3.000000|3.000000|3.000000
5.990844641e+06|1.386771890e+10|1.446515936e+10|1.506904037e+10|3.000000|3.000000|3.000000
5.998829583e+06|1.371768433e+10|1.431093466e+10|1.491098025e+10|3.000000|3.000000|3.000000
6.007328541e+06|1.355885797e+10|1.414764349e+10|1.474360274e+10|3.000000|3.000000|3.000000
6.016028944e+06|1.339719138e+10|1.398140131e+10|1.457317332e+10|3.000000|3.000000|3.000000
6.025786055e+06|1.321700060e+10|1.379607362e+10|1.438314526e+10|3.000000|3.000000|3.000000
6.035219207e+06|1.304390787e+10|1.361800933e+10|1.420053237e+10|3.000000|3.000000|3.000000
6.045112679e+06|1.286354491e+10|1.343242716e+10|1.401017549e+10|3.000000|3.000000|3.000000
6.055625512e+06|1.267320862e+10|1.323653975e+10|1.380921017e+10|3.000000|3.000000|3.000000
6.066098488e+06|1.248494209e+10|1.304273838e+10|1.361034619e+10|3.000000|3.000000|3.000000
6.075901068e+06|1.230994415e+10|1.286255609e+10|1.342542214e+10|3.000000|3.000000|3.000000
6.085430643e+06|1.214094657e+10|1.268851541e+10|1.324676913e+10|3.000000|3.000000|3.000000
6.096156972e+06|1.195205234e+10|1.249394158e+10|1.304700101e+10|3.000000|3.000000|3.000000
6.107049995e+06|1.176165818e+10|1.229777667e+10|1.284555859e+10|3.000000|3.000000|3.000000
6.117403706e+06|1.158202915e+10|1.211266044e+10|1.265542421e+10|3.000000|3.000000|3.000000
6.126669009e+06|1.142238760e+10|1.194810715e+10|1.248637901e+10|3.000000|3.000000|3.000000
6.137901200e+06|1.123025298e+10|1.175001688e+10|1.228284211e+10|3.000000|3.000000|3.000000
6.148704531e+06|1.104689582e+10|1.156093078e+10|1.208851653e+10|3.000000|3.000000|3.000000
6.159034692e+06|1.087288901e+10|1.138144581e+10|1.190402125e+10|3.000000|3.000000|3.000000
6.170004294e+06|1.068952085e+10|1.119226081e+10|1.170951588e+10|3.000000|3.000000|3.000000
6.179547286e+06|1.053117895e+10|1.102885934e+10|1.154148639e+10|3.000000|3.000000|3.000000
6.189128385e+06|1.037330648e+10|1.086590821e+10|1.137388945e+10|3.000000|3.000000|3.000000
6.199472951e+06|1.020409118e+10|1.069121127e+10|1.119417763e+10|3.000000|3.000000|3.000000
6.210673610e+06|1.002231789e+10|1.050350519e+10|1.100104337e+10|3.000000|3.000000|3.000000
6.221645495e+06|9.845712068e+09|1.032109085e+10|1.081331391e+10|3.000000|3.000000|3.000000
6.232856693e+06|9.666738436e+09|1.013618573e+10|1.062298042e+10|3.000000|3.000000|3.000000
6.244984438e+06|9.474818904e+09|9.937854688e+09|1.041878081e+10|3.000000|3.000000|3.000000
6.256132555e+06|9.299943886e+09|9.757091160e+09|1.023262651e+10|3.000000|3.000000|3.000000
6.267525295e+06|9.122754473e+09|9.573889671e+09|1.004392014e+10|3.000000|3.000000|3.000000
6.280717632e+06|8.919495232e+09|9.363676586e+09|9.827338534e+09|3.000000|3.000000|3.000000
6.290983736e+06|8.762743307e+09|9.201519688e+09|9.660230553e+09|3.000000|3.000000|3.000000
6.301774856e+06|8.599313520e+09|9.032415077e+09|9.485926604e+09|3.000000|3.000000|3.000000
6.312712423e+06|8.435062873e+09|8.862419944e+09|9.310667137e+09|3.000000|3.000000|3.000000
6.324868760e+06|8.254156422e+09|8.675138196e+09|9.117541501e+09|3.000000|3.000000|3.000000
6.339079230e+06|8.044873238e+09|8.458415727e+09|8.893997778e+09|3.000000|3.000000|3.000000
6.351091546e+06|7.869801345e+09|8.277067227e+09|8.706892274e+09|3.000000|3.000000|3.000000
6.362139668e+06|7.710264937e+09|8.111768249e+09|8.536306215e+09|3.000000|3.000000|3.000000
6.375874153e+06|7.513913318e+09|7.908267324e+09|8.326243713e+09|3.000000|3.000000|3.000000
6.389919744e+06|7.315373320e+09|7.702433543e+09|8.113713134e+09|3.000000|3.000000|3.000000
6.403180351e+06|7.130019959e+09|7.510211134e+09|7.915181348e+09|3.000000|3.000000|3.000000
6.416185693e+06|6.950201128e+09|7.323672424e+09|7.722467766e+09|3.000000|3.000000|3.000000
6.429527449e+06|6.767748679e+09|7.134344514e+09|7.526819333e+09|3.000000|3.000000|3.000000
6.443840342e+06|6.574280979e+09|6.933522364e+09|7.319233177e+09|3.000000|3.000000|3.000000
6.459221577e+06|6.368978104e+09|6.720341979e+09|7.098803935e+09|3.000000|3.000000|3.000000
6.474299307e+06|6.170337454e+09|6.514006445e+09|6.885383635e+09|3.000000|3.000000|3.000000
6.486197314e+06|6.015406867e+09|6.353023489e+09|6.718825325e+09|3.000000|3.000000|3.000000
6.501119941e+06|5.823351967e+09|6.153403174e+09|6.512232160e+09|3.000000|3.000000|3.000000
6.514186503e+06|5.657244244e+09|5.980695142e+09|6.333437299e+09|3.000000|3.000000|3.000000
6.526930935e+06|5.497078085e+09|5.814113802e+09|6.160936617e+09|3.000000|3.000000|3.000000
6.541719544e+06|5.313499871e+09|5.623120032e+09|5.963096322e+09|3.000000|3.000000|3.000000
6.558506194e+06|5.108074047e+09|5.409315211e+09|5.741549916e+09|3.000000|3.000000|3.000000
6.573646138e+06|4.925484247e+09|5.219204572e+09|5.544485351e+09|3.000000|3.000000|3.000000
6.588046153e+06|4.754171476e+09|5.040771379e+09|5.359463727e+09|3.000000|3.000000|3.000000
6.602338055e+06|4.586405213e+09|4.865970710e+09|5.178149520e+09|3.000000|3.000000|3.000000
6.619864987e+06|4.383726362e+09|4.654710715e+09|4.958937208e+09|3.000000|3.000000|3.000000
6.639444710e+06|4.161280739e+09|4.422739995e+09|4.718130571e+09|3.000000|3.000000|3.000000
6.658973209e+06|3.943571115e+09|4.195596435e+09|4.482226076e+09|3.000000|3.000000|3.000000
6.677111264e+06|3.745059767e+09|3.988383900e+09|4.266924236e+09|3.000000|3.000000|3.000000
6.693773967e+06|3.565818061e+09|3.801201992e+09|4.072352756e+09|3.000000|3.000000|3.000000
6.712896119e+06|3.363786765e+09|3.590122939e+09|3.852843991e+09|3.000000|3.000000|3.000000
6.732107197e+06|3.164742074e+09|3.382059502e+09|3.636367484e+09|3.000000|3.000000|3.000000
6.750348427e+06|2.979368851e+09|3.188190412e+09|3.434563173e+09|3.000000|3.000000|3.000000
6.773808151e+06|2.746121474e+09|2.944115875e+09|3.180361355e+09|3.000000|3.000000|3.000000
6.797095374e+06|2.520292546e+09|2.707652651e+09|2.933934497e+09|3.000000|3.000000|3.000000
6.824153959e+06|2.264976001e+09|2.440125238e+09|2.654944639e+09|3.000000|3.000000|3.000000
6.847351681e+06|2.052108270e+09|2.216916844e+09|2.422010219e+09|3.000000|3.000000|3.000000
6.871639206e+06|1.835149102e+09|1.989260896e+09|2.184273721e+09|3.000000|3.000000|3.000000
6.896368798e+06|1.620404860e+09|1.763764582e+09|1.948623552e+09|3.000000|3.000000|3.000000
6.921358912e+06|1.409666936e+09|1.542307372e+09|1.717021050e+09|3.000000|3.000000|3.000000
6.950624918e+06|1.170813869e+09|1.291091732e+09|1.454075306e+09|3.000000|3.000000|3.000000
6.984205925e+06|9.071991999e+08|1.013551280e+09|1.163280954e+09|3.000000|3.000000|3.000000
7.021959148e+06|6.240228039e+08|7.150583607e+08|8.501567739e+08|3.000000|3.000000|3.000000
7.059651698e+06|3.550552521e+08|4.311662993e+08|5.519488638e+08|3.000000|3.000000|3.000000
7.095281296e+06|1.132779612e+08|1.756267735e+08|2.831518154e+08|3.000000|3.000000|3.000000
7.136466291e+06|-1.513068006e+08|-1.044384334e+08|-1.189741472e+07|3.000000|3.000000|3.000000
7.186299753e+06|-4.504394457e+08|-4.216754897e+08|-3.467649809e+08|3.000000|3.000000|3.000000
7.237221940e+06|-7.327716345e+08|-7.217826282e+08|-6.643084757e+08|3.000000|3.000000|3.000000
7.295303434e+06|-1.026609051e+09|-1.034979431e+09|-9.966608395e+08|3.000000|3.000000|3.000000
7.362738998e+06|-1.330997860e+09|-1.360596496e+09|-1.343516416e+09|3.000000|3.000000|3.000000
7.434337170e+06|-1.612152669e+09|-1.662791508e+09|-1.667055783e+09|3.000000|3.000000|3.000000
7.511772390e+06|-1.869093221e+09|-1.940719535e+09|-1.966642316e+09|3.000000|3.000000|3.000000
7.615158356e+06|-2.138829533e+09|-2.235568746e+09|-2.288055058e+09|3.000000|3.000000|3.000000
7.742452703e+06|-2.361731790e+09|-2.484770469e+09|-2.566207433e+09|3.000000|3.000000|3.000000
7.876846727e+06|-2.474862323e+09|-2.620107405e+09|-2.727565519e+09|3.000000|3.000000|3.000000
8.028772076e+06|-2.463877514e+09|-2.627390442e+09|-2.758638652e+09|3.000000|3.000000|3.000000
8.261219177e+06|-2.194020147e+09|-2.371781069e+09|-2.528039405e+09|3.000000|3.000000|3.000000
8.550320545e+06|-1.502884086e+09|-1.676555283e+09|-1.845507700e+09|3.000000|3.000000|3.000000
8.933315849e+06|-1.453578827e+08|-2.808798062e+08|-4.382396086e+08|3.000000|3.000000|3.000000
9.491758375e+06|2.285420169e+09|2.255303072e+09|2.160835061e+09|3.000000|3.000000|3.000000
1.037056278e+07|5.709404162e+09|5.889509656e+09|5.949516242e+09|3.000000|3.000000|3.000000
1.175150231e+07|5.799224303e+09|6.122846491e+09|6.337084312e+09|3.000000|3.000000|3.000000
1.452339292e+07|-1.216494844e+10|-1.279673688e+10|-1.316810320e+10|3.000000|3.000000|3.000000
1.674897825e+07|3.341908745e+10|3.547595936e+10|3.680702323e+10|3.000000|3.000000|3.000000
