#PHASE|Nmant|Nmant/Nmanttot|Mmant|Mmant/Mmanttot|RRRminmant|RRRminmantEq|RRRmaxmant|RRRmaxmantEq|Ncore|Ncore/Ncoretot|Mcore|Mcore/Mcoretot|RRRmincore|RRRmaxcore|
0.000000000e+00|0.000000000e+00|0.000000000e+00|0.000000000e+00|0.000000000e+00|inf|inf|-inf|inf|0.000000000e+00|0.000000000e+00|0.000000000e+00|0.000000000e+00|inf|-inf
1.000000000e+00|4.992000000e+03|5.001302423e-02|1.954341342e+23|4.994534070e-02|3.377937538e+06|3.458760357e+06|4.803046293e+06|inf|4.992000000e+03|0.000000000e+00|0.000000000e+00|0.000000000e+00|inf|-inf
2.000000000e+00|0.000000000e+00|0.000000000e+00|0.000000000e+00|0.000000000e+00|inf|inf|-inf|inf|0.000000000e+00|0.000000000e+00|0.000000000e+00|0.000000000e+00|inf|-inf
3.000000000e+00|4.584300000e+04|4.592842687e-01|1.794723747e+24|4.586613765e-01|3.380223375e+06|3.441781468e+06|5.852486009e+06|inf|4.584300000e+04|0.000000000e+00|0.000000000e+00|0.000000000e+00|inf|-inf
4.000000000e+00|3.820000000e+04|3.827118440e-01|1.498205573e+24|3.828828987e-01|3.510301064e+06|3.510301064e+06|5.388238078e+08|inf|3.820000000e+04|8.874616564e-01|1.449739822e+24|8.874173964e-01|8.965189125e+04|3.320100915e+06
5.000000000e+00|1.100000000e+02|1.102049813e-03|4.343012774e+21|1.109904642e-03|2.001350938e+07|2.864551595e+08|5.683265404e+08|inf|1.100000000e+02|7.189417178e-05|1.193032700e+20|7.302813625e-05|9.598510726e+06|4.728816034e+08
6.000000000e+00|6.000000000e+00|6.011180796e-05|2.373751222e+20|6.066382110e-05|1.620615361e+08|inf|5.556448799e+08|inf|6.000000000e+00|0.000000000e+00|0.000000000e+00|0.000000000e+00|inf|-inf
7.000000000e+00|1.321000000e+03|1.323461639e-02|5.201729112e+22|1.329359039e-02|8.011675762e+06|8.103209363e+06|4.657019984e+08|inf|1.321000000e+03|1.389953988e-03|2.306669930e+21|1.411963024e-03|7.483763533e+06|4.359485694e+07
8.000000000e+00|9.342000000e+03|9.359408500e-02|3.679991436e+23|9.404622524e-02|4.739336158e+06|4.739336158e+06|8.118070600e+06|inf|9.342000000e+03|1.110764954e-01|1.814959156e+23|1.110976124e-01|2.216426978e+06|7.457072381e+06
