#RRR|P25fit|P50fit|P75fit|P25model|P50model|P75model
2.954041879e+05|3.051681933e+11|3.068395597e+11|3.087993167e+11|0.000000|0.000000|0.000000
4.485798513e+05|3.031621385e+11|3.047773631e+11|3.066242990e+11|0.000000|0.000000|0.000000
5.342560275e+05|3.016019553e+11|3.031822703e+11|3.049639103e+11|0.000000|0.000000|0.000000
5.965276454e+05|3.002749175e+11|3.018287711e+11|3.035627397e+11|0.000000|0.000000|0.000000
6.512366453e+05|2.989768939e+11|3.005069559e+11|3.021992227e+11|0.000000|0.000000|0.000000
6.957399619e+05|2.978309192e+11|2.993413625e+11|3.009999979e+11|0.000000|0.000000|0.000000
7.414555429e+05|2.965704772e+11|2.980606068e+11|2.996850976e+11|0.000000|0.000000|0.000000
7.825893521e+05|2.953649615e+11|2.968367397e+11|2.984309532e+11|0.000000|0.000000|0.000000
8.197220932e+05|2.942191667e+11|2.956743663e+11|2.972416792e+11|0.000000|0.000000|0.000000
8.580097062e+05|2.929810751e+11|2.944192110e+11|2.959592763e+11|0.000000|0.000000|0.000000
8.945249942e+05|2.917471617e+11|2.931690897e+11|2.946836835e+11|0.000000|0.000000|0.000000
9.303592977e+05|2.904862630e+11|2.918923807e+11|2.933825122e+11|0.000000|0.000000|0.000000
9.611990573e+05|2.893617755e+11|2.907543856e+11|2.922239194e+11|0.000000|0.000000|0.000000
9.936874029e+05|2.881381318e+11|2.895166326e+11|2.909649508e+11|0.000000|0.000000|0.000000
1.027620114e+06|2.868176471e+11|2.881815651e+11|2.896082822e+11|0.000000|0.000000|0.000000
1.057133889e+06|2.856341368e+11|2.869855158e+11|2.883939292e+11|0.000000|0.000000|0.000000
1.085886287e+06|2.844500903e+11|2.857893971e+11|2.871804294e+11|0.000000|0.000000|0.000000
1.113609159e+06|2.832796104e+11|2.846074229e+11|2.859821307e+11|0.000000|0.000000|0.000000
1.144221231e+06|2.819544995e+11|2.832697983e+11|2.846269901e+11|0.000000|0.000000|0.000000
1.171627953e+06|2.807392762e+11|2.820435411e+11|2.833855162e+11|0.000000|0.000000|0.000000
1.197234168e+06|2.795794205e+11|2.808735292e+11|2.822016929e+11|0.000000|0.000000|0.000000
1.222528397e+06|2.784106432e+11|2.796948713e+11|2.810097833e+11|0.000000|0.000000|0.000000
1.250194776e+06|2.771061947e+11|2.783797958e+11|2.796806657e+11|0.000000|0.000000|0.000000
1.278324126e+06|2.757521955e+11|2.770151926e+11|2.783022763e+11|0.000000|0.000000|0.000000
1.300019544e+06|2.746889264e+11|2.759438878e+11|2.772206805e+11|0.000000|0.000000|0.000000
1.322524701e+06|2.735686294e+11|2.748153906e+11|2.760818253e+11|0.000000|0.000000|0.000000
1.346350246e+06|2.723634726e+11|2.736017063e+11|2.748575293e+11|0.000000|0.000000|0.000000
1.372302925e+06|2.710284716e+11|2.722576008e+11|2.735022813e+11|0.000000|0.000000|0.000000
1.397608014e+06|2.697045929e+11|2.709250339e+11|2.721592694e+11|0.000000|0.000000|0.000000
1.418905335e+06|2.685735178e+11|2.697867940e+11|2.710125604e+11|0.000000|0.000000|0.000000
1.438080536e+06|2.675420329e+11|2.687489753e+11|2.699673679e+11|0.000000|0.000000|0.000000
1.459159398e+06|2.663938874e+11|2.675939966e+11|2.688045583e+11|0.000000|0.000000|0.000000
1.483301736e+06|2.650606396e+11|2.662530913e+11|2.674550364e+11|0.000000|0.000000|0.000000
1.505908291e+06|2.637946594e+11|2.649801058e+11|2.661743223e+11|0.000000|0.000000|0.000000
1.529208662e+06|2.624721812e+11|2.636505758e+11|2.648371689e+11|0.000000|0.000000|0.000000
1.547538343e+06|2.614193164e+11|2.625922848e+11|2.637731234e+11|0.000000|0.000000|0.000000
1.565851139e+06|2.603564798e+11|2.615241341e+11|2.626994352e+11|0.000000|0.000000|0.000000
1.584793229e+06|2.592456734e+11|2.604079441e+11|2.615777385e+11|0.000000|0.000000|0.000000
1.605481795e+06|2.580192224e+11|2.591757450e+11|2.603397793e+11|0.000000|0.000000|0.000000
1.628818635e+06|2.566193011e+11|2.577695053e+11|2.589273576e+11|0.000000|0.000000|0.000000
1.651854301e+06|2.552204249e+11|2.563645646e+11|2.575166379e+11|0.000000|0.000000|0.000000
1.670039921e+06|2.541042039e+11|2.552436768e+11|2.563914116e+11|0.000000|0.000000|0.000000
1.685905515e+06|2.531218761e+11|2.542573647e+11|2.554014732e+11|0.000000|0.000000|0.000000
1.703762609e+06|2.520068074e+11|2.531379082e+11|2.542781099e+11|0.000000|0.000000|0.000000
1.721500307e+06|2.508893503e+11|2.520161938e+11|2.531526951e+11|0.000000|0.000000|0.000000
1.743537520e+06|2.494874390e+11|2.506091330e+11|2.517412827e+11|0.000000|0.000000|0.000000
1.764667490e+06|2.481291863e+11|2.492460875e+11|2.503743152e+11|0.000000|0.000000|0.000000
1.783956159e+06|2.468773541e+11|2.479900028e+11|2.491148593e+11|0.000000|0.000000|0.000000
1.800407933e+06|2.458006819e+11|2.469097954e+11|2.480319306e+11|0.000000|0.000000|0.000000
1.816207044e+06|2.447590035e+11|2.458648010e+11|2.469844533e+11|0.000000|0.000000|0.000000
1.832418962e+06|2.436822839e+11|2.447847586e+11|2.459019931e+11|0.000000|0.000000|0.000000
1.850095994e+06|2.424992728e+11|2.435982154e+11|2.447129601e+11|0.000000|0.000000|0.000000
1.870578680e+06|2.411168380e+11|2.422118057e+11|2.433238508e+11|0.000000|0.000000|0.000000
1.891491769e+06|2.396925187e+11|2.407835565e+11|2.418930439e+11|0.000000|0.000000|0.000000
1.908878564e+06|2.384985501e+11|2.395864180e+11|2.406939263e+11|0.000000|0.000000|0.000000
1.924216529e+06|2.374379211e+11|2.385230649e+11|2.396289345e+11|0.000000|0.000000|0.000000
1.938300636e+06|2.364579541e+11|2.375406555e+11|2.386451057e+11|0.000000|0.000000|0.000000
1.954513766e+06|2.353227214e+11|2.364026798e+11|2.375055941e+11|0.000000|0.000000|0.000000
1.971876193e+06|2.340985976e+11|2.351756989e+11|2.362770802e+11|0.000000|0.000000|0.000000
1.990901144e+06|2.327473179e+11|2.338213821e+11|2.349212103e+11|0.000000|0.000000|0.000000
2.009549478e+06|2.314127588e+11|2.324839387e+11|2.335823666e+11|0.000000|0.000000|0.000000
2.028096345e+06|2.300756721e+11|2.311440725e+11|2.322412208e+11|0.000000|0.000000|0.000000
2.041810472e+06|2.290807453e+11|2.301471463e+11|2.312434168e+11|0.000000|0.000000|0.000000
2.056115330e+06|2.280373348e+11|2.291016995e+11|2.301971130e+11|0.000000|0.000000|0.000000
2.070517799e+06|2.269810260e+11|2.280433905e+11|2.291379982e+11|0.000000|0.000000|0.000000
2.085575084e+06|2.258705218e+11|2.269308473e+11|2.280246700e+11|0.000000|0.000000|0.000000
2.102189635e+06|2.246378844e+11|2.256960202e+11|2.267890402e+11|0.000000|0.000000|0.000000
2.120524006e+06|2.232688350e+11|2.243246256e+11|2.254168303e+11|0.000000|0.000000|0.000000
2.137305700e+06|2.220076625e+11|2.230613699e+11|2.241528869e+11|0.000000|0.000000|0.000000
2.155378609e+06|2.206408855e+11|2.216924143e+11|2.227832463e+11|0.000000|0.000000|0.000000
2.170293733e+06|2.195062636e+11|2.205560434e+11|2.216463480e+11|0.000000|0.000000|0.000000
2.183824027e+06|2.184718104e+11|2.195200404e+11|2.206098924e+11|0.000000|0.000000|0.000000
2.195909472e+06|2.175436769e+11|2.185905512e+11|2.196800166e+11|0.000000|0.000000|0.000000
2.211397918e+06|2.163485085e+11|2.173936832e+11|2.184826739e+11|0.000000|0.000000|0.000000
2.226781866e+06|2.151551047e+11|2.161986318e+11|2.172871689e+11|0.000000|0.000000|0.000000
2.243142165e+06|2.138791103e+11|2.149209272e+11|2.160089959e+11|0.000000|0.000000|0.000000
2.261217194e+06|2.124612160e+11|2.135011910e+11|2.145887510e+11|0.000000|0.000000|0.000000
2.277983692e+06|2.111383542e+11|2.121766623e+11|2.132637515e+11|0.000000|0.000000|0.000000
2.291528552e+06|2.100643553e+11|2.111013443e+11|2.121880487e+11|0.000000|0.000000|0.000000
2.305447070e+06|2.089557996e+11|2.099914570e+11|2.110777575e+11|0.000000|0.000000|0.000000
2.317355709e+06|2.080033758e+11|2.090379119e+11|2.101238569e+11|0.000000|0.000000|0.000000
2.329669910e+06|2.070147056e+11|2.080480984e+11|2.091336630e+11|0.000000|0.000000|0.000000
2.344727241e+06|2.058005576e+11|2.068325732e+11|2.079176506e+11|0.000000|0.000000|0.000000
2.360086080e+06|2.045561882e+11|2.055868205e+11|2.066713705e+11|0.000000|0.000000|0.000000
2.377600959e+06|2.031298963e+11|2.041589745e+11|2.052428778e+11|0.000000|0.000000|0.000000
2.394802582e+06|2.017216497e+11|2.027492225e+11|2.038324352e+11|0.000000|0.000000|0.000000
2.409636960e+06|2.005012989e+11|2.015275873e+11|2.026101535e+11|0.000000|0.000000|0.000000
2.422963010e+06|1.994003949e+11|2.004255387e+11|2.015074789e+11|0.000000|0.000000|0.000000
2.434524260e+06|1.984417494e+11|1.994659056e+11|2.005472646e+11|0.000000|0.000000|0.000000
2.446820896e+06|1.974185372e+11|1.984416473e+11|1.995223460e+11|0.000000|0.000000|0.000000
2.458603668e+06|1.964346280e+11|1.974567388e+11|1.985367609e+11|0.000000|0.000000|0.000000
2.473081729e+06|1.952210427e+11|1.962419277e+11|1.973210552e+11|0.000000|0.000000|0.000000
2.486663026e+06|1.940780304e+11|1.950977657e+11|1.961759858e+11|0.000000|0.000000|0.000000
2.503627359e+06|1.926440855e+11|1.936623821e+11|1.947393686e+11|0.000000|0.000000|0.000000
2.520069069e+06|1.912477701e+11|1.922646661e+11|1.933403425e+11|0.000000|0.000000|0.000000
2.535416184e+06|1.899386350e+11|1.909542148e+11|1.920285589e+11|0.000000|0.000000|0.000000
2.547760618e+06|1.888816082e+11|1.898961212e+11|1.909693120e+11|0.000000|0.000000|0.000000
2.559623007e+06|1.878624937e+11|1.888759732e+11|1.899479832e+11|0.000000|0.000000|0.000000
2.570455191e+06|1.869290188e+11|1.879415461e+11|1.890124130e+11|0.000000|0.000000|0.000000
2.581260198e+06|1.859951716e+11|1.870067400e+11|1.880764022e+11|0.000000|0.000000|0.000000
2.593491212e+06|1.849348220e+11|1.859452925e+11|1.870135100e+11|0.000000|0.000000|0.000000
2.606364673e+06|1.838150587e+11|1.848243579e+11|1.858909579e+11|0.000000|0.000000|0.000000
2.620344931e+06|1.825947279e+11|1.836027345e+11|1.846674602e+11|0.000000|0.000000|0.000000
2.637478604e+06|1.810930726e+11|1.820994623e+11|1.831617154e+11|0.000000|0.000000|0.000000
2.655013528e+06|1.795493806e+11|1.805540738e+11|1.816135853e+11|0.000000|0.000000|0.000000
2.670565252e+06|1.781745052e+11|1.791776543e+11|1.802345463e+11|0.000000|0.000000|0.000000
2.682601081e+06|1.771067547e+11|1.781086812e+11|1.791634190e+11|0.000000|0.000000|0.000000
2.692608858e+06|1.762164735e+11|1.772173637e+11|1.782702228e+11|0.000000|0.000000|0.000000
2.702662880e+06|1.753198502e+11|1.763196801e+11|1.773705695e+11|0.000000|0.000000|0.000000
2.712766486e+06|1.744165648e+11|1.754153089e+11|1.764641333e+11|0.000000|0.000000|0.000000
2.722723975e+06|1.735241542e+11|1.745218075e+11|1.755685106e+11|0.000000|0.000000|0.000000
2.735196203e+06|1.724033173e+11|1.733995735e+11|1.744434952e+11|0.000000|0.000000|0.000000
2.751196691e+06|1.709604669e+11|1.719548779e+11|1.729950222e+11|0.000000|0.000000|0.000000
2.768162494e+06|1.694245425e+11|1.704169276e+11|1.714527996e+11|0.000000|0.000000|0.000000
2.786458914e+06|1.677612555e+11|1.687513704e+11|1.697823138e+11|0.000000|0.000000|0.000000
2.801538451e+06|1.663850640e+11|1.673732366e+11|1.683998573e+11|0.000000|0.000000|0.000000
2.813745738e+06|1.652674866e+11|1.662540371e+11|1.672769795e+11|0.000000|0.000000|0.000000
2.823562218e+06|1.643665194e+11|1.653517318e+11|1.663715969e+11|0.000000|0.000000|0.000000
2.832725235e+06|1.635237117e+11|1.645076469e+11|1.655245412e+11|0.000000|0.000000|0.000000
2.841332803e+06|1.627304028e+11|1.637131128e+11|1.647271281e+11|0.000000|0.000000|0.000000
2.851001017e+06|1.618375101e+11|1.628188135e+11|1.638294911e+11|0.000000|0.000000|0.000000
2.861338624e+06|1.608814990e+11|1.618612775e+11|1.628683140e+11|1.000000|1.000000|1.000000
2.874097359e+06|1.596952293e+11|1.606730096e+11|1.616751644e+11|1.000000|1.000000|1.000000
2.891076439e+06|1.581165644e+11|1.590916855e+11|1.600873439e+11|1.000000|1.000000|1.000000
2.912304778e+06|1.561428159e+11|1.571146122e+11|1.581021485e+11|1.000000|1.000000|1.000000
2.929051530e+06|1.545857521e+11|1.555549257e+11|1.565360545e+11|1.000000|1.000000|1.000000
2.940143966e+06|1.535544100e+11|1.545218463e+11|1.554987310e+11|1.000000|1.000000|1.000000
2.948975636e+06|1.527332673e+11|1.536993204e+11|1.546728261e+11|1.000000|1.000000|1.000000
2.957463791e+06|1.519440635e+11|1.529087873e+11|1.538790453e+11|1.000000|1.000000|1.000000
2.965543702e+06|1.511928172e+11|1.521562755e+11|1.531234421e+11|1.000000|1.000000|1.000000
2.972830367e+06|1.505153245e+11|1.514776416e+11|1.524420202e+11|1.000000|1.000000|1.000000
2.980617598e+06|1.497912907e+11|1.507523882e+11|1.517137874e+11|1.000000|1.000000|1.000000
2.993738575e+06|1.485713407e+11|1.495303833e+11|1.504867623e+11|1.000000|1.000000|1.000000
3.014280618e+06|1.466614020e+11|1.476172274e+11|1.485657468e+11|1.000000|1.000000|1.000000
3.044803927e+06|1.438234344e+11|1.447744793e+11|1.457113202e+11|1.000000|1.000000|1.000000
3.060394266e+06|1.423738906e+11|1.433224937e+11|1.442533697e+11|1.000000|1.000000|1.000000
3.069097329e+06|1.415647053e+11|1.425119455e+11|1.434394915e+11|1.000000|1.000000|1.000000
3.075753242e+06|1.409458581e+11|1.418920559e+11|1.428170553e+11|1.000000|1.000000|1.000000
3.081552697e+06|1.404066418e+11|1.413519312e+11|1.422747117e+11|1.000000|1.000000|1.000000
3.086264989e+06|1.399685068e+11|1.409130582e+11|1.418340358e+11|1.000000|1.000000|1.000000
3.091337076e+06|1.394969191e+11|1.404406761e+11|1.413597130e+11|1.000000|1.000000|1.000000
3.096453278e+06|1.390212296e+11|1.399641854e+11|1.408812648e+11|1.000000|1.000000|1.000000
3.101590984e+06|1.385435408e+11|1.394856919e+11|1.404008056e+11|1.000000|1.000000|1.000000
3.109817389e+06|1.377786739e+11|1.387195366e+11|1.396315028e+11|1.000000|1.000000|1.000000
3.133037820e+06|1.356197065e+11|1.365569325e+11|1.374600144e+11|1.000000|1.000000|1.000000
3.207551800e+06|1.286916156e+11|1.296171716e+11|1.304917437e+11|1.000000|1.000000|1.000000
3.216102528e+06|1.278965941e+11|1.288208109e+11|1.296921114e+11|1.000000|1.000000|1.000000
3.220346250e+06|1.275020253e+11|1.284255774e+11|1.292952542e+11|1.000000|1.000000|1.000000
3.223706774e+06|1.271895736e+11|1.281125994e+11|1.289809905e+11|1.000000|1.000000|1.000000
3.226901399e+06|1.268925468e+11|1.278150723e+11|1.286822410e+11|1.000000|1.000000|1.000000
3.229834910e+06|1.266197975e+11|1.275418636e+11|1.284079100e+11|1.000000|1.000000|1.000000
3.232572812e+06|1.263652355e+11|1.272868728e+11|1.281518716e+11|1.000000|1.000000|1.000000
3.234850160e+06|1.261534943e+11|1.270747749e+11|1.279389024e+11|1.000000|1.000000|1.000000
3.237123113e+06|1.259421619e+11|1.268630865e+11|1.277263444e+11|1.000000|1.000000|1.000000
3.239613377e+06|1.257106245e+11|1.266311591e+11|1.274934641e+11|1.000000|1.000000|1.000000
3.242787512e+06|1.254155027e+11|1.263355402e+11|1.271966308e+11|1.000000|1.000000|1.000000
3.246482683e+06|1.250719366e+11|1.259913953e+11|1.268510721e+11|1.000000|1.000000|1.000000
3.252031405e+06|1.245560328e+11|1.254746225e+11|1.263321763e+11|1.000000|1.000000|1.000000
3.264032921e+06|1.234401670e+11|1.243568771e+11|1.252098390e+11|1.000000|1.000000|1.000000
3.367680381e+06|1.114373951e+11|1.124820940e+11|1.136277369e+11|2.000000|2.000000|2.000000
3.417193386e+06|1.095374162e+11|1.105488950e+11|1.116488283e+11|2.000000|2.000000|2.000000
3.423207669e+06|1.093066282e+11|1.103140717e+11|1.114084527e+11|2.000000|2.000000|2.000000
3.428195010e+06|1.091152473e+11|1.101193446e+11|1.112091214e+11|2.000000|2.000000|2.000000
3.432838218e+06|1.089370719e+11|1.099380540e+11|1.110235442e+11|2.000000|2.000000|2.000000
3.437824794e+06|1.087457204e+11|1.097433568e+11|1.108242435e+11|2.000000|2.000000|2.000000
3.443470062e+06|1.085290927e+11|1.095229414e+11|1.105986165e+11|2.000000|2.000000|2.000000
3.450083497e+06|1.082753131e+11|1.092647247e+11|1.103342943e+11|2.000000|2.000000|2.000000
3.463790583e+06|1.077493266e+11|1.087295416e+11|1.097864570e+11|2.000000|2.000000|2.000000
3.571902389e+06|1.036007166e+11|1.045083952e+11|1.054655036e+11|2.000000|2.000000|2.000000
3.594916792e+06|1.027175774e+11|1.036098147e+11|1.045456765e+11|2.000000|2.000000|2.000000
3.602776273e+06|1.024159829e+11|1.033029470e+11|1.042315531e+11|2.000000|2.000000|2.000000
3.610276886e+06|1.021281594e+11|1.030100911e+11|1.039317727e+11|2.000000|2.000000|2.000000
3.618146944e+06|1.018261591e+11|1.027028104e+11|1.036172265e+11|2.000000|2.000000|2.000000
3.627717672e+06|1.014588984e+11|1.023291284e+11|1.032347089e+11|2.000000|2.000000|2.000000
3.638440348e+06|1.010474336e+11|1.019104694e+11|1.028061509e+11|2.000000|2.000000|2.000000
3.652705229e+06|1.005000426e+11|1.013535075e+11|1.022360199e+11|2.000000|2.000000|2.000000
3.702367799e+06|9.859432447e+10|9.941446882e+10|1.002511335e+11|2.000000|2.000000|2.000000
3.744686867e+06|9.697040094e+10|9.776215181e+10|9.855974823e+10|2.000000|2.000000|2.000000
3.757292383e+06|9.648668529e+10|9.726997864e+10|9.805593784e+10|2.000000|2.000000|2.000000
3.767871465e+06|9.608073069e+10|9.685692613e+10|9.763311889e+10|2.000000|2.000000|2.000000
3.778872590e+06|9.565858089e+10|9.642739526e+10|9.719343195e+10|2.000000|2.000000|2.000000
3.792114929e+06|9.515042827e+10|9.591035784e+10|9.666416942e+10|2.000000|2.000000|2.000000
3.809015139e+06|9.450191095e+10|9.525050153e+10|9.598871109e+10|2.000000|2.000000|2.000000
3.833247794e+06|9.357202329e+10|9.430435525e+10|9.502019361e+10|2.000000|2.000000|2.000000
3.873662982e+06|9.202115795e+10|9.272637382e+10|9.340490151e+10|2.000000|2.000000|2.000000
3.901439058e+06|9.095529743e+10|9.164187727e+10|9.229476252e+10|2.000000|2.000000|2.000000
3.914789489e+06|9.044299693e+10|9.112061946e+10|9.176117979e+10|2.000000|2.000000|2.000000
3.925599691e+06|9.001738247e+10|9.068872106e+10|9.132099136e+10|3.000000|3.000000|3.000000
3.937768614e+06|8.953853095e+10|9.020277495e+10|9.082567960e+10|3.000000|3.000000|3.000000
3.950036206e+06|8.905213432e+10|8.970955858e+10|9.032360479e+10|3.000000|3.000000|3.000000
3.966278439e+06|8.840284744e+10|8.905172613e+10|8.965489498e+10|3.000000|3.000000|3.000000
3.988375485e+06|8.751060315e+10|8.814867612e+10|8.873849476e+10|3.000000|3.000000|3.000000
4.019589400e+06|8.623476532e+10|8.685901963e+10|8.743254375e+10|3.000000|3.000000|3.000000
4.049961942e+06|8.497853108e+10|8.559075426e+10|8.615094778e+10|3.000000|3.000000|3.000000
4.070152793e+06|8.413665722e+10|8.474155086e+10|8.529408210e+10|3.000000|3.000000|3.000000
4.082447908e+06|8.362172842e+10|8.422239115e+10|8.477067534e+10|3.000000|3.000000|3.000000
4.094824927e+06|8.310182468e+10|8.369839095e+10|8.424269391e+10|3.000000|3.000000|3.000000
4.108805788e+06|8.251288079e+10|8.310500115e+10|8.364513578e+10|3.000000|3.000000|3.000000
4.124064606e+06|8.186832587e+10|8.245579496e+10|8.299174561e+10|3.000000|3.000000|3.000000
4.143168348e+06|8.105914304e+10|8.164105443e+10|8.217225089e+10|3.000000|3.000000|3.000000
4.166162592e+06|8.008257702e+10|8.065814089e+10|8.118424013e+10|3.000000|3.000000|3.000000
4.194837945e+06|7.886196052e+10|7.943004544e+10|7.995058839e+10|3.000000|3.000000|3.000000
4.218290908e+06|7.786233302e+10|7.842459215e+10|7.894112416e+10|3.000000|3.000000|3.000000
4.235932618e+06|7.711012131e+10|7.766813604e+10|7.818190278e+10|3.000000|3.000000|3.000000
4.249288519e+06|7.654070165e+10|7.709556770e+10|7.760735809e+10|3.000000|3.000000|3.000000
4.262814732e+06|7.596420975e+10|7.651593428e+10|7.702580808e+10|3.000000|3.000000|3.000000
4.277138967e+06|7.535405094e+10|7.590249166e+10|7.641041181e+10|3.000000|3.000000|3.000000
4.295026669e+06|7.459281038e+10|7.513719931e+10|7.564276365e+10|3.000000|3.000000|3.000000
4.316006142e+06|7.370132309e+10|7.424100930e+10|7.474388963e+10|3.000000|3.000000|3.000000
4.341554930e+06|7.261814211e+10|7.315214204e+10|7.365180481e+10|3.000000|3.000000|3.000000
4.363673785e+06|7.168303525e+10|7.221212256e+10|7.270899046e+10|3.000000|3.000000|3.000000
4.383740770e+06|7.083714295e+10|7.136176413e+10|7.185605054e+10|3.000000|3.000000|3.000000
4.400049196e+06|7.015160187e+10|7.067257804e+10|7.116471371e+10|3.000000|3.000000|3.000000
4.413556453e+06|6.958520945e+10|7.010315183e+10|7.059345968e+10|3.000000|3.000000|3.000000
4.427075733e+06|6.901965352e+10|6.953454302e+10|7.002297169e+10|3.000000|3.000000|3.000000
4.444018593e+06|6.831286693e+10|6.882390376e+10|6.930989745e+10|3.000000|3.000000|3.000000
4.464512017e+06|6.746107164e+10|6.796740400e+10|6.845031898e+10|3.000000|3.000000|3.000000
4.485130345e+06|6.660768635e+10|6.710923208e+10|6.758888647e+10|3.000000|3.000000|3.000000
4.507175157e+06|6.569943521e+10|6.619580069e+10|6.667177261e+10|3.000000|3.000000|3.000000
4.525614947e+06|6.494314551e+10|6.543512754e+10|6.590785433e+10|3.000000|3.000000|3.000000
4.545035304e+06|6.415011854e+10|6.463743518e+10|6.510657566e+10|3.000000|3.000000|3.000000
4.562603064e+06|6.343588418e+10|6.391893902e+10|6.438468303e+10|3.000000|3.000000|3.000000
4.576694737e+06|6.286516595e+10|6.334477545e+10|6.380768950e+10|3.000000|3.000000|3.000000
4.592798271e+06|6.221538501e+10|6.269103034e+10|6.315059525e+10|3.000000|3.000000|3.000000
4.611139914e+06|6.147846783e+10|6.194956669e+10|6.240516853e+10|3.000000|3.000000|3.000000
4.629019787e+06|6.076337840e+10|6.123001791e+10|6.168160677e+10|3.000000|3.000000|3.000000
4.647046774e+06|6.004569330e+10|6.050781518e+10|6.095521241e+10|3.000000|3.000000|3.000000
4.668708709e+06|5.918766835e+10|5.964434212e+10|6.008651665e+10|3.000000|3.000000|3.000000
4.686810114e+06|5.847433114e+10|5.892644446e+10|5.936410702e+10|3.000000|3.000000|3.000000
4.707540425e+06|5.766146308e+10|5.810835582e+10|5.854069699e+10|3.000000|3.000000|3.000000
4.724366146e+06|5.700487072e+10|5.744753640e+10|5.787544666e+10|3.000000|3.000000|3.000000
4.739642147e+06|5.641119094e+10|5.685003352e+10|5.727384171e+10|3.000000|3.000000|3.000000
4.756512356e+06|5.575822152e+10|5.619286535e+10|5.661206418e+10|3.000000|3.000000|3.000000
4.772898723e+06|5.512662582e+10|5.555722224e+10|5.597187333e+10|3.000000|3.000000|3.000000
4.789659935e+06|5.448324020e+10|5.490973626e+10|5.531967375e+10|3.000000|3.000000|3.000000
4.809314582e+06|5.373215213e+10|5.415390250e+10|5.455824763e+10|3.000000|3.000000|3.000000
4.829441132e+06|5.296671225e+10|5.338368696e+10|5.378225109e+10|3.000000|3.000000|3.000000
4.848003329e+06|5.226398747e+10|5.267664642e+10|5.306984801e+10|3.000000|3.000000|3.000000
4.865646196e+06|5.159885579e+10|5.200750330e+10|5.239559651e+10|3.000000|3.000000|3.000000
4.883013002e+06|5.094671374e+10|5.135150956e+10|5.173457843e+10|3.000000|3.000000|3.000000
4.898261195e+06|5.037618131e+10|5.077768297e+10|5.115635566e+10|3.000000|3.000000|3.000000
4.914644908e+06|4.976523960e+10|5.016330165e+10|5.053727893e+10|3.000000|3.000000|3.000000
4.931958416e+06|4.912189274e+10|4.951644197e+10|4.988550317e+10|3.000000|3.000000|3.000000
4.951136388e+06|4.841188669e+10|4.880270362e+10|4.916639283e+10|3.000000|3.000000|3.000000
4.969670887e+06|4.772821814e+10|4.811559942e+10|4.847418982e+10|3.000000|3.000000|3.000000
4.989675219e+06|4.699298372e+10|4.737686072e+10|4.773007329e+10|3.000000|3.000000|3.000000
5.007518461e+06|4.633939212e+10|4.672033439e+10|4.706887950e+10|3.000000|3.000000|3.000000
5.023667651e+06|4.574956842e+10|4.612801932e+10|4.647246059e+10|3.000000|3.000000|3.000000
5.039479436e+06|4.517357440e+10|4.554974555e+10|4.589029260e+10|3.000000|3.000000|3.000000
5.057669615e+06|4.451269346e+10|4.488644672e+10|4.522268132e+10|3.000000|3.000000|3.000000
5.073796578e+06|4.392826098e+10|4.430006210e+10|4.463263737e+10|3.000000|3.000000|3.000000
5.090667752e+06|4.331827281e+10|4.368823251e+10|4.401715887e+10|3.000000|3.000000|3.000000
5.109416502e+06|4.264199595e+10|4.301015972e+10|4.333526324e+10|3.000000|3.000000|3.000000
5.125436586e+06|4.206539214e+10|4.243223777e+10|4.275428242e+10|3.000000|3.000000|3.000000
5.142883357e+06|4.143866067e+10|4.180430526e+10|4.212325067e+10|3.000000|3.000000|3.000000
5.162107917e+06|4.074943888e+10|4.111405183e+10|4.142987952e+10|3.000000|3.000000|3.000000
5.181973078e+06|4.003864248e+10|4.040252028e+10|4.071547339e+10|3.000000|3.000000|3.000000
5.199191469e+06|3.942359905e+10|3.978711881e+10|4.009788109e+10|3.000000|3.000000|3.000000
5.215423621e+06|3.884460143e+10|3.920802618e+10|3.951699069e+10|3.000000|3.000000|3.000000
5.231483506e+06|3.827246527e+10|3.863603167e+10|3.894348305e+10|3.000000|3.000000|3.000000
5.247960526e+06|3.768614710e+10|3.805010601e+10|3.835628908e+10|3.000000|3.000000|3.000000
5.264453346e+06|3.709989393e+10|3.746449952e+10|3.776971048e+10|3.000000|3.000000|3.000000
5.280349678e+06|3.653538280e+10|3.690085427e+10|3.720541802e+10|3.000000|3.000000|3.000000
5.298416284e+06|3.589438024e+10|3.626112706e+10|3.656530971e+10|3.000000|3.000000|3.000000
5.318220877e+06|3.519234558e+10|3.556084813e+10|3.586505714e+10|3.000000|3.000000|3.000000
5.336483756e+06|3.454547923e+10|3.491593289e+10|3.522058711e+10|3.000000|3.000000|3.000000
5.355027063e+06|3.388912790e+10|3.426188792e+10|3.456741524e+10|3.000000|3.000000|3.000000
5.371476497e+06|3.330722570e+10|3.368230446e+10|3.398896652e+10|3.000000|3.000000|3.000000
5.386180361e+06|3.278731301e+10|3.316467973e+10|3.347264579e+10|3.000000|3.000000|3.000000
5.404775681e+06|3.213009568e+10|3.251064341e+10|3.282065312e+10|3.000000|3.000000|3.000000
5.421372491e+06|3.154376502e+10|3.192741887e+10|3.223962646e+10|3.000000|3.000000|3.000000
5.436914021e+06|3.099491643e+10|3.138170271e+10|3.169628866e+10|3.000000|3.000000|3.000000
5.455621145e+06|3.033452113e+10|3.072535797e+10|3.104321679e+10|3.000000|3.000000|3.000000
5.472408742e+06|2.974211336e+10|3.013683802e+10|3.045801330e+10|3.000000|3.000000|3.000000
5.490381611e+06|2.910811874e+10|2.950726118e+10|2.983238123e+10|3.000000|3.000000|3.000000
5.508242944e+06|2.847831671e+10|2.888210014e+10|2.921153893e+10|3.000000|3.000000|3.000000
5.526141501e+06|2.784748287e+10|2.825615478e+10|2.859031263e+10|3.000000|3.000000|3.000000
5.544041655e+06|2.721690646e+10|2.763069109e+10|2.796995124e+10|3.000000|3.000000|3.000000
5.558688142e+06|2.670121151e+10|2.711933500e+10|2.746304728e+10|3.000000|3.000000|3.000000
5.578478157e+06|2.600484697e+10|2.642903729e+10|2.677914850e+10|3.000000|3.000000|3.000000
5.597257971e+06|2.534455941e+10|2.577470276e+10|2.613127727e+10|3.000000|3.000000|3.000000
5.612395335e+06|2.481277465e+10|2.524783874e+10|2.560988685e+10|3.000000|3.000000|3.000000
5.630038429e+06|2.419352914e+10|2.463444701e+10|2.500315588e+10|3.000000|3.000000|3.000000
5.646722373e+06|2.360859137e+10|2.405514237e+10|2.443041117e+10|3.000000|3.000000|3.000000
5.663504008e+06|2.302095154e+10|2.347324297e+10|2.385534729e+10|3.000000|3.000000|3.000000
5.683261331e+06|2.233017998e+10|2.278929452e+10|2.317972333e+10|3.000000|3.000000|3.000000
5.702471044e+06|2.165982778e+10|2.212560784e+10|2.252438423e+10|3.000000|3.000000|3.000000
5.718221276e+06|2.111126852e+10|2.158250944e+10|2.198829065e+10|3.000000|3.000000|3.000000
5.734537424e+06|2.054414390e+10|2.102101186e+10|2.143417694e+10|3.000000|3.000000|3.000000
5.754083913e+06|1.986646036e+10|2.034999200e+10|2.077213683e+10|3.000000|3.000000|3.000000
5.772030168e+06|1.924611570e+10|1.973565186e+10|2.016613059e+10|3.000000|3.000000|3.000000
5.787801272e+06|1.870260008e+10|1.919729073e+10|1.963513093e+10|3.000000|3.000000|3.000000
5.802897462e+06|1.818393024e+10|1.868342026e+10|1.912831177e+10|3.000000|3.000000|3.000000
5.820706171e+06|1.757425813e+10|1.807920455e+10|1.853238307e+10|3.000000|3.000000|3.000000
5.838341298e+06|1.697310232e+10|1.748319106e+10|1.794449855e+10|3.000000|3.000000|3.000000
5.857824850e+06|1.631222766e+10|1.682764058e+10|1.729778121e+10|3.000000|3.000000|3.000000
5.878134404e+06|1.562740398e+10|1.614789980e+10|1.662701032e+10|3.000000|3.000000|3.000000
5.896394509e+06|1.501559829e+10|1.554019432e+10|1.602709470e+10|3.000000|3.000000|3.000000
5.913164878e+06|1.445727870e+10|1.498519622e+10|1.547896478e+10|3.000000|3.000000|3.000000
5.934192602e+06|1.376250583e+10|1.429391189e+10|1.479582271e+10|3.000000|3.000000|3.000000
5.955155430e+06|1.307628015e+10|1.361032380e+10|1.411973101e+10|3.000000|3.000000|3.000000
5.973676442e+06|1.247580722e+10|1.301140149e+10|1.352682535e+10|3.000000|3.000000|3.000000
5.989813820e+06|1.195743540e+10|1.249372436e+10|1.301385955e+10|3.000000|3.000000|3.000000
6.004018421e+06|1.150512684e+10|1.204147929e+10|1.256530485e+10|3.000000|3.000000|3.000000
6.018901400e+06|1.103546732e+10|1.157129522e+10|1.209848278e+10|3.000000|3.000000|3.000000
6.031822892e+06|1.063143725e+10|1.116628691e+10|1.169593794e+10|3.000000|3.000000|3.000000
6.046653333e+06|1.017223786e+10|1.070532716e+10|1.123723977e+10|3.000000|3.000000|3.000000
6.062554800e+06|9.685552100e+09|1.021594838e+10|1.074955867e+10|3.000000|3.000000|3.000000
6.082353750e+06|9.088326994e+09|9.614121334e+09|1.014869729e+10|3.000000|3.000000|3.000000
6.110336017e+06|8.262148440e+09|8.778868860e+09|9.312398265e+09|3.000000|3.000000|3.000000
6.148605663e+06|7.169813130e+09|7.668691596e+09|8.195568312e+09|3.000000|3.000000|3.000000
6.175951771e+06|6.418854754e+09|6.900686122e+09|7.418584052e+09|3.000000|3.000000|3.000000
6.195507708e+06|5.898424180e+09|6.365645641e+09|6.874701962e+09|3.000000|3.000000|3.000000
6.207667271e+06|5.582261200e+09|6.039313742e+09|6.541774942e+09|3.000000|3.000000|3.000000
6.220679496e+06|5.250542293e+09|5.695746694e+09|6.190164998e+09|3.000000|3.000000|3.000000
6.231345918e+06|4.983916645e+09|5.418635470e+09|5.905667374e+09|3.000000|3.000000|3.000000
6.242168086e+06|4.718444308e+09|5.141786689e+09|5.620563247e+09|3.000000|3.000000|3.000000
6.252586392e+06|4.467837221e+09|4.879502666e+09|5.349580305e+09|3.000000|3.000000|3.000000
6.262552158e+06|4.232810672e+09|4.632619790e+09|5.093661277e+09|3.000000|3.000000|3.000000
6.274675972e+06|3.953280062e+09|4.337730848e+09|4.786801585e+09|3.000000|3.000000|3.000000
6.292105963e+06|3.564179748e+09|3.924682675e+09|4.354578635e+09|3.000000|3.000000|3.000000
6.319767368e+06|2.979336665e+09|3.297059400e+09|3.691464221e+09|3.000000|3.000000|3.000000
6.353699784e+06|2.320816704e+09|2.577453731e+09|2.919111543e+09|3.000000|3.000000|3.000000
6.397092473e+06|1.582695313e+09|1.746043691e+09|2.003824810e+09|3.000000|3.000000|3.000000
6.440463040e+06|9.745040960e+08|1.025749260e+09|1.179033438e+09|3.000000|3.000000|3.000000
6.488341817e+06|4.714459237e+08|3.744931859e+08|3.853230921e+08|3.000000|3.000000|3.000000
