#RRR|P25fit|P50fit|P75fit|P25model|P50model|P75model
3.088849927e+05|2.984107862e+11|3.012578531e+11|3.047124341e+11|0.000000|0.000000|0.000000
4.695598674e+05|2.981959801e+11|3.001370990e+11|3.024429279e+11|0.000000|0.000000|0.000000
5.604580369e+05|2.972090494e+11|2.988319901e+11|3.007238801e+11|0.000000|0.000000|0.000000
6.240584258e+05|2.961905423e+11|2.976575468e+11|2.993411325e+11|0.000000|0.000000|0.000000
6.832278529e+05|2.950208835e+11|2.963843786e+11|2.979250562e+11|0.000000|0.000000|0.000000
7.268730908e+05|2.940301405e+11|2.953394639e+11|2.968019869e+11|0.000000|0.000000|0.000000
7.691879176e+05|2.929720879e+11|2.942445301e+11|2.956505809e+11|0.000000|0.000000|0.000000
8.102203258e+05|2.918593047e+11|2.931088591e+11|2.944761092e+11|0.000000|0.000000|0.000000
8.426333396e+05|2.909228314e+11|2.921621603e+11|2.935085445e+11|0.000000|0.000000|0.000000
8.730517597e+05|2.899999259e+11|2.912352006e+11|2.925689442e+11|0.000000|0.000000|0.000000
9.047040115e+05|2.889961472e+11|2.902322164e+11|2.915591223e+11|0.000000|0.000000|0.000000
9.377907850e+05|2.879014784e+11|2.891431227e+11|2.904689042e+11|0.000000|0.000000|0.000000
9.676488267e+05|2.868754465e+11|2.881256831e+11|2.894550128e+11|0.000000|0.000000|0.000000
9.939684253e+05|2.859421448e+11|2.872023292e+11|2.885378633e+11|0.000000|0.000000|0.000000
1.021632673e+06|2.849330828e+11|2.862057323e+11|2.875504289e+11|0.000000|0.000000|0.000000
1.048375808e+06|2.839312336e+11|2.852175414e+11|2.865732495e+11|0.000000|0.000000|0.000000
1.077770286e+06|2.828012369e+11|2.841039882e+11|2.854737704e+11|0.000000|0.000000|0.000000
1.101318262e+06|2.818749782e+11|2.831917141e+11|2.845739359e+11|0.000000|0.000000|0.000000
1.126099872e+06|2.808806888e+11|2.822126806e+11|2.836088229e+11|0.000000|0.000000|0.000000
1.149619640e+06|2.799191019e+11|2.812658822e+11|2.826757798e+11|0.000000|0.000000|0.000000
1.175235298e+06|2.788525975e+11|2.802156083e+11|2.816408253e+11|0.000000|0.000000|0.000000
1.200497439e+06|2.777817977e+11|2.791607278e+11|2.806011406e+11|0.000000|0.000000|0.000000
1.222563333e+06|2.768315036e+11|2.782241066e+11|2.796776686e+11|0.000000|0.000000|0.000000
1.244398366e+06|2.758778010e+11|2.772835874e+11|2.787498865e+11|0.000000|0.000000|0.000000
1.266306795e+06|2.749079041e+11|2.763264522e+11|2.778051115e+11|0.000000|0.000000|0.000000
1.287484113e+06|2.739583302e+11|2.753886641e+11|2.768787425e+11|0.000000|0.000000|0.000000
1.309960931e+06|2.729378707e+11|2.743800131e+11|2.758815108e+11|0.000000|0.000000|0.000000
1.331950205e+06|2.719272906e+11|2.733801855e+11|2.748920326e+11|0.000000|0.000000|0.000000
1.355013279e+06|2.708546670e+11|2.723178854e+11|2.738395868e+11|0.000000|0.000000|0.000000
1.373458805e+06|2.699876599e+11|2.714583647e+11|2.729871283e+11|0.000000|0.000000|0.000000
1.394205243e+06|2.690030107e+11|2.704812531e+11|2.720170105e+11|0.000000|0.000000|0.000000
1.414656527e+06|2.680227347e+11|2.695074335e+11|2.710490286e+11|0.000000|0.000000|0.000000
1.434571610e+06|2.670591509e+11|2.685491540e+11|2.700953597e+11|0.000000|0.000000|0.000000
1.456974678e+06|2.659647708e+11|2.674595229e+11|2.690095761e+11|0.000000|0.000000|0.000000
1.474748956e+06|2.650887997e+11|2.665863641e+11|2.681384134e+11|0.000000|0.000000|0.000000
1.493542569e+06|2.641553011e+11|2.656548870e+11|2.672079897e+11|0.000000|0.000000|0.000000
1.513014577e+06|2.631803183e+11|2.646809370e+11|2.662339481e+11|0.000000|0.000000|0.000000
1.530930960e+06|2.622763245e+11|2.637769159e+11|2.653287494e+11|0.000000|0.000000|0.000000
1.548744516e+06|2.613710448e+11|2.628706615e+11|2.644202618e+11|0.000000|0.000000|0.000000
1.566324243e+06|2.604713922e+11|2.619691060e+11|2.635154443e+11|0.000000|0.000000|0.000000
1.586988218e+06|2.594060434e+11|2.609003096e+11|2.624414492e+11|0.000000|0.000000|0.000000
1.604898522e+06|2.584758616e+11|2.599660706e+11|2.615014970e+11|0.000000|0.000000|0.000000
1.621516978e+06|2.576071737e+11|2.590927246e+11|2.606218387e+11|0.000000|0.000000|0.000000
1.638943509e+06|2.566904989e+11|2.581702384e+11|2.596916827e+11|0.000000|0.000000|0.000000
1.656661627e+06|2.557524913e+11|2.572253492e+11|2.587378905e+11|0.000000|0.000000|0.000000
1.673022284e+06|2.548810090e+11|2.563466431e+11|2.578499751e+11|0.000000|0.000000|0.000000
1.690974513e+06|2.539188738e+11|2.553756259e+11|2.568677649e+11|0.000000|0.000000|0.000000
1.709027698e+06|2.529451482e+11|2.543919679e+11|2.558717105e+11|0.000000|0.000000|0.000000
1.725163070e+06|2.520696287e+11|2.535067315e+11|2.549744361e+11|0.000000|0.000000|0.000000
1.742541572e+06|2.511211353e+11|2.525468978e+11|2.540006375e+11|0.000000|0.000000|0.000000
1.757953771e+06|2.502751689e+11|2.516901271e+11|2.531306275e+11|0.000000|0.000000|0.000000
1.772964435e+06|2.494469092e+11|2.508506816e+11|2.522775285e+11|0.000000|0.000000|0.000000
1.790068663e+06|2.484979080e+11|2.498881535e+11|2.512985480e+11|0.000000|0.000000|0.000000
1.805936297e+06|2.476125288e+11|2.489894993e+11|2.503837982e+11|0.000000|0.000000|0.000000
1.822270938e+06|2.466960568e+11|2.480586519e+11|2.494355670e+11|0.000000|0.000000|0.000000
1.838791787e+06|2.457639170e+11|2.471112633e+11|2.484697817e+11|0.000000|0.000000|0.000000
1.855912036e+06|2.447923862e+11|2.461232048e+11|2.474618248e+11|0.000000|0.000000|0.000000
1.870577133e+06|2.439556404e+11|2.452717368e+11|2.465926629e+11|0.000000|0.000000|0.000000
1.883864451e+06|2.431938650e+11|2.444961910e+11|2.458005889e+11|0.000000|0.000000|0.000000
1.899231324e+06|2.423085181e+11|2.435944289e+11|2.448791483e+11|0.000000|0.000000|0.000000
1.914949687e+06|2.413980553e+11|2.426666592e+11|2.439306553e+11|0.000000|0.000000|0.000000
1.929919251e+06|2.405263492e+11|2.417780128e+11|2.430217450e+11|0.000000|0.000000|0.000000
1.944558957e+06|2.396694528e+11|2.409041443e+11|2.421275921e+11|0.000000|0.000000|0.000000
1.960203808e+06|2.387488648e+11|2.399650073e+11|2.411663030e+11|0.000000|0.000000|0.000000
1.977109948e+06|2.377483509e+11|2.389440102e+11|2.401208617e+11|0.000000|0.000000|0.000000
1.992159224e+06|2.368526771e+11|2.380297562e+11|2.391844478e+11|0.000000|0.000000|0.000000
2.005718504e+06|2.360415579e+11|2.372016460e+11|2.383360827e+11|0.000000|0.000000|0.000000
2.018753356e+06|2.352580807e+11|2.364016364e+11|2.375163721e+11|0.000000|0.000000|0.000000
2.032675514e+06|2.344171844e+11|2.355428948e+11|2.366363717e+11|0.000000|0.000000|0.000000
2.048193098e+06|2.334748855e+11|2.345805136e+11|2.356500735e+11|0.000000|0.000000|0.000000
2.061335069e+06|2.326726335e+11|2.337611265e+11|2.348102838e+11|0.000000|0.000000|0.000000
2.075208629e+06|2.318214726e+11|2.328917819e+11|2.339192914e+11|0.000000|0.000000|0.000000
2.091139038e+06|2.308386602e+11|2.318880122e+11|2.328905748e+11|0.000000|0.000000|0.000000
2.106113208e+06|2.299094360e+11|2.309390575e+11|2.319181345e+11|0.000000|0.000000|0.000000
2.120108557e+06|2.290361403e+11|2.300473338e+11|2.310044756e+11|0.000000|0.000000|0.000000
2.133378713e+06|2.282037348e+11|2.291975015e+11|2.301338986e+11|0.000000|0.000000|0.000000
2.146629759e+06|2.273682280e+11|2.283446715e+11|2.292604448e+11|0.000000|0.000000|0.000000
2.159447874e+06|2.265558686e+11|2.275156610e+11|2.284116078e+11|0.000000|0.000000|0.000000
2.172958222e+06|2.256951532e+11|2.266375433e+11|2.275127647e+11|0.000000|0.000000|0.000000
2.185336191e+06|2.249024771e+11|2.258290882e+11|2.266855126e+11|0.000000|0.000000|0.000000
2.198803461e+06|2.240355176e+11|2.249451755e+11|2.257813979e+11|0.000000|0.000000|0.000000
2.213405255e+06|2.230901067e+11|2.239816798e+11|2.247963431e+11|0.000000|0.000000|0.000000
2.228500521e+06|2.221067166e+11|2.229799711e+11|2.237727850e+11|0.000000|0.000000|0.000000
2.242525760e+06|2.211874417e+11|2.220440697e+11|2.228170406e+11|0.000000|0.000000|0.000000
2.255825909e+06|2.203106276e+11|2.211518831e+11|2.219064953e+11|0.000000|0.000000|0.000000
2.266941743e+06|2.195739709e+11|2.204027036e+11|2.211423503e+11|0.000000|0.000000|0.000000
2.280450982e+06|2.186739134e+11|2.194878631e+11|2.202098291e+11|0.000000|0.000000|0.000000
2.293597561e+06|2.177928929e+11|2.185929562e+11|2.192982975e+11|0.000000|0.000000|0.000000
2.305447090e+06|2.169943902e+11|2.177823951e+11|2.184732846e+11|0.000000|0.000000|0.000000
2.317104055e+06|2.162047242e+11|2.169813221e+11|2.176585246e+11|0.000000|0.000000|0.000000
2.330830623e+06|2.152695096e+11|2.160332962e+11|2.166951043e+11|0.000000|0.000000|0.000000
2.344142758e+06|2.143569106e+11|2.151089600e+11|2.157566385e+11|0.000000|0.000000|0.000000
2.356834659e+06|2.134815868e+11|2.142231199e+11|2.148581119e+11|0.000000|0.000000|0.000000
2.371068190e+06|2.124937427e+11|2.132243176e+11|2.138460547e+11|0.000000|0.000000|0.000000
2.384886652e+06|2.115283220e+11|2.122491580e+11|2.128590748e+11|0.000000|0.000000|0.000000
2.396743518e+06|2.106948444e+11|2.114080738e+11|2.120087214e+11|0.000000|0.000000|0.000000
2.407807625e+06|2.099127729e+11|2.106195624e+11|2.112123272e+11|0.000000|0.000000|0.000000
2.420104163e+06|2.090386147e+11|2.097390294e+11|2.103239449e+11|0.000000|0.000000|0.000000
2.431293831e+06|2.082385244e+11|2.089338877e+11|2.095125340e+11|0.000000|0.000000|0.000000
2.443952774e+06|2.073279844e+11|2.080185353e+11|2.085911404e+11|0.000000|0.000000|0.000000
2.455250912e+06|2.065104135e+11|2.071975145e+11|2.077657131e+11|0.000000|0.000000|0.000000
2.467983750e+06|2.055833786e+11|2.062675907e+11|2.068319881e+11|0.000000|0.000000|0.000000
2.480849177e+06|2.046405140e+11|2.053229305e+11|2.058847966e+11|0.000000|0.000000|0.000000
2.494871752e+06|2.036056479e+11|2.042874531e+11|2.048481295e+11|0.000000|0.000000|0.000000
2.508066134e+06|2.026249227e+11|2.033074931e+11|2.038686132e+11|0.000000|0.000000|0.000000
2.518723250e+06|2.018277650e+11|2.025119419e+11|2.030745732e+11|0.000000|0.000000|0.000000
2.530064189e+06|2.009744468e+11|2.016613401e+11|2.022267541e+11|0.000000|0.000000|0.000000
2.541717178e+06|2.000921866e+11|2.007829907e+11|2.013525703e+11|0.000000|0.000000|0.000000
2.552914299e+06|1.992391442e+11|1.999348129e+11|2.005096861e+11|0.000000|0.000000|0.000000
2.564371665e+06|1.983608193e+11|1.990626270e+11|1.996442722e+11|0.000000|0.000000|0.000000
2.575956774e+06|1.974670040e+11|1.981762537e+11|1.987661873e+11|0.000000|0.000000|0.000000
2.587854810e+06|1.965429888e+11|1.972612176e+11|1.978612225e+11|0.000000|0.000000|0.000000
2.599454744e+06|1.956361229e+11|1.963644520e+11|1.969758475e+11|0.000000|0.000000|0.000000
2.611322560e+06|1.947020852e+11|1.954421685e+11|1.960668760e+11|0.000000|0.000000|0.000000
2.624882567e+06|1.936270269e+11|1.943823583e+11|1.950243983e+11|0.000000|0.000000|0.000000
2.637349431e+06|1.926311332e+11|1.934022517e+11|1.940622917e+11|0.000000|0.000000|0.000000
2.648471200e+06|1.917365248e+11|1.925232031e+11|1.932010244e+11|0.000000|0.000000|0.000000
2.659089217e+06|1.908769303e+11|1.916798000e+11|1.923761584e+11|0.000000|0.000000|0.000000
2.669589344e+06|1.900215146e+11|1.908417146e+11|1.915579442e+11|0.000000|0.000000|0.000000
2.681133932e+06|1.890747634e+11|1.899155719e+11|1.906554648e+11|0.000000|0.000000|0.000000
2.693327957e+06|1.880675420e+11|1.889319350e+11|1.896989449e+11|0.000000|0.000000|0.000000
2.704211082e+06|1.871622488e+11|1.880493108e+11|1.888424151e+11|0.000000|0.000000|0.000000
2.714402318e+06|1.863089988e+11|1.872187103e+11|1.880379109e+11|0.000000|0.000000|0.000000
2.725815673e+06|1.853470124e+11|1.862837624e+11|1.871341438e+11|0.000000|0.000000|0.000000
2.737526747e+06|1.843527845e+11|1.853191623e+11|1.862037397e+11|0.000000|0.000000|0.000000
2.748880377e+06|1.833818870e+11|1.843788575e+11|1.852987714e+11|0.000000|0.000000|0.000000
2.762487821e+06|1.822090135e+11|1.832451396e+11|1.842103153e+11|0.000000|0.000000|0.000000
2.773128279e+06|1.812847467e+11|1.823534313e+11|1.833562680e+11|0.000000|0.000000|0.000000
2.784440141e+06|1.802951942e+11|1.814004070e+11|1.824455202e+11|0.000000|0.000000|0.000000
2.795431620e+06|1.793266960e+11|1.804693373e+11|1.815577915e+11|0.000000|0.000000|0.000000
2.806178143e+06|1.783730442e+11|1.795541658e+11|1.806872006e+11|0.000000|0.000000|0.000000
2.816024354e+06|1.774933603e+11|1.787114113e+11|1.798872477e+11|0.000000|0.000000|0.000000
2.827780426e+06|1.764355214e+11|1.776998059e+11|1.789292497e+11|0.000000|0.000000|0.000000
2.838699982e+06|1.754455183e+11|1.767548796e+11|1.780366109e+11|0.000000|0.000000|0.000000
2.848759777e+06|1.745270393e+11|1.758797856e+11|1.772118601e+11|0.000000|0.000000|0.000000
2.859633522e+06|1.735272236e+11|1.749289105e+11|1.763177936e+11|0.000000|0.000000|0.000000
2.870675736e+06|1.725043535e+11|1.739579586e+11|1.754071263e+11|0.000000|0.000000|0.000000
2.884330764e+06|1.712287553e+11|1.727497264e+11|1.742771435e+11|0.000000|0.000000|0.000000
2.896237384e+06|1.701066875e+11|1.716893194e+11|1.732883835e+11|0.000000|0.000000|0.000000
2.906278252e+06|1.691532477e+11|1.707900397e+11|1.724520527e+11|0.000000|0.000000|0.000000
2.915804140e+06|1.682425414e+11|1.699325792e+11|1.716564931e+11|0.000000|0.000000|0.000000
2.925852190e+06|1.672753289e+11|1.690235331e+11|1.708150834e+11|0.000000|0.000000|0.000000
2.935587493e+06|1.663316952e+11|1.681382502e+11|1.699976661e+11|0.000000|0.000000|0.000000
2.946294771e+06|1.652863413e+11|1.671593811e+11|1.690961398e+11|0.000000|0.000000|0.000000
2.957583176e+06|1.641756265e+11|1.661214269e+11|1.681428479e+11|0.000000|0.000000|0.000000
2.968216627e+06|1.631211518e+11|1.651380433e+11|1.672422014e+11|0.000000|0.000000|0.000000
2.978447950e+06|1.620989453e+11|1.641866198e+11|1.663731727e+11|0.000000|0.000000|0.000000
2.990026957e+06|1.609329744e+11|1.631036239e+11|1.653867823e+11|0.000000|0.000000|0.000000
3.000466713e+06|1.598733173e+11|1.621214364e+11|1.644948075e+11|0.000000|0.000000|0.000000
3.010905735e+06|1.588056631e+11|1.611338129e+11|1.636003949e+11|0.000000|0.000000|0.000000
3.022877406e+06|1.575711926e+11|1.599943398e+11|1.625715843e+11|0.000000|0.000000|0.000000
3.034877322e+06|1.563228739e+11|1.588447568e+11|1.615370393e+11|0.000000|0.000000|0.000000
3.045222151e+06|1.552378243e+11|1.578477011e+11|1.606425234e+11|0.000000|0.000000|0.000000
3.055186606e+06|1.541847775e+11|1.568819749e+11|1.597785667e+11|0.000000|0.000000|0.000000
3.064080246e+06|1.532382791e+11|1.560155695e+11|1.590055196e+11|0.000000|0.000000|0.000000
3.073855325e+06|1.521906964e+11|1.550583995e+11|1.581537497e+11|0.000000|0.000000|0.000000
3.084328295e+06|1.510597703e+11|1.540271508e+11|1.572387170e+11|0.000000|0.000000|0.000000
3.096145709e+06|1.497729118e+11|1.528563140e+11|1.562031713e+11|0.000000|0.000000|0.000000
3.106684588e+06|1.486155422e+11|1.518056410e+11|1.552769325e+11|0.000000|0.000000|0.000000
3.116095330e+06|1.475742114e+11|1.508621988e+11|1.544476656e+11|0.000000|0.000000|0.000000
3.126430650e+06|1.464219398e+11|1.498203172e+11|1.535345555e+11|0.000000|0.000000|0.000000
3.138457772e+06|1.450695386e+11|1.486002375e+11|1.524688500e+11|0.000000|0.000000|0.000000
3.149858407e+06|1.437760059e+11|1.474360329e+11|1.514555464e+11|0.000000|0.000000|0.000000
3.160771688e+06|1.425270788e+11|1.463145204e+11|1.504827198e+11|0.000000|0.000000|0.000000
3.171142348e+06|1.413304429e+11|1.452422928e+11|1.495556859e+11|0.000000|0.000000|0.000000
3.180791720e+06|1.402083529e+11|1.442389155e+11|1.486908689e+11|0.000000|0.000000|0.000000
3.190502807e+06|1.390705454e+11|1.432234990e+11|1.478183192e+11|0.000000|0.000000|0.000000
3.200532003e+06|1.378863764e+11|1.421688466e+11|1.469148660e+11|0.000000|0.000000|0.000000
3.210080013e+06|1.367503478e+11|1.411591041e+11|1.460525645e+11|0.000000|0.000000|0.000000
3.220352320e+06|1.355185918e+11|1.400665088e+11|1.451224563e+11|0.000000|0.000000|0.000000
3.229979034e+06|1.343551680e+11|1.390366421e+11|1.442485480e+11|0.000000|0.000000|0.000000
3.239414161e+06|1.332062822e+11|1.380216459e+11|1.433899112e+11|0.000000|0.000000|0.000000
3.250173238e+06|1.318885648e+11|1.368592507e+11|1.424089162e+11|1.000000|1.000000|1.000000
3.263509315e+06|1.302271580e+11|1.354001872e+11|1.411862110e+11|1.000000|1.000000|1.000000
3.276717757e+06|1.285816518e+11|1.339550877e+11|1.399752079e+11|1.000000|1.000000|1.000000
3.287493076e+06|1.272392640e+11|1.327761897e+11|1.389872833e+11|1.000000|1.000000|1.000000
3.297591363e+06|1.259812206e+11|1.316713638e+11|1.380614317e+11|1.000000|1.000000|1.000000
3.307793718e+06|1.247102124e+11|1.305551521e+11|1.371260387e+11|1.000000|1.000000|1.000000
3.317856057e+06|1.228324856e+11|1.294542593e+11|1.362034830e+11|2.000000|1.000000|1.000000
3.328031502e+06|1.224702369e+11|1.283409918e+11|1.352705573e+11|2.000000|1.000000|1.000000
3.337785586e+06|1.221229887e+11|1.272738242e+11|1.343762636e+11|2.000000|1.000000|1.000000
3.347431744e+06|1.217795827e+11|1.262184645e+11|1.334918650e+11|2.000000|1.000000|1.000000
3.356849767e+06|1.214442984e+11|1.251880645e+11|1.326283827e+11|2.000000|1.000000|1.000000
3.366179214e+06|1.211121675e+11|1.241673552e+11|1.317730215e+11|2.000000|1.000000|1.000000
3.377859939e+06|1.206963303e+11|1.224248660e+11|1.307020856e+11|2.000000|2.000000|1.000000
3.388810901e+06|1.203064730e+11|1.220308665e+11|1.296980573e+11|2.000000|2.000000|1.000000
3.401191685e+06|1.198657135e+11|1.215854242e+11|1.285629373e+11|2.000000|2.000000|1.000000
3.418469653e+06|1.192506130e+11|1.209637884e+11|1.269788236e+11|2.000000|2.000000|1.000000
3.435604749e+06|1.186405987e+11|1.203472929e+11|1.254078090e+11|2.000000|2.000000|1.000000
3.450060776e+06|1.181259600e+11|1.198271863e+11|1.240824223e+11|2.000000|2.000000|1.000000
3.461687722e+06|1.177120374e+11|1.194088660e+11|1.230164171e+11|2.000000|2.000000|1.000000
3.473469660e+06|1.172925971e+11|1.189849692e+11|1.219362017e+11|2.000000|2.000000|1.000000
3.486422838e+06|1.168314603e+11|1.185189330e+11|1.203526757e+11|2.000000|2.000000|2.000000
3.498838004e+06|1.163894768e+11|1.180722536e+11|1.199039001e+11|2.000000|2.000000|2.000000
3.511841664e+06|1.159265428e+11|1.176044011e+11|1.194338521e+11|2.000000|2.000000|2.000000
3.525274885e+06|1.154483163e+11|1.171210936e+11|1.189482766e+11|2.000000|2.000000|2.000000
3.537607894e+06|1.150092577e+11|1.166773701e+11|1.185024708e+11|2.000000|2.000000|2.000000
3.551435292e+06|1.145169984e+11|1.161798807e+11|1.180026468e+11|2.000000|2.000000|2.000000
3.566532517e+06|1.139795329e+11|1.156367048e+11|1.174569219e+11|2.000000|2.000000|2.000000
3.583728227e+06|1.133673607e+11|1.150180285e+11|1.168353423e+11|2.000000|2.000000|2.000000
3.599115244e+06|1.128195786e+11|1.144644263e+11|1.162791422e+11|2.000000|2.000000|2.000000
3.614336815e+06|1.122776863e+11|1.139167767e+11|1.157289225e+11|2.000000|2.000000|2.000000
3.629365222e+06|1.117426707e+11|1.133760767e+11|1.151856852e+11|2.000000|2.000000|2.000000
3.643944806e+06|1.112236334e+11|1.128515248e+11|1.146586717e+11|2.000000|2.000000|2.000000
3.658701883e+06|1.106982773e+11|1.123205869e+11|1.141252422e+11|2.000000|2.000000|2.000000
3.675175142e+06|1.101118245e+11|1.117279033e+11|1.135297773e+11|2.000000|2.000000|2.000000
3.689805355e+06|1.095909848e+11|1.112015298e+11|1.130009337e+11|2.000000|2.000000|2.000000
3.706648406e+06|1.089913674e+11|1.105955417e+11|1.123921018e+11|2.000000|2.000000|2.000000
3.720517088e+06|1.084976384e+11|1.100965669e+11|1.118907855e+11|2.000000|2.000000|2.000000
3.734692625e+06|1.079929852e+11|1.095865520e+11|1.113783772e+11|2.000000|2.000000|2.000000
3.749039692e+06|1.074822256e+11|1.090703657e+11|1.108597685e+11|2.000000|2.000000|2.000000
3.764152448e+06|1.069442071e+11|1.085266310e+11|1.103134822e+11|2.000000|2.000000|2.000000
3.780215393e+06|1.063723618e+11|1.079487100e+11|1.097328491e+11|2.000000|2.000000|2.000000
3.796450236e+06|1.057943967e+11|1.073646042e+11|1.091460023e+11|2.000000|2.000000|2.000000
3.812134206e+06|1.052360429e+11|1.068003181e+11|1.085790682e+11|2.000000|2.000000|2.000000
3.829436027e+06|1.046200932e+11|1.061778241e+11|1.079536529e+11|2.000000|2.000000|2.000000
3.845958660e+06|1.040318827e+11|1.055833641e+11|1.073564033e+11|2.000000|2.000000|2.000000
3.865024713e+06|1.033531258e+11|1.048973956e+11|1.066672157e+11|2.000000|2.000000|2.000000
3.882071076e+06|1.027462704e+11|1.042840926e+11|1.060510346e+11|2.000000|2.000000|2.000000
3.898399669e+06|1.021649679e+11|1.036966139e+11|1.054607990e+11|2.000000|2.000000|2.000000
3.917379686e+06|1.014892739e+11|1.030137409e+11|1.047747214e+11|2.000000|2.000000|2.000000
3.931877560e+06|1.009731455e+11|1.024921288e+11|1.042506615e+11|2.000000|2.000000|2.000000
3.947870748e+06|1.004037834e+11|1.019167174e+11|1.036725499e+11|2.000000|2.000000|2.000000
3.963391609e+06|9.985123635e+10|1.013582997e+11|1.031115117e+11|2.000000|2.000000|2.000000
3.978775197e+06|9.930357625e+10|1.008048209e+11|1.025554355e+11|2.000000|2.000000|2.000000
3.995915149e+06|9.869338911e+10|1.001881507e+11|1.019358715e+11|2.000000|2.000000|2.000000
4.013361133e+06|9.807230711e+10|9.956046995e+10|1.013052451e+11|2.000000|2.000000|2.000000
4.032316305e+06|9.739749760e+10|9.887849081e+10|1.006200656e+11|2.000000|2.000000|2.000000
4.049289739e+06|9.679323851e+10|9.826781166e+10|1.000065207e+11|2.000000|2.000000|2.000000
4.066197610e+06|9.619131351e+10|9.765949140e+10|9.939534573e+10|2.000000|2.000000|2.000000
4.082648943e+06|9.560564137e+10|9.706759669e+10|9.880067340e+10|2.000000|2.000000|2.000000
4.099731944e+06|9.499748166e+10|9.645297549e+10|9.818316793e+10|2.000000|2.000000|2.000000
4.115500240e+06|9.443612584e+10|9.588565544e+10|9.761318558e+10|2.000000|2.000000|2.000000
4.131956883e+06|9.385026467e+10|9.529356968e+10|9.701832131e+10|2.000000|2.000000|2.000000
4.147675960e+06|9.329066106e+10|9.472802047e+10|9.645011811e+10|2.000000|2.000000|2.000000
4.164641995e+06|9.268666540e+10|9.411760755e+10|9.583684067e+10|2.000000|2.000000|2.000000
4.180373977e+06|9.212660235e+10|9.355159402e+10|9.526817097e+10|2.000000|2.000000|2.000000
4.196973271e+06|9.153566276e+10|9.295437589e+10|9.466815024e+10|2.000000|2.000000|2.000000
4.214043638e+06|9.092795283e+10|9.234020924e+10|9.405110145e+10|2.000000|2.000000|2.000000
4.229123001e+06|9.039112325e+10|9.179767602e+10|9.350602225e+10|2.000000|2.000000|2.000000
4.245581659e+06|8.980519032e+10|9.120551775e+10|9.291108512e+10|2.000000|2.000000|2.000000
4.261667431e+06|8.923253228e+10|9.062677541e+10|9.232962688e+10|2.000000|2.000000|2.000000
4.277933926e+06|8.865344043e+10|9.004153089e+10|9.174163595e+10|2.000000|2.000000|2.000000
4.295006145e+06|8.804566458e+10|8.942729762e+10|9.112452023e+10|2.000000|2.000000|2.000000
4.310564884e+06|8.749176904e+10|8.886751712e+10|9.056211282e+10|2.000000|2.000000|2.000000
4.327502276e+06|8.688879308e+10|8.825813475e+10|8.994987076e+10|2.000000|2.000000|2.000000
4.342578890e+06|8.635206134e+10|8.771570040e+10|8.940489089e+10|2.000000|2.000000|2.000000
4.358583256e+06|8.578230133e+10|8.713988688e+10|8.882637521e+10|2.000000|2.000000|2.000000
4.373991240e+06|8.523377272e+10|8.658553034e+10|8.826941721e+10|2.000000|2.000000|2.000000
4.391772729e+06|8.460074667e+10|8.594577859e+10|8.762666326e+10|2.000000|2.000000|2.000000
4.407806285e+06|8.402994752e+10|8.536891489e+10|8.704709248e+10|2.000000|2.000000|2.000000
4.422660387e+06|8.350113725e+10|8.483448618e+10|8.651015582e+10|2.000000|2.000000|2.000000
4.439531801e+06|8.290051012e+10|8.422747759e+10|8.590029868e+10|2.000000|2.000000|2.000000
4.454085291e+06|8.238240173e+10|8.370386447e+10|8.537422837e+10|2.000000|2.000000|2.000000
4.468910749e+06|8.185461119e+10|8.317046632e+10|8.483832712e+10|2.000000|2.000000|2.000000
4.484974126e+06|8.128275044e+10|8.259252974e+10|8.425767841e+10|2.000000|2.000000|2.000000
4.500789670e+06|8.071971255e+10|8.202350976e+10|8.368598816e+10|2.000000|2.000000|2.000000
4.517110250e+06|8.013869528e+10|8.143631937e+10|8.309604223e+10|2.000000|2.000000|2.000000
4.533842352e+06|7.954406697e+10|8.083604590e+10|8.249122083e+10|3.000000|3.000000|2.000000
4.549574202e+06|7.898535522e+10|8.027223531e+10|8.192391745e+10|3.000000|3.000000|3.000000
4.563514904e+06|7.849071117e+10|7.977332917e+10|8.142161396e+10|3.000000|3.000000|3.000000
4.579884422e+06|7.791044957e+10|7.918835886e+10|8.083256074e+10|3.000000|3.000000|3.000000
4.595494013e+06|7.735770619e+10|7.863141181e+10|8.027162875e+10|3.000000|3.000000|3.000000
4.611325186e+06|7.679771153e+10|7.806742796e+10|7.970351471e+10|3.000000|3.000000|3.000000
4.625822760e+06|7.628542971e+10|7.755172557e+10|7.918395394e+10|3.000000|3.000000|3.000000
4.639731825e+06|7.579444018e+10|7.705765516e+10|7.868611526e+10|3.000000|3.000000|3.000000
4.655830257e+06|7.522678867e+10|7.648667349e+10|7.811069312e+10|3.000000|3.000000|3.000000
4.670536134e+06|7.470883858e+10|7.596589316e+10|7.758578439e+10|3.000000|3.000000|3.000000
4.686504366e+06|7.414709066e+10|7.540129094e+10|7.701662378e+10|3.000000|3.000000|3.000000
4.700946680e+06|7.363963193e+10|7.489143829e+10|7.650258255e+10|3.000000|3.000000|3.000000
4.717843946e+06|7.304666584e+10|7.429588686e+10|7.590205361e+10|3.000000|3.000000|3.000000
4.733351494e+06|7.250319925e+10|7.375024215e+10|7.535177001e+10|3.000000|3.000000|3.000000
4.747772668e+06|7.199844770e+10|7.324362384e+10|7.484077889e+10|3.000000|3.000000|3.000000
4.762351873e+06|7.148880843e+10|7.273224527e+10|7.432492361e+10|3.000000|3.000000|3.000000
4.779356279e+06|7.089522836e+10|7.213681461e+10|7.372420264e+10|3.000000|3.000000|3.000000
4.793878533e+06|7.038902229e+10|7.162917162e+10|7.321198464e+10|3.000000|3.000000|3.000000
4.810371749e+06|6.981494647e+10|7.105361482e+10|7.263117041e+10|3.000000|3.000000|3.000000
4.824291265e+06|6.933115640e+10|7.056869265e+10|7.214176187e+10|3.000000|3.000000|3.000000
4.838813232e+06|6.882712806e+10|7.006359128e+10|7.163193334e+10|3.000000|3.000000|3.000000
4.851694692e+06|6.838064854e+10|6.961624702e+10|7.118035724e+10|3.000000|3.000000|3.000000
4.866010423e+06|6.788514186e+10|6.911986959e+10|7.067923538e+10|3.000000|3.000000|3.000000
4.881972655e+06|6.733351254e+10|6.856737414e+10|7.012140000e+10|3.000000|3.000000|3.000000
4.897458916e+06|6.679922358e+10|6.803234284e+10|6.958113944e+10|3.000000|3.000000|3.000000
4.914136325e+06|6.622484135e+10|6.745726042e+10|6.900037393e+10|3.000000|3.000000|3.000000
4.930846755e+06|6.565038610e+10|6.688219788e+10|6.841956528e+10|3.000000|3.000000|3.000000
4.944373204e+06|6.518618223e+10|6.641756540e+10|6.795024491e+10|3.000000|3.000000|3.000000
4.958820043e+06|6.469119281e+10|6.592217477e+10|6.744981241e+10|3.000000|3.000000|3.000000
4.972804862e+06|6.421283463e+10|6.544347871e+10|6.696620239e+10|3.000000|3.000000|3.000000
4.987313326e+06|6.371741229e+10|6.494775302e+10|6.646534520e+10|3.000000|3.000000|3.000000
5.002202478e+06|6.320990321e+10|6.443997699e+10|6.595226868e+10|3.000000|3.000000|3.000000
5.017460690e+06|6.269079036e+10|6.392063125e+10|6.542745624e+10|3.000000|3.000000|3.000000
5.032617272e+06|6.217613046e+10|6.340577489e+10|6.490713589e+10|3.000000|3.000000|3.000000
5.046745502e+06|6.169729794e+10|6.292678546e+10|6.442302401e+10|3.000000|3.000000|3.000000
5.061196329e+06|6.120845381e+10|6.243780215e+10|6.392877315e+10|3.000000|3.000000|3.000000
5.076759270e+06|6.068304874e+10|6.191226586e+10|6.339753322e+10|3.000000|3.000000|3.000000
5.091529781e+06|6.018542934e+10|6.141453466e+10|6.289436040e+10|3.000000|3.000000|3.000000
5.107062768e+06|5.966322572e+10|6.089222144e+10|6.236629592e+10|3.000000|3.000000|3.000000
5.120984183e+06|5.919617818e+10|6.042507818e+10|6.189397396e+10|3.000000|3.000000|3.000000
5.134691382e+06|5.873723318e+10|5.996603733e+10|6.142981260e+10|3.000000|3.000000|3.000000
5.148230160e+06|5.828483213e+10|5.951353650e+10|6.097223394e+10|3.000000|3.000000|3.000000
5.165174256e+06|5.771992805e+10|5.894849522e+10|6.040081032e+10|3.000000|3.000000|3.000000
5.181329521e+06|5.718267600e+10|5.841109405e+10|5.985729676e+10|3.000000|3.000000|3.000000
5.195342417e+06|5.671775625e+10|5.794602620e+10|5.938690644e+10|3.000000|3.000000|3.000000
5.208703064e+06|5.627543050e+10|5.750353966e+10|5.893932796e+10|3.000000|3.000000|3.000000
5.222259687e+06|5.582758098e+10|5.705550441e+10|5.848610951e+10|3.000000|3.000000|3.000000
5.237686712e+06|5.531913979e+10|5.654682043e+10|5.797150761e+10|3.000000|3.000000|3.000000
5.255282932e+06|5.474078678e+10|5.596814440e+10|5.738605708e+10|3.000000|3.000000|3.000000
5.269622463e+06|5.427073867e+10|5.549779266e+10|5.691016615e+10|3.000000|3.000000|3.000000
5.282452791e+06|5.385113770e+10|5.507788642e+10|5.648529017e+10|3.000000|3.000000|3.000000
5.296239654e+06|5.340129441e+10|5.462767708e+10|5.602972681e+10|3.000000|3.000000|3.000000
5.312057462e+06|5.288652914e+10|5.411243992e+10|5.550833000e+10|3.000000|3.000000|3.000000
5.326955848e+06|5.240301652e+10|5.362842871e+10|5.501850125e+10|3.000000|3.000000|3.000000
5.342053634e+06|5.191436831e+10|5.313921833e+10|5.452338032e+10|3.000000|3.000000|3.000000
5.356342729e+06|5.145314856e+10|5.267741085e+10|5.405596538e+10|3.000000|3.000000|3.000000
5.371127016e+06|5.097724603e+10|5.220084039e+10|5.357357980e+10|3.000000|3.000000|3.000000
5.384935794e+06|5.053395466e+10|5.175686772e+10|5.312416391e+10|3.000000|3.000000|3.000000
5.399267808e+06|5.007511716e+10|5.129726200e+10|5.265889711e+10|3.000000|3.000000|3.000000
5.412107198e+06|4.966516023e+10|5.088656207e+10|5.224311597e+10|3.000000|3.000000|3.000000
5.429079687e+06|4.912484191e+10|5.034517917e+10|5.169500259e+10|3.000000|3.000000|3.000000
5.446034823e+06|4.858692639e+10|4.980610309e+10|5.114918808e+10|3.000000|3.000000|3.000000
5.459180076e+06|4.817117156e+10|4.938937946e+10|5.072723033e+10|3.000000|3.000000|3.000000
5.472963127e+06|4.773646804e+10|4.895359349e+10|5.028594738e+10|3.000000|3.000000|3.000000
5.487512824e+06|4.727895900e+10|4.849486589e+10|4.982140748e+10|3.000000|3.000000|3.000000
5.501519155e+06|4.683988356e+10|4.805454193e+10|4.937547928e+10|3.000000|3.000000|3.000000
5.516062848e+06|4.638537746e+10|4.759865924e+10|4.891376831e+10|3.000000|3.000000|3.000000
5.528594592e+06|4.599491520e+10|4.720694394e+10|4.851702384e+10|3.000000|3.000000|3.000000
5.543742944e+06|4.552438423e+10|4.673481397e+10|4.803880601e+10|3.000000|3.000000|3.000000
5.559581052e+06|4.503415488e+10|4.624281224e+10|4.754042946e+10|3.000000|3.000000|3.000000
5.573744183e+06|4.459728190e+10|4.580426560e+10|4.709617397e+10|3.000000|3.000000|3.000000
5.588449555e+06|4.414520976e+10|4.535036556e+10|4.663633855e+10|3.000000|3.000000|3.000000
5.604963130e+06|4.363942434e+10|4.484241621e+10|4.612171458e+10|3.000000|3.000000|3.000000
5.619363278e+06|4.320000618e+10|4.440101353e+10|4.567448359e+10|3.000000|3.000000|3.000000
5.634559637e+06|4.273796292e+10|4.393677609e+10|4.520408776e+10|3.000000|3.000000|3.000000
5.648635694e+06|4.231152889e+10|4.350821696e+10|4.476981726e+10|3.000000|3.000000|3.000000
5.661973515e+06|4.190884567e+10|4.310343695e+10|4.435961932e+10|3.000000|3.000000|3.000000
5.675510191e+06|4.150155066e+10|4.269393031e+10|4.394460803e+10|3.000000|3.000000|3.000000
5.690450403e+06|4.105366875e+10|4.224350886e+10|4.348810433e+10|3.000000|3.000000|3.000000
5.703411784e+06|4.066651839e+10|4.185407078e+10|4.309338387e+10|3.000000|3.000000|3.000000
5.717720061e+06|4.024067189e+10|4.142560689e+10|4.265908256e+10|3.000000|3.000000|3.000000
5.732627107e+06|3.979873380e+10|4.098083854e+10|4.220822577e+10|3.000000|3.000000|3.000000
5.747499015e+06|3.935961247e+10|4.053878786e+10|4.176009422e+10|3.000000|3.000000|3.000000
5.765474696e+06|3.883123705e+10|4.000672977e+10|4.122067723e+10|3.000000|3.000000|3.000000
5.781333129e+06|3.836729056e+10|3.953940467e+10|4.074685190e+10|3.000000|3.000000|3.000000
5.794221945e+06|3.799175200e+10|3.916103018e+10|4.036318885e+10|3.000000|3.000000|3.000000
5.808210695e+06|3.758573141e+10|3.875184001e+10|3.994825317e+10|3.000000|3.000000|3.000000
5.822195800e+06|3.718146005e+10|3.834430429e+10|3.953496759e+10|3.000000|3.000000|3.000000
5.837185067e+06|3.675000135e+10|3.790924042e+10|3.909373452e+10|3.000000|3.000000|3.000000
5.851588233e+06|3.633722244e+10|3.749289343e+10|3.867145321e+10|3.000000|3.000000|3.000000
5.865896145e+06|3.592894401e+10|3.708096957e+10|3.825362811e+10|3.000000|3.000000|3.000000
5.878301157e+06|3.557640477e+10|3.672518828e+10|3.789272541e+10|3.000000|3.000000|3.000000
5.892166358e+06|3.518396301e+10|3.632903330e+10|3.749084064e+10|3.000000|3.000000|3.000000
5.908161617e+06|3.473333985e+10|3.587400911e+10|3.702919910e+10|3.000000|3.000000|3.000000
5.922006828e+06|3.434512670e+10|3.548188512e+10|3.663134087e+10|3.000000|3.000000|3.000000
5.938258086e+06|3.389164389e+10|3.502369198e+10|3.616640934e+10|3.000000|3.000000|3.000000
5.953666033e+06|3.346390030e+10|3.459136328e+10|3.572768421e+10|3.000000|3.000000|3.000000
5.968529523e+06|3.305332436e+10|3.417625459e+10|3.530639791e+10|3.000000|3.000000|3.000000
5.982490313e+06|3.266953421e+10|3.378810928e+10|3.491244364e+10|3.000000|3.000000|3.000000
5.998640083e+06|3.222782147e+10|3.334124090e+10|3.445884748e+10|3.000000|3.000000|3.000000
6.014424122e+06|3.179846652e+10|3.290672576e+10|3.401774849e+10|3.000000|3.000000|3.000000
6.027946471e+06|3.143249941e+10|3.253624299e+10|3.364161853e+10|3.000000|3.000000|3.000000
6.042213708e+06|3.104825305e+10|3.214713785e+10|3.324654826e+10|3.000000|3.000000|3.000000
6.055430726e+06|3.069402580e+10|3.178832352e+10|3.288220153e+10|3.000000|3.000000|3.000000
6.070439725e+06|3.029380905e+10|3.138279817e+10|3.247038613e+10|3.000000|3.000000|3.000000
6.085071215e+06|2.990575846e+10|3.098947126e+10|3.207091951e+10|3.000000|3.000000|3.000000
6.099015199e+06|2.953788445e+10|3.061647659e+10|3.169206626e+10|3.000000|3.000000|3.000000
6.112367361e+06|2.918741297e+10|3.026101804e+10|3.133099095e+10|3.000000|3.000000|3.000000
6.126930163e+06|2.880717263e+10|2.987524585e+10|3.093908496e+10|3.000000|3.000000|3.000000
6.143929013e+06|2.836599522e+10|2.942749021e+10|3.048415901e+10|3.000000|3.000000|3.000000
6.160723024e+06|2.793297822e+10|2.898784765e+10|3.003742127e+10|3.000000|3.000000|3.000000
6.176555935e+06|2.752735036e+10|2.857585956e+10|2.961873357e+10|3.000000|3.000000|3.000000
6.191575879e+06|2.714490640e+10|2.818728108e+10|2.922378991e+10|3.000000|3.000000|3.000000
6.206348871e+06|2.677100317e+10|2.780724958e+10|2.883748861e+10|3.000000|3.000000|3.000000
6.220801061e+06|2.640739503e+10|2.743755663e+10|2.846165294e+10|3.000000|3.000000|3.000000
6.234694333e+06|2.605988988e+10|2.708411949e+10|2.810230205e+10|3.000000|3.000000|3.000000
6.249909633e+06|2.568162682e+10|2.669926850e+10|2.771096474e+10|3.000000|3.000000|3.000000
6.263978219e+06|2.533403278e+10|2.634549915e+10|2.735118860e+10|3.000000|3.000000|3.000000
6.279567086e+06|2.495131681e+10|2.595584785e+10|2.695487077e+10|3.000000|3.000000|3.000000
6.293813816e+06|2.460380744e+10|2.560191640e+10|2.659483681e+10|3.000000|3.000000|3.000000
6.308204235e+06|2.425499351e+10|2.524653566e+10|2.623328221e+10|3.000000|3.000000|3.000000
6.323721803e+06|2.388135049e+10|2.486572298e+10|2.584580088e+10|3.000000|3.000000|3.000000
6.339786107e+06|2.349728327e+10|2.447413856e+10|2.544730039e+10|3.000000|3.000000|3.000000
6.356088791e+06|2.311038435e+10|2.407951422e+10|2.504564415e+10|3.000000|3.000000|3.000000
6.371557292e+06|2.274596905e+10|2.370768065e+10|2.466712602e+10|3.000000|3.000000|3.000000
6.388027241e+06|2.236085362e+10|2.331457447e+10|2.426688894e+10|3.000000|3.000000|3.000000
6.403707391e+06|2.199699390e+10|2.294302086e+10|2.388853317e+10|3.000000|3.000000|3.000000
6.419595120e+06|2.163110670e+10|2.256925414e+10|2.350786090e+10|3.000000|3.000000|3.000000
6.432727213e+06|2.133081102e+10|2.226238345e+10|2.319527212e+10|3.000000|3.000000|3.000000
6.448182284e+06|2.097987757e+10|2.190364163e+10|2.282978866e+10|3.000000|3.000000|3.000000
6.465699726e+06|2.058537675e+10|2.150020103e+10|2.241869083e+10|3.000000|3.000000|3.000000
6.481375595e+06|2.023530355e+10|2.114204967e+10|2.205367264e+10|3.000000|3.000000|3.000000
6.496724822e+06|1.989524316e+10|2.079401005e+10|2.169889581e+10|3.000000|3.000000|3.000000
6.514001508e+06|1.951571408e+10|2.040542025e+10|2.130270660e+10|3.000000|3.000000|3.000000
6.530881091e+06|1.914823330e+10|2.002900845e+10|2.091885336e+10|3.000000|3.000000|3.000000
6.546075702e+06|1.882026025e+10|1.969293188e+10|2.057606391e+10|3.000000|3.000000|3.000000
6.564239789e+06|1.843172118e+10|1.929462905e+10|2.016971839e+10|3.000000|3.000000|3.000000
6.581061174e+06|1.807534809e+10|1.892914259e+10|1.979676620e+10|3.000000|3.000000|3.000000
6.597165801e+06|1.773727921e+10|1.858228709e+10|1.944274715e+10|3.000000|3.000000|3.000000
6.613505083e+06|1.739741713e+10|1.823345156e+10|1.908662762e+10|3.000000|3.000000|3.000000
6.630820295e+06|1.704071477e+10|1.786717813e+10|1.871261736e+10|3.000000|3.000000|3.000000
6.648607098e+06|1.667802092e+10|1.749458986e+10|1.833206241e+10|3.000000|3.000000|3.000000
6.665199066e+06|1.634310837e+10|1.715039344e+10|1.798041689e+10|3.000000|3.000000|3.000000
6.683238294e+06|1.598274184e+10|1.677987747e+10|1.760178274e+10|3.000000|3.000000|3.000000
6.702247766e+06|1.560724985e+10|1.639363133e+10|1.720695994e+10|3.000000|3.000000|3.000000
6.717647819e+06|1.530627090e+10|1.608389895e+10|1.689026292e+10|3.000000|3.000000|3.000000
6.734941701e+06|1.497172497e+10|1.573948232e+10|1.653800759e+10|3.000000|3.000000|3.000000
6.752750251e+06|1.463104766e+10|1.538859890e+10|1.617903275e+10|3.000000|3.000000|3.000000
6.770661546e+06|1.429233482e+10|1.503958217e+10|1.582185807e+10|3.000000|3.000000|3.000000
6.789076807e+06|1.394821697e+10|1.468483381e+10|1.545870153e+10|3.000000|3.000000|3.000000
6.807772685e+06|1.360315044e+10|1.432894098e+10|1.509425101e+10|3.000000|3.000000|3.000000
6.826259493e+06|1.326621401e+10|1.398127006e+10|1.473809706e+10|3.000000|3.000000|3.000000
6.842626185e+06|1.297147536e+10|1.367700710e+10|1.442630658e+10|3.000000|3.000000|3.000000
6.861449892e+06|1.263663433e+10|1.333119166e+10|1.407181361e+10|3.000000|3.000000|3.000000
6.880492981e+06|1.230241763e+10|1.298585491e+10|1.371767672e+10|3.000000|3.000000|3.000000
6.900421409e+06|1.195755476e+10|1.262934092e+10|1.335193060e+10|3.000000|3.000000|3.000000
6.919618766e+06|1.163008983e+10|1.229064352e+10|1.300431801e+10|3.000000|3.000000|3.000000
6.939608087e+06|1.129408173e+10|1.194293557e+10|1.264730483e+10|3.000000|3.000000|3.000000
6.959204772e+06|1.096960654e+10|1.160699142e+10|1.230221664e+10|3.000000|3.000000|3.000000
6.978681146e+06|1.065197656e+10|1.127796892e+10|1.196408556e+10|3.000000|3.000000|3.000000
6.998286205e+06|1.033714751e+10|1.095168309e+10|1.162861071e+10|3.000000|3.000000|3.000000
7.018320861e+06|1.002051142e+10|1.062335571e+10|1.129087259e+10|3.000000|3.000000|3.000000
7.039243777e+06|9.695344905e+09|1.028600304e+10|1.094367074e+10|3.000000|3.000000|3.000000
7.062766378e+06|9.336512750e+09|9.913506523e+09|1.056007650e+10|3.000000|3.000000|3.000000
7.081240901e+06|9.059698601e+09|9.625992333e+09|1.026382869e+10|3.000000|3.000000|3.000000
7.100013654e+06|8.782940808e+09|9.338395001e+09|9.967341768e+09|3.000000|3.000000|3.000000
7.122630251e+06|8.455583782e+09|8.998029335e+09|9.616247380e+09|3.000000|3.000000|3.000000
7.144343324e+06|8.147555772e+09|8.677570458e+09|9.285470259e+09|3.000000|3.000000|3.000000
7.165042529e+06|7.859621695e+09|8.377844781e+09|8.975892936e+09|3.000000|3.000000|3.000000
7.187521256e+06|7.553256762e+09|8.058745903e+09|8.646080237e+09|3.000000|3.000000|3.000000
7.208052613e+06|7.279192617e+09|7.773121515e+09|8.350657834e+09|3.000000|3.000000|3.000000
7.231585861e+06|6.971828840e+09|7.452596846e+09|8.018890042e+09|3.000000|3.000000|3.000000
7.255159488e+06|6.671195476e+09|7.138883127e+09|7.693902755e+09|3.000000|3.000000|3.000000
7.280269740e+06|6.358961162e+09|6.812837628e+09|7.355839394e+09|3.000000|3.000000|3.000000
7.305474875e+06|6.053845874e+09|6.493993898e+09|7.024925813e+09|3.000000|3.000000|3.000000
7.327765410e+06|5.790942257e+09|6.219068824e+09|6.739323888e+09|3.000000|3.000000|3.000000
7.350822084e+06|5.525845995e+09|5.941662324e+09|6.450873743e+09|3.000000|3.000000|3.000000
7.371753007e+06|5.291215692e+09|5.695971427e+09|6.195160019e+09|3.000000|3.000000|3.000000
7.395605324e+06|5.030824155e+09|5.423114496e+09|5.910887488e+09|3.000000|3.000000|3.000000
7.419823168e+06|4.774051497e+09|5.153843191e+09|5.630035941e+09|3.000000|3.000000|3.000000
7.446495605e+06|4.500116752e+09|4.866334651e+09|5.329790239e+09|3.000000|3.000000|3.000000
7.476232505e+06|4.205646242e+09|4.556977440e+09|5.006259948e+09|3.000000|3.000000|3.000000
7.505823739e+06|3.924043341e+09|4.260829222e+09|4.696044777e+09|3.000000|3.000000|3.000000
7.532687929e+06|3.678239577e+09|4.002060943e+09|4.424544875e+09|3.000000|3.000000|3.000000
7.562942814e+06|3.412601660e+09|3.722105048e+09|4.130303595e+09|3.000000|3.000000|3.000000
7.594941829e+06|3.144507977e+09|3.439203892e+09|3.832365800e+09|3.000000|3.000000|3.000000
7.626802325e+06|2.890655960e+09|3.170961236e+09|3.549237893e+09|3.000000|3.000000|3.000000
7.655004716e+06|2.676794313e+09|2.944661948e+09|3.309844981e+09|3.000000|3.000000|3.000000
7.682476020e+06|2.478223005e+09|2.734252269e+09|3.086765303e+09|3.000000|3.000000|3.000000
7.720887948e+06|2.216608875e+09|2.456551252e+09|2.791505779e+09|3.000000|3.000000|3.000000
7.761188908e+06|1.962097512e+09|2.185755509e+09|2.502512289e+09|3.000000|3.000000|3.000000
7.794124543e+06|1.769163689e+09|1.979970315e+09|2.282048374e+09|3.000000|3.000000|3.000000
7.835240802e+06|1.547152025e+09|1.742496324e+09|2.026524737e+09|3.000000|3.000000|3.000000
7.894002498e+06|1.265761549e+09|1.440130175e+09|1.698966883e+09|3.000000|3.000000|3.000000
7.945897941e+06|1.051856110e+09|1.208791707e+09|1.446059674e+09|3.000000|3.000000|3.000000
8.007463360e+06|8.393859523e+08|9.769433783e+08|1.189580666e+09|3.000000|3.000000|3.000000
8.088840618e+06|6.256183257e+08|7.396489120e+08|9.215902734e+08|3.000000|3.000000|3.000000
8.239037714e+06|4.228840784e+08|4.991185609e+08|6.313044904e+08|3.000000|3.000000|3.000000
8.376301141e+06|4.405912174e+08|4.873281844e+08|5.840271072e+08|3.000000|3.000000|3.000000
