#PHASE|Nmant|Nmant/Nmanttot|Mmant|Mmant/Mmanttot|RRRminmant|RRRminmantEq|RRRmaxmant|RRRmaxmantEq|Ncore|Ncore/Ncoretot|Mcore|Mcore/Mcoretot|RRRmincore|RRRmaxcore|
0.000000000e+00|0.000000000e+00|0.000000000e+00|0.000000000e+00|0.000000000e+00|inf|inf|-inf|inf|0.000000000e+00|0.000000000e+00|0.000000000e+00|0.000000000e+00|inf|-inf
1.000000000e+00|0.000000000e+00|0.000000000e+00|0.000000000e+00|0.000000000e+00|inf|inf|-inf|inf|0.000000000e+00|0.000000000e+00|0.000000000e+00|0.000000000e+00|inf|-inf
2.000000000e+00|0.000000000e+00|0.000000000e+00|0.000000000e+00|0.000000000e+00|inf|inf|-inf|inf|0.000000000e+00|0.000000000e+00|0.000000000e+00|0.000000000e+00|inf|-inf
3.000000000e+00|0.000000000e+00|0.000000000e+00|0.000000000e+00|0.000000000e+00|inf|inf|-inf|inf|0.000000000e+00|0.000000000e+00|0.000000000e+00|0.000000000e+00|inf|-inf
4.000000000e+00|1.950200000e+04|1.374919805e-01|7.647858160e+23|1.370119414e-01|3.944833529e+06|3.944833529e+06|6.492161814e+06|inf|1.950200000e+04|0.000000000e+00|0.000000000e+00|0.000000000e+00|inf|-inf
5.000000000e+00|2.850000000e+02|2.009292095e-03|1.122650543e+22|2.011236705e-03|1.415190231e+07|1.415190231e+07|4.080117234e+08|inf|2.850000000e+02|0.000000000e+00|0.000000000e+00|0.000000000e+00|inf|-inf
6.000000000e+00|3.210000000e+02|2.263097412e-03|1.263827494e+22|2.264156251e-03|1.623674964e+07|6.760062168e+07|3.802398805e+08|inf|3.210000000e+02|1.610876639e-05|3.915184545e+19|1.602581097e-05|3.373700311e+08|3.373700311e+08
7.000000000e+00|4.524000000e+03|3.189486820e-02|1.781525345e+23|3.191615757e-02|1.031790534e+07|1.042601092e+07|3.710901692e+08|inf|4.524000000e+03|1.401462676e-03|3.405711481e+21|1.394041271e-03|9.624806841e+06|2.795918067e+08
8.000000000e+00|1.172090000e+05|8.263407618e-01|4.615088550e+24|8.267965080e-01|3.917258597e+06|3.917258597e+06|1.068716601e+07|inf|1.172090000e+05|9.985824286e-01|2.439604386e+24|9.985899329e-01|1.070420651e+05|9.365336083e+06
