#RRR|P25fit|P50fit|P75fit|P25model|P50model|P75model
2.950331891e+05|3.056304385e+11|3.070558755e+11|3.089737923e+11|0.000000|0.000000|0.000000
4.488206394e+05|3.031345426e+11|3.045596968e+11|3.062384849e+11|0.000000|0.000000|0.000000
5.346759764e+05|3.013798231e+11|3.027788555e+11|3.043395501e+11|0.000000|0.000000|0.000000
5.958065476e+05|2.999715689e+11|3.013430765e+11|3.028260396e+11|0.000000|0.000000|0.000000
6.509778061e+05|2.985868003e+11|2.999281699e+11|3.013453407e+11|0.000000|0.000000|0.000000
6.946400793e+05|2.974142379e+11|2.987287383e+11|3.000966827e+11|0.000000|0.000000|0.000000
7.366631229e+05|2.962216677e+11|2.975081707e+11|2.988310410e+11|0.000000|0.000000|0.000000
7.786461922e+05|2.949674902e+11|2.962242539e+11|2.975042916e+11|0.000000|0.000000|0.000000
8.138569688e+05|2.938672697e+11|2.950979524e+11|2.963437196e+11|0.000000|0.000000|0.000000
8.490177619e+05|2.927246063e+11|2.939283932e+11|2.951414079e+11|0.000000|0.000000|0.000000
8.879520023e+05|2.914080388e+11|2.925812514e+11|2.937596723e+11|0.000000|0.000000|0.000000
9.207256362e+05|2.902580605e+11|2.914050456e+11|2.925556787e+11|0.000000|0.000000|0.000000
9.503801670e+05|2.891846893e+11|2.903076668e+11|2.914341831e+11|0.000000|0.000000|0.000000
9.847499758e+05|2.879016639e+11|2.889966087e+11|2.900963675e+11|0.000000|0.000000|0.000000
1.015540433e+06|2.867167691e+11|2.877865146e+11|2.888633682e+11|0.000000|0.000000|0.000000
1.046180168e+06|2.855044422e+11|2.865491251e+11|2.876041639e+11|0.000000|0.000000|0.000000
1.071391895e+06|2.844820693e+11|2.855062006e+11|2.865440069e+11|0.000000|0.000000|0.000000
1.100534420e+06|2.832724345e+11|2.842729547e+11|2.852916328e+11|0.000000|0.000000|0.000000
1.130217611e+06|2.820097100e+11|2.829864079e+11|2.839864582e+11|0.000000|0.000000|0.000000
1.156191916e+06|2.808794468e+11|2.818355409e+11|2.828199848e+11|0.000000|0.000000|0.000000
1.180904688e+06|2.797821968e+11|2.807189397e+11|2.816891250e+11|0.000000|0.000000|0.000000
1.204976624e+06|2.786929342e+11|2.796110996e+11|2.805679390e+11|0.000000|0.000000|0.000000
1.231398729e+06|2.774741342e+11|2.783722557e+11|2.793150518e+11|0.000000|0.000000|0.000000
1.259486722e+06|2.761519506e+11|2.770292075e+11|2.779577564e+11|0.000000|0.000000|0.000000
1.283284787e+06|2.750103668e+11|2.758703368e+11|2.767873535e+11|0.000000|0.000000|0.000000
1.304074783e+06|2.739971055e+11|2.748422896e+11|2.757496290e+11|0.000000|0.000000|0.000000
1.327019061e+06|2.728616072e+11|2.736908367e+11|2.745879186e+11|0.000000|0.000000|0.000000
1.349293810e+06|2.717419870e+11|2.725561122e+11|2.734436530e+11|0.000000|0.000000|0.000000
1.375672752e+06|2.703941573e+11|2.711909115e+11|2.720676748e+11|0.000000|0.000000|0.000000
1.398739012e+06|2.691961807e+11|2.699782260e+11|2.708460199e+11|0.000000|0.000000|0.000000
1.419167837e+06|2.681201149e+11|2.688895233e+11|2.697497213e+11|0.000000|0.000000|0.000000
1.436706752e+06|2.671850156e+11|2.679438767e+11|2.687978096e+11|0.000000|0.000000|0.000000
1.457759293e+06|2.660488951e+11|2.667954748e+11|2.676421954e+11|0.000000|0.000000|0.000000
1.482767563e+06|2.646799591e+11|2.654125023e+11|2.662510841e+11|0.000000|0.000000|0.000000
1.505113226e+06|2.634390757e+11|2.641595982e+11|2.649912944e+11|0.000000|0.000000|0.000000
1.525337102e+06|2.623016776e+11|2.630117554e+11|2.638375283e+11|0.000000|0.000000|0.000000
1.543593323e+06|2.612632837e+11|2.619642943e+11|2.627849678e+11|0.000000|0.000000|0.000000
1.561046035e+06|2.602602873e+11|2.609529556e+11|2.617689701e+11|0.000000|0.000000|0.000000
1.580747065e+06|2.591160219e+11|2.597996613e+11|2.606106663e+11|0.000000|0.000000|0.000000
1.603895213e+06|2.577552670e+11|2.584288307e+11|2.592342823e+11|0.000000|0.000000|0.000000
1.624692259e+06|2.565177900e+11|2.571827987e+11|2.579835617e+11|0.000000|0.000000|0.000000
1.644207685e+06|2.553437783e+11|2.560011920e+11|2.567978091e+11|0.000000|0.000000|0.000000
1.661570784e+06|2.542888767e+11|2.549398880e+11|2.557330198e+11|0.000000|0.000000|0.000000
1.678201502e+06|2.532693524e+11|2.539145469e+11|2.547045168e+11|0.000000|0.000000|0.000000
1.696451040e+06|2.521403625e+11|2.527795308e+11|2.535662265e+11|0.000000|0.000000|0.000000
1.712913808e+06|2.511127659e+11|2.517468197e+11|2.525307346e+11|0.000000|0.000000|0.000000
1.735405100e+06|2.496949186e+11|2.503224793e+11|2.511028552e+11|0.000000|0.000000|0.000000
1.755666369e+06|2.484039230e+11|2.490261241e+11|2.498035642e+11|0.000000|0.000000|0.000000
1.774073089e+06|2.472198725e+11|2.478376066e+11|2.486125831e+11|0.000000|0.000000|0.000000
1.788020951e+06|2.463155644e+11|2.469301684e+11|2.477034049e+11|0.000000|0.000000|0.000000
1.803693113e+06|2.452922067e+11|2.459035550e+11|2.466749648e+11|0.000000|0.000000|0.000000
1.820487076e+06|2.441871124e+11|2.447952782e+11|2.455648789e+11|0.000000|0.000000|0.000000
1.838489141e+06|2.429928180e+11|2.435979226e+11|2.443657518e+11|0.000000|0.000000|0.000000
1.855861091e+06|2.418308541e+11|2.424333463e+11|2.431996278e+11|0.000000|0.000000|0.000000
1.875087085e+06|2.405340886e+11|2.411340781e+11|2.418988284e+11|0.000000|0.000000|0.000000
1.893557026e+06|2.392776993e+11|2.398756657e+11|2.406391215e+11|0.000000|0.000000|0.000000
1.908570566e+06|2.382488000e+11|2.388453945e+11|2.396079231e+11|0.000000|0.000000|0.000000
1.922983254e+06|2.372546755e+11|2.378501807e+11|2.386119230e+11|0.000000|0.000000|0.000000
1.937678650e+06|2.362346230e+11|2.368292452e+11|2.375902887e+11|0.000000|0.000000|0.000000
1.953611729e+06|2.351213610e+11|2.357152823e+11|2.364756840e+11|0.000000|0.000000|0.000000
1.970747624e+06|2.339156259e+11|2.345090877e+11|2.352689309e+11|0.000000|0.000000|0.000000
1.988758687e+06|2.326389456e+11|2.332322483e+11|2.339916493e+11|0.000000|0.000000|0.000000
2.007346559e+06|2.313113753e+11|2.319048555e+11|2.326639526e+11|0.000000|0.000000|0.000000
2.022344289e+06|2.302328541e+11|2.308267261e+11|2.315856887e+11|0.000000|0.000000|0.000000
2.037935685e+06|2.291047089e+11|2.296992192e+11|2.304581448e+11|0.000000|0.000000|0.000000
2.051232339e+06|2.281370503e+11|2.287322875e+11|2.294912629e+11|0.000000|0.000000|0.000000
2.064912464e+06|2.271361761e+11|2.277323333e+11|2.284914372e+11|0.000000|0.000000|0.000000
2.079215913e+06|2.260839694e+11|2.266812717e+11|2.274405919e+11|0.000000|0.000000|0.000000
2.095874764e+06|2.248511510e+11|2.254500176e+11|2.262096938e+11|0.000000|0.000000|0.000000
2.115228449e+06|2.234090485e+11|2.240100356e+11|2.247702631e+11|0.000000|0.000000|0.000000
2.131717508e+06|2.221720974e+11|2.227751403e+11|2.235359520e+11|0.000000|0.000000|0.000000
2.146499042e+06|2.210567899e+11|2.216618647e+11|2.224232875e+11|0.000000|0.000000|0.000000
2.161205313e+06|2.199411486e+11|2.205484164e+11|2.213105279e+11|0.000000|0.000000|0.000000
2.173019514e+06|2.190405847e+11|2.196497346e+11|2.204124566e+11|0.000000|0.000000|0.000000
2.186748688e+06|2.179892396e+11|2.186007071e+11|2.193642015e+11|0.000000|0.000000|0.000000
2.200941672e+06|2.168969744e+11|2.175109804e+11|2.182753432e+11|0.000000|0.000000|0.000000
2.215933458e+06|2.157373066e+11|2.163541456e+11|2.171195015e+11|0.000000|0.000000|0.000000
2.230967744e+06|2.145682740e+11|2.151881038e+11|2.159545324e+11|0.000000|0.000000|0.000000
2.249603443e+06|2.131108171e+11|2.137345524e+11|2.145024148e+11|0.000000|0.000000|0.000000
2.265809437e+06|2.118358921e+11|2.124631921e+11|2.132323931e+11|0.000000|0.000000|0.000000
2.278996316e+06|2.107933770e+11|2.114236866e+11|2.121940385e+11|0.000000|0.000000|0.000000
2.290875978e+06|2.098503108e+11|2.104834109e+11|2.112548461e+11|0.000000|0.000000|0.000000
2.304943823e+06|2.087287899e+11|2.093652862e+11|2.101380600e+11|0.000000|0.000000|0.000000
2.316524284e+06|2.078017307e+11|2.084410929e+11|2.092150133e+11|0.000000|0.000000|0.000000
2.329248388e+06|2.067791470e+11|2.074217267e+11|2.081969525e+11|0.000000|0.000000|0.000000
2.344753102e+06|2.055275135e+11|2.061741036e+11|2.069509835e+11|0.000000|0.000000|0.000000
2.359225755e+06|2.043536990e+11|2.050041140e+11|2.057825994e+11|0.000000|0.000000|0.000000
2.376437266e+06|2.029508962e+11|2.036059513e+11|2.043864213e+11|0.000000|0.000000|0.000000
2.393581377e+06|2.015462496e+11|2.022060126e+11|2.029885391e+11|0.000000|0.000000|0.000000
2.406315284e+06|2.004982387e+11|2.011615463e+11|2.019456503e+11|0.000000|0.000000|0.000000
2.416717818e+06|1.996391501e+11|2.003053790e+11|2.010908027e+11|0.000000|0.000000|0.000000
2.427932494e+06|1.987100369e+11|1.993794371e+11|2.001663142e+11|0.000000|0.000000|0.000000
2.440418898e+06|1.976719801e+11|1.983449333e+11|1.991334654e+11|0.000000|0.000000|0.000000
2.454322941e+06|1.965116560e+11|1.971885862e+11|1.979790059e+11|0.000000|0.000000|0.000000
2.466733828e+06|1.954720415e+11|1.961525338e+11|1.969446773e+11|0.000000|0.000000|0.000000
2.481185145e+06|1.942569114e+11|1.949415579e+11|1.957357537e+11|0.000000|0.000000|0.000000
2.497643195e+06|1.928670744e+11|1.935564494e+11|1.943530402e+11|0.000000|0.000000|0.000000
2.512661102e+06|1.915933554e+11|1.922870312e+11|1.930858597e+11|0.000000|0.000000|0.000000
2.526834074e+06|1.903865309e+11|1.910842434e+11|1.918852282e+11|0.000000|0.000000|0.000000
2.538687763e+06|1.893736679e+11|1.900747332e+11|1.908775537e+11|0.000000|0.000000|0.000000
2.550605153e+06|1.883521512e+11|1.890565599e+11|1.898612550e+11|0.000000|0.000000|0.000000
2.562387502e+06|1.873390691e+11|1.880467507e+11|1.888533273e+11|0.000000|0.000000|0.000000
2.573293611e+06|1.863985666e+11|1.871092441e+11|1.879175863e+11|0.000000|0.000000|0.000000
2.584203142e+06|1.854551319e+11|1.861687691e+11|1.869789004e+11|0.000000|0.000000|0.000000
2.597021662e+06|1.843432676e+11|1.850603290e+11|1.858725909e+11|0.000000|0.000000|0.000000
2.610037528e+06|1.832106195e+11|1.839310912e+11|1.847455474e+11|0.000000|0.000000|0.000000
2.627621789e+06|1.816746188e+11|1.823995776e+11|1.832170458e+11|0.000000|0.000000|0.000000
2.645067570e+06|1.801441921e+11|1.808734479e+11|1.816939569e+11|0.000000|0.000000|0.000000
2.657177382e+06|1.790780850e+11|1.798102224e+11|1.806328719e+11|0.000000|0.000000|0.000000
2.669584889e+06|1.779825926e+11|1.787175883e+11|1.795424554e+11|0.000000|0.000000|0.000000
2.680996510e+06|1.769722158e+11|1.777097501e+11|1.785366781e+11|0.000000|0.000000|0.000000
2.691259957e+06|1.760612144e+11|1.768009531e+11|1.776297516e+11|0.000000|0.000000|0.000000
2.701460641e+06|1.751536589e+11|1.758955102e+11|1.767261832e+11|0.000000|0.000000|0.000000
2.711133882e+06|1.742910883e+11|1.750348669e+11|1.758673316e+11|0.000000|0.000000|0.000000
2.722333166e+06|1.732900975e+11|1.740360100e+11|1.748705656e+11|0.000000|0.000000|0.000000
2.736366321e+06|1.720323010e+11|1.727807316e+11|1.736179316e+11|0.000000|0.000000|0.000000
2.750500717e+06|1.707615207e+11|1.715123015e+11|1.723521915e+11|0.000000|0.000000|0.000000
2.769519502e+06|1.690454883e+11|1.697991160e+11|1.706426660e+11|0.000000|0.000000|0.000000
2.785341827e+06|1.676125973e+11|1.683682984e+11|1.692149270e+11|0.000000|0.000000|0.000000
2.796713332e+06|1.665798615e+11|1.673368769e+11|1.681857363e+11|0.000000|0.000000|0.000000
2.807199634e+06|1.656253797e+11|1.663834706e+11|1.672344001e+11|0.000000|0.000000|0.000000
2.817863943e+06|1.646526117e+11|1.654116563e+11|1.662647034e+11|0.000000|0.000000|0.000000
2.827798228e+06|1.637445614e+11|1.645043629e+11|1.653593936e+11|0.000000|0.000000|0.000000
2.837389246e+06|1.628661898e+11|1.636265972e+11|1.644835526e+11|0.000000|0.000000|0.000000
2.847116989e+06|1.619736080e+11|1.627345006e+11|1.635934176e+11|0.000000|0.000000|0.000000
2.856572946e+06|1.611050886e+11|1.618663893e+11|1.627272180e+11|1.000000|1.000000|1.000000
2.870405088e+06|1.598286160e+11|1.605899969e+11|1.614536534e+11|1.000000|1.000000|1.000000
2.887252923e+06|1.582738460e+11|1.590353245e+11|1.599024254e+11|1.000000|1.000000|1.000000
2.904622500e+06|1.566709280e+11|1.574325072e+11|1.583031592e+11|1.000000|1.000000|1.000000
2.921118188e+06|1.551486553e+11|1.559103300e+11|1.567843544e+11|1.000000|1.000000|1.000000
2.931718579e+06|1.541704186e+11|1.549321547e+11|1.558083463e+11|1.000000|1.000000|1.000000
2.940574900e+06|1.533531301e+11|1.541149175e+11|1.549929197e+11|1.000000|1.000000|1.000000
2.949007502e+06|1.525749437e+11|1.533367800e+11|1.542165061e+11|1.000000|1.000000|1.000000
2.957731860e+06|1.517698331e+11|1.525317200e+11|1.534132297e+11|1.000000|1.000000|1.000000
2.965878997e+06|1.510179903e+11|1.517799243e+11|1.526630997e+11|1.000000|1.000000|1.000000
2.973873192e+06|1.502802614e+11|1.510422418e+11|1.519270514e+11|1.000000|1.000000|1.000000
2.982882148e+06|1.494488872e+11|1.502109198e+11|1.510975712e+11|1.000000|1.000000|1.000000
2.997573891e+06|1.480930880e+11|1.488552058e+11|1.497448608e+11|1.000000|1.000000|1.000000
3.026170070e+06|1.454541447e+11|1.462164282e+11|1.471119294e+11|1.000000|1.000000|1.000000
3.049597002e+06|1.432922354e+11|1.440546546e+11|1.449549453e+11|1.000000|1.000000|1.000000
3.059629377e+06|1.423664171e+11|1.431288944e+11|1.440312361e+11|1.000000|1.000000|1.000000
3.067565784e+06|1.416340210e+11|1.423965443e+11|1.433005086e+11|1.000000|1.000000|1.000000
3.074072470e+06|1.410335640e+11|1.417961250e+11|1.427014195e+11|1.000000|1.000000|1.000000
3.080607402e+06|1.404305005e+11|1.411930993e+11|1.420997298e+11|1.000000|1.000000|1.000000
3.085033205e+06|1.400220737e+11|1.407846982e+11|1.416922335e+11|1.000000|1.000000|1.000000
3.089069004e+06|1.396496378e+11|1.404122857e+11|1.413206461e+11|1.000000|1.000000|1.000000
3.093291129e+06|1.392600072e+11|1.400226795e+11|1.409319031e+11|1.000000|1.000000|1.000000
3.098181986e+06|1.388086638e+11|1.395713645e+11|1.404815879e+11|1.000000|1.000000|1.000000
3.104834476e+06|1.381947516e+11|1.389574908e+11|1.398690743e+11|1.000000|1.000000|1.000000
3.114808026e+06|1.372743617e+11|1.380371588e+11|1.389507813e+11|1.000000|1.000000|1.000000
3.200795151e+06|1.293392056e+11|1.301025009e+11|1.310337026e+11|1.000000|1.000000|1.000000
3.214343082e+06|1.280889609e+11|1.288523347e+11|1.297863062e+11|1.000000|1.000000|1.000000
3.219933336e+06|1.275730751e+11|1.283364813e+11|1.292715956e+11|1.000000|1.000000|1.000000
3.223623085e+06|1.272325737e+11|1.279960013e+11|1.289318700e+11|1.000000|1.000000|1.000000
3.225923835e+06|1.270202534e+11|1.277836943e+11|1.287200334e+11|1.000000|1.000000|1.000000
3.227964712e+06|1.268319150e+11|1.275953678e+11|1.285321241e+11|1.000000|1.000000|1.000000
3.229851665e+06|1.266577812e+11|1.274212448e+11|1.283583869e+11|1.000000|1.000000|1.000000
3.231734448e+06|1.264840322e+11|1.272475067e+11|1.281850338e+11|1.000000|1.000000|1.000000
3.233758577e+06|1.262972393e+11|1.270607256e+11|1.279986665e+11|1.000000|1.000000|1.000000
3.235801624e+06|1.261087007e+11|1.268721989e+11|1.278105574e+11|1.000000|1.000000|1.000000
3.237982912e+06|1.259074048e+11|1.266709156e+11|1.276097200e+11|1.000000|1.000000|1.000000
3.240126140e+06|1.257096210e+11|1.264731442e+11|1.274123869e+11|1.000000|1.000000|1.000000
3.242659437e+06|1.254758406e+11|1.262393785e+11|1.271791390e+11|1.000000|1.000000|1.000000
3.246036054e+06|1.251642361e+11|1.259277935e+11|1.268682444e+11|1.000000|1.000000|1.000000
3.251180181e+06|1.246895202e+11|1.254531075e+11|1.263946100e+11|1.000000|1.000000|1.000000
3.386610779e+06|1.121915684e+11|1.129559404e+11|1.139251305e+11|1.000000|1.000000|1.000000
3.419952827e+06|1.091146618e+11|1.098792270e+11|1.108552335e+11|1.000000|1.000000|1.000000
3.424931452e+06|1.086552189e+11|1.094198130e+11|1.103968373e+11|1.000000|1.000000|1.000000
3.428498435e+06|1.083260468e+11|1.090906615e+11|1.100684151e+11|1.000000|1.000000|1.000000
3.431827462e+06|1.079422470e+11|1.087834680e+11|1.097619022e+11|2.000000|1.000000|1.000000
3.435032675e+06|1.078219278e+11|1.084876996e+11|1.094667890e+11|2.000000|1.000000|1.000000
3.438446552e+06|1.076937757e+11|1.079933732e+11|1.091524637e+11|2.000000|2.000000|1.000000
3.442622658e+06|1.075370107e+11|1.078385423e+11|1.087679578e+11|2.000000|2.000000|1.000000
3.448658063e+06|1.073104501e+11|1.076147771e+11|1.079201483e+11|2.000000|2.000000|2.000000
3.541629333e+06|1.038204404e+11|1.041678271e+11|1.045168415e+11|2.000000|2.000000|2.000000
3.598548312e+06|1.016837826e+11|1.020575314e+11|1.024332650e+11|2.000000|2.000000|2.000000
3.605599075e+06|1.014191070e+11|1.017961214e+11|1.021751647e+11|2.000000|2.000000|2.000000
3.611275109e+06|1.012060367e+11|1.015856799e+11|1.019673878e+11|2.000000|2.000000|2.000000
3.615805276e+06|1.010359807e+11|1.014177221e+11|1.018015565e+11|2.000000|2.000000|2.000000
3.620514700e+06|1.008591955e+11|1.012431181e+11|1.016291633e+11|2.000000|2.000000|2.000000
3.626164050e+06|1.006471270e+11|1.010336661e+11|1.014223632e+11|2.000000|2.000000|2.000000
3.632670202e+06|1.004028952e+11|1.007924477e+11|1.011841989e+11|2.000000|2.000000|2.000000
3.645825239e+06|9.990907379e+10|1.003047190e+11|1.007026455e+11|2.000000|2.000000|2.000000
3.730386572e+06|9.673476122e+10|9.716957112e+10|9.760719291e+10|2.000000|2.000000|2.000000
3.759267351e+06|9.565061773e+10|9.609880380e+10|9.654998296e+10|2.000000|2.000000|2.000000
3.768358385e+06|9.530935319e+10|9.576174978e+10|9.621719651e+10|2.000000|2.000000|2.000000
3.776411156e+06|9.500706357e+10|9.546318982e+10|9.592241672e+10|2.000000|2.000000|2.000000
3.784196926e+06|9.471479683e+10|9.517452907e+10|9.563741080e+10|2.000000|2.000000|2.000000
3.792017405e+06|9.442122712e+10|9.488458142e+10|9.535113429e+10|2.000000|2.000000|2.000000
3.801018936e+06|9.408332239e+10|9.455084577e+10|9.502162418e+10|2.000000|2.000000|2.000000
3.815076077e+06|9.355563726e+10|9.402967121e+10|9.450704841e+10|2.000000|2.000000|2.000000
3.856199769e+06|9.201191214e+10|9.250499260e+10|9.300167430e+10|2.000000|2.000000|2.000000
3.910422947e+06|8.997645091e+10|9.049464491e+10|9.101678034e+10|2.000000|2.000000|2.000000
3.924678540e+06|8.944131616e+10|8.996611265e+10|9.049494002e+10|2.000000|2.000000|2.000000
3.934111906e+06|8.908720098e+10|8.961636654e+10|9.014962217e+10|2.000000|2.000000|2.000000
3.941343154e+06|8.880888029e+10|8.934066619e+10|8.987657567e+10|3.000000|3.000000|3.000000
3.949071323e+06|8.851252031e+10|8.904721570e+10|8.958607249e+10|3.000000|3.000000|3.000000
3.959014743e+06|8.812860547e+10|8.866675642e+10|8.920911318e+10|3.000000|3.000000|3.000000
3.971485587e+06|8.764314762e+10|8.818518623e+10|8.873148005e+10|3.000000|3.000000|3.000000
3.992011508e+06|8.683515037e+10|8.738254657e+10|8.793426556e+10|3.000000|3.000000|3.000000
4.037505502e+06|8.500926546e+10|8.556423538e+10|8.612362922e+10|3.000000|3.000000|3.000000
4.073918787e+06|8.351886900e+10|8.407602593e+10|8.463765388e+10|3.000000|3.000000|3.000000
4.087666952e+06|8.295063641e+10|8.350780552e+10|8.406945849e+10|3.000000|3.000000|3.000000
4.097008889e+06|8.256300867e+10|8.311994711e+10|8.368137711e+10|3.000000|3.000000|3.000000
4.106693028e+06|8.215998818e+10|8.271649055e+10|8.327749179e+10|3.000000|3.000000|3.000000
4.116281782e+06|8.175982290e+10|8.231570209e+10|8.287608694e+10|3.000000|3.000000|3.000000
4.125830544e+06|8.136030534e+10|8.191538076e+10|8.247496835e+10|3.000000|3.000000|3.000000
4.139514512e+06|8.078615064e+10|8.133976734e+10|8.189790543e+10|3.000000|3.000000|3.000000
4.163387021e+06|7.978053795e+10|8.033079144e+10|8.088558354e+10|3.000000|3.000000|3.000000
4.198852775e+06|7.827935197e+10|7.882285426e+10|7.937092805e+10|3.000000|3.000000|3.000000
4.231982440e+06|7.687191431e+10|7.740743428e+10|7.794757012e+10|3.000000|3.000000|3.000000
4.250167579e+06|7.609819908e+10|7.662873043e+10|7.716390960e+10|3.000000|3.000000|3.000000
4.260720060e+06|7.564905347e+10|7.617651086e+10|7.670863749e+10|3.000000|3.000000|3.000000
4.271136490e+06|7.520566127e+10|7.572996331e+10|7.625895799e+10|3.000000|3.000000|3.000000
4.281317845e+06|7.477230388e+10|7.529341161e+10|7.581923713e+10|3.000000|3.000000|3.000000
4.292488475e+06|7.429694370e+10|7.481442831e+10|7.533666102e+10|3.000000|3.000000|3.000000
4.306671656e+06|7.369366070e+10|7.420637790e+10|7.472388602e+10|3.000000|3.000000|3.000000
4.327723894e+06|7.279906813e+10|7.330439407e+10|7.381458391e+10|3.000000|3.000000|3.000000
4.358536167e+06|7.149245834e+10|7.198637673e+10|7.248528758e+10|3.000000|3.000000|3.000000
4.390618549e+06|7.013668457e+10|7.061811754e+10|7.110470618e+10|3.000000|3.000000|3.000000
4.410512460e+06|6.929896212e+10|6.977240771e+10|7.025112598e+10|3.000000|3.000000|3.000000
4.421940949e+06|6.881888142e+10|6.928767036e+10|6.976180480e+10|3.000000|3.000000|3.000000
4.432671234e+06|6.836896094e+10|6.883333959e+10|6.930313591e+10|3.000000|3.000000|3.000000
4.444007982e+06|6.789452857e+10|6.835421341e+10|6.881939617e+10|3.000000|3.000000|3.000000
4.455898741e+06|6.739796968e+10|6.785269987e+10|6.831301663e+10|3.000000|3.000000|3.000000
4.470263208e+06|6.679961858e+10|6.724832987e+10|6.770274094e+10|3.000000|3.000000|3.000000
4.488747632e+06|6.603219705e+10|6.647312671e+10|6.691991174e+10|3.000000|3.000000|3.000000
4.517562307e+06|6.484192646e+10|6.527069621e+10|6.570558606e+10|3.000000|3.000000|3.000000
4.544794347e+06|6.372416161e+10|6.414147385e+10|6.456518102e+10|3.000000|3.000000|3.000000
4.566147626e+06|6.285276368e+10|6.326116041e+10|6.367618403e+10|3.000000|3.000000|3.000000
4.581624889e+06|6.222402468e+10|6.262601640e+10|6.303481202e+10|3.000000|3.000000|3.000000
4.592918086e+06|6.176680422e+10|6.216416015e+10|6.256845372e+10|3.000000|3.000000|3.000000
4.603842521e+06|6.132577048e+10|6.171867673e+10|6.211865364e+10|3.000000|3.000000|3.000000
4.615685483e+06|6.084906316e+10|6.123718855e+10|6.163253279e+10|3.000000|3.000000|3.000000
4.630035036e+06|6.027343848e+10|6.065583744e+10|6.104564017e+10|3.000000|3.000000|3.000000
4.647574058e+06|5.957283584e+10|5.994834503e+10|6.033149183e+10|3.000000|3.000000|3.000000
4.667924098e+06|5.876405811e+10|5.913174124e+10|5.950734364e+10|3.000000|3.000000|3.000000
4.689299574e+06|5.791929700e+10|5.827897517e+10|5.864687983e+10|3.000000|3.000000|3.000000
4.713678846e+06|5.696178711e+10|5.731263260e+10|5.767206824e+10|3.000000|3.000000|3.000000
4.738205846e+06|5.600485084e+10|5.634715906e+10|5.669843644e+10|3.000000|3.000000|3.000000
4.752614617e+06|5.544563992e+10|5.578310749e+10|5.612977248e+10|3.000000|3.000000|3.000000
4.764614058e+06|5.498159017e+10|5.531513004e+10|5.565806038e+10|3.000000|3.000000|3.000000
4.776872735e+06|5.450905367e+10|5.483868143e+10|5.517789942e+10|3.000000|3.000000|3.000000
4.788522234e+06|5.406142687e+10|5.438743368e+10|5.472322278e+10|3.000000|3.000000|3.000000
4.803102754e+06|5.350311525e+10|5.382472666e+10|5.415636360e+10|3.000000|3.000000|3.000000
4.818535822e+06|5.291447421e+10|5.323160329e+10|5.355901841e+10|3.000000|3.000000|3.000000
4.838585940e+06|5.215322453e+10|5.246479945e+10|5.278700292e+10|3.000000|3.000000|3.000000
4.859532322e+06|5.136206567e+10|5.166817278e+10|5.198527030e+10|3.000000|3.000000|3.000000
4.884747415e+06|5.041509072e+10|5.071508319e+10|5.102650559e+10|3.000000|3.000000|3.000000
4.906432063e+06|4.960527382e+10|4.990042698e+10|5.020739012e+10|3.000000|3.000000|3.000000
4.921475287e+06|4.904587785e+10|4.933790615e+10|4.964200852e+10|3.000000|3.000000|3.000000
4.934109652e+06|4.857752802e+10|4.886708085e+10|4.916892944e+10|3.000000|3.000000|3.000000
4.948082107e+06|4.806109670e+10|4.834807178e+10|4.864758738e+10|3.000000|3.000000|3.000000
4.961263641e+06|4.757532224e+10|4.786002063e+10|4.815748971e+10|3.000000|3.000000|3.000000
4.974330444e+06|4.709510045e+10|4.737769158e+10|4.767328056e+10|3.000000|3.000000|3.000000
4.991021101e+06|4.648355231e+10|4.676366957e+10|4.705707295e+10|3.000000|3.000000|3.000000
5.010118157e+06|4.578628499e+10|4.606387271e+10|4.635507302e+10|3.000000|3.000000|3.000000
5.031765073e+06|4.499892576e+10|4.527403570e+10|4.556312280e+10|3.000000|3.000000|3.000000
5.052552749e+06|4.424565831e+10|4.451877844e+10|4.480621913e+10|3.000000|3.000000|3.000000
5.072360223e+06|4.353033915e+10|4.380191753e+10|4.408813639e+10|3.000000|3.000000|3.000000
5.088413447e+06|4.295223519e+10|4.322281639e+10|4.350829142e+10|3.000000|3.000000|3.000000
5.103691954e+06|4.240331228e+10|4.267315293e+10|4.295812302e+10|3.000000|3.000000|3.000000
5.118236166e+06|4.188186957e+10|4.215119277e+10|4.243586424e+10|3.000000|3.000000|3.000000
5.132333363e+06|4.137742003e+10|4.164641470e+10|4.193096429e+10|3.000000|3.000000|3.000000
5.148564237e+06|4.079772902e+10|4.106655421e+10|4.135116505e+10|3.000000|3.000000|3.000000
5.162921615e+06|4.028587940e+10|4.055473871e+10|4.083958089e+10|3.000000|3.000000|3.000000
5.177689017e+06|3.976026232e+10|4.002933448e+10|4.031458522e+10|3.000000|3.000000|3.000000
5.196565106e+06|3.908956826e+10|3.935917067e+10|3.964519052e+10|3.000000|3.000000|3.000000
5.218047004e+06|3.832773525e+10|3.859828604e+10|3.888550968e+10|3.000000|3.000000|3.000000
5.239120664e+06|3.758172294e+10|3.785355134e+10|3.814228489e+10|3.000000|3.000000|3.000000
5.257287832e+06|3.693955103e+10|3.721274859e+10|3.750303610e+10|3.000000|3.000000|3.000000
5.271895375e+06|3.642377556e+10|3.669824848e+10|3.698994899e+10|3.000000|3.000000|3.000000
5.285173300e+06|3.595534674e+10|3.623111007e+10|3.652421730e+10|3.000000|3.000000|3.000000
5.298418493e+06|3.548841750e+10|3.576558911e+10|3.606021195e+10|3.000000|3.000000|3.000000
5.314015425e+06|3.493898214e+10|3.521796239e+10|3.551450878e+10|3.000000|3.000000|3.000000
5.329445897e+06|3.439579065e+10|3.467671476e+10|3.497530602e+10|3.000000|3.000000|3.000000
5.346662599e+06|3.379011211e+10|3.407337916e+10|3.437441065e+10|3.000000|3.000000|3.000000
5.364144807e+06|3.317546234e+10|3.346128768e+10|3.376495902e+10|3.000000|3.000000|3.000000
5.383178045e+06|3.250664339e+10|3.279544817e+10|3.310216732e+10|3.000000|3.000000|3.000000
5.403494371e+06|3.179309126e+10|3.208528551e+10|3.239544276e+10|3.000000|3.000000|3.000000
5.424594811e+06|3.105232518e+10|3.134825104e+10|3.166216288e+10|3.000000|3.000000|3.000000
5.441579811e+06|3.045624556e+10|3.075531870e+10|3.107237530e+10|3.000000|3.000000|3.000000
5.455254626e+06|2.997645516e+10|3.027814747e+10|3.059780725e+10|3.000000|3.000000|3.000000
5.467860461e+06|2.953425946e+10|2.983842831e+10|3.016053859e+10|3.000000|3.000000|3.000000
5.482530847e+06|2.901974606e+10|2.932686582e+10|2.965188289e+10|3.000000|3.000000|3.000000
5.497699285e+06|2.848788313e+10|2.879812432e+10|2.912620125e+10|3.000000|3.000000|3.000000
5.514612760e+06|2.789498062e+10|2.820877651e+10|2.854032004e+10|3.000000|3.000000|3.000000
5.531920384e+06|2.728843827e+10|2.760594063e+10|2.794107887e+10|3.000000|3.000000|3.000000
5.549730944e+06|2.666448455e+10|2.698586011e+10|2.732473334e+10|3.000000|3.000000|3.000000
5.567731866e+06|2.603412153e+10|2.635945761e+10|2.670212739e+10|3.000000|3.000000|3.000000
5.586751422e+06|2.536842860e+10|2.569798222e+10|2.604466937e+10|3.000000|3.000000|3.000000
5.607375220e+06|2.464707001e+10|2.498121342e+10|2.533224162e+10|3.000000|3.000000|3.000000
5.624612606e+06|2.404462703e+10|2.438260223e+10|2.473722877e+10|3.000000|3.000000|3.000000
5.640992632e+06|2.347262286e+10|2.381422111e+10|2.417222711e+10|3.000000|3.000000|3.000000
5.656300165e+06|2.293856021e+10|2.328351657e+10|2.364463369e+10|3.000000|3.000000|3.000000
5.672678127e+06|2.236775890e+10|2.271626591e+10|2.308064868e+10|3.000000|3.000000|3.000000
5.685741797e+06|2.191298106e+10|2.226428000e+10|2.263121191e+10|3.000000|3.000000|3.000000
5.699847089e+06|2.142252244e+10|2.177678711e+10|2.214640719e+10|3.000000|3.000000|3.000000
5.714255331e+06|2.092222801e+10|2.127946071e+10|2.165174871e+10|3.000000|3.000000|3.000000
5.735042702e+06|2.020184946e+10|2.056323534e+10|2.093921402e+10|3.000000|3.000000|3.000000
5.755883476e+06|1.948155690e+10|1.984692693e+10|2.022639113e+10|3.000000|3.000000|3.000000
5.775765066e+06|1.879650995e+10|1.916548503e+10|1.954804612e+10|3.000000|3.000000|3.000000
5.794902182e+06|1.813932906e+10|1.851156800e+10|1.889687407e+10|3.000000|3.000000|3.000000
5.810833190e+06|1.759411469e+10|1.796889848e+10|1.835629535e+10|3.000000|3.000000|3.000000
5.826828221e+06|1.704860726e+10|1.742577324e+10|1.781507642e+10|3.000000|3.000000|3.000000
5.842159215e+06|1.652770958e+10|1.690698256e+10|1.729791800e+10|3.000000|3.000000|3.000000
5.855620060e+06|1.607208149e+10|1.645305159e+10|1.684525247e+10|3.000000|3.000000|3.000000
5.869705705e+06|1.559718037e+10|1.597976305e+10|1.637311012e+10|3.000000|3.000000|3.000000
5.885344768e+06|1.507233690e+10|1.545650177e+10|1.585089589e+10|3.000000|3.000000|3.000000
5.904015803e+06|1.444939226e+10|1.483513951e+10|1.523045368e+10|3.000000|3.000000|3.000000
5.927003898e+06|1.368843381e+10|1.407563580e+10|1.447155510e+10|3.000000|3.000000|3.000000
5.955654474e+06|1.275047909e+10|1.313866400e+10|1.353445642e+10|3.000000|3.000000|3.000000
5.979409736e+06|1.198268046e+10|1.237091963e+10|1.276580523e+10|3.000000|3.000000|3.000000
5.995357606e+06|1.147280311e+10|1.186066270e+10|1.225450370e+10|3.000000|3.000000|3.000000
6.009605554e+06|1.102137343e+10|1.140859541e+10|1.180119179e+10|3.000000|3.000000|3.000000
6.021023722e+06|1.066256364e+10|1.104906295e+10|1.144044174e+10|3.000000|3.000000|3.000000
6.031433722e+06|1.033784933e+10|1.072351994e+10|1.111361249e+10|3.000000|3.000000|3.000000
6.042247228e+06|1.000309834e+10|1.038773136e+10|1.077630489e+10|3.000000|3.000000|3.000000
6.052948181e+06|9.674501441e+09|1.005792519e+10|1.044480707e+10|3.000000|3.000000|3.000000
6.065707172e+06|9.286339920e+09|9.668077319e+09|1.005269029e+10|3.000000|3.000000|3.000000
6.079233544e+06|8.879359400e+09|9.259009243e+09|9.640908698e+09|3.000000|3.000000|3.000000
6.100388613e+06|8.252770404e+09|8.628511772e+09|9.005507712e+09|3.000000|3.000000|3.000000
6.141971818e+06|7.059915424e+09|7.425541544e+09|7.790416841e+09|3.000000|3.000000|3.000000
6.196518178e+06|5.584841926e+09|5.931857551e+09|6.275418069e+09|3.000000|3.000000|3.000000
6.217472511e+06|5.049019645e+09|5.387135745e+09|5.720744202e+09|3.000000|3.000000|3.000000
6.231347044e+06|4.704599248e+09|5.036255390e+09|5.362704984e+09|3.000000|3.000000|3.000000
6.241648843e+06|4.454468869e+09|4.781027530e+09|5.101860290e+09|3.000000|3.000000|3.000000
6.248811549e+06|4.283462138e+09|4.606322404e+09|4.923095678e+09|3.000000|3.000000|3.000000
6.255136879e+06|4.134477957e+09|4.453965478e+09|4.767047252e+09|3.000000|3.000000|3.000000
6.262065140e+06|3.973523778e+09|4.289200751e+09|4.598123079e+09|3.000000|3.000000|3.000000
6.269236835e+06|3.809422467e+09|4.121025317e+09|4.425512752e+09|3.000000|3.000000|3.000000
6.277325389e+06|3.627472101e+09|3.934319546e+09|4.233645319e+09|3.000000|3.000000|3.000000
6.287654395e+06|3.400071614e+09|3.700595408e+09|3.993080023e+09|3.000000|3.000000|3.000000
6.302312471e+06|3.087205205e+09|3.378262191e+09|3.660548817e+09|3.000000|3.000000|3.000000
6.324378571e+06|2.639009321e+09|2.914694839e+09|3.180518887e+09|3.000000|3.000000|3.000000
6.358353295e+06|2.006193669e+09|2.255473774e+09|2.493244118e+09|3.000000|3.000000|3.000000
6.409965525e+06|1.191576031e+09|1.394011363e+09|1.582540831e+09|3.000000|3.000000|3.000000
6.490185345e+06|3.320763895e+08|4.441754221e+08|5.390422878e+08|3.000000|3.000000|3.000000
6.627445730e+06|2.961618613e+08|1.976634689e+08|7.810381303e+07|3.000000|3.000000|3.000000
