#PHASE|Nmant|Nmant/Nmanttot|Mmant|Mmant/Mmanttot|RRRminmant|RRRminmantEq|RRRmaxmant|RRRmaxmantEq|Ncore|Ncore/Ncoretot|Mcore|Mcore/Mcoretot|RRRmincore|RRRmaxcore|
0.000000000e+00|0.000000000e+00|0.000000000e+00|0.000000000e+00|0.000000000e+00|inf|inf|-inf|inf|0.000000000e+00|0.000000000e+00|0.000000000e+00|0.000000000e+00|inf|-inf
1.000000000e+00|0.000000000e+00|0.000000000e+00|0.000000000e+00|0.000000000e+00|inf|inf|-inf|inf|0.000000000e+00|0.000000000e+00|0.000000000e+00|0.000000000e+00|inf|-inf
2.000000000e+00|0.000000000e+00|0.000000000e+00|0.000000000e+00|0.000000000e+00|inf|inf|-inf|inf|0.000000000e+00|0.000000000e+00|0.000000000e+00|0.000000000e+00|inf|-inf
3.000000000e+00|0.000000000e+00|0.000000000e+00|0.000000000e+00|0.000000000e+00|inf|inf|-inf|inf|0.000000000e+00|0.000000000e+00|0.000000000e+00|0.000000000e+00|inf|-inf
4.000000000e+00|2.330000000e+02|1.716757171e-03|9.135585331e+21|1.710373927e-03|4.001632634e+06|4.001632634e+06|6.934347037e+06|inf|2.330000000e+02|0.000000000e+00|0.000000000e+00|0.000000000e+00|inf|-inf
5.000000000e+00|1.896000000e+03|1.396983518e-02|7.463239613e+22|1.397275597e-02|1.078158456e+07|1.139299288e+07|4.058900438e+08|inf|1.896000000e+03|0.000000000e+00|0.000000000e+00|0.000000000e+00|inf|-inf
6.000000000e+00|5.300000000e+01|3.905069960e-04|2.093551494e+21|3.919569203e-04|1.159610292e+07|2.540718589e+07|3.751613468e+08|inf|5.300000000e+01|0.000000000e+00|0.000000000e+00|0.000000000e+00|inf|-inf
7.000000000e+00|9.707000000e+03|7.152172471e-02|3.829916480e+23|7.170410055e-02|1.162514286e+07|1.197995908e+07|3.825934082e+08|inf|9.707000000e+03|1.178952794e-02|2.886186555e+22|1.181179061e-02|1.064003766e+07|3.663575757e+08
8.000000000e+00|1.238320000e+05|9.124011759e-01|4.872426399e+24|9.122208126e-01|3.924995269e+06|3.924995269e+06|1.223001627e+07|inf|1.238320000e+05|9.882104721e-01|2.414617410e+24|9.881882094e-01|9.456988573e+04|1.071611789e+07
