#PHASE|Nmant|Nmant/Nmanttot|Mmant|Mmant/Mmanttot|RRRminmant|RRRminmantEq|RRRmaxmant|RRRmaxmantEq|Ncore|Ncore/Ncoretot|Mcore|Mcore/Mcoretot|RRRmincore|RRRmaxcore|
0.000000000e+00|0.000000000e+00|0.000000000e+00|0.000000000e+00|0.000000000e+00|inf|inf|-inf|inf|0.000000000e+00|0.000000000e+00|0.000000000e+00|0.000000000e+00|inf|-inf
1.000000000e+00|5.937300000e+04|4.247572989e-01|1.811519182e+24|4.268607533e-01|3.306458769e+06|3.424939978e+06|2.164183369e+08|inf|5.937300000e+04|0.000000000e+00|0.000000000e+00|0.000000000e+00|inf|-inf
2.000000000e+00|4.000000000e+00|2.861619247e-05|1.165695411e+20|2.746808459e-05|9.308029443e+07|1.451072584e+08|3.015158687e+08|inf|4.000000000e+00|0.000000000e+00|0.000000000e+00|0.000000000e+00|inf|-inf
3.000000000e+00|2.701900000e+04|1.932952261e-01|8.240881312e+23|1.941855675e-01|3.452751725e+06|3.452751725e+06|3.076229939e+08|inf|2.701900000e+04|0.000000000e+00|0.000000000e+00|0.000000000e+00|inf|-inf
4.000000000e+00|3.630700000e+04|2.597420250e-01|1.099344975e+24|2.590462352e-01|3.562324734e+06|3.562324734e+06|3.076170686e+08|inf|3.630700000e+04|9.095545954e-01|1.704434445e+24|9.128963044e-01|7.230654864e+04|1.616444907e+07
5.000000000e+00|2.730000000e+02|1.953055136e-03|7.972209558e+21|1.878546698e-03|6.873790470e+06|6.873790470e+06|3.762491856e+08|inf|2.730000000e+02|1.949254410e-04|3.496248492e+20|1.872593186e-04|1.189821733e+07|7.448123845e+07
6.000000000e+00|8.000000000e+00|5.723238495e-05|2.358640854e+20|5.557828047e-05|9.438827674e+06|inf|2.378532896e+08|inf|8.000000000e+00|1.624378675e-05|2.914195096e+19|1.560844972e-05|8.338677511e+06|8.338677511e+06
7.000000000e+00|9.930000000e+02|7.103969781e-03|2.942400255e+22|6.933380569e-03|7.740847792e+06|8.073488622e+06|2.364319611e+08|inf|9.930000000e+02|5.457912349e-03|9.792172052e+21|5.244694335e-03|7.392309881e+06|1.798867698e+08
8.000000000e+00|1.580400000e+04|1.130625765e-01|4.711166763e+23|1.110124703e-01|3.693530736e+06|3.693530736e+06|8.158269901e+06|inf|1.580400000e+04|8.477632306e-02|1.524571037e+23|8.165613347e-02|2.930295018e+06|7.660741274e+06
