#RRR|U50|U25|U75|Umean|T50|T25|T75|Tmean|P50|P25|P75|Pmean|rho50|rho25|rho75|Pmean|S
2.966814694e+05|8.001716084e+06|8.014416453e+06|8.025719781e+06|8.013478487e+06|7.455109822e+03|7.460076824e+03|7.464486007e+03|7.459702309e+03|3.010980714e+11|3.017142380e+11|3.022632236e+11|3.016690749e+11|1.172280273e+04|1.172858984e+04|1.173373413e+04|1.172816016e+04|2.010826038e+03
4.502872384e+05|7.960477392e+06|7.975006460e+06|7.985002932e+06|7.973563947e+06|7.438948401e+03|7.444647863e+03|7.448565782e+03|7.444077959e+03|2.990974912e+11|2.998023374e+11|3.002873022e+11|2.997323797e+11|1.170396729e+04|1.171061816e+04|1.171517944e+04|1.170994922e+04|2.010826038e+03
5.344298696e+05|7.930941770e+06|7.940897680e+06|7.950298450e+06|7.941115860e+06|7.427332301e+03|7.431254144e+03|7.434951806e+03|7.431332956e+03|2.976654903e+11|2.981479289e+11|2.986036412e+11|2.981587380e+11|1.169044214e+04|1.169500781e+04|1.169931543e+04|1.169510156e+04|2.010826038e+03
6.011699140e+05|7.898031099e+06|7.908285073e+06|7.919687269e+06|7.909948507e+06|7.414347756e+03|7.418396705e+03|7.422895475e+03|7.419042951e+03|2.960708023e+11|2.965676740e+11|2.971201887e+11|2.966483915e+11|1.167532788e+04|1.168004346e+04|1.168527686e+04|1.168079395e+04|2.010826038e+03
6.517464053e+05|7.875897226e+06|7.885119007e+06|7.901512199e+06|7.887002685e+06|7.405594339e+03|7.409244874e+03|7.415722667e+03|7.409977736e+03|2.949984119e+11|2.954451127e+11|2.962394694e+11|2.955366358e+11|1.166514014e+04|1.166938867e+04|1.167692944e+04|1.167024414e+04|2.010826038e+03
6.977358186e+05|7.847275585e+06|7.857348455e+06|7.873754983e+06|7.861997184e+06|7.394232599e+03|7.398233885e+03|7.404744775e+03|7.400063879e+03|2.936129046e+11|2.941005009e+11|2.948947226e+11|2.943258026e+11|1.165192969e+04|1.165658740e+04|1.166414673e+04|1.165871484e+04|2.010826038e+03
7.426161615e+05|7.811176031e+06|7.827264563e+06|7.842382227e+06|7.828354948e+06|7.379866899e+03|7.386274717e+03|7.392287717e+03|7.386693190e+03|2.918653776e+11|2.926441434e+11|2.933760246e+11|2.926972305e+11|1.163523218e+04|1.164267969e+04|1.164967090e+04|1.164316992e+04|2.010826038e+03
7.779758958e+05|7.794227525e+06|7.811241902e+06|7.825021616e+06|7.811502088e+06|7.373096631e+03|7.379893192e+03|7.385382020e+03|7.379977413e+03|2.910459128e+11|2.918685628e+11|2.925355719e+11|2.918817544e+11|1.162736719e+04|1.163526221e+04|1.164163989e+04|1.163536621e+04|2.010826038e+03
8.195715602e+05|7.764290025e+06|7.780481635e+06|7.795410408e+06|7.778572458e+06|7.361116977e+03|7.367599454e+03|7.373569432e+03|7.366814844e+03|2.895983154e+11|2.903812407e+11|2.911031077e+11|2.902892557e+11|1.161346094e+04|1.162098779e+04|1.162792139e+04|1.162008008e+04|2.010826038e+03
8.569612068e+05|7.735953379e+06|7.751767284e+06|7.768831904e+06|7.750579502e+06|7.349745051e+03|7.356098037e+03|7.362936162e+03|7.355592301e+03|2.882287089e+11|2.889927712e+11|2.898179474e+11|2.889360738e+11|1.160026001e+04|1.160763037e+04|1.161557471e+04|1.160704980e+04|2.010826038e+03
8.910546245e+05|7.707675237e+06|7.728294958e+06|7.758192645e+06|7.733817541e+06|7.338358994e+03|7.346663803e+03|7.358673811e+03|7.348838436e+03|2.868629871e+11|2.878588625e+11|2.893034542e+11|2.881265601e+11|1.158705420e+04|1.159669141e+04|1.161062549e+04|1.159921777e+04|2.010826038e+03
9.234864087e+05|7.693636864e+06|7.709347595e+06|7.723675158e+06|7.712902296e+06|7.332697567e+03|7.339033034e+03|7.344804237e+03|7.340444233e+03|2.861849782e+11|2.869437630e+11|2.876357589e+11|2.871157721e+11|1.158049268e+04|1.158783838e+04|1.159453394e+04|1.158947461e+04|2.010826038e+03
9.590013725e+05|7.657047946e+06|7.677569393e+06|7.695229505e+06|7.676882578e+06|7.317893908e+03|7.326207771e+03|7.333340150e+03|7.325889687e+03|2.844191073e+11|2.854091205e+11|2.862619046e+11|2.853768523e+11|1.156333521e+04|1.157296289e+04|1.158123291e+04|1.157260254e+04|2.010826038e+03
9.902460252e+05|7.621841490e+06|7.651643095e+06|7.663337877e+06|7.645452185e+06|7.303600747e+03|7.315702107e+03|7.320443508e+03|7.313128396e+03|2.827205942e+11|2.841583766e+11|2.847225366e+11|2.838607252e+11|1.154677197e+04|1.156079248e+04|1.156628540e+04|1.155782129e+04|2.010826038e+03
1.020769096e+06|7.617570960e+06|7.629991631e+06|7.654940851e+06|7.634390495e+06|7.301864436e+03|7.306912946e+03|7.317039503e+03|7.308645226e+03|2.825145396e+11|2.831138029e+11|2.843174626e+11|2.833269309e+11|1.154475806e+04|1.155061377e+04|1.156234619e+04|1.155262891e+04|2.010826038e+03
1.047637532e+06|7.590777937e+06|7.606185731e+06|7.616992796e+06|7.605770647e+06|7.290935440e+03|7.297224178e+03|7.301629320e+03|7.297017139e+03|2.812231680e+11|2.819657521e+11|2.824866412e+11|2.819464471e+11|1.153211401e+04|1.153939062e+04|1.154448560e+04|1.153916016e+04|2.010826038e+03
1.080582270e+06|7.552392097e+06|7.576063492e+06|7.593484448e+06|7.572603179e+06|7.275236069e+03|7.284922830e+03|7.292040634e+03|7.283480749e+03|2.793731409e+11|2.805140276e+11|2.813536105e+11|2.803476754e+11|1.151394751e+04|1.152516260e+04|1.153339746e+04|1.152349414e+04|2.010826038e+03
1.109282875e+06|7.531441315e+06|7.555171665e+06|7.566404999e+06|7.552962761e+06|7.266632629e+03|7.276374500e+03|7.280972545e+03|7.275424285e+03|2.783645046e+11|2.795071067e+11|2.800484941e+11|2.794016811e+11|1.150401099e+04|1.151526514e+04|1.152058618e+04|1.151417871e+04|2.010826038e+03
1.134741860e+06|7.505712618e+06|7.527636678e+06|7.547384915e+06|7.527007926e+06|7.256046206e+03|7.265068476e+03|7.273182436e+03|7.264765241e+03|2.771259457e+11|2.781813544e+11|2.791319701e+11|2.781518592e+11|1.149177051e+04|1.150219678e+04|1.151157300e+04|1.150185645e+04|2.010826038e+03
1.162290620e+06|7.494768749e+06|7.506529841e+06|7.529991963e+06|7.510049534e+06|7.251536895e+03|7.256382792e+03|7.266036832e+03|7.257802792e+03|2.765990580e+11|2.771652875e+11|2.782947364e+11|2.773351869e+11|1.148655762e+04|1.149216357e+04|1.150331812e+04|1.149380762e+04|2.010826038e+03
1.188343167e+06|7.455663386e+06|7.476119844e+06|7.491884491e+06|7.474052176e+06|7.235367742e+03|7.243836018e+03|7.250347835e+03|7.242944591e+03|2.747183018e+11|2.757018782e+11|2.764602132e+11|2.756031524e+11|1.146789136e+04|1.147766553e+04|1.148518628e+04|1.147664453e+04|2.010826038e+03
1.212693480e+06|7.435000646e+06|7.451862199e+06|7.475936528e+06|7.454371122e+06|7.226800539e+03|7.233792727e+03|7.243760157e+03|7.234795418e+03|2.737247600e+11|2.745355115e+11|2.756930621e+11|2.746567154e+11|1.145799951e+04|1.146607666e+04|1.147758154e+04|1.146723828e+04|2.010826038e+03
1.240073329e+06|7.410456823e+06|7.430862353e+06|7.456406735e+06|7.431479577e+06|7.216595975e+03|7.225083097e+03|7.235675686e+03|7.225282144e+03|2.725451509e+11|2.735257610e+11|2.747540460e+11|2.735564373e+11|1.144622827e+04|1.145601758e+04|1.146824683e+04|1.145625977e+04|2.010826038e+03
1.263855711e+06|7.375106517e+06|7.400848532e+06|7.418222848e+06|7.396685703e+06|7.201845746e+03|7.212590835e+03|7.219831040e+03|7.210813484e+03|2.708471066e+11|2.720836064e+11|2.729181526e+11|2.718842832e+11|1.142921924e+04|1.144160986e+04|1.144995703e+04|1.143957031e+04|2.010826038e+03
1.287826842e+06|7.357725984e+06|7.377991216e+06|7.394597475e+06|7.376612965e+06|7.194578585e+03|7.203050931e+03|7.209983503e+03|7.202434743e+03|2.700122393e+11|2.709856819e+11|2.717833688e+11|2.709201340e+11|1.142084131e+04|1.143061523e+04|1.143860498e+04|1.142990918e+04|2.010826038e+03
1.312162056e+06|7.326818120e+06|7.351844010e+06|7.369589097e+06|7.346865271e+06|7.181602680e+03|7.192111849e+03|7.199539908e+03|7.189982917e+03|2.685292278e+11|2.697299928e+11|2.705821072e+11|2.694918345e+11|1.140590625e+04|1.141800537e+04|1.142656738e+04|1.141555957e+04|2.010826038e+03
1.336259693e+06|7.305248641e+06|7.325823749e+06|7.341310048e+06|7.324241738e+06|7.172528525e+03|7.181184701e+03|7.187690790e+03|7.180484723e+03|2.674942394e+11|2.684815222e+11|2.692246030e+11|2.684061443e+11|1.139545239e+04|1.140541895e+04|1.141291040e+04|1.140462109e+04|2.010826038e+03
1.358150727e+06|7.290782886e+06|7.307870588e+06|7.322100465e+06|7.310871611e+06|7.166431412e+03|7.173632384e+03|7.179619304e+03|7.174858574e+03|2.668003313e+11|2.676200541e+11|2.683028857e+11|2.677647054e+11|1.138843042e+04|1.139672217e+04|1.140361401e+04|1.139814160e+04|2.010826038e+03
1.380106305e+06|7.259196070e+06|7.282150182e+06|7.304442061e+06|7.276632552e+06|7.153072125e+03|7.162783577e+03|7.172188908e+03|7.160409003e+03|2.652864851e+11|2.663865879e+11|2.674555428e+11|2.661228974e+11|1.137307056e+04|1.138424023e+04|1.139506274e+04|1.138151367e+04|2.010826038e+03
1.405058459e+06|7.235359977e+06|7.258144109e+06|7.272545992e+06|7.253304948e+06|7.142968960e+03|7.152626626e+03|7.158722360e+03|7.150535496e+03|2.641440663e+11|2.652360724e+11|2.659263382e+11|2.650048291e+11|1.136144507e+04|1.137255322e+04|1.137956226e+04|1.137015625e+04|2.010826038e+03
1.424836259e+06|7.214726256e+06|7.234083961e+06|7.253470315e+06|7.235224971e+06|7.134193163e+03|7.142427574e+03|7.150646921e+03|7.142861956e+03|2.631560729e+11|2.640829175e+11|2.650120947e+11|2.641386214e+11|1.135136450e+04|1.136082227e+04|1.137028101e+04|1.136133008e+04|2.010826038e+03
1.448602383e+06|7.185736822e+06|7.203834632e+06|7.222936239e+06|7.203097892e+06|7.121833663e+03|7.129552895e+03|7.137688310e+03|7.129209723e+03|2.617683443e+11|2.626347297e+11|2.635491183e+11|2.625998368e+11|1.133716479e+04|1.134602783e+04|1.135537622e+04|1.134564160e+04|2.010826038e+03
1.468838326e+06|7.158139837e+06|7.179094007e+06|7.195894682e+06|7.178304824e+06|7.110030754e+03|7.118997535e+03|7.126167641e+03|7.118615033e+03|2.604477015e+11|2.614503471e+11|2.622546098e+11|2.614132924e+11|1.132360474e+04|1.133390137e+04|1.134214429e+04|1.133347168e+04|2.010826038e+03
1.489376492e+06|7.131954586e+06|7.150570237e+06|7.173744565e+06|7.154255808e+06|7.098789713e+03|7.106783609e+03|7.116712523e+03|7.108323479e+03|2.591953947e+11|2.600856721e+11|2.611942331e+11|2.602625515e+11|1.131070532e+04|1.131987695e+04|1.133127393e+04|1.132165332e+04|2.010826038e+03
1.511305331e+06|7.109614318e+06|7.127931154e+06|7.145144758e+06|7.126087072e+06|7.089180739e+03|7.097060439e+03|7.104455040e+03|7.096217855e+03|2.581269311e+11|2.590029527e+11|2.598261831e+11|2.589155322e+11|1.129968066e+04|1.130872510e+04|1.131721045e+04|1.130776465e+04|2.010826038e+03
1.531959281e+06|7.089235395e+06|7.108785744e+06|7.123757130e+06|7.110766665e+06|7.080384485e+03|7.088824043e+03|7.095265837e+03|7.089625069e+03|2.571532161e+11|2.580873009e+11|2.588033026e+11|2.581829986e+11|1.128959985e+04|1.129926904e+04|1.130666284e+04|1.130019922e+04|2.010826038e+03
1.551689739e+06|7.054416039e+06|7.078590340e+06|7.096544115e+06|7.078754685e+06|7.065315488e+03|7.075782014e+03|7.083542195e+03|7.075809831e+03|2.554897816e+11|2.566446500e+11|2.575023270e+11|2.566531786e+11|1.127232715e+04|1.128432275e+04|1.129321704e+04|1.128435840e+04|2.010826038e+03
1.571776245e+06|7.033116813e+06|7.059620985e+06|7.078036786e+06|7.057299617e+06|7.056066663e+03|7.067570744e+03|7.075542577e+03|7.066512630e+03|2.544728683e+11|2.557384671e+11|2.566182060e+11|2.556284904e+11|1.126172778e+04|1.127491016e+04|1.128404736e+04|1.127370508e+04|2.010826038e+03
1.593283089e+06|7.011161458e+06|7.028319325e+06|7.047907205e+06|7.028503250e+06|7.046505636e+03|7.053978918e+03|7.062493927e+03|7.054019638e+03|2.534252640e+11|2.542439873e+11|2.551788744e+11|2.542534231e+11|1.125078174e+04|1.125933887e+04|1.126909229e+04|1.125939355e+04|2.010826038e+03
1.612779575e+06|6.986242297e+06|7.004939468e+06|7.024187487e+06|7.000542435e+06|7.035633377e+03|7.043793025e+03|7.052180199e+03|7.041832944e+03|2.522361784e+11|2.531283973e+11|2.540468557e+11|2.529192274e+11|1.123833740e+04|1.124767676e+04|1.125727832e+04|1.124544141e+04|2.010826038e+03
1.632453837e+06|6.952516018e+06|6.982558109e+06|7.005524887e+06|6.979184697e+06|7.020853924e+03|7.034024099e+03|7.044048311e+03|7.032484157e+03|2.506285577e+11|2.520604030e+11|2.531563282e+11|2.519007849e+11|1.122143579e+04|1.123649121e+04|1.124796973e+04|1.123474512e+04|2.010826038e+03
1.648703882e+06|6.933114369e+06|6.952814562e+06|6.976506143e+06|6.952480260e+06|7.012331001e+03|7.020984955e+03|7.031373940e+03|7.020799469e+03|2.497038134e+11|2.506427871e+11|2.517719584e+11|2.506273197e+11|1.121168335e+04|1.122158740e+04|1.123346387e+04|1.122137598e+04|2.010826038e+03
1.669253891e+06|6.899546201e+06|6.923112704e+06|6.955373831e+06|6.928297318e+06|6.997528332e+03|7.007932124e+03|7.022108140e+03|7.010146487e+03|2.481047957e+11|2.492270583e+11|2.507647656e+11|2.494752079e+11|1.119477344e+04|1.120665576e+04|1.122287012e+04|1.120920117e+04|2.010826038e+03
1.688540957e+06|6.883727292e+06|6.901740993e+06|6.929814297e+06|6.906161498e+06|6.990531799e+03|6.998498352e+03|7.010879978e+03|7.000411208e+03|2.473515805e+11|2.482093231e+11|2.495465186e+11|2.484203872e+11|1.118678540e+04|1.119588281e+04|1.121002417e+04|1.119807227e+04|2.010826038e+03
1.706707093e+06|6.854320464e+06|6.876914489e+06|6.898219151e+06|6.873298769e+06|6.977495537e+03|6.987515764e+03|6.996941723e+03|6.985843254e+03|2.459515376e+11|2.470271239e+11|2.480416038e+11|2.468561043e+11|1.117189209e+04|1.118334033e+04|1.119409912e+04|1.118144043e+04|2.010826038e+03
1.726707856e+06|6.827279462e+06|6.853448540e+06|6.880283125e+06|6.851517211e+06|6.965457725e+03|6.977107800e+03|6.989007276e+03|6.976204240e+03|2.446654462e+11|2.459100657e+11|2.471875583e+11|2.458190494e+11|1.115816504e+04|1.117145166e+04|1.118504321e+04|1.117043359e+04|2.010826038e+03
1.744473966e+06|6.803957705e+06|6.828734197e+06|6.854914066e+06|6.829250206e+06|6.955054020e+03|6.966106002e+03|6.977759490e+03|6.966273805e+03|2.435561796e+11|2.447346262e+11|2.459797749e+11|2.447601035e+11|1.114628784e+04|1.115890430e+04|1.117220020e+04|1.115910352e+04|2.010826038e+03
1.762974621e+06|6.772429045e+06|6.799219609e+06|6.829168564e+06|6.804087689e+06|6.940928982e+03|6.952937469e+03|6.966299560e+03|6.955062063e+03|2.420580978e+11|2.433308534e+11|2.447552822e+11|2.435633306e+11|1.113019775e+04|1.114388135e+04|1.115912280e+04|1.114631250e+04|2.010826038e+03
1.780436572e+06|6.757462756e+06|6.779750576e+06|6.803415438e+06|6.781777177e+06|6.934208812e+03|6.944213456e+03|6.954811879e+03|6.945085353e+03|2.413470733e+11|2.424059299e+11|2.435303897e+11|2.425027476e+11|1.112253687e+04|1.113393994e+04|1.114601660e+04|1.113493848e+04|2.010826038e+03
1.797481075e+06|6.732803437e+06|6.751080982e+06|6.777942946e+06|6.755737369e+06|6.923110686e+03|6.931340708e+03|6.943402700e+03|6.933384607e+03|2.401758788e+11|2.410438769e+11|2.423200575e+11|2.412657880e+11|1.110989648e+04|1.111926855e+04|1.113301953e+04|1.112160742e+04|2.010826038e+03
1.815194620e+06|6.702406485e+06|6.729007882e+06|6.754713643e+06|6.728626304e+06|6.909373844e+03|6.921397323e+03|6.932973494e+03|6.921151075e+03|2.387333198e+11|2.399957540e+11|2.412164694e+11|2.399787455e+11|1.109425854e+04|1.110794824e+04|1.112113208e+04|1.110767871e+04|2.010826038e+03
1.831633224e+06|6.679092648e+06|6.702478411e+06|6.725039349e+06|6.700325816e+06|6.898813642e+03|6.909406382e+03|6.919605279e+03|6.908375541e+03|2.376268990e+11|2.387367336e+11|2.398074020e+11|2.386353173e+11|1.108223462e+04|1.109430127e+04|1.110590332e+04|1.109313281e+04|2.010826038e+03
1.850948285e+06|6.656525928e+06|6.674009856e+06|6.700029459e+06|6.676302507e+06|6.888545187e+03|6.896502540e+03|6.908298125e+03|6.897498072e+03|2.365570206e+11|2.373859586e+11|2.386204985e+11|2.374954224e+11|1.107056616e+04|1.107960889e+04|1.109303687e+04|1.108075391e+04|2.010826038e+03
1.868516835e+06|6.621254139e+06|6.642627716e+06|6.667695054e+06|6.644732259e+06|6.872456467e+03|6.882211431e+03|6.893629867e+03|6.883116999e+03|2.348847892e+11|2.358981510e+11|2.370866049e+11|2.359986305e+11|1.105227051e+04|1.106336621e+04|1.107634814e+04|1.106440234e+04|2.010826038e+03
1.885593997e+06|6.603516302e+06|6.625302105e+06|6.645233047e+06|6.625608340e+06|6.864328781e+03|6.874305323e+03|6.883399299e+03|6.874381900e+03|2.340447598e+11|2.350767164e+11|2.360216772e+11|2.350922794e+11|1.104304492e+04|1.105437744e+04|1.106471582e+04|1.105447656e+04|2.010826038e+03
1.903000917e+06|6.574226661e+06|6.597577174e+06|6.621142648e+06|6.597929308e+06|6.850879354e+03|6.861604320e+03|6.872405518e+03|6.861719798e+03|2.326576746e+11|2.337634954e+11|2.348795023e+11|2.337808203e+11|1.102777319e+04|1.103995508e+04|1.105221875e+04|1.104009082e+04|2.010826038e+03
1.919812523e+06|6.549786881e+06|6.572646077e+06|6.603308920e+06|6.578090279e+06|6.839618179e+03|6.850152613e+03|6.864233686e+03|6.852597417e+03|2.315008818e+11|2.325828083e+11|2.340349398e+11|2.328415077e+11|1.101499634e+04|1.102695068e+04|1.104293628e+04|1.102973340e+04|2.010826038e+03
1.935906234e+06|6.522797643e+06|6.546488070e+06|6.570019276e+06|6.551242716e+06|6.827138666e+03|6.838094357e+03|6.848944625e+03|6.840227573e+03|2.302242583e+11|2.313448541e+11|2.324583857e+11|2.315707768e+11|1.100083643e+04|1.101326465e+04|1.102557764e+04|1.101569531e+04|2.010826038e+03
1.951899242e+06|6.507204450e+06|6.527258933e+06|6.552324907e+06|6.530428507e+06|6.819915448e+03|6.829203507e+03|6.840790249e+03|6.830610116e+03|2.294866123e+11|2.304352554e+11|2.316209575e+11|2.305860159e+11|1.099263843e+04|1.100317969e+04|1.101632178e+04|1.100478516e+04|2.010826038e+03
1.968482770e+06|6.475697382e+06|6.499492536e+06|6.518728607e+06|6.499496435e+06|6.805257640e+03|6.816335592e+03|6.825254710e+03|6.816279090e+03|2.279976462e+11|2.291220146e+11|2.300317984e+11|2.291231215e+11|1.097603882e+04|1.098858496e+04|1.099869873e+04|1.098853223e+04|2.010826038e+03
1.985152822e+06|6.453401703e+06|6.475449497e+06|6.492437224e+06|6.472425317e+06|6.794857241e+03|6.805142133e+03|6.813053321e+03|6.803678269e+03|2.269440912e+11|2.279859338e+11|2.287886441e+11|2.278436766e+11|1.096424780e+04|1.097590967e+04|1.098487012e+04|1.097425391e+04|2.010826038e+03
2.003351028e+06|6.416660316e+06|6.441775947e+06|6.465945271e+06|6.443743004e+06|6.777638413e+03|6.789422718e+03|6.800710982e+03|6.790281477e+03|2.252092323e+11|2.263947934e+11|2.275367879e+11|2.264886683e+11|1.094476611e+04|1.095809229e+04|1.097088281e+04|1.095908008e+04|2.010826038e+03
2.018835090e+06|6.399133735e+06|6.422681869e+06|6.447422782e+06|6.422171906e+06|6.769399728e+03|6.780466071e+03|6.792064818e+03|6.780171299e+03|2.243818227e+11|2.254934594e+11|2.266615421e+11|2.254700936e+11|1.093543701e+04|1.094795752e+04|1.096108374e+04|1.094763477e+04|2.010826038e+03
2.034433966e+06|6.373797213e+06|6.392356583e+06|6.421689374e+06|6.397951514e+06|6.757452118e+03|6.766210648e+03|6.780000100e+03|6.768779015e+03|2.231864972e+11|2.240619388e+11|2.254466003e+11|2.243269708e+11|1.092192236e+04|1.093182617e+04|1.094743237e+04|1.093474609e+04|2.010826038e+03
2.049820940e+06|6.349122410e+06|6.370555978e+06|6.400783851e+06|6.373928293e+06|6.745776339e+03|6.755919836e+03|6.770175927e+03|6.757459345e+03|2.220230235e+11|2.230336794e+11|2.244597157e+11|2.231934776e+11|1.090872559e+04|1.092019043e+04|1.093631787e+04|1.092194238e+04|2.010826038e+03
2.065453026e+06|6.322416662e+06|6.338263005e+06|6.364730717e+06|6.343280824e+06|6.733102882e+03|6.740629850e+03|6.753164893e+03|6.742961372e+03|2.207640999e+11|2.215109069e+11|2.227589966e+11|2.217481986e+11|1.089440186e+04|1.090290479e+04|1.091708325e+04|1.090555078e+04|2.010826038e+03
2.081112981e+06|6.295087151e+06|6.328709802e+06|6.351915532e+06|6.323740106e+06|6.720077275e+03|6.736097857e+03|6.747099252e+03|6.733654171e+03|2.194768540e+11|2.210605068e+11|2.221547191e+11|2.208276283e+11|1.087969995e+04|1.089778564e+04|1.091022705e+04|1.089504004e+04|2.010826038e+03
2.096131337e+06|6.274781344e+06|6.296704708e+06|6.319956255e+06|6.303182130e+06|6.710379046e+03|6.720849120e+03|6.731931498e+03|6.723889138e+03|2.185204225e+11|2.195530390e+11|2.206482007e+11|2.198587728e+11|1.086874609e+04|1.088057129e+04|1.089307861e+04|1.088400781e+04|2.010826038e+03
2.112910694e+06|6.248446969e+06|6.264405056e+06|6.295443299e+06|6.270752857e+06|6.697743654e+03|6.705406194e+03|6.720247243e+03|6.708394134e+03|2.172812703e+11|2.180321345e+11|2.194936249e+11|2.183316649e+11|1.085449438e+04|1.086313379e+04|1.087989307e+04|1.086651855e+04|2.010826038e+03
2.129388949e+06|6.222566782e+06|6.246914064e+06|6.270642423e+06|6.247070953e+06|6.685293833e+03|6.697007030e+03|6.708398254e+03|6.697006565e+03|2.160635562e+11|2.172091515e+11|2.183255841e+11|2.172174205e+11|1.084045850e+04|1.085366748e+04|1.086651245e+04|1.085367578e+04|2.010826038e+03
2.144913545e+06|6.189895034e+06|6.213485106e+06|6.237385897e+06|6.217108305e+06|6.669500589e+03|6.680915746e+03|6.692426146e+03|6.682578780e+03|2.145274407e+11|2.156362658e+11|2.167608098e+11|2.158079187e+11|1.082266113e+04|1.083551660e+04|1.084849951e+04|1.083740918e+04|2.010826038e+03
2.159225846e+06|6.168750457e+06|6.189549839e+06|6.222600085e+06|6.197653510e+06|6.659248430e+03|6.669333371e+03|6.685309869e+03|6.673192214e+03|2.135335313e+11|2.145112181e+11|2.160651232e+11|2.148929294e+11|1.081110718e+04|1.082247119e+04|1.084047412e+04|1.082682910e+04|2.010826038e+03
2.174057511e+06|6.144480715e+06|6.169617671e+06|6.198943313e+06|6.172432674e+06|6.647437975e+03|6.659669285e+03|6.673881847e+03|6.660957349e+03|2.123935150e+11|2.135742876e+11|2.149527861e+11|2.137076481e+11|1.079781665e+04|1.081158691e+04|1.082759619e+04|1.081304785e+04|2.010826038e+03
2.187994173e+06|6.124807955e+06|6.145696228e+06|6.169245316e+06|6.147879034e+06|6.637835220e+03|6.648030741e+03|6.659488588e+03|6.649028370e+03|2.114698231e+11|2.124505798e+11|2.135567880e+11|2.125539756e+11|1.078701245e+04|1.079848389e+04|1.081138281e+04|1.079961621e+04|2.010826038e+03
2.203455773e+06|6.095003156e+06|6.119403038e+06|6.150889480e+06|6.124126863e+06|6.623243651e+03|6.635193983e+03|6.650562604e+03|6.637441525e+03|2.100708072e+11|2.112160541e+11|2.126943653e+11|2.114386045e+11|1.077059863e+04|1.078403857e+04|1.080132935e+04|1.078657617e+04|2.010826038e+03
2.217700164e+06|6.068468459e+06|6.091123692e+06|6.114885589e+06|6.093388418e+06|6.610193786e+03|6.621337659e+03|6.632985410e+03|6.622348139e+03|2.088263003e+11|2.098888326e+11|2.110039216e+11|2.099964486e+11|1.075593042e+04|1.076845654e+04|1.078155054e+04|1.076960547e+04|2.010826038e+03
2.233782431e+06|6.041111889e+06|6.066286813e+06|6.100952791e+06|6.073154842e+06|6.596697683e+03|6.609119443e+03|6.626165419e+03|6.612416070e+03|2.075435959e+11|2.087239966e+11|2.103498631e+11|2.090471296e+11|1.074076538e+04|1.075472412e+04|1.077387964e+04|1.075843750e+04|2.010826038e+03
2.249590046e+06|6.021204605e+06|6.036393756e+06|6.074902317e+06|6.046977513e+06|6.586832924e+03|6.594361285e+03|6.613360842e+03|6.599528108e+03|2.066108700e+11|2.073225282e+11|2.091280754e+11|2.078194314e+11|1.072969043e+04|1.073814014e+04|1.075949048e+04|1.074395410e+04|2.010826038e+03
2.265163257e+06|5.992596232e+06|6.011096688e+06|6.043020473e+06|6.019756335e+06|6.572624540e+03|6.581817274e+03|6.597642520e+03|6.586033647e+03|2.052704379e+11|2.061372229e+11|2.076330133e+11|2.065438866e+11|1.071373340e+04|1.072405371e+04|1.074181909e+04|1.072880273e+04|2.010826038e+03
2.279514825e+06|5.964808641e+06|5.992312425e+06|6.019748419e+06|5.996538835e+06|6.558748138e+03|6.572483969e+03|6.586110634e+03|6.574500924e+03|2.039697533e+11|2.052571213e+11|2.065426434e+11|2.054562324e+11|1.069817432e+04|1.071357275e+04|1.072887305e+04|1.071585645e+04|2.010826038e+03
2.293489820e+06|5.943755004e+06|5.966023224e+06|6.012914116e+06|5.979761417e+06|6.548210028e+03|6.559355451e+03|6.582719194e+03|6.566110327e+03|2.029842855e+11|2.040265953e+11|2.062223892e+11|2.046709434e+11|1.068635815e+04|1.069885596e+04|1.072507275e+04|1.070644629e+04|2.010826038e+03
2.307608345e+06|5.907957809e+06|5.935793234e+06|5.973926072e+06|5.949208873e+06|6.530202956e+03|6.544217318e+03|6.563305437e+03|6.550838122e+03|2.013101930e+11|2.026116907e+11|2.043965111e+11|2.032408504e+11|1.066618604e+04|1.068187598e+04|1.070328394e+04|1.068932031e+04|2.010826038e+03
2.320474945e+06|5.900788894e+06|5.919149355e+06|5.953884333e+06|5.929983728e+06|6.526587787e+03|6.535841900e+03|6.553282660e+03|6.541217473e+03|2.009750434e+11|2.018335054e+11|2.034584028e+11|2.023410905e+11|1.066212939e+04|1.067249658e+04|1.069204639e+04|1.067853125e+04|2.010826038e+03
2.334342749e+06|5.869718408e+06|5.894109330e+06|5.929580186e+06|5.897867692e+06|6.510872372e+03|6.523217245e+03|6.541092330e+03|6.525030550e+03|1.995229335e+11|2.006627050e+11|2.023211491e+11|2.008394578e+11|1.064453784e+04|1.065835547e+04|1.067838086e+04|1.066039844e+04|2.010826038e+03
2.348708361e+06|5.837739482e+06|5.861648083e+06|5.895457274e+06|5.866229711e+06|6.494622965e+03|6.506776161e+03|6.523897576e+03|6.509028887e+03|1.980294131e+11|1.991460665e+11|2.007257399e+11|1.993608969e+11|1.062635254e+04|1.063995166e+04|1.065912085e+04|1.064248242e+04|2.010826038e+03
2.362073580e+06|5.821755902e+06|5.846743197e+06|5.879129924e+06|5.849970376e+06|6.486471879e+03|6.499202920e+03|6.515645465e+03|6.500732984e+03|1.972832392e+11|1.984499166e+11|1.999625477e+11|1.986018880e+11|1.061723486e+04|1.063147998e+04|1.064986938e+04|1.063320508e+04|2.010826038e+03
2.379032370e+06|5.774757225e+06|5.798255005e+06|5.841458666e+06|5.813062459e+06|6.462391209e+03|6.474444259e+03|6.496515253e+03|6.481898414e+03|1.950903220e+11|1.961867109e+11|1.982031250e+11|1.968790146e+11|1.059031885e+04|1.060379492e+04|1.062846851e+04|1.061214258e+04|2.010826038e+03
2.394784930e+06|5.762916725e+06|5.789406745e+06|5.823990110e+06|5.796674223e+06|6.456288320e+03|6.469908894e+03|6.487613983e+03|6.473542263e+03|1.945384343e+11|1.957738458e+11|1.973874805e+11|1.961139049e+11|1.058351099e+04|1.059872607e+04|1.061851074e+04|1.060279590e+04|2.010826038e+03
2.407829628e+06|5.741505144e+06|5.766144338e+06|5.793392518e+06|5.773613065e+06|6.445235040e+03|6.457952583e+03|6.471952352e+03|6.461706758e+03|1.935403508e+11|1.946888802e+11|1.959598010e+11|1.950381368e+11|1.057117017e+04|1.058536719e+04|1.060100732e+04|1.058957227e+04|2.010826038e+03
2.421302703e+06|5.716913076e+06|5.756046598e+06|5.805348686e+06|5.761011658e+06|6.432504815e+03|6.452744162e+03|6.478077562e+03|6.455161190e+03|1.923942371e+11|1.942181585e+11|1.965176959e+11|1.944511997e+11|1.055695361e+04|1.057955029e+04|1.060785425e+04|1.058226953e+04|2.010826038e+03
2.434536307e+06|5.688972028e+06|5.718399835e+06|5.778112402e+06|5.730205398e+06|6.417969615e+03|6.433277162e+03|6.464114301e+03|6.439259395e+03|1.910932339e+11|1.924634771e+11|1.952468854e+11|1.930151941e+11|1.054074829e+04|1.055781396e+04|1.059224194e+04|1.056451660e+04|2.010826038e+03
2.446959575e+06|5.659585118e+06|5.701807339e+06|5.739317252e+06|5.702467991e+06|6.402625919e+03|6.424651295e+03|6.444104343e+03|6.424885280e+03|1.897253279e+11|1.916908820e+11|1.934383536e+11|1.917228973e+11|1.052363745e+04|1.054820264e+04|1.056990747e+04|1.054847363e+04|2.010826038e+03
2.460303451e+06|5.641792182e+06|5.659554943e+06|5.687307084e+06|5.668012854e+06|6.393295229e+03|6.402610129e+03|6.417102262e+03|6.406950005e+03|1.888977201e+11|1.897239244e+11|1.910157138e+11|1.901185276e+11|1.051324365e+04|1.052362695e+04|1.053978320e+04|1.052847363e+04|2.010826038e+03
2.474180351e+06|5.614321754e+06|5.639722061e+06|5.676882485e+06|5.647974552e+06|6.378855306e+03|6.392208603e+03|6.411668620e+03|6.396447651e+03|1.876200978e+11|1.888014275e+11|1.905302608e+11|1.891862896e+11|1.049716040e+04|1.051203467e+04|1.053371777e+04|1.051677148e+04|2.010826038e+03
2.487958582e+06|5.574607182e+06|5.603960155e+06|5.647200554e+06|5.616506868e+06|6.357847909e+03|6.373382177e+03|6.396133073e+03|6.379839147e+03|1.857746759e+11|1.871386141e+11|1.891493086e+11|1.877235941e+11|1.047378442e+04|1.049107031e+04|1.051640454e+04|1.049828418e+04|2.010826038e+03
2.502751239e+06|5.548583443e+06|5.584625722e+06|5.625576800e+06|5.588650590e+06|6.344011237e+03|6.363154928e+03|6.384778027e+03|6.365163947e+03|1.845660804e+11|1.862401891e+11|1.881435206e+11|1.864284193e+11|1.045839795e+04|1.047969287e+04|1.050375806e+04|1.048194336e+04|2.010826038e+03
2.518772931e+06|5.525674972e+06|5.548074126e+06|5.588650834e+06|5.562344617e+06|6.331784985e+03|6.343739722e+03|6.365285695e+03|6.351215415e+03|1.835025363e+11|1.845424317e+11|1.864272468e+11|1.852063024e+11|1.044480615e+04|1.045809180e+04|1.048206006e+04|1.046642480e+04|2.010826038e+03
2.531462984e+06|5.497643551e+06|5.539789532e+06|5.602985896e+06|5.550314479e+06|6.316762699e+03|6.339321080e+03|6.372867278e+03|6.344758031e+03|1.822019489e+11|1.841578135e+11|1.870933398e+11|1.846482183e+11|1.042811890e+04|1.045318750e+04|1.049049976e+04|1.045925293e+04|2.010826038e+03
2.543715043e+06|5.492112086e+06|5.522008572e+06|5.554884004e+06|5.529069739e+06|6.313788890e+03|6.329825703e+03|6.347369029e+03|6.333477095e+03|1.819454065e+11|1.833323493e+11|1.848585928e+11|1.836613994e+11|1.042481372e+04|1.044262842e+04|1.046212598e+04|1.044670508e+04|2.010826038e+03
2.557524589e+06|5.459558017e+06|5.492211970e+06|5.540058411e+06|5.494136668e+06|6.296252972e+03|6.313842613e+03|6.339464564e+03|6.314732544e+03|1.804358001e+11|1.819500392e+11|1.841702950e+11|1.820408314e+11|1.040534106e+04|1.042487549e+04|1.045334302e+04|1.042588379e+04|2.010826038e+03
2.569123561e+06|5.428391671e+06|5.463792513e+06|5.533661556e+06|5.482033175e+06|6.279359294e+03|6.298538798e+03|6.336050501e+03|6.308164514e+03|1.789919453e+11|1.806321038e+11|1.838733492e+11|1.814801242e+11|1.038661255e+04|1.040788379e+04|1.044955420e+04|1.041859961e+04|2.010826038e+03
2.581070626e+06|5.412666297e+06|5.445049457e+06|5.485205570e+06|5.455718546e+06|6.270815801e+03|6.288395032e+03|6.310073596e+03|6.294017909e+03|1.782634327e+11|1.797636404e+11|1.816251075e+11|1.802596548e+11|1.037713037e+04|1.039663184e+04|1.042069043e+04|1.040288965e+04|2.010826038e+03
2.592759122e+06|5.375144453e+06|5.408916685e+06|5.450306556e+06|5.414893111e+06|6.250313397e+03|6.268775556e+03|6.291243601e+03|6.271895138e+03|1.765268043e+11|1.780897977e+11|1.800071657e+11|1.783679974e+11|1.035441260e+04|1.037486377e+04|1.039979126e+04|1.037834766e+04|2.010826038e+03
2.606654703e+06|5.345629674e+06|5.378749887e+06|5.411145451e+06|5.384125241e+06|6.234101637e+03|6.252287290e+03|6.269988838e+03|6.255080330e+03|1.751614014e+11|1.766936454e+11|1.781929959e+11|1.769438145e+11|1.033645605e+04|1.035660400e+04|1.037621143e+04|1.035971484e+04|2.010826038e+03
2.622432703e+06|5.314972854e+06|5.345043735e+06|5.388495844e+06|5.352190124e+06|6.217178120e+03|6.233778662e+03|6.257619473e+03|6.237554945e+03|1.737438378e+11|1.751343041e+11|1.771447111e+11|1.754662666e+11|1.031772705e+04|1.033610303e+04|1.036250806e+04|1.034030469e+04|2.010826038e+03
2.636131044e+06|5.283642181e+06|5.324411804e+06|5.361846441e+06|5.334425681e+06|6.199782371e+03|6.222394071e+03|6.243026978e+03|6.227723319e+03|1.722962613e+11|1.741802633e+11|1.759113921e+11|1.746451520e+11|1.029849146e+04|1.032350488e+04|1.034633447e+04|1.032942676e+04|2.010826038e+03
2.650967590e+06|5.266863414e+06|5.297552727e+06|5.355244146e+06|5.310267934e+06|6.190437350e+03|6.207518062e+03|6.239398569e+03|6.214396998e+03|1.715212057e+11|1.729388363e+11|1.756059662e+11|1.735281144e+11|1.028816187e+04|1.030704590e+04|1.034231909e+04|1.031467871e+04|2.010826038e+03
2.664362605e+06|5.243485322e+06|5.284037285e+06|5.357579766e+06|5.295387187e+06|6.177361697e+03|6.200002239e+03|6.240681136e+03|6.206085441e+03|1.704420493e+11|1.723145128e+11|1.757140315e+11|1.728410466e+11|1.027371729e+04|1.029873633e+04|1.034374097e+04|1.030549414e+04|2.010826038e+03
2.677428341e+06|5.222042887e+06|5.252637897e+06|5.336871977e+06|5.271075718e+06|6.165326868e+03|6.182490831e+03|6.229272241e+03|6.192550378e+03|1.694526098e+11|1.708644084e+11|1.747564223e+11|1.717181310e+11|1.026042554e+04|1.027937988e+04|1.033111646e+04|1.029053027e+04|2.010826038e+03
2.688032984e+06|5.190401519e+06|5.225397549e+06|5.300627625e+06|5.244867195e+06|6.147483705e+03|6.167211430e+03|6.209226305e+03|6.177920510e+03|1.679933796e+11|1.696073941e+11|1.730808699e+11|1.705079531e+11|1.024073022e+04|1.026250342e+04|1.030893384e+04|1.027436133e+04|2.010826038e+03
2.699445122e+06|5.166339982e+06|5.201766273e+06|5.250224660e+06|5.216156076e+06|6.133856999e+03|6.153908420e+03|6.181138836e+03|6.161773403e+03|1.668842417e+11|1.685173013e+11|1.707530306e+11|1.691833315e+11|1.022569360e+04|1.024781885e+04|1.027788647e+04|1.025653223e+04|2.010826038e+03
2.710689383e+06|5.152773191e+06|5.180045591e+06|5.210674218e+06|5.189419083e+06|6.126143620e+03|6.141622920e+03|6.158935567e+03|6.146713894e+03|1.662590922e+11|1.675159904e+11|1.689280037e+11|1.679500145e+11|1.021718872e+04|1.023426562e+04|1.025335962e+04|1.023990820e+04|2.010826038e+03
2.723093612e+06|5.121100264e+06|5.152617939e+06|5.203234885e+06|5.165550740e+06|6.108059510e+03|6.126055138e+03|6.154737212e+03|6.133135985e+03|1.648001667e+11|1.662519418e+11|1.685850090e+11|1.668502085e+11|1.019726050e+04|1.021709131e+04|1.024872778e+04|1.022493750e+04|2.010826038e+03
2.735577607e+06|5.084283092e+06|5.113952761e+06|5.140353935e+06|5.123893008e+06|6.086909802e+03|6.103970477e+03|6.119059549e+03|6.109440555e+03|1.631055017e+11|1.644709677e+11|1.656870009e+11|1.649306556e+11|1.017397144e+04|1.019275146e+04|1.020938403e+04|1.019881152e+04|2.010826038e+03
2.750135640e+06|5.042809624e+06|5.085243056e+06|5.137022645e+06|5.090962337e+06|6.062924143e+03|6.087462823e+03|6.117157847e+03|6.090504420e+03|1.611979936e+11|1.631496779e+11|1.655335554e+11|1.634150825e+11|1.014757861e+04|1.017458350e+04|1.020729053e+04|1.017796094e+04|2.010826038e+03
2.766832564e+06|5.019843724e+06|5.047919486e+06|5.075247533e+06|5.054770717e+06|6.049572375e+03|6.065890705e+03|6.081701711e+03|6.069666280e+03|1.601422504e+11|1.614328949e+11|1.626897225e+11|1.617496604e+11|1.013289380e+04|1.015083936e+04|1.016823511e+04|1.015501855e+04|2.010826038e+03
2.780232106e+06|4.995194208e+06|5.026127654e+06|5.060764293e+06|5.042697103e+06|6.035165234e+03|6.053228820e+03|6.073339303e+03|6.062644909e+03|1.590100057e+11|1.604311457e+11|1.620234339e+11|1.611947175e+11|1.011705957e+04|1.013691553e+04|1.015902759e+04|1.014729688e+04|2.010826038e+03
2.792301998e+06|4.979753277e+06|5.029754350e+06|5.111920093e+06|5.042291296e+06|6.026113872e+03|6.055338032e+03|6.102807075e+03|6.062317858e+03|1.583009162e+11|1.605978543e+11|1.643773385e+11|1.611768629e+11|1.010711621e+04|1.013923779e+04|1.019146875e+04|1.014695020e+04|2.010826038e+03
2.803495300e+06|4.962435930e+06|5.006830073e+06|5.094377933e+06|5.022613322e+06|6.015935856e+03|6.041976492e+03|6.092722450e+03|6.050898920e+03|1.575058043e+11|1.595444037e+11|1.635700397e+11|1.602721051e+11|1.009593481e+04|1.012454541e+04|1.018036743e+04|1.013438965e+04|2.010826038e+03
2.815117741e+06|4.940349169e+06|4.982291640e+06|5.053836881e+06|4.994562590e+06|6.002886954e+03|6.027602840e+03|6.069323775e+03|6.034492618e+03|1.564922635e+11|1.584174833e+11|1.617049020e+11|1.589834749e+11|1.008162256e+04|1.010875391e+04|1.015461401e+04|1.011636035e+04|2.010826038e+03
2.826408806e+06|4.902835685e+06|4.941844797e+06|5.033368608e+06|4.958479725e+06|5.980617341e+03|6.003771647e+03|6.057439207e+03|6.013283380e+03|1.547715704e+11|1.565608976e+11|1.607639976e+11|1.573267255e+11|1.005719189e+04|1.008258936e+04|1.014154980e+04|1.009306836e+04|2.010826038e+03
2.837120072e+06|4.887610743e+06|4.917506476e+06|4.951117323e+06|4.927989373e+06|5.971534209e+03|5.989356705e+03|6.009252366e+03|5.995331183e+03|1.540735595e+11|1.554441701e+11|1.569863964e+11|1.559270063e+11|1.004723218e+04|1.006676904e+04|1.008860693e+04|1.007335547e+04|2.010826038e+03
2.847984976e+06|4.857569553e+06|4.894064642e+06|4.934450840e+06|4.902469920e+06|5.953534894e+03|5.975386457e+03|5.999396023e+03|5.980087109e+03|1.526969542e+11|1.543694312e+11|1.562216237e+11|1.547572421e+11|1.002751123e+04|1.005145215e+04|1.007778833e+04|1.005664551e+04|2.010826038e+03
2.861163029e+06|4.816668294e+06|4.846169194e+06|4.893313816e+06|4.858674253e+06|5.928866860e+03|5.946675742e+03|5.974938413e+03|5.953924345e+03|1.508240234e+11|1.521748051e+11|1.543350159e+11|1.527497352e+11|1.000049854e+04|1.001999268e+04|1.005096655e+04|1.002796582e+04|2.010826038e+03
2.874633270e+06|4.771818509e+06|4.814435427e+06|4.848049969e+06|4.818269211e+06|5.901591297e+03|5.927512961e+03|5.947807868e+03|5.929545259e+03|1.487720986e+11|1.507218313e+11|1.522609478e+11|1.508995828e+11|9.970654785e+03|9.999017578e+03|1.002123169e+04|1.000127344e+04|2.010826038e+03
2.889548342e+06|4.726268357e+06|4.762727198e+06|4.808404058e+06|4.772323347e+06|5.873640531e+03|5.896027145e+03|5.923854102e+03|5.901678393e+03|1.466898109e+11|1.483563999e+11|1.504458397e+11|1.487967631e+11|9.940109131e+03|9.964578613e+03|9.995011230e+03|9.970780273e+03|2.010826038e+03
2.903830984e+06|4.693791907e+06|4.730910512e+06|4.771968120e+06|4.742388305e+06|5.853555432e+03|5.876505813e+03|5.901682758e+03|5.883262255e+03|1.452061979e+11|1.469018575e+11|1.487789393e+11|1.474286322e+11|9.918183105e+03|9.943237793e+03|9.970756592e+03|9.950662109e+03|2.010826038e+03
2.917083198e+06|4.686414113e+06|4.742086238e+06|4.833512617e+06|4.761624573e+06|5.848979749e+03|5.883374162e+03|5.939045590e+03|5.894790538e+03|1.448692206e+11|1.474127561e+11|1.515951660e+11|1.483100400e+11|9.913185547e+03|9.950747070e+03|1.001163696e+04|9.963293945e+03|2.010826038e+03
2.927538904e+06|4.675789168e+06|4.734788054e+06|4.851886003e+06|4.759698597e+06|5.842360841e+03|5.878893706e+03|5.950116341e+03|5.893549174e+03|1.443842186e+11|1.470790963e+11|1.524366394e+11|1.482223501e+11|9.905965088e+03|9.945842773e+03|1.002376489e+04|9.961943359e+03|2.010826038e+03
2.938762725e+06|4.661385541e+06|4.703398628e+06|4.821489546e+06|4.733872499e+06|5.833376172e+03|5.859503980e+03|5.931789259e+03|5.877767979e+03|1.437268064e+11|1.456449942e+11|1.510446682e+11|1.470411746e+11|9.896166260e+03|9.924676270e+03|1.000369214e+04|9.944690430e+03|2.010826038e+03
2.950056199e+06|4.625350660e+06|4.673714638e+06|4.774287790e+06|4.701969738e+06|5.810791877e+03|5.841067729e+03|5.903101718e+03|5.858062427e+03|1.420828173e+11|1.442895323e+11|1.488849981e+11|1.455836663e+11|9.871547119e+03|9.904555664e+03|9.972308838e+03|9.923170898e+03|2.010826038e+03
2.959877027e+06|4.597722358e+06|4.634542304e+06|4.688627783e+06|4.651943538e+06|5.793377953e+03|5.816573594e+03|5.850355221e+03|5.826999695e+03|1.408230516e+11|1.425019929e+11|1.449703101e+11|1.432992389e+11|9.852560303e+03|9.877845703e+03|9.914682617e+03|9.889268555e+03|2.010826038e+03
2.969958432e+06|4.573376814e+06|4.614465013e+06|4.655644876e+06|4.628515762e+06|5.777924578e+03|5.803937051e+03|5.829791377e+03|5.812319522e+03|1.397137796e+11|1.415864564e+11|1.434647925e+11|1.422303786e+11|9.835750244e+03|9.864078125e+03|9.892256348e+03|9.873262695e+03|2.010826038e+03
2.981064051e+06|4.528790813e+06|4.573346314e+06|4.641743312e+06|4.596921522e+06|5.749441969e+03|5.777905192e+03|5.821094765e+03|5.792187573e+03|1.376831585e+11|1.397123903e+11|1.428304635e+11|1.407911378e+11|9.804759766e+03|9.835728516e+03|9.882772461e+03|9.851353516e+03|2.010826038e+03
2.994304995e+06|4.483313955e+06|4.536060261e+06|4.589933839e+06|4.540457138e+06|5.720111123e+03|5.754105483e+03|5.788438966e+03|5.756489697e+03|1.356135812e+11|1.380141715e+11|1.404681799e+11|1.382170006e+11|9.772878906e+03|9.809829590e+03|9.847190430e+03|9.812470703e+03|2.010826038e+03
3.011588625e+06|4.428328196e+06|4.468004807e+06|4.520214596e+06|4.475545963e+06|5.684274402e+03|5.710185380e+03|5.743935779e+03|5.714752556e+03|1.331136654e+11|1.349172563e+11|1.372927245e+11|1.352622610e+11|9.733965820e+03|9.762086426e+03|9.798771729e+03|9.767089844e+03|2.010826038e+03
3.027499464e+06|4.395972316e+06|4.432177668e+06|4.497798790e+06|4.444804039e+06|5.662975714e+03|5.686794104e+03|5.729487075e+03|5.694651437e+03|1.316440068e+11|1.332886290e+11|1.362725471e+11|1.338649636e+11|9.710868408e+03|9.736696777e+03|9.783065430e+03|9.745275391e+03|2.010826038e+03
3.039565273e+06|4.368844246e+06|4.408146531e+06|4.464550681e+06|4.420145529e+06|5.645010741e+03|5.671005662e+03|5.707940905e+03|5.678469839e+03|1.304123444e+11|1.321968528e+11|1.347601718e+11|1.327445028e+11|9.691390625e+03|9.719578125e+03|9.759652344e+03|9.727716797e+03|2.010826038e+03
3.051476591e+06|4.367436298e+06|4.442873028e+06|4.541377650e+06|4.453294135e+06|5.644074033e+03|5.693788831e+03|5.757513985e+03|5.699909715e+03|1.303484371e+11|1.337747711e+11|1.382563023e+11|1.342525927e+11|9.690380127e+03|9.744294922e+03|9.813536377e+03|9.751014648e+03|2.010826038e+03
3.060467039e+06|4.349013938e+06|4.498589179e+06|4.552607918e+06|4.450514534e+06|5.631804317e+03|5.729998264e+03|5.764706964e+03|5.697673810e+03|1.295123548e+11|1.363085017e+11|1.387676224e+11|1.341285931e+11|9.677084717e+03|9.783622070e+03|9.821354736e+03|9.748634766e+03|2.010826038e+03
3.069516525e+06|4.344271720e+06|4.452760762e+06|4.536103910e+06|4.439395729e+06|5.628641701e+03|5.700247953e+03|5.754133460e+03|5.690507336e+03|1.292971674e+11|1.342241680e+11|1.380161591e+11|1.336225879e+11|9.673662598e+03|9.751303223e+03|9.809864014e+03|9.740844727e+03|2.010826038e+03
3.080342050e+06|4.288724635e+06|4.391094129e+06|4.555036300e+06|4.410270162e+06|5.591298804e+03|5.659755238e+03|5.766255491e+03|5.670949776e+03|1.267778954e+11|1.314224826e+11|1.388782515e+11|1.323016626e+11|9.633243164e+03|9.707371582e+03|9.823037109e+03|9.719673828e+03|2.010826038e+03
3.091295243e+06|4.242780992e+06|4.283246003e+06|4.394030418e+06|4.327179519e+06|5.560048539e+03|5.587584475e+03|5.661687152e+03|5.615976124e+03|1.246961993e+11|1.265295936e+11|1.315558453e+11|1.285282832e+11|9.599462158e+03|9.629228516e+03|9.709466553e+03|9.660077148e+03|2.010826038e+03
3.100941632e+06|4.201103764e+06|4.268630371e+06|4.335488237e+06|4.280193886e+06|5.531416666e+03|5.577664586e+03|5.622776555e+03|5.584154668e+03|1.228093416e+11|1.258672635e+11|1.288985718e+11|1.263983886e+11|9.568535889e+03|9.618506348e+03|9.667301758e+03|9.625663086e+03|2.010826038e+03
3.111884768e+06|4.137496613e+06|4.202935712e+06|4.264236139e+06|4.202591162e+06|5.487170323e+03|5.532683206e+03|5.574678326e+03|5.531592113e+03|1.199319585e+11|1.228922553e+11|1.256681198e+11|1.228806186e+11|9.520812744e+03|9.569904297e+03|9.615273193e+03|9.568815430e+03|2.010826038e+03
3.127396438e+06|4.090341597e+06|4.141451208e+06|4.207667402e+06|4.145139582e+06|5.453933180e+03|5.489937952e+03|5.535952365e+03|5.491943803e+03|1.178006197e+11|1.201107625e+11|1.231063909e+11|1.202800132e+11|9.484995361e+03|9.523792480e+03|9.573430420e+03|9.526013672e+03|2.010826038e+03
3.142149391e+06|4.011840971e+06|4.075248362e+06|4.132008726e+06|4.075683013e+06|5.397729528e+03|5.443198988e+03|5.483327488e+03|5.442901314e+03|1.142562713e+11|1.171187612e+11|1.196838101e+11|1.171409774e+11|9.424535645e+03|9.473449219e+03|9.516660400e+03|9.473184570e+03|2.010826038e+03
3.155664112e+06|3.959949440e+06|4.038893817e+06|4.115215190e+06|4.040424080e+06|5.359953238e+03|5.417213528e+03|5.471504219e+03|5.417411362e+03|1.119156203e+11|1.154772101e+11|1.189246573e+11|1.155497923e+11|9.383956543e+03|9.445485352e+03|9.503927979e+03|9.445786133e+03|2.010826038e+03
3.168959029e+06|3.954030332e+06|4.014693630e+06|4.140132144e+06|4.035870611e+06|5.355608280e+03|5.399787114e+03|5.489014427e+03|5.413505628e+03|1.116487146e+11|1.143849982e+11|1.200511243e+11|1.153466340e+11|9.379292725e+03|9.426748047e+03|9.522799316e+03|9.441646484e+03|2.010826038e+03
3.180299852e+06|3.940517723e+06|3.997229907e+06|4.052769974e+06|3.991722012e+06|5.345677362e+03|5.387136497e+03|5.427166696e+03|5.381923852e+03|1.110394686e+11|1.135970806e+11|1.161036413e+11|1.133527802e+11|9.368631836e+03|9.413151367e+03|9.456188721e+03|9.407666992e+03|2.010826038e+03
3.193806546e+06|3.706126946e+06|3.911808303e+06|4.039830429e+06|3.832107737e+06|5.167514749e+03|5.324450448e+03|5.417882546e+03|5.255475178e+03|1.004894197e+11|1.097455186e+11|1.155194825e+11|1.061761116e+11|9.177954102e+03|9.345861816e+03|9.446203857e+03|9.272775391e+03|2.010826038e+03
3.205354195e+06|3.270630358e+06|3.392125881e+06|3.885830599e+06|3.552906692e+06|4.801521021e+03|4.908831614e+03|5.305117103e+03|5.032311690e+03|8.093926085e+10|8.639129998e+10|1.085751449e+11|9.362110267e+10|8.789245117e+03|8.902834961e+03|9.325129639e+03|9.034858398e+03|2.010826038e+03
3.215016375e+06|3.222358216e+06|3.279295193e+06|3.365306505e+06|3.325355524e+06|4.757573207e+03|4.809335980e+03|4.885580499e+03|4.846295246e+03|7.877236908e+10|8.132828770e+10|8.518788752e+10|8.339603666e+10|8.742803955e+03|8.797502441e+03|8.878194092e+03|8.836882812e+03|2.010826038e+03
3.224303139e+06|3.184945294e+06|3.255535260e+06|3.309237065e+06|3.277170010e+06|4.722944940e+03|4.787876734e+03|4.836137675e+03|4.803251107e+03|7.709208403e+10|8.026190280e+10|8.267199551e+10|8.123201061e+10|8.706260986e+03|8.774816406e+03|8.825848633e+03|8.791347656e+03|2.010826038e+03
3.235103401e+06|3.047891162e+06|3.125045515e+06|3.214958153e+06|3.151084302e+06|4.591753966e+03|4.666494233e+03|4.750748702e+03|4.685482533e+03|7.092968204e+10|7.440069241e+10|7.843986646e+10|7.556380463e+10|8.568043457e+03|8.646735352e+03|8.735605713e+03|8.667090820e+03|2.010826038e+03
3.245051713e+06|2.926687952e+06|3.030865711e+06|3.114555852e+06|3.055202960e+06|4.469429676e+03|4.574959539e+03|4.656459523e+03|4.592492177e+03|6.546462204e+10|7.016309555e+10|7.392892111e+10|7.124626277e+10|8.439505127e+03|8.550377930e+03|8.636167969e+03|8.569173828e+03|2.010826038e+03
3.256960970e+06|2.806375765e+06|2.889888136e+06|3.013374728e+06|2.941868679e+06|4.341114810e+03|4.430939961e+03|4.557592406e+03|4.476507937e+03|6.001466010e+10|6.380055730e+10|6.937553801e+10|6.612566096e+10|8.305010254e+03|8.399134766e+03|8.532111572e+03|8.447361328e+03|2.010826038e+03
3.272614045e+06|2.764910697e+06|2.896753441e+06|3.012059611e+06|2.919014484e+06|4.295102049e+03|4.438182319e+03|4.556284230e+03|4.452111758e+03|5.812851436e+10|6.411139052e+10|6.931635987e+10|6.508696562e+10|8.256853027e+03|8.406723145e+03|8.530734131e+03|8.421775391e+03|2.010826038e+03
3.287653312e+06|2.750069306e+06|2.881469245e+06|3.011591446e+06|2.886015254e+06|4.278417468e+03|4.422040089e+03|4.555772754e+03|4.417908825e+03|5.745245985e+10|6.341949248e+10|6.929491867e+10|6.358992896e+10|8.239395752e+03|8.389804688e+03|8.530205566e+03|8.385854492e+03|2.010826038e+03
3.298281624e+06|2.667182868e+06|2.804165197e+06|2.953430149e+06|2.811375056e+06|4.182666392e+03|4.338680944e+03|4.496972618e+03|4.337811176e+03|5.366233533e+10|5.991427673e+10|6.667209580e+10|6.019987266e+10|8.139318481e+03|8.302459473e+03|8.468419678e+03|8.301885742e+03|2.010826038e+03
3.307809260e+06|2.585446710e+06|2.714224252e+06|2.889126674e+06|2.726255104e+06|4.083756490e+03|4.237565882e+03|4.430135389e+03|4.241490947e+03|4.989805608e+10|5.581676677e+10|6.376607594e+10|5.631080120e+10|8.036067505e+03|8.196678711e+03|8.398291748e+03|8.201108398e+03|2.010826038e+03
3.314673411e+06|2.537057103e+06|2.676807304e+06|2.848997042e+06|2.688756352e+06|4.022776055e+03|4.193958443e+03|4.387417308e+03|4.196128015e+03|4.765242171e+10|5.410358335e+10|6.194893597e+10|5.457906568e+10|7.972479370e+03|8.151113281e+03|8.353509766e+03|8.153736328e+03|2.010826038e+03
3.320869283e+06|2.482950255e+06|2.626599432e+06|2.775839068e+06|2.623568866e+06|3.952255903e+03|4.134136165e+03|4.307333737e+03|4.116889992e+03|4.512374794e+10|5.179677947e+10|5.862606819e+10|5.156236738e+10|7.899000122e+03|8.088644531e+03|8.269655029e+03|8.070982910e+03|2.010826038e+03
3.327761675e+06|2.397984346e+06|2.538004408e+06|2.714038986e+06|2.564645419e+06|3.835902837e+03|4.023980368e+03|4.237353325e+03|4.039320440e+03|4.110622574e+10|4.769638906e+10|5.580831784e+10|4.879517019e+10|7.777849976e+03|7.973738281e+03|8.196455322e+03|7.990129883e+03|2.010826038e+03
3.335996332e+06|2.379752873e+06|2.508358787e+06|2.602531832e+06|2.496827026e+06|3.809944209e+03|3.985681996e+03|4.104806171e+03|3.956274979e+03|4.023538673e+10|4.631349317e+10|5.068708677e+10|4.564681538e+10|7.750827881e+03|7.933825928e+03|8.058037598e+03|7.903386719e+03|2.010826038e+03
3.349525882e+06|2.130717653e+06|2.237167172e+06|2.381414338e+06|2.274905414e+06|3.406820082e+03|3.591576359e+03|3.812333333e+03|3.632097583e+03|2.776311415e+10|3.326553701e+10|4.031503488e+10|3.488087765e+10|7.331368530e+03|7.523669189e+03|7.753315674e+03|7.565704102e+03|2.010826038e+03
3.407429762e+06|1.202355958e+07|1.211968277e+07|1.217282558e+07|1.210086567e+07|4.480504970e+03|4.490273518e+03|4.499263811e+03|4.490391172e+03|1.518462712e+11|1.538772490e+11|1.549995043e+11|1.534804213e+11|5.320940430e+03|5.338836914e+03|5.348688599e+03|5.335293945e+03|3.695804535e+03
3.426192860e+06|1.194597539e+07|1.201377120e+07|1.208253988e+07|1.201039083e+07|4.474940735e+03|4.479804566e+03|4.484715538e+03|4.479914931e+03|1.502075111e+11|1.516393825e+11|1.530937009e+11|1.515703732e+11|5.306428467e+03|5.319112061e+03|5.331937744e+03|5.318437012e+03|3.695804535e+03
3.440828030e+06|1.195855279e+07|1.200729522e+07|1.203658014e+07|1.199544362e+07|4.475844794e+03|4.479340930e+03|4.481435934e+03|4.477984170e+03|1.504730037e+11|1.515025258e+11|1.521215361e+11|1.512547410e+11|5.308785889e+03|5.317903809e+03|5.323371338e+03|5.315655762e+03|3.695804535e+03
3.469095062e+06|1.170880519e+07|1.180684280e+07|1.190197248e+07|1.179858740e+07|4.438088603e+03|4.454888350e+03|4.470846950e+03|4.452020979e+03|1.452465366e+11|1.472936291e+11|1.492807192e+11|1.471248347e+11|5.261718018e+03|5.280288330e+03|5.298178223e+03|5.278560547e+03|3.695804535e+03
3.493877516e+06|1.155700861e+07|1.165691595e+07|1.172227783e+07|1.165505489e+07|4.411133762e+03|4.428755043e+03|4.440508479e+03|4.429972925e+03|1.420742958e+11|1.441604185e+11|1.455298280e+11|1.441217853e+11|5.232586304e+03|5.251784424e+03|5.264293213e+03|5.251241211e+03|3.695804535e+03
3.504454203e+06|1.146051091e+07|1.153608696e+07|1.162707337e+07|1.154593474e+07|4.403930530e+03|4.409576203e+03|4.423377110e+03|4.414265368e+03|1.400469017e+11|1.416342055e+11|1.435364173e+11|1.418390485e+11|5.213855225e+03|5.228533936e+03|5.246061035e+03|5.230283691e+03|3.695804535e+03
3.512212746e+06|1.137164940e+07|1.146459982e+07|1.157200430e+07|1.147044466e+07|4.395569865e+03|4.404236797e+03|4.413434258e+03|4.404609287e+03|1.381888784e+11|1.401326755e+11|1.423874460e+11|1.402624124e+11|5.196534668e+03|5.214650879e+03|5.235478027e+03|5.215662109e+03|3.695804535e+03
3.519707372e+06|1.129912673e+07|1.141621630e+07|1.150494350e+07|1.141624018e+07|4.383207249e+03|4.400607782e+03|4.407253366e+03|4.397413889e+03|1.366878190e+11|1.391183645e+11|1.409796435e+11|1.391322804e+11|5.182369629e+03|5.205228027e+03|5.222491333e+03|5.205120117e+03|3.695804535e+03
3.532827969e+06|1.104762791e+07|1.121191514e+07|1.133038785e+07|1.118080126e+07|4.336196851e+03|4.368106293e+03|4.388541638e+03|4.362846727e+03|1.314992101e+11|1.348871247e+11|1.373343676e+11|1.342443369e+11|5.132615112e+03|5.165252686e+03|5.188481812e+03|5.158743652e+03|3.695804535e+03
3.580191326e+06|9.912338416e+06|9.950297116e+06|9.972236401e+06|9.978004649e+06|4.155290179e+03|4.159540771e+03|4.164175736e+03|4.166842124e+03|1.082528678e+11|1.090261086e+11|1.094697510e+11|1.095886262e+11|4.893688721e+03|4.902092041e+03|4.906931152e+03|4.907883789e+03|3.695804535e+03
3.605054480e+06|9.842899140e+06|9.884051948e+06|9.916915934e+06|9.880895809e+06|4.149791060e+03|4.153053869e+03|4.155651589e+03|4.152882765e+03|1.068396705e+11|1.076762955e+11|1.083462884e+11|1.076134209e+11|4.878257690e+03|4.887410645e+03|4.894704712e+03|4.886693359e+03|3.695804535e+03
3.619550368e+06|9.818004213e+06|9.856646480e+06|9.879694036e+06|9.846968460e+06|4.147811882e+03|4.150882251e+03|4.152708874e+03|4.149587338e+03|1.063348351e+11|1.071188588e+11|1.075875764e+11|1.069244936e+11|4.872710815e+03|4.881317627e+03|4.886441650e+03|4.879142578e+03|3.695804535e+03
3.652333473e+06|9.624745697e+06|9.694453933e+06|9.767458432e+06|9.695744648e+06|4.111530644e+03|4.126164436e+03|4.140922893e+03|4.124923561e+03|1.024511553e+11|1.038510007e+11|1.053133241e+11|1.038797185e+11|4.829239624e+03|4.845001709e+03|4.861406494e+03|4.845188477e+03|3.695804535e+03
3.680128732e+06|9.501130473e+06|9.546555477e+06|9.596420071e+06|9.542112012e+06|4.082968631e+03|4.093480809e+03|4.104999731e+03|4.093861374e+03|9.998757534e+10|1.008924595e+11|1.018852462e+11|1.007993394e+11|4.800975220e+03|4.811385742e+03|4.822779785e+03|4.810274902e+03|3.695804535e+03
3.691945986e+06|9.439665300e+06|9.480174144e+06|9.551604752e+06|9.492821931e+06|4.074670382e+03|4.079847317e+03|4.094648442e+03|4.084368946e+03|9.873843228e+10|9.956089660e+10|1.009931846e+11|9.980976755e+10|4.786656128e+03|4.796109619e+03|4.812539062e+03|4.798925781e+03|3.695804535e+03
3.701592289e+06|9.389610800e+06|9.434097589e+06|9.508675423e+06|9.443601090e+06|4.068251857e+03|4.073957615e+03|4.084711847e+03|4.076338981e+03|9.772914719e+10|9.862572505e+10|1.001377412e+11|9.882047504e+10|4.774948364e+03|4.785356689e+03|4.802707520e+03|4.787490234e+03|3.695804535e+03
3.712715241e+06|9.319024762e+06|9.413291773e+06|9.469386389e+06|9.408231867e+06|4.058049951e+03|4.071291476e+03|4.078470172e+03|4.071288732e+03|9.631737128e+10|9.820553237e+10|9.934181385e+10|9.811108173e+10|4.758386475e+03|4.780491455e+03|4.793593628e+03|4.779163086e+03|3.695804535e+03
3.730266339e+06|9.319029500e+06|9.494018569e+06|9.698358148e+06|9.497679838e+06|4.058050721e+03|4.082350917e+03|4.126955158e+03|4.089888855e+03|9.631745480e+10|9.984050662e+10|1.039292185e+11|9.990526436e+10|4.758391235e+03|4.799308838e+03|4.845879395e+03|4.799558594e+03|3.695804535e+03
3.750302154e+06|9.580139707e+06|9.652026788e+06|9.708415505e+06|9.585154849e+06|4.101241815e+03|4.117560649e+03|4.128991342e+03|4.105457006e+03|1.015629386e+11|1.030017177e+11|1.041307571e+11|1.016604164e+11|4.819064087e+03|4.835434814e+03|4.848144043e+03|4.819804199e+03|3.695804535e+03
3.769865396e+06|9.533166078e+06|9.593911008e+06|9.648258676e+06|9.564662442e+06|4.090383106e+03|4.104420796e+03|4.116795571e+03|4.099490094e+03|1.006255057e+11|1.018356427e+11|1.029263509e+11|1.012524089e+11|4.808320679e+03|4.822205811e+03|4.834582886e+03|4.815289551e+03|3.695804535e+03
3.790880238e+06|9.460040130e+06|9.512810206e+06|9.556640995e+06|9.501487690e+06|4.077276177e+03|4.085669809e+03|4.095812847e+03|4.085900886e+03|9.915183516e+10|1.002200431e+11|1.010936712e+11|9.998626368e+10|4.791414673e+03|4.803654053e+03|4.813693115e+03|4.800892578e+03|3.695804535e+03
3.827739123e+06|9.284901930e+06|9.352608652e+06|9.419841676e+06|9.347057402e+06|4.052562546e+03|4.063438353e+03|4.072131253e+03|4.060809809e+03|9.564024917e+10|9.698834730e+10|9.833764738e+10|9.688627889e+10|4.750362427e+03|4.766270752e+03|4.782023682e+03|4.764858887e+03|3.695804535e+03
3.852385144e+06|9.169710688e+06|9.238812552e+06|9.310119138e+06|9.233862464e+06|4.030952462e+03|4.045130494e+03|4.056619045e+03|4.041942583e+03|9.334000904e+10|9.471994189e+10|9.614171201e+10|9.462414220e+10|4.723074585e+03|4.739500977e+03|4.756294800e+03|4.738196289e+03|3.695804535e+03
3.866481719e+06|9.116371921e+06|9.188109867e+06|9.251949354e+06|9.178144939e+06|4.018568210e+03|4.035216572e+03|4.047251221e+03|4.031106692e+03|9.229114581e+10|9.370471500e+10|9.498200592e+10|9.351724336e+10|4.710311035e+03|4.727466309e+03|4.742601562e+03|4.724958008e+03|3.695804535e+03
3.879878126e+06|9.076201172e+06|9.151001081e+06|9.225857125e+06|9.159992508e+06|4.009218647e+03|4.026612175e+03|4.043037165e+03|4.026863101e+03|9.149772229e+10|9.297419463e+10|9.446175813e+10|9.315622994e+10|4.700669678e+03|4.718599365e+03|4.736442505e+03|4.720612793e+03|3.695804535e+03
3.894915182e+06|9.059421935e+06|9.175474969e+06|9.315442172e+06|9.176596783e+06|4.005061009e+03|4.032288453e+03|4.057474425e+03|4.028725992e+03|9.115848613e+10|9.345416267e+10|9.624659018e+10|9.349074132e+10|4.696606812e+03|4.724450928e+03|4.757546143e+03|4.724390137e+03|3.695804535e+03
3.910464875e+06|9.083364753e+06|9.235481344e+06|9.284747959e+06|9.179138397e+06|4.010887380e+03|4.044592388e+03|4.052537757e+03|4.030756071e+03|9.163910038e+10|9.465353491e+10|9.563717990e+10|9.353821381e+10|4.702390625e+03|4.738714111e+03|4.750327881e+03|4.725007324e+03|3.695804535e+03
3.926450118e+06|9.117226670e+06|9.205221540e+06|9.268418183e+06|9.159356345e+06|4.018766212e+03|4.039178629e+03|4.049907173e+03|4.027417591e+03|9.230810051e+10|9.404834028e+10|9.531091303e+10|9.314470465e+10|4.710512573e+03|4.731549561e+03|4.746483643e+03|4.720268555e+03|3.695804535e+03
3.943863373e+06|9.095834183e+06|9.148621020e+06|9.204199458e+06|9.128819466e+06|4.013790588e+03|4.026059805e+03|4.038942090e+03|4.021544283e+03|9.188530988e+10|9.292755189e+10|9.402767604e+10|9.253659200e+10|4.705384033e+03|4.718031738e+03|4.731305542e+03|4.713081055e+03|3.695804535e+03
3.969602841e+06|8.867967459e+06|9.041364157e+06|9.130852932e+06|8.999230687e+06|3.968145895e+03|4.000529639e+03|4.021933815e+03|3.995277608e+03|8.736215935e+10|9.079625612e+10|9.257753397e+10|8.996699767e+10|4.649687256e+03|4.692224121e+03|4.713779907e+03|4.681530273e+03|3.695804535e+03
4.001562825e+06|8.835616347e+06|8.896423600e+06|8.990978918e+06|8.898856319e+06|3.965306747e+03|3.970636401e+03|3.987866258e+03|3.973758738e+03|8.671754926e+10|8.792844191e+10|8.981081103e+10|8.797848271e+10|4.641642212e+03|4.656750000e+03|4.679969482e+03|4.657132324e+03|3.695804535e+03
4.021563279e+06|8.781537967e+06|8.832939054e+06|8.874824537e+06|8.822508114e+06|3.958051175e+03|3.965071467e+03|3.968746656e+03|3.961814055e+03|8.564172589e+10|8.666435734e+10|8.749928365e+10|8.646271859e+10|4.628149902e+03|4.640977051e+03|4.651391968e+03|4.638267578e+03|3.695804535e+03
4.036803240e+06|8.715148466e+06|8.764138927e+06|8.818383600e+06|8.779299297e+06|3.944173075e+03|3.954419543e+03|3.963791034e+03|3.954706265e+03|8.434472477e+10|8.529755410e+10|8.637579849e+10|8.560971432e+10|4.611492188e+03|4.623791016e+03|4.637351807e+03|4.627400391e+03|3.695804535e+03
4.051158412e+06|8.662249312e+06|8.746660441e+06|8.968142798e+06|8.793817455e+06|3.932746499e+03|3.950767405e+03|3.982116592e+03|3.954661098e+03|8.329969011e+10|8.495609019e+10|8.936333929e+10|8.590410687e+10|4.598157593e+03|4.619406738e+03|4.674401367e+03|4.630833984e+03|3.695804535e+03
4.065930337e+06|8.696307059e+06|8.932251387e+06|8.970953163e+06|8.844983498e+06|3.940223936e+03|3.973762911e+03|3.982824509e+03|3.961963987e+03|8.397414883e+10|8.865371489e+10|8.941867273e+10|8.691888826e+10|4.606752808e+03|4.665625488e+03|4.675085815e+03|4.643620605e+03|3.695804535e+03
4.082476325e+06|8.707921882e+06|8.911820893e+06|8.967338722e+06|8.844408648e+06|3.942658510e+03|3.971981288e+03|3.981914029e+03|3.961611318e+03|8.420259273e+10|8.823761043e+10|8.934750995e+10|8.690782515e+10|4.609676880e+03|4.660564453e+03|4.674206055e+03|4.643529297e+03|3.695804535e+03
4.098588541e+06|8.810638255e+06|8.871609149e+06|8.913014025e+06|8.836683113e+06|3.963108983e+03|3.968465030e+03|3.972085423e+03|3.961106827e+03|8.622258261e+10|8.743494515e+10|8.826172994e+10|8.675053252e+10|4.635423706e+03|4.650590332e+03|4.660860840e+03|4.641720703e+03|3.695804535e+03
4.117569517e+06|8.589677929e+06|8.793338728e+06|8.855715269e+06|8.721892815e+06|3.914176832e+03|3.960512121e+03|3.967071676e+03|3.940045756e+03|8.187407610e+10|8.587753893e+10|8.711752622e+10|8.448330610e+10|4.579636719e+03|4.631101562e+03|4.646642090e+03|4.612758301e+03|3.695804535e+03
4.145001955e+06|8.556146709e+06|8.699356488e+06|8.771865584e+06|8.656002150e+06|3.905573832e+03|3.940863562e+03|3.956032779e+03|3.928937896e+03|8.122877894e+10|8.403413167e+10|8.544986501e+10|8.318191864e+10|4.571052124e+03|4.607521484e+03|4.625726440e+03|4.596210449e+03|3.695804535e+03
4.172684443e+06|8.480619233e+06|8.540757170e+06|8.608362724e+06|8.538354072e+06|3.885306524e+03|3.901620400e+03|3.918964564e+03|3.902433523e+03|7.972681800e+10|8.092867439e+10|8.223287354e+10|8.087113987e+10|4.551497803e+03|4.567105957e+03|4.584412354e+03|4.566173340e+03|3.695804535e+03
4.190148064e+06|8.387234099e+06|8.451435117e+06|8.515893063e+06|8.449070120e+06|3.864738258e+03|3.877360762e+03|3.894895483e+03|3.881131504e+03|7.791227166e+10|7.916513298e+10|8.042526165e+10|7.912115927e+10|4.527078613e+03|4.543901611e+03|4.560663330e+03|4.543103027e+03|3.695804535e+03
4.205114962e+06|8.370684568e+06|8.452774035e+06|8.600237340e+06|8.474314661e+06|3.863636000e+03|3.877725544e+03|3.916883133e+03|3.888448171e+03|7.758011277e+10|7.919058111e+10|8.207611771e+10|7.961620606e+10|4.522704834e+03|4.544249756e+03|4.582335938e+03|4.549489258e+03|3.695804535e+03
4.220836308e+06|8.361167826e+06|8.505827735e+06|8.640212873e+06|8.492496731e+06|3.863001275e+03|3.892160899e+03|3.927114944e+03|3.893570459e+03|7.739142557e+10|8.022384163e+10|8.285788760e+10|7.997222012e+10|4.520188110e+03|4.558051025e+03|4.592541626e+03|4.554151855e+03|3.695804535e+03
4.237819163e+06|8.279896088e+06|8.524108554e+06|8.606249365e+06|8.456851413e+06|3.856675958e+03|3.897125563e+03|3.918423282e+03|3.887043555e+03|7.580356188e+10|8.059224092e+10|8.219199748e+10|7.927149811e+10|4.498625122e+03|4.562794189e+03|4.583873535e+03|4.544770508e+03|3.695804535e+03
4.252838645e+06|8.353708681e+06|8.541326000e+06|8.582465775e+06|8.473417260e+06|3.862503121e+03|3.901766586e+03|3.912327640e+03|3.889594684e+03|7.724526134e+10|8.093976216e+10|8.173702219e+10|7.959810950e+10|4.518213501e+03|4.567252930e+03|4.577793579e+03|4.549193848e+03|3.695804535e+03
4.268136624e+06|8.332030871e+06|8.490809678e+06|8.537462904e+06|8.431685082e+06|3.861054239e+03|3.888078387e+03|3.900751157e+03|3.879223670e+03|7.682345139e+10|7.992641604e+10|8.086289296e+10|7.877932400e+10|4.512474487e+03|4.554148193e+03|4.566258423e+03|4.538373047e+03|3.695804535e+03
4.286909131e+06|8.356012995e+06|8.445533495e+06|8.493667314e+06|8.400822639e+06|3.862656953e+03|3.875752567e+03|3.888855445e+03|3.870565582e+03|7.729057200e+10|7.905338351e+10|7.998269784e+10|7.817704073e+10|4.518824829e+03|4.542362061e+03|4.554892456e+03|4.530307617e+03|3.695804535e+03
4.313072765e+06|8.159019256e+06|8.321046082e+06|8.411249992e+06|8.275995353e+06|3.827662413e+03|3.860318626e+03|3.866401569e+03|3.846815594e+03|7.345692088e+10|7.661054041e+10|7.840260962e+10|7.573744617e+10|4.466111694e+03|4.509561768e+03|4.533417603e+03|4.497089355e+03|3.695804535e+03
4.338491448e+06|8.101553443e+06|8.185504993e+06|8.278346925e+06|8.194066590e+06|3.811992707e+03|3.834089719e+03|3.856306283e+03|3.833143475e+03|7.231452070e+10|7.397073426e+10|7.577242747e+10|7.413222280e+10|4.450403320e+03|4.473262695e+03|4.498209351e+03|4.475347656e+03|3.695804535e+03
4.357109799e+06|8.047202008e+06|8.124885090e+06|8.185236180e+06|8.126710043e+06|3.797127346e+03|3.818361203e+03|3.834025179e+03|3.818131676e+03|7.128776465e+10|7.277125740e+10|7.396573751e+10|7.281960419e+10|4.435489380e+03|4.456789062e+03|4.473189209e+03|4.457040527e+03|3.695804535e+03
4.372358323e+06|8.044391141e+06|8.109452251e+06|8.229029286e+06|8.130563955e+06|3.796368039e+03|3.814149612e+03|3.844520065e+03|3.818773678e+03|7.123599355e+10|7.246804368e+10|7.479958929e+10|7.289546547e+10|4.434717651e+03|4.452564941e+03|4.484975830e+03|4.457960449e+03|3.695804535e+03
4.388544844e+06|7.970780738e+06|8.088803229e+06|8.293256527e+06|8.119406574e+06|3.783000465e+03|3.808509145e+03|3.858454113e+03|3.817060043e+03|6.977725638e+10|7.206906028e+10|7.606708496e+10|7.268390722e+10|4.414241821e+03|4.446908203e+03|4.502186768e+03|4.454724609e+03|3.695804535e+03
4.404099206e+06|8.009238482e+06|8.207238247e+06|8.270429444e+06|8.147426640e+06|3.789725432e+03|3.839301345e+03|3.854416425e+03|3.824958897e+03|7.053330695e+10|7.438115722e+10|7.561385070e+10|7.322325100e+10|4.424958862e+03|4.479114990e+03|4.496086426e+03|4.462467285e+03|3.695804535e+03
4.418215976e+06|7.944945528e+06|8.189812286e+06|8.239723369e+06|8.102636473e+06|3.778470954e+03|3.835123130e+03|3.847078720e+03|3.815999777e+03|6.928549621e+10|7.405154286e+10|7.500752132e+10|7.235309949e+10|4.407028076e+03|4.474423340e+03|4.487850220e+03|4.450126465e+03|3.695804535e+03
4.432372086e+06|7.980437254e+06|8.137054952e+06|8.208274047e+06|8.084735629e+06|3.784690785e+03|3.821679954e+03|3.839549560e+03|3.811737054e+03|6.996472566e+10|7.301335089e+10|7.440089067e+10|7.200477865e+10|4.416934448e+03|4.460113525e+03|4.479394531e+03|4.445247559e+03|3.695804535e+03
4.451253054e+06|7.925065801e+06|8.096874704e+06|8.158182882e+06|8.038653758e+06|3.774979920e+03|3.810714731e+03|3.827436718e+03|3.801321706e+03|6.891484890e+10|7.222403613e+10|7.343981524e+10|7.111086057e+10|4.401466919e+03|4.449119385e+03|4.465884766e+03|4.432546387e+03|3.695804535e+03
4.475409165e+06|7.826440384e+06|8.011801517e+06|8.095918771e+06|7.966633209e+06|3.759043712e+03|3.790172848e+03|3.810453539e+03|3.785445770e+03|6.698934380e+10|7.058476229e+10|7.220565225e+10|6.971039743e+10|4.373512451e+03|4.425672119e+03|4.448858887e+03|4.412556152e+03|3.695804535e+03
4.499207457e+06|7.775356892e+06|7.871321631e+06|7.969121039e+06|7.865915652e+06|3.749747327e+03|3.766274696e+03|3.782709799e+03|3.765136028e+03|6.600027645e+10|6.785786180e+10|6.974523307e+10|6.775920896e+10|4.358865967e+03|4.386260986e+03|4.413779419e+03|4.384316406e+03|3.695804535e+03
4.518594432e+06|7.712311065e+06|7.790781750e+06|7.875680150e+06|7.802505925e+06|3.737087169e+03|3.752835570e+03|3.766975442e+03|3.753685339e+03|6.478172551e+10|6.630549771e+10|6.794436298e+10|6.653067068e+10|4.340629517e+03|4.363317871e+03|4.387498413e+03|4.366332031e+03|3.695804535e+03
4.536532233e+06|7.694530504e+06|7.755431098e+06|7.933779086e+06|7.804411249e+06|3.733505740e+03|3.745752541e+03|3.776510489e+03|3.753680183e+03|6.444639896e+10|6.561022580e+10|6.907669351e+10|6.656594903e+10|4.335472778e+03|4.353110596e+03|4.403906128e+03|4.366795410e+03|3.695804535e+03
4.551362296e+06|7.648574998e+06|7.730641774e+06|7.943377893e+06|7.773646131e+06|3.724831462e+03|3.740774255e+03|3.778196241e+03|3.747703073e+03|6.354624983e+10|6.513152530e+10|6.925547428e+10|6.597071700e+10|4.321984253e+03|4.345938232e+03|4.406590820e+03|4.357786621e+03|3.695804535e+03
4.567961805e+06|7.614058982e+06|7.779141571e+06|7.915508133e+06|7.765123112e+06|3.718382264e+03|3.750505320e+03|3.773366988e+03|3.746134493e+03|6.287493162e+10|6.607496890e+10|6.873423784e+10|6.581090850e+10|4.311809448e+03|4.359959229e+03|4.398781982e+03|4.355289551e+03|3.695804535e+03
4.582364035e+06|7.692977202e+06|7.857642442e+06|7.893411707e+06|7.799450899e+06|3.733195458e+03|3.764073717e+03|3.769823625e+03|3.752731576e+03|6.441737972e+10|6.758884536e+10|6.830013019e+10|6.647471486e+10|4.335019775e+03|4.382381348e+03|4.392526733e+03|4.365310059e+03|3.695804535e+03
4.595292147e+06|7.623482055e+06|7.800647536e+06|7.837432509e+06|7.730097350e+06|3.720144678e+03|3.754809073e+03|3.760817280e+03|3.740358050e+03|6.305606317e+10|6.650207550e+10|6.719829164e+10|6.513116967e+10|4.314591919e+03|4.366164551e+03|4.376638062e+03|4.345245117e+03|3.695804535e+03
4.611759754e+06|7.618544245e+06|7.764749378e+06|7.803145104e+06|7.710115527e+06|3.719221314e+03|3.747621466e+03|3.755267150e+03|3.736848940e+03|6.296094976e+10|6.579202867e+10|6.655097553e+10|6.474344105e+10|4.313133057e+03|4.355802979e+03|4.366881226e+03|4.339575195e+03|3.695804535e+03
4.632674631e+06|7.490538985e+06|7.635836323e+06|7.750603757e+06|7.606390658e+06|3.694935596e+03|3.722452981e+03|3.744783847e+03|3.717004924e+03|6.049974075e+10|6.329640122e+10|6.551642715e+10|6.274194342e+10|4.274917480e+03|4.318232178e+03|4.351715576e+03|4.308942383e+03|3.695804535e+03
4.657146433e+06|7.460745859e+06|7.584562778e+06|7.697498205e+06|7.566381680e+06|3.689212495e+03|3.712856677e+03|3.734103842e+03|3.709261468e+03|5.993986786e+10|6.231864590e+10|6.450192118e+10|6.197000839e+10|4.265930420e+03|4.303100098e+03|4.336332397e+03|4.297138672e+03|3.695804535e+03
4.678451221e+06|7.422136206e+06|7.479174450e+06|7.580650032e+06|7.494441058e+06|3.681670623e+03|3.692756847e+03|3.712122606e+03|3.695463014e+03|5.919357016e+10|6.028496570e+10|6.224618959e+10|6.058327565e+10|4.254120117e+03|4.271494873e+03|4.301943359e+03|4.275786133e+03|3.695804535e+03
4.697092723e+06|7.361594670e+06|7.417302756e+06|7.513127074e+06|7.436354577e+06|3.669796712e+03|3.680724828e+03|3.699259980e+03|3.684081691e+03|5.802794452e+10|5.910040661e+10|6.093462251e+10|5.946553824e+10|4.235541870e+03|4.252638916e+03|4.281712036e+03|4.257980469e+03|3.695804535e+03
4.712850801e+06|7.342812265e+06|7.400576496e+06|7.596263586e+06|7.445517266e+06|3.666067611e+03|3.677448888e+03|3.715050177e+03|3.685830166e+03|5.766955992e+10|5.877562911e+10|6.253742885e+10|5.964210346e+10|4.229718262e+03|4.247512695e+03|4.306557373e+03|4.260738281e+03|3.695804535e+03
4.728883702e+06|7.330029834e+06|7.478302184e+06|7.591916520e+06|7.455576298e+06|3.663512424e+03|3.692589548e+03|3.714235511e+03|3.687757360e+03|5.742284786e+10|6.026857644e+10|6.245582624e+10|5.983534731e+10|4.225730713e+03|4.271233398e+03|4.305272217e+03|4.263770508e+03|3.695804535e+03
4.744361132e+06|7.312754864e+06|7.500517268e+06|7.550413858e+06|7.442454206e+06|3.660054938e+03|3.696846886e+03|3.706381079e+03|3.685224695e+03|5.709019431e+10|6.069052260e+10|6.166608508e+10|5.958377782e+10|4.220338745e+03|4.277920410e+03|4.292905640e+03|4.259797363e+03|3.695804535e+03
4.757982500e+06|7.367318875e+06|7.486744295e+06|7.517811716e+06|7.429867906e+06|3.670921875e+03|3.694208332e+03|3.700155859e+03|3.682753408e+03|5.813569762e+10|6.042772135e+10|6.102611203e+10|5.934107306e+10|4.237301636e+03|4.273775391e+03|4.283119141e+03|4.255932617e+03|3.695804535e+03
4.773000876e+06|7.249147772e+06|7.420096346e+06|7.478788797e+06|7.354515510e+06|3.647281682e+03|3.681271534e+03|3.692682907e+03|3.667865557e+03|5.587171484e+10|5.915424239e+10|6.027768408e+10|5.789369549e+10|4.200433716e+03|4.253496338e+03|4.271379395e+03|4.232668457e+03|3.695804535e+03
4.789010622e+06|7.210764291e+06|7.389932878e+06|7.447711743e+06|7.333912535e+06|3.639412062e+03|3.675361876e+03|3.686669128e+03|3.663744417e+03|5.513247514e+10|5.856829707e+10|5.968750867e+10|5.749771903e+10|4.188211304e+03|4.244247314e+03|4.261947998e+03|4.226242188e+03|3.695804535e+03
4.810496770e+06|7.150681570e+06|7.225953660e+06|7.371103075e+06|7.246964779e+06|3.627035510e+03|3.642531191e+03|3.671665466e+03|3.646357600e+03|5.398015326e+10|5.542487140e+10|5.820725337e+10|5.582856870e+10|4.169014160e+03|4.193053223e+03|4.238464478e+03|4.199128906e+03|3.695804535e+03
4.833087915e+06|7.075814816e+06|7.163858565e+06|7.299043953e+06|7.178046136e+06|3.611299480e+03|3.629755123e+03|3.657307289e+03|3.632179530e+03|5.254584041e+10|5.422913223e+10|5.682669794e+10|5.450717017e+10|4.144687866e+03|4.173231689e+03|4.216056641e+03|4.177131836e+03|3.695804535e+03
4.855276163e+06|7.039310849e+06|7.105629834e+06|7.198685833e+06|7.120527485e+06|3.603572746e+03|3.617587703e+03|3.636928896e+03|3.620360134e+03|5.185012749e+10|5.311676853e+10|5.489981923e+10|5.340438113e+10|4.132761475e+03|4.154401855e+03|4.184358521e+03|4.158789551e+03|3.695804535e+03
4.873605981e+06|7.011987804e+06|7.070886560e+06|7.174683053e+06|7.096752113e+06|3.597674553e+03|3.610258580e+03|3.631986907e+03|3.615401767e+03|5.132450183e+10|5.245060043e+10|5.443569668e+10|5.294876373e+10|4.123687378e+03|4.143081299e+03|4.176690186e+03|4.151114258e+03|3.695804535e+03
4.889213500e+06|6.984107965e+06|7.075177357e+06|7.244621218e+06|7.097780641e+06|3.591642427e+03|3.611164635e+03|3.646359323e+03|3.615382562e+03|5.079054271e+10|5.253307775e+10|5.578504406e+10|5.296962383e+10|4.114413818e+03|4.144480469e+03|4.198998291e+03|4.151152344e+03|3.695804535e+03
4.905550899e+06|6.957888528e+06|7.093511807e+06|7.192162290e+06|7.069583158e+06|3.585956824e+03|3.615033732e+03|3.635586721e+03|3.609449602e+03|5.029062353e+10|5.288444409e+10|5.477293476e+10|5.242911797e+10|4.105676880e+03|4.150455566e+03|4.182276245e+03|4.141985352e+03|3.695804535e+03
4.919553430e+06|6.986539169e+06|7.129434303e+06|7.178674466e+06|7.084268695e+06|3.592168984e+03|3.622597155e+03|3.632809432e+03|3.612680973e+03|5.083701586e+10|5.357439954e+10|5.451226027e+10|5.270968533e+10|4.115223511e+03|4.162145996e+03|4.177968872e+03|4.146939453e+03|3.695804535e+03
4.933297799e+06|6.938703501e+06|7.109105690e+06|7.143884997e+06|7.051256740e+06|3.581779786e+03|3.618319773e+03|3.625631600e+03|3.605636295e+03|4.992550142e+10|5.318349234e+10|5.385274702e+10|5.207763780e+10|4.099264648e+03|4.155533203e+03|4.166838745e+03|4.136083008e+03|3.695804535e+03
4.949762019e+06|6.904013040e+06|7.049221470e+06|7.094285997e+06|6.999649496e+06|3.574082705e+03|3.605677604e+03|3.615197028e+03|3.594489926e+03|4.925918642e+10|5.203705929e+10|5.289926418e+10|5.109011292e+10|4.087485596e+03|4.136010010e+03|4.150709717e+03|4.118943359e+03|3.695804535e+03
4.967761874e+06|6.805181490e+06|6.915231562e+06|7.048617634e+06|6.914885996e+06|3.551876222e+03|3.576574293e+03|3.605549823e+03|3.575904385e+03|4.737080862e+10|4.947423273e+10|5.202565914e+10|4.946933537e+10|4.053588196e+03|4.091297119e+03|4.135812256e+03|4.090445068e+03|3.695804535e+03
4.987569942e+06|6.795348439e+06|6.893649941e+06|6.979313092e+06|6.884293666e+06|3.549631570e+03|3.571779596e+03|3.590603600e+03|3.569232720e+03|4.718285863e+10|4.906080388e+10|5.069894526e+10|4.888422855e+10|4.050171143e+03|4.083961060e+03|4.112818481e+03|4.080204346e+03|3.695804535e+03
5.009946663e+06|6.744979614e+06|6.805778154e+06|6.918320111e+06|6.826346860e+06|3.538093843e+03|3.552012582e+03|3.577260082e+03|3.556283548e+03|4.622480118e+10|4.738218829e+10|4.953346861e+10|4.777690713e+10|4.032627563e+03|4.053795410e+03|4.092345642e+03|4.060419678e+03|3.695804535e+03
5.029031477e+06|6.687573343e+06|6.741707183e+06|6.856022381e+06|6.763285929e+06|3.524608288e+03|3.537326818e+03|3.563399181e+03|3.541759859e+03|4.512511422e+10|4.616180790e+10|4.834365757e+10|4.657249864e+10|4.012221130e+03|4.031466919e+03|4.071151001e+03|4.038361328e+03|3.695804535e+03
5.046868678e+06|6.696296794e+06|6.727390245e+06|6.827852922e+06|6.755121399e+06|3.526661669e+03|3.533968619e+03|3.557045234e+03|3.539997294e+03|4.529145879e+10|4.588663007e+10|4.780532323e+10|4.641612043e+10|4.015327332e+03|4.026381592e+03|4.061457336e+03|4.035648682e+03|3.695804535e+03
5.063967711e+06|6.647136062e+06|6.700822939e+06|6.861352068e+06|6.738166025e+06|3.515040497e+03|3.527726480e+03|3.564587764e+03|3.535994877e+03|4.435562424e+10|4.537787950e+10|4.844494758e+10|4.609228358e+10|3.997767944e+03|4.016936401e+03|4.072965271e+03|4.029599365e+03|3.695804535e+03
5.080861803e+06|6.613172167e+06|6.746666380e+06|6.821744497e+06|6.719782755e+06|3.506839066e+03|3.538449465e+03|3.555653547e+03|3.531679811e+03|4.370439828e+10|4.625519500e+10|4.768806019e+10|4.574121776e+10|3.985424072e+03|4.033177856e+03|4.059337830e+03|4.023071045e+03|3.695804535e+03
5.094315465e+06|6.624884063e+06|6.760466177e+06|6.803674896e+06|6.709501886e+06|3.509669778e+03|3.541653353e+03|3.551532580e+03|3.529240172e+03|4.392844856e+10|4.651893258e+10|4.734196590e+10|4.554504247e+10|3.989682800e+03|4.038033691e+03|4.053064880e+03|4.019389893e+03|3.695804535e+03
5.108502882e+06|6.591624683e+06|6.705406482e+06|6.767560038e+06|6.672909843e+06|3.501624020e+03|3.528804328e+03|3.543277717e+03|3.520596176e+03|4.329352211e+10|4.546548775e+10|4.665362311e+10|4.484631121e+10|3.977580750e+03|4.018567749e+03|4.040505554e+03|4.006327148e+03|3.695804535e+03
5.124312655e+06|6.539532766e+06|6.636102982e+06|6.724420672e+06|6.626149124e+06|3.488855761e+03|3.512378785e+03|3.533271598e+03|3.509487206e+03|4.229959575e+10|4.414356281e+10|4.582963958e+10|4.395350240e+10|3.958424683e+03|3.993761963e+03|4.025326538e+03|3.989557617e+03|3.695804535e+03
5.141628911e+06|6.500679045e+06|6.570614695e+06|6.678472354e+06|6.574101818e+06|3.479173463e+03|3.496530101e+03|3.522464443e+03|3.496788178e+03|4.155718924e+10|4.289456658e+10|4.495187093e+10|4.295941045e+10|3.943948975e+03|3.969923706e+03|4.008978333e+03|3.970492432e+03|3.695804535e+03
5.159335249e+06|6.456412458e+06|6.522730934e+06|6.588151047e+06|6.521761524e+06|3.468009577e+03|3.484672558e+03|3.500781617e+03|3.483972820e+03|4.071274158e+10|4.197776549e+10|4.322759966e+10|4.196003503e+10|3.927300415e+03|3.952169556e+03|3.976314819e+03|3.951267578e+03|3.695804535e+03
5.180880415e+06|6.410985921e+06|6.445669278e+06|6.508764105e+06|6.459279338e+06|3.456335795e+03|3.465252667e+03|3.481190026e+03|3.468310961e+03|3.984359120e+10|4.050642522e+10|4.171131152e+10|4.076629479e+10|3.909959412e+03|3.923203979e+03|3.946963013e+03|3.927882568e+03|3.695804535e+03
5.202005818e+06|6.363568275e+06|6.396584589e+06|6.459738837e+06|6.416851446e+06|3.443972329e+03|3.452625927e+03|3.468862682e+03|3.457518219e+03|3.893746224e+10|3.956990900e+10|4.077672597e+10|3.995603387e+10|3.891649658e+03|3.904452271e+03|3.928569214e+03|3.911816895e+03|3.695804535e+03
5.220626503e+06|6.332515957e+06|6.379196754e+06|6.488975559e+06|6.399422376e+06|3.435744896e+03|3.448105388e+03|3.476250866e+03|3.452837155e+03|3.834286391e+10|3.923840849e+10|4.133477870e+10|3.962201863e+10|3.879504333e+03|3.897753784e+03|3.939581665e+03|3.904928711e+03|3.695804535e+03
5.239618863e+06|6.314442499e+06|6.379087363e+06|6.467176008e+06|6.381292680e+06|3.430946793e+03|3.448076464e+03|3.470769312e+03|3.448118568e+03|3.799875605e+10|3.923630108e+10|4.091996047e+10|3.927540773e+10|3.872426208e+03|3.897710327e+03|3.931402954e+03|3.897939453e+03|3.695804535e+03
5.255903311e+06|6.292859081e+06|6.378060314e+06|6.445313810e+06|6.366892483e+06|3.425158027e+03|3.447804860e+03|3.465161401e+03|3.444465126e+03|3.758679463e+10|3.921652264e+10|4.049960789e+10|3.900032063e+10|3.863903992e+03|3.897309448e+03|3.923067383e+03|3.892497070e+03|3.695804535e+03
5.268313441e+06|6.265001768e+06|6.356592409e+06|6.429690747e+06|6.346585183e+06|3.417535239e+03|3.442125055e+03|3.461147818e+03|3.439027300e+03|3.705012959e+10|3.880366736e+10|4.020044125e+10|3.861167999e+10|3.852728882e+03|3.888921265e+03|3.917106567e+03|3.884489990e+03|3.695804535e+03
5.281322073e+06|6.235541457e+06|6.332814299e+06|6.394144671e+06|6.309378426e+06|3.409455414e+03|3.435823957e+03|3.451996940e+03|3.429003485e+03|3.648663298e+10|3.834857309e+10|3.952363471e+10|3.789904324e+10|3.840892700e+03|3.879619873e+03|3.903518494e+03|3.869751465e+03|3.695804535e+03
5.296434386e+06|6.203934295e+06|6.267913415e+06|6.328833975e+06|6.260348773e+06|3.400671516e+03|3.418332689e+03|3.434767898e+03|3.415766452e+03|3.588103596e+10|3.710607031e+10|3.827266255e+10|3.696008185e+10|3.828060547e+03|3.853897095e+03|3.878061829e+03|3.850295654e+03|3.695804535e+03
5.314288991e+06|6.159872444e+06|6.221006607e+06|6.302807240e+06|6.216557393e+06|3.388197162e+03|3.405462041e+03|3.427854153e+03|3.403673159e+03|3.503373081e+10|3.621017131e+10|3.777798855e+10|3.612033592e+10|3.809908386e+03|3.835044678e+03|3.867865540e+03|3.832606201e+03|3.695804535e+03
5.335643870e+06|6.111737640e+06|6.156851628e+06|6.212983792e+06|6.166536313e+06|3.374327605e+03|3.387340358e+03|3.403228214e+03|3.389676215e+03|3.410821016e+10|3.497599247e+10|3.605631402e+10|3.516032759e+10|3.789803162e+03|3.808661621e+03|3.831781677e+03|3.812189453e+03|3.695804535e+03
5.355296732e+06|6.073750853e+06|6.114668001e+06|6.157595682e+06|6.118902397e+06|3.363194079e+03|3.375185116e+03|3.387551416e+03|3.375905567e+03|3.337775686e+10|3.416489311e+10|3.499020965e+10|3.424398340e+10|3.773725281e+03|3.791043823e+03|3.808968628e+03|3.792247070e+03|3.695804535e+03
5.376434816e+06|6.043902266e+06|6.075273681e+06|6.107339661e+06|6.074415701e+06|3.354302384e+03|3.363641032e+03|3.373040226e+03|3.363062583e+03|3.280251270e+10|3.340688987e+10|3.402323145e+10|3.338854276e+10|3.760932739e+03|3.774371582e+03|3.787943115e+03|3.773642090e+03|3.695804535e+03
5.394943984e+06|6.009495787e+06|6.044745764e+06|6.096390561e+06|6.047461116e+06|3.343852560e+03|3.354558236e+03|3.369833448e+03|3.355014580e+03|3.213587919e+10|3.281893733e+10|3.381213601e+10|3.286826970e+10|3.745960388e+03|3.761297729e+03|3.783312927e+03|3.762068848e+03|3.695804535e+03
5.412686280e+06|5.973818482e+06|6.014300224e+06|6.070339349e+06|6.017032678e+06|3.332925447e+03|3.345313368e+03|3.362192575e+03|3.345763799e+03|3.144846527e+10|3.222856768e+10|3.331254245e+10|3.228011310e+10|3.730336487e+03|3.748051392e+03|3.772280701e+03|3.748819336e+03|3.695804535e+03
5.428824096e+06|5.959648753e+06|5.991019927e+06|6.058075421e+06|6.001924056e+06|3.328470059e+03|3.338229911e+03|3.358590238e+03|3.341226883e+03|3.117145094e+10|3.178082307e+10|3.307858258e+10|3.198854061e+10|3.724000793e+03|3.737907715e+03|3.767080566e+03|3.742303467e+03|3.695804535e+03
5.443697168e+06|5.942006749e+06|5.985486571e+06|6.037018432e+06|5.985597924e+06|3.322916393e+03|3.336544456e+03|3.352213754e+03|3.336159549e+03|3.082840559e+10|3.167486682e+10|3.266861878e+10|3.167222997e+10|3.716104492e+03|3.735496948e+03|3.757937927e+03|3.735079102e+03|3.695804535e+03
5.457713051e+06|5.894556372e+06|5.930124227e+06|5.975336814e+06|5.933189131e+06|3.307823014e+03|3.319171755e+03|3.333402582e+03|3.319835515e+03|2.990868887e+10|3.059840764e+10|3.147822143e+10|3.065639741e+10|3.694702881e+03|3.710784302e+03|3.731013245e+03|3.711824707e+03|3.695804535e+03
5.471652459e+06|5.867378512e+06|5.897346109e+06|5.940277464e+06|5.904828172e+06|3.298939252e+03|3.308733944e+03|3.322371605e+03|3.310807825e+03|2.937667496e+10|2.996357317e+10|3.079488775e+10|3.010550490e+10|3.682181885e+03|3.695986938e+03|3.715332092e+03|3.699025635e+03|3.695804535e+03
5.489213928e+06|5.839215415e+06|5.866681671e+06|5.902452746e+06|5.869860858e+06|3.289715266e+03|3.298711241e+03|3.310400917e+03|3.299485200e+03|2.883068385e+10|2.936310443e+10|3.006417698e+10|2.942429599e+10|3.669187256e+03|3.681859253e+03|3.698337769e+03|3.683034912e+03|3.695804535e+03
5.508614539e+06|5.778053330e+06|5.816746266e+06|5.853897417e+06|5.812450845e+06|3.268973368e+03|3.282145499e+03|3.294526235e+03|3.280369690e+03|2.762941893e+10|2.838837489e+10|2.911467425e+10|2.830146279e+10|3.640194702e+03|3.658589844e+03|3.675962952e+03|3.656208984e+03|3.695804535e+03
5.530472244e+06|5.757155042e+06|5.782330366e+06|5.811069511e+06|5.779445066e+06|3.261765460e+03|3.270431122e+03|3.280215158e+03|3.269188516e+03|2.721983780e+10|2.771276392e+10|2.827635594e+10|2.765413740e+10|3.630159485e+03|3.642229614e+03|3.655892944e+03|3.640578125e+03|3.695804535e+03
5.550564796e+06|5.718140793e+06|5.748182449e+06|5.775689723e+06|5.744248063e+06|3.247954084e+03|3.258592214e+03|3.268167615e+03|3.256985019e+03|2.644670204e+10|2.704095184e+10|2.758341219e+10|2.696122645e+10|3.611037170e+03|3.625763428e+03|3.639069702e+03|3.623606201e+03|3.695804535e+03
5.569424872e+06|5.673037529e+06|5.707653693e+06|5.731982271e+06|5.699688497e+06|3.231631998e+03|3.244235527e+03|3.252858132e+03|3.241103869e+03|2.555181694e+10|2.624090197e+10|2.671961770e+10|2.607967920e+10|3.588554932e+03|3.605893555e+03|3.617826111e+03|3.601657471e+03|3.695804535e+03
5.588763539e+06|5.646125260e+06|5.672201109e+06|5.701776778e+06|5.671741551e+06|3.221686008e+03|3.231323148e+03|3.242150537e+03|3.230970585e+03|2.501644171e+10|2.553507575e+10|2.612596259e+10|2.552500895e+10|3.574922302e+03|3.588132324e+03|3.603007996e+03|3.587706787e+03|3.695804535e+03
5.604851725e+06|5.618150398e+06|5.652446501e+06|5.673047656e+06|5.646314677e+06|3.211152025e+03|3.224023656e+03|3.231635739e+03|3.221488470e+03|2.445744302e+10|2.514162519e+10|2.555201891e+10|2.501720969e+10|3.560543030e+03|3.578125122e+03|3.588561157e+03|3.574735352e+03|3.695804535e+03
5.620046599e+06|5.589016076e+06|5.618294673e+06|5.650921430e+06|5.616545830e+06|3.199905128e+03|3.211207669e+03|3.223459764e+03|3.210292250e+03|2.386979278e+10|2.446037444e+10|2.511138999e+10|2.442193550e+10|3.545274719e+03|3.560618896e+03|3.577353577e+03|3.559448730e+03|3.695804535e+03
5.634632981e+06|5.535915382e+06|5.574713069e+06|5.613719808e+06|5.572484196e+06|3.178865217e+03|3.194376676e+03|3.209442874e+03|3.193173931e+03|2.279452121e+10|2.358422431e+10|2.436757735e+10|2.353430426e+10|3.516883240e+03|3.537775635e+03|3.558222961e+03|3.536247803e+03|3.695804535e+03
5.649739059e+06|5.519445721e+06|5.554714677e+06|5.591857539e+06|5.552239489e+06|3.172212381e+03|3.186451928e+03|3.201002871e+03|3.185132580e+03|2.246097293e+10|2.317865027e+10|2.392675502e+10|2.312372909e+10|3.507944336e+03|3.527080566e+03|3.546765930e+03|3.525402832e+03|3.695804535e+03
5.666332161e+06|5.471709565e+06|5.518812481e+06|5.550955734e+06|5.513200374e+06|3.152290885e+03|3.171956469e+03|3.184935551e+03|3.169230738e+03|2.148032533e+10|2.244820306e+10|2.310155571e+10|2.232793324e+10|3.481374573e+03|3.507601196e+03|3.525043152e+03|3.504080078e+03|3.695804535e+03
5.686789207e+06|5.464771786e+06|5.497540503e+06|5.524003821e+06|5.491330631e+06|3.149352745e+03|3.163221645e+03|3.174054188e+03|3.160214069e+03|2.133798577e+10|2.201507175e+10|2.255301211e+10|2.188078214e+10|3.477466492e+03|3.495910034e+03|3.510419861e+03|3.492022461e+03|3.695804535e+03
5.708988812e+06|5.423620825e+06|5.453213439e+06|5.485787167e+06|5.450147805e+06|3.131452936e+03|3.144455576e+03|3.158249732e+03|3.142699464e+03|2.048313653e+10|2.110208458e+10|2.177081440e+10|2.103132954e+10|3.453814697e+03|3.470959106e+03|3.489295593e+03|3.468762695e+03|3.695804535e+03
5.730875318e+06|5.374648187e+06|5.410097889e+06|5.445368876e+06|5.411096140e+06|3.109328565e+03|3.125433940e+03|3.141121671e+03|3.125523821e+03|1.945520045e+10|2.020041490e+10|2.094240205e+10|2.021754415e+10|3.424823547e+03|3.445900146e+03|3.466533020e+03|3.446123047e+03|3.695804535e+03
5.749573627e+06|5.339770697e+06|5.379744938e+06|5.409496994e+06|5.379519359e+06|3.092992889e+03|3.111714032e+03|3.125166414e+03|3.111161316e+03|1.871598480e+10|1.956468393e+10|2.018789948e+10|1.955246134e+10|3.403587952e+03|3.427924194e+03|3.445548706e+03|3.427332275e+03|3.695804535e+03
5.765779964e+06|5.310632319e+06|5.351275157e+06|5.371128420e+06|5.342816499e+06|3.078752554e+03|3.098383513e+03|3.107680928e+03|3.093910259e+03|1.808401417e+10|1.895791377e+10|1.937981017e+10|1.877122498e+10|3.385242798e+03|3.410592651e+03|3.422680115e+03|3.404925049e+03|3.695804535e+03
5.784421633e+06|5.281067644e+06|5.319068559e+06|5.352725632e+06|5.317574923e+06|3.064136563e+03|3.082919061e+03|3.099063003e+03|3.081687248e+03|1.744906549e+10|1.826766711e+10|1.898854951e+10|1.822895884e+10|3.366466187e+03|3.390597046e+03|3.411474609e+03|3.389151611e+03|3.695804535e+03
5.801226809e+06|5.245119062e+06|5.278853520e+06|5.307548790e+06|5.278804110e+06|3.045408493e+03|3.062992760e+03|3.077229406e+03|3.062333359e+03|1.665361959e+10|1.739987153e+10|1.801717466e+10|1.738679420e+10|3.342670105e+03|3.365011719e+03|3.383284058e+03|3.364339111e+03|3.695804535e+03
5.816075732e+06|5.222159317e+06|5.251551940e+06|5.296562436e+06|5.256174357e+06|3.033000709e+03|3.048822889e+03|3.071801505e+03|3.050537461e+03|1.613834033e+10|1.679704005e+10|1.778025404e+10|1.688692974e+10|3.327024475e+03|3.346993896e+03|3.376310303e+03|3.349354736e+03|3.695804535e+03
5.831043096e+06|5.194414916e+06|5.224825331e+06|5.266292198e+06|5.228625678e+06|3.017597979e+03|3.034480596e+03|3.056502829e+03|3.035830898e+03|1.551185899e+10|1.619938124e+10|1.712213909e+10|1.627379423e+10|3.307708496e+03|3.328880859e+03|3.356750610e+03|3.330763428e+03|3.695804535e+03
5.848073673e+06|5.157678333e+06|5.184407982e+06|5.241230478e+06|5.195918953e+06|2.996313542e+03|3.012041584e+03|3.043344361e+03|3.017601790e+03|1.466835134e+10|1.528979370e+10|1.656730660e+10|1.553475286e+10|3.281228577e+03|3.300744507e+03|3.340058105e+03|3.307916260e+03|3.695804535e+03
5.868170190e+06|5.145402748e+06|5.179770214e+06|5.217814574e+06|5.177681226e+06|2.989073918e+03|3.009343064e+03|3.030588898e+03|3.007177851e+03|1.438786703e+10|1.518214533e+10|1.603917828e+10|1.511857345e+10|3.272254578e+03|3.297387207e+03|3.323998352e+03|3.294912598e+03|3.695804535e+03
5.889132648e+06|5.111764233e+06|5.155108918e+06|5.190498581e+06|5.148939144e+06|2.968225886e+03|2.994798187e+03|3.015423473e+03|2.990149760e+03|1.359426256e+10|1.460933538e+10|1.542470505e+10|1.445355722e+10|3.246625244e+03|3.279350586e+03|3.304982178e+03|3.273811279e+03|3.695804535e+03
5.909317453e+06|5.073951256e+06|5.110268864e+06|5.151807729e+06|5.109003305e+06|2.943557688e+03|2.967286157e+03|2.992851273e+03|2.965307287e+03|1.268552489e+10|1.355926278e+10|1.453376058e+10|1.351229075e+10|3.216554199e+03|3.245474243e+03|3.276936646e+03|3.243284912e+03|3.695804535e+03
5.928631426e+06|5.041806074e+06|5.081261945e+06|5.116520980e+06|5.082602741e+06|2.921378149e+03|2.948473195e+03|2.971215445e+03|2.948215979e+03|1.189542591e+10|1.286420649e+10|1.370639710e+10|1.288016673e+10|3.189742126e+03|3.222519531e+03|3.250292603e+03|3.222419922e+03|3.695804535e+03
5.949084144e+06|4.999423300e+06|5.039179390e+06|5.078041338e+06|5.042022405e+06|2.890000528e+03|2.919485939e+03|2.946307608e+03|2.920031891e+03|1.081788617e+10|1.182908188e+10|1.278527672e+10|1.187857906e+10|3.152176575e+03|3.187468262e+03|3.219891113e+03|3.188372559e+03|3.695804535e+03
5.968995310e+06|4.980416948e+06|5.018285105e+06|5.051889773e+06|5.017650299e+06|2.875290129e+03|2.904441771e+03|2.928644879e+03|2.902243585e+03|1.033108091e+10|1.130954735e+10|1.215301985e+10|1.126349650e+10|3.134667236e+03|3.169395874e+03|3.198476318e+03|3.167029053e+03|3.695804535e+03
5.988280050e+06|4.949474450e+06|4.985469370e+06|5.013243801e+06|4.983891640e+06|2.849497935e+03|2.879198701e+03|2.900709163e+03|2.876478762e+03|9.496541807e+09|1.045892835e+10|1.118211440e+10|1.039317955e+10|3.104221191e+03|3.139318359e+03|3.164927612e+03|3.136293213e+03|3.695804535e+03
6.004127953e+06|4.916252667e+06|4.948460588e+06|4.982622417e+06|4.951509964e+06|2.819582823e+03|2.848650996e+03|2.876996224e+03|2.849114241e+03|8.566808524e+09|9.469946333e+09|1.038683428e+10|9.515216429e+09|3.069191895e+03|3.103222900e+03|3.136697266e+03|3.104031494e+03|3.695804535e+03
6.020447165e+06|4.891317573e+06|4.919714825e+06|4.956421235e+06|4.925317217e+06|2.795000775e+03|2.822729104e+03|2.855303247e+03|2.825192306e+03|7.828910332e+09|8.661692606e+09|9.680375635e+09|8.774817647e+09|3.040641113e+03|3.072871338e+03|3.111070557e+03|3.076044434e+03|3.695804535e+03
6.041116716e+06|4.855050345e+06|4.885833197e+06|4.928191840e+06|4.893814655e+06|2.755600320e+03|2.789544126e+03|2.830438048e+03|2.794452017e+03|6.699684611e+09|7.670968160e+09|8.897330794e+09|7.851130415e+09|2.995229614e+03|3.034312012e+03|3.081887756e+03|3.040293701e+03|3.695804535e+03
6.059269540e+06|4.831665165e+06|4.871266442e+06|4.906979020e+06|4.869074226e+06|2.726854873e+03|2.773716805e+03|2.810560302e+03|2.767493492e+03|5.913452115e+09|7.209477841e+09|8.291874605e+09|7.077983076e+09|2.962370117e+03|3.016067139e+03|3.058699402e+03|3.009211670e+03|3.695804535e+03
6.079127311e+06|4.814720971e+06|4.846770043e+06|4.877771536e+06|4.847723092e+06|2.703815041e+03|2.745557196e+03|2.780826982e+03|2.742688954e+03|5.306663904e+09|6.418760770e+09|7.414661346e+09|6.383472938e+09|2.936183899e+03|2.983737793e+03|3.024259277e+03|2.980741943e+03|3.695804535e+03
6.097838974e+06|4.788229840e+06|4.821046496e+06|4.843516145e+06|4.821318566e+06|2.661725853e+03|2.712402707e+03|2.741615998e+03|2.707464807e+03|4.239215096e+09|5.526758940e+09|6.311081104e+09|5.445546620e+09|2.888692932e+03|2.945943970e+03|2.979228333e+03|2.940642090e+03|3.695804535e+03
6.119566577e+06|4.766971967e+06|4.792220228e+06|4.813935801e+06|4.792438519e+06|2.620201456e+03|2.668896894e+03|2.702750735e+03|2.662023692e+03|3.251343846e+09|4.420770429e+09|5.280115736e+09|4.295602229e+09|2.842185303e+03|2.896746704e+03|2.934975525e+03|2.889312500e+03|3.695804535e+03
6.138882898e+06|4.753399460e+06|4.769732321e+06|4.791781757e+06|4.773088831e+06|2.586696309e+03|2.626057699e+03|2.668107966e+03|2.624111522e+03|2.497584796e+09|3.384888609e+09|4.400348762e+09|3.390923339e+09|2.804889099e+03|2.848727783e+03|2.895860962e+03|2.846827881e+03|3.695804535e+03
6.159047648e+06|4.742185407e+06|4.754439753e+06|4.769256670e+06|4.757102293e+06|2.549682865e+03|2.589394875e+03|2.625047477e+03|2.585575612e+03|1.702767492e+09|2.554363697e+09|3.361338524e+09|2.504183130e+09|2.763905212e+03|2.807889282e+03|2.847599670e+03|2.803864258e+03|3.695804535e+03
6.179067695e+06|4.731902928e+06|4.735717911e+06|4.744108440e+06|4.740073022e+06|2.476526756e+03|2.516944713e+03|2.556849499e+03|2.522001610e+03|8.322156507e+06|1.014781392e+09|1.852137894e+09|1.109355510e+09|2.682062012e+03|2.727838623e+03|2.771826416e+03|2.728931152e+03|3.695804535e+03
6.199886130e+06|4.731349185e+06|4.731349188e+06|4.735104309e+06|4.734492949e+06|2.462182070e+03|2.463371519e+03|2.512017679e+03|2.490231226e+03|2.895565510e+02|7.815331689e+04|9.019337045e+08|5.109227617e+08|2.606126770e+03|2.661545288e+03|2.722427368e+03|2.668995605e+03|3.695804535e+03
6.222699102e+06|4.731349178e+06|4.731349186e+06|4.731582510e+06|4.732455055e+06|2.462182035e+03|2.462182082e+03|2.469089607e+03|2.473757324e+03|2.895564367e+02|2.895565892e+02|9.912760591e+05|1.857477832e+08|2.557447998e+03|2.623350342e+03|2.673213562e+03|2.617535889e+03|3.695804535e+03
6.244669049e+06|4.731349180e+06|4.731349183e+06|4.731349186e+06|4.731358988e+06|2.462181979e+03|2.462182016e+03|2.462182060e+03|2.462463152e+03|2.895562547e+02|2.895563752e+02|2.895565174e+02|1.027512393e+06|2.483065735e+03|2.536455444e+03|2.590950439e+03|2.537359131e+03|3.695804535e+03
6.268034186e+06|4.731349178e+06|4.731349182e+06|4.731349184e+06|4.731349181e+06|2.462181909e+03|2.462181944e+03|2.462181993e+03|2.462181949e+03|2.895560288e+02|2.895561436e+02|2.895563006e+02|2.895561594e+02|2.393786987e+03|2.441109497e+03|2.503803040e+03|2.449345703e+03|3.695804535e+03
6.291455868e+06|4.731349174e+06|4.731349176e+06|4.731349183e+06|4.731349177e+06|2.462181818e+03|2.462181851e+03|2.462181914e+03|2.462181862e+03|2.895557377e+02|2.895558437e+02|2.895560464e+02|2.895558782e+02|2.295874817e+03|2.337941162e+03|2.399828796e+03|2.347483643e+03|3.695804535e+03
6.312953083e+06|4.731349169e+06|4.731349173e+06|4.731349176e+06|4.731349173e+06|2.462181731e+03|2.462181781e+03|2.462181831e+03|2.462181784e+03|2.895554538e+02|2.895556163e+02|2.895557768e+02|2.895556251e+02|2.211870850e+03|2.261880371e+03|2.310792358e+03|2.264320312e+03|3.695804535e+03
6.334531825e+06|4.731349168e+06|4.731349173e+06|4.731349175e+06|4.731349171e+06|2.462181623e+03|2.462181682e+03|2.462181721e+03|2.462181679e+03|2.895551073e+02|2.895552959e+02|2.895554242e+02|2.895552868e+02|2.104446289e+03|2.155678345e+03|2.203837158e+03|2.158995850e+03|3.695804535e+03
6.354679317e+06|4.731349157e+06|4.731349162e+06|4.731349173e+06|4.731349164e+06|2.462181490e+03|2.462181563e+03|2.462181636e+03|2.462181562e+03|2.895546766e+02|2.895549140e+02|2.895551476e+02|2.895549094e+02|1.994867645e+03|2.054257324e+03|2.115367310e+03|2.055482666e+03|3.695804535e+03
6.379618154e+06|4.731349146e+06|4.731349153e+06|4.731349155e+06|4.731349152e+06|2.462181351e+03|2.462181409e+03|2.462181480e+03|2.462181412e+03|2.895542279e+02|2.895544152e+02|2.895546452e+02|2.895544245e+02|1.891904633e+03|1.930642273e+03|1.987736359e+03|1.937234863e+03|3.695804535e+03
6.404831473e+06|4.731349139e+06|4.731349141e+06|4.731349147e+06|4.731349143e+06|2.462181145e+03|2.462181224e+03|2.462181310e+03|2.462181234e+03|2.895535651e+02|2.895538177e+02|2.895540971e+02|2.895538527e+02|1.751180145e+03|1.804948853e+03|1.859259399e+03|1.813236816e+03|3.695804535e+03
6.430359025e+06|4.731349121e+06|4.731349126e+06|4.731349137e+06|4.731349129e+06|2.462180904e+03|2.462181010e+03|2.462181128e+03|2.462181017e+03|2.895527858e+02|2.895531273e+02|2.895535084e+02|2.895531506e+02|1.616445923e+03|1.674460144e+03|1.740166504e+03|1.681274902e+03|3.695804535e+03
6.464945035e+06|4.731349101e+06|4.731349115e+06|4.731349120e+06|4.731349112e+06|2.462180525e+03|2.462180676e+03|2.462180800e+03|2.462180688e+03|2.895515619e+02|2.895520501e+02|2.895524517e+02|2.895520890e+02|1.439429810e+03|1.503175110e+03|1.563841888e+03|1.516089478e+03|3.695804535e+03
6.511157516e+06|4.731349065e+06|4.731349079e+06|4.731349087e+06|4.731349079e+06|2.462179958e+03|2.462180137e+03|2.462180314e+03|2.462180149e+03|2.895497312e+02|2.895503103e+02|2.895508805e+02|2.895503488e+02|1.236311676e+03|1.294331848e+03|1.356099030e+03|1.304563110e+03|3.695804535e+03
6.582059343e+06|4.731348989e+06|4.731349027e+06|4.731349036e+06|4.731349017e+06|2.462178672e+03|2.462179121e+03|2.462179460e+03|2.462179070e+03|2.895455801e+02|2.895470316e+02|2.895481253e+02|2.895468659e+02|9.372833862e+02|1.022459198e+03|1.099754272e+03|1.022446655e+03|3.695804535e+03
6.684612159e+06|4.731348865e+06|4.731348895e+06|4.731348940e+06|4.731348900e+06|2.462176445e+03|2.462176930e+03|2.462177722e+03|2.462177023e+03|2.895383939e+02|2.895399595e+02|2.895425156e+02|2.895402594e+02|6.598997803e+02|7.052280579e+02|7.943533020e+02|7.238652954e+02|3.695804535e+03
6.757443713e+06|4.731348778e+06|4.731348793e+06|4.731348819e+06|4.731348798e+06|2.462174851e+03|2.462175123e+03|2.462175563e+03|2.462175193e+03|2.895332498e+02|2.895341254e+02|2.895355466e+02|2.895343529e+02|5.446710815e+02|5.612965698e+02|5.907861023e+02|5.671984253e+02|3.695804535e+03
