#RRR|P25fit|P50fit|P75fit|P25model|P50model|P75model
3.357588136e+05|1.694077648e+11|1.717505372e+11|1.749066731e+11|0.000000|0.000000|0.000000
5.115827868e+05|1.680578442e+11|1.702403212e+11|1.730584220e+11|0.000000|0.000000|0.000000
6.085598231e+05|1.668760786e+11|1.690898155e+11|1.718914195e+11|0.000000|0.000000|0.000000
6.798321091e+05|1.658266462e+11|1.681068187e+11|1.709573560e+11|0.000000|0.000000|0.000000
7.417908536e+05|1.647974461e+11|1.671606475e+11|1.700889087e+11|0.000000|0.000000|0.000000
7.933885062e+05|1.638615987e+11|1.663093656e+11|1.693236283e+11|0.000000|0.000000|0.000000
8.377720650e+05|1.630018947e+11|1.655321152e+11|1.686336272e+11|0.000000|0.000000|0.000000
8.801195285e+05|1.621363565e+11|1.647525308e+11|1.679471416e+11|0.000000|0.000000|0.000000
9.189694553e+05|1.613048642e+11|1.640053271e+11|1.672926155e+11|0.000000|0.000000|0.000000
9.531642264e+05|1.605443907e+11|1.633227670e+11|1.666965449e+11|0.000000|0.000000|0.000000
9.846138791e+05|1.598220750e+11|1.626747691e+11|1.661315508e+11|0.000000|0.000000|0.000000
1.018016196e+06|1.590316339e+11|1.619656455e+11|1.655136294e+11|0.000000|0.000000|0.000000
1.045937423e+06|1.583530403e+11|1.613566201e+11|1.649828287e+11|0.000000|0.000000|0.000000
1.073268610e+06|1.576734858e+11|1.607463309e+11|1.644505226e+11|0.000000|0.000000|0.000000
1.098668845e+06|1.570287279e+11|1.601667927e+11|1.639444420e+11|0.000000|0.000000|0.000000
1.126394274e+06|1.563108026e+11|1.595207896e+11|1.633794179e+11|0.000000|0.000000|0.000000
1.148230269e+06|1.557352475e+11|1.590022831e+11|1.629250847e+11|0.000000|0.000000|0.000000
1.171551522e+06|1.551109286e+11|1.584391635e+11|1.624307137e+11|0.000000|0.000000|0.000000
1.194827992e+06|1.544781387e+11|1.578676173e+11|1.619278370e+11|0.000000|0.000000|0.000000
1.217276827e+06|1.538589172e+11|1.573075068e+11|1.614338517e+11|0.000000|0.000000|0.000000
1.236709601e+06|1.533159705e+11|1.568156860e+11|1.609990799e+11|0.000000|0.000000|0.000000
1.256143161e+06|1.527667207e+11|1.563174564e+11|1.605576290e+11|0.000000|0.000000|0.000000
1.275828149e+06|1.522040962e+11|1.558063383e+11|1.601036570e+11|0.000000|0.000000|0.000000
1.297027919e+06|1.515912762e+11|1.552487197e+11|1.596070676e+11|0.000000|0.000000|0.000000
1.314768113e+06|1.510730803e+11|1.547764481e+11|1.591853801e+11|0.000000|0.000000|0.000000
1.333339200e+06|1.505254728e+11|1.542766022e+11|1.587379423e+11|0.000000|0.000000|0.000000
1.351495971e+06|1.499851025e+11|1.537825706e+11|1.582945461e+11|0.000000|0.000000|0.000000
1.370053932e+06|1.494278108e+11|1.532722292e+11|1.578352772e+11|0.000000|0.000000|0.000000
1.387647814e+06|1.488949171e+11|1.527834190e+11|1.573941919e+11|0.000000|0.000000|0.000000
1.405491853e+06|1.483500142e+11|1.522827604e+11|1.569411907e+11|0.000000|0.000000|0.000000
1.423440295e+06|1.477975147e+11|1.517742503e+11|1.564798046e+11|0.000000|0.000000|0.000000
1.440897280e+06|1.472559914e+11|1.512749802e+11|1.560255361e+11|0.000000|0.000000|0.000000
1.458397612e+06|1.467091006e+11|1.507698851e+11|1.555646827e+11|0.000000|0.000000|0.000000
1.474237609e+06|1.462106942e+11|1.503087946e+11|1.551428452e+11|0.000000|0.000000|0.000000
1.490801396e+06|1.456861271e+11|1.498226973e+11|1.546969529e+11|0.000000|0.000000|0.000000
1.508384809e+06|1.451255583e+11|1.493023192e+11|1.542182724e+11|0.000000|0.000000|0.000000
1.525578994e+06|1.445737819e+11|1.487891683e+11|1.537448778e+11|0.000000|0.000000|0.000000
1.541569501e+06|1.440574919e+11|1.483081744e+11|1.532999193e+11|0.000000|0.000000|0.000000
1.557723283e+06|1.435329213e+11|1.478186242e+11|1.528458233e+11|0.000000|0.000000|0.000000
1.572627657e+06|1.430462953e+11|1.473637227e+11|1.524227624e+11|0.000000|0.000000|0.000000
1.588146449e+06|1.425369822e+11|1.468868237e+11|1.519781025e+11|0.000000|0.000000|0.000000
1.606131110e+06|1.419434606e+11|1.463300523e+11|1.514574944e+11|0.000000|0.000000|0.000000
1.623006745e+06|1.413834068e+11|1.458036627e+11|1.509638369e+11|0.000000|0.000000|0.000000
1.637157803e+06|1.409114877e+11|1.453593435e+11|1.505460470e+11|0.000000|0.000000|0.000000
1.652448614e+06|1.403992643e+11|1.448762814e+11|1.500906895e+11|0.000000|0.000000|0.000000
1.668182778e+06|1.398697519e+11|1.443760420e+11|1.496178949e+11|0.000000|0.000000|0.000000
1.683632574e+06|1.393474557e+11|1.438817491e+11|1.491494817e+11|0.000000|0.000000|0.000000
1.700618214e+06|1.387706075e+11|1.433348221e+11|1.486297626e+11|0.000000|0.000000|0.000000
1.713399071e+06|1.383347794e+11|1.429208989e+11|1.482354385e+11|0.000000|0.000000|0.000000
1.728838434e+06|1.378063033e+11|1.424181733e+11|1.477553737e+11|0.000000|0.000000|0.000000
1.743954831e+06|1.372868137e+11|1.419231293e+11|1.472814259e+11|0.000000|0.000000|0.000000
1.757252804e+06|1.368281599e+11|1.414853438e+11|1.468612953e+11|0.000000|0.000000|0.000000
1.772327908e+06|1.363063773e+11|1.409864868e+11|1.463814180e+11|0.000000|0.000000|0.000000
1.789856101e+06|1.356972927e+11|1.404030663e+11|1.458186672e+11|0.000000|0.000000|0.000000
1.802735784e+06|1.352481342e+11|1.399720768e+11|1.454018973e+11|0.000000|0.000000|0.000000
1.816658653e+06|1.347611023e+11|1.395040202e+11|1.449482807e+11|0.000000|0.000000|0.000000
1.832082656e+06|1.342197866e+11|1.389829099e+11|1.444420282e+11|0.000000|0.000000|0.000000
1.846192991e+06|1.337229792e+11|1.385038277e+11|1.439754816e+11|0.000000|0.000000|0.000000
1.860296296e+06|1.332249306e+11|1.380227629e+11|1.435059300e+11|0.000000|0.000000|0.000000
1.874192641e+06|1.327327673e+11|1.375466112e+11|1.430401228e+11|0.000000|0.000000|0.000000
1.887855973e+06|1.322475099e+11|1.370763911e+11|1.425791009e+11|0.000000|0.000000|0.000000
1.902228330e+06|1.317356628e+11|1.365796005e+11|1.420909397e+11|0.000000|0.000000|0.000000
1.916518739e+06|1.312253355e+11|1.360834641e+11|1.416023157e+11|0.000000|0.000000|0.000000
1.929490617e+06|1.307609148e+11|1.356312471e+11|1.411559928e+11|0.000000|0.000000|0.000000
1.945684440e+06|1.301796043e+11|1.350642603e+11|1.405951245e+11|0.000000|0.000000|0.000000
1.959623415e+06|1.296779024e+11|1.345740725e+11|1.401090982e+11|0.000000|0.000000|0.000000
1.972437418e+06|1.292156294e+11|1.341217154e+11|1.396596634e+11|0.000000|0.000000|0.000000
1.986136074e+06|1.287203433e+11|1.336363180e+11|1.391764317e+11|0.000000|0.000000|0.000000
1.998531233e+06|1.282712301e+11|1.331955161e+11|1.387367355e+11|0.000000|0.000000|0.000000
2.011174173e+06|1.278122246e+11|1.327443630e+11|1.382858745e+11|0.000000|0.000000|0.000000
2.025833779e+06|1.272788749e+11|1.322193255e+11|1.377601196e+11|0.000000|0.000000|0.000000
2.039937761e+06|1.267646246e+11|1.317122668e+11|1.372513011e+11|0.000000|0.000000|0.000000
2.053113511e+06|1.262832560e+11|1.312369010e+11|1.367733456e+11|0.000000|0.000000|0.000000
2.066667969e+06|1.257871055e+11|1.307462034e+11|1.362790323e+11|0.000000|0.000000|0.000000
2.080432014e+06|1.252823263e+11|1.302462108e+11|1.357743833e+11|0.000000|0.000000|0.000000
2.092884044e+06|1.248248538e+11|1.297924163e+11|1.353155242e+11|0.000000|0.000000|0.000000
2.105052069e+06|1.243770904e+11|1.293476483e+11|1.348650278e+11|0.000000|0.000000|0.000000
2.119194209e+06|1.238558050e+11|1.288291007e+11|1.343388588e+11|0.000000|0.000000|0.000000
2.132422781e+06|1.233673623e+11|1.283424956e+11|1.338441913e+11|0.000000|0.000000|0.000000
2.145570243e+06|1.228811391e+11|1.278574067e+11|1.333502005e+11|0.000000|0.000000|0.000000
2.157924916e+06|1.224235489e+11|1.274002546e+11|1.328838803e+11|0.000000|0.000000|0.000000
2.169909266e+06|1.219790557e+11|1.269556060e+11|1.324295996e+11|0.000000|0.000000|0.000000
2.181796601e+06|1.215375736e+11|1.265134064e+11|1.319771318e+11|0.000000|0.000000|0.000000
2.195431643e+06|1.210304824e+11|1.260048030e+11|1.314558812e+11|0.000000|0.000000|0.000000
2.210228337e+06|1.204793654e+11|1.254512145e+11|1.308875256e+11|0.000000|0.000000|0.000000
2.223359560e+06|1.199895838e+11|1.249585182e+11|1.303808244e+11|0.000000|0.000000|0.000000
2.236736256e+06|1.194899928e+11|1.244552635e+11|1.298624414e+11|0.000000|0.000000|0.000000
2.248641300e+06|1.190448258e+11|1.240062489e+11|1.293992388e+11|0.000000|0.000000|0.000000
2.261356282e+06|1.185688278e+11|1.235255340e+11|1.289026253e+11|0.000000|0.000000|0.000000
2.274290777e+06|1.180840509e+11|1.230353183e+11|1.283954554e+11|0.000000|0.000000|0.000000
2.285841989e+06|1.176506539e+11|1.225965209e+11|1.279408586e+11|0.000000|0.000000|0.000000
2.297901068e+06|1.171977472e+11|1.221374328e+11|1.274646217e+11|0.000000|0.000000|0.000000
2.309640470e+06|1.167564128e+11|1.216895507e+11|1.269994107e+11|0.000000|0.000000|0.000000
2.323043741e+06|1.162520185e+11|1.211770456e+11|1.264663654e+11|0.000000|0.000000|0.000000
2.335316609e+06|1.157897030e+11|1.207067137e+11|1.259765294e+11|0.000000|0.000000|0.000000
2.349071412e+06|1.152710567e+11|1.201784188e+11|1.254255969e+11|0.000000|0.000000|0.000000
2.363091807e+06|1.147418628e+11|1.196386737e+11|1.248619451e+11|0.000000|0.000000|0.000000
2.375722198e+06|1.142646888e+11|1.191513813e+11|1.243524099e+11|0.000000|0.000000|0.000000
2.386879716e+06|1.138428198e+11|1.187200950e+11|1.239009277e+11|0.000000|0.000000|0.000000
2.399282383e+06|1.133735089e+11|1.182397935e+11|1.233975852e+11|0.000000|0.000000|0.000000
2.412085736e+06|1.128886486e+11|1.177430165e+11|1.228763824e+11|0.000000|0.000000|0.000000
2.424030608e+06|1.124359552e+11|1.172786881e+11|1.223886913e+11|0.000000|0.000000|0.000000
2.435097207e+06|1.120162606e+11|1.168477731e+11|1.219356467e+11|0.000000|0.000000|0.000000
2.446416623e+06|1.115867018e+11|1.164063040e+11|1.214710699e+11|0.000000|0.000000|0.000000
2.458225635e+06|1.111382752e+11|1.159449895e+11|1.209851503e+11|0.000000|0.000000|0.000000
2.470344812e+06|1.106777743e+11|1.154707777e+11|1.204851708e+11|0.000000|0.000000|0.000000
2.485603306e+06|1.100975757e+11|1.148726284e+11|1.198538558e+11|0.000000|0.000000|0.000000
2.498146573e+06|1.096202926e+11|1.143800235e+11|1.193334009e+11|0.000000|0.000000|0.000000
2.509348635e+06|1.091938014e+11|1.139394241e+11|1.188674962e+11|0.000000|0.000000|0.000000
2.521695778e+06|1.087234586e+11|1.134530742e+11|1.183527949e+11|0.000000|0.000000|0.000000
2.534292717e+06|1.082433343e+11|1.129561329e+11|1.178264480e+11|0.000000|0.000000|0.000000
2.545326521e+06|1.078225750e+11|1.125202472e+11|1.173644199e+11|0.000000|0.000000|0.000000
2.557000112e+06|1.073772099e+11|1.120584824e+11|1.168746185e+11|0.000000|0.000000|0.000000
2.569262576e+06|1.069091558e+11|1.115727707e+11|1.163590520e+11|0.000000|0.000000|0.000000
2.581394065e+06|1.064458851e+11|1.110916050e+11|1.158479593e+11|0.000000|0.000000|0.000000
2.592323803e+06|1.060283293e+11|1.106575711e+11|1.153866437e+11|0.000000|0.000000|0.000000
2.604216419e+06|1.055738047e+11|1.101847415e+11|1.148837999e+11|0.000000|0.000000|0.000000
2.615306161e+06|1.051497992e+11|1.097433218e+11|1.144140973e+11|0.000000|0.000000|0.000000
2.626733167e+06|1.047127378e+11|1.092879755e+11|1.139293247e+11|0.000000|0.000000|0.000000
2.638186328e+06|1.042745181e+11|1.088310899e+11|1.134426716e+11|0.000000|0.000000|0.000000
2.652334922e+06|1.037329569e+11|1.082660128e+11|1.128404658e+11|0.000000|0.000000|0.000000
2.665038042e+06|1.032465354e+11|1.077580595e+11|1.122988646e+11|0.000000|0.000000|0.000000
2.677882736e+06|1.027545199e+11|1.072438820e+11|1.117503867e+11|0.000000|0.000000|0.000000
2.689119547e+06|1.023239578e+11|1.067936198e+11|1.112699069e+11|0.000000|0.000000|0.000000
2.700170073e+06|1.019004146e+11|1.063504273e+11|1.107968216e+11|0.000000|0.000000|0.000000
2.711118449e+06|1.014806747e+11|1.059109582e+11|1.103275786e+11|0.000000|0.000000|0.000000
2.722167592e+06|1.010569633e+11|1.054670801e+11|1.098535089e+11|0.000000|0.000000|0.000000
2.733071933e+06|1.006387022e+11|1.050286728e+11|1.093851793e+11|0.000000|0.000000|0.000000
2.743804193e+06|1.002269463e+11|1.045968599e+11|1.089238087e+11|0.000000|0.000000|0.000000
2.754721758e+06|9.980798752e+10|1.041572736e+11|1.084540596e+11|0.000000|0.000000|0.000000
2.766284785e+06|9.936416087e+10|1.036913625e+11|1.079561159e+11|0.000000|0.000000|0.000000
2.779353031e+06|9.886244242e+10|1.031644036e+11|1.073928705e+11|0.000000|0.000000|0.000000
2.791734259e+06|9.838699109e+10|1.026647767e+11|1.068588066e+11|0.000000|0.000000|0.000000
2.804680673e+06|9.788972802e+10|1.021419762e+11|1.062999632e+11|0.000000|0.000000|0.000000
2.815531554e+06|9.747287161e+10|1.017035235e+11|1.058312947e+11|0.000000|0.000000|0.000000
2.828584871e+06|9.697131072e+10|1.011757641e+11|1.052672031e+11|0.000000|0.000000|0.000000
2.840955295e+06|9.649589880e+10|1.006753175e+11|1.047323669e+11|0.000000|0.000000|0.000000
2.851243733e+06|9.610043610e+10|1.002588907e+11|1.042873879e+11|0.000000|0.000000|0.000000
2.861083759e+06|9.572215679e+10|9.986044748e+10|1.038616937e+11|0.000000|0.000000|0.000000
2.871393883e+06|9.532575237e+10|9.944280498e+10|1.034155722e+11|0.000000|0.000000|0.000000
2.883651422e+06|9.485440544e+10|9.894607229e+10|1.028851005e+11|0.000000|0.000000|0.000000
2.895614342e+06|9.439431892e+10|9.846108063e+10|1.023673290e+11|0.000000|0.000000|0.000000
2.905933564e+06|9.399739547e+10|9.804258171e+10|1.019206908e+11|0.000000|0.000000|0.000000
2.915935209e+06|9.361264248e+10|9.763684450e+10|1.014878169e+11|0.000000|0.000000|0.000000
2.927503261e+06|9.316757796e+10|9.716743081e+10|1.009872033e+11|0.000000|0.000000|0.000000
2.938385127e+06|9.274886268e+10|9.672574480e+10|1.005163707e+11|0.000000|0.000000|0.000000
2.952033583e+06|9.222362631e+10|9.617162421e+10|9.992600105e+10|0.000000|0.000000|0.000000
2.964368630e+06|9.174887133e+10|9.567071106e+10|9.939265159e+10|0.000000|0.000000|0.000000
2.976799586e+06|9.127036625e+10|9.516581001e+10|9.885540394e+10|0.000000|0.000000|0.000000
2.989480013e+06|9.078219892e+10|9.465069885e+10|9.830768156e+10|0.000000|0.000000|0.000000
2.999698019e+06|9.038878631e+10|9.423557354e+10|9.786658208e+10|0.000000|0.000000|0.000000
3.010323783e+06|8.997963424e+10|9.380385241e+10|9.740815795e+10|0.000000|0.000000|0.000000
3.021006513e+06|8.956824793e+10|9.336979732e+10|9.694759222e+10|0.000000|0.000000|0.000000
3.030905861e+06|8.918699307e+10|9.296756481e+10|9.652111069e+10|0.000000|0.000000|0.000000
3.042023401e+06|8.875878047e+10|9.251583765e+10|9.604253492e+10|0.000000|0.000000|0.000000
3.051545560e+06|8.839198216e+10|9.212894604e+10|9.563298748e+10|0.000000|0.000000|0.000000
3.062810411e+06|8.795801301e+10|9.167127396e+10|9.514893916e+10|0.000000|0.000000|0.000000
3.075193209e+06|8.748092359e+10|9.116822958e+10|9.461746098e+10|0.000000|0.000000|0.000000
3.085009706e+06|8.710267047e+10|9.076948710e+10|9.419661513e+10|0.000000|0.000000|0.000000
3.097157105e+06|8.663455342e+10|9.027613648e+10|9.367647492e+10|0.000000|0.000000|0.000000
3.109568353e+06|8.615621208e+10|8.977216911e+10|9.314580885e+10|0.000000|0.000000|0.000000
3.121979436e+06|8.567781876e+10|8.926832654e+10|9.261598144e+10|0.000000|0.000000|0.000000
3.134026212e+06|8.521341069e+10|8.877940351e+10|9.210255106e+10|0.000000|0.000000|0.000000
3.145623322e+06|8.476628270e+10|8.830886691e+10|9.160911680e+10|0.000000|0.000000|0.000000
3.156664053e+06|8.434055469e+10|8.786104283e+10|9.114015337e+10|0.000000|0.000000|0.000000
3.167612429e+06|8.391833690e+10|8.741711058e+10|9.067591892e+10|0.000000|0.000000|0.000000
3.177612112e+06|8.353265921e+10|8.701178315e+10|9.025264385e+10|0.000000|0.000000|0.000000
3.189230443e+06|8.308449523e+10|8.654102302e+10|8.976177031e+10|0.000000|0.000000|0.000000
3.199368809e+06|8.269336783e+10|8.613039631e+10|8.933426375e+10|0.000000|0.000000|0.000000
3.210471803e+06|8.226496905e+10|8.568089077e+10|8.886701492e+10|0.000000|0.000000|0.000000
3.220328285e+06|8.188461410e+10|8.528202766e+10|8.845307167e+10|0.000000|0.000000|0.000000
3.230269079e+06|8.150095456e+10|8.487993114e+10|8.803642509e+10|0.000000|0.000000|0.000000
3.241339579e+06|8.107363204e+10|8.443236122e+10|8.757345402e+10|0.000000|0.000000|0.000000
3.254015341e+06|8.058426186e+10|8.392019558e+10|8.704472582e+10|0.000000|0.000000|0.000000
3.265012791e+06|8.015960977e+10|8.347611910e+10|8.658723687e+10|0.000000|0.000000|0.000000
3.277343171e+06|7.968340048e+10|8.297854114e+10|8.607571307e+10|0.000000|0.000000|0.000000
3.290296422e+06|7.918303066e+10|8.245621338e+10|8.554001893e+10|0.000000|0.000000|0.000000
3.302452360e+06|7.871335794e+10|8.196641381e+10|8.503891144e+10|0.000000|0.000000|0.000000
3.313167522e+06|7.829926703e+10|8.153498416e+10|8.459853663e+10|0.000000|0.000000|0.000000
3.323749972e+06|7.789022245e+10|8.110920112e+10|8.416488583e+10|0.000000|0.000000|0.000000
3.334654652e+06|7.746863350e+10|8.067078021e+10|8.371938906e+10|0.000000|0.000000|0.000000
3.346595397e+06|7.700688079e+10|8.019109967e+10|8.323319353e+10|0.000000|0.000000|0.000000
3.356014104e+06|7.664257302e+10|7.981303536e+10|8.285092289e+10|0.000000|0.000000|0.000000
3.366715080e+06|7.622857569e+10|7.938383483e+10|8.241796634e+10|0.000000|0.000000|0.000000
3.377221743e+06|7.582199645e+10|7.896278396e+10|8.199431110e+10|0.000000|0.000000|0.000000
3.387920310e+06|7.540788578e+10|7.853441651e+10|8.156442129e+10|0.000000|0.000000|0.000000
3.399794938e+06|7.494812373e+10|7.805941573e+10|8.108909812e+10|0.000000|0.000000|0.000000
3.409930915e+06|7.455556672e+10|7.765435412e+10|8.068492646e+10|0.000000|0.000000|0.000000
3.420971736e+06|7.412784375e+10|7.721355421e+10|8.024634594e+10|0.000000|0.000000|0.000000
3.433929125e+06|7.362570345e+10|7.669681382e+10|7.973391269e+10|0.000000|0.000000|0.000000
3.446201724e+06|7.314992517e+10|7.620797572e+10|7.925089211e+10|0.000000|0.000000|0.000000
3.458235326e+06|7.268323886e+10|7.572923451e+10|7.877953870e+10|0.000000|0.000000|0.000000
3.470775861e+06|7.219670223e+10|7.523095170e+10|7.829077272e+10|0.000000|0.000000|0.000000
3.480544713e+06|7.181758484e+10|7.484317073e+10|7.791148372e+10|1.000000|1.000000|1.000000
3.490922919e+06|7.141457530e+10|7.443197915e+10|7.751155436e+10|1.000000|1.000000|1.000000
3.501625254e+06|7.099897906e+10|7.400794534e+10|7.709913449e+10|1.000000|1.000000|1.000000
3.512448116e+06|7.057870253e+10|7.357913621e+10|7.668207010e+10|1.000000|1.000000|1.000000
3.523459893e+06|7.015108997e+10|7.314284212e+10|7.625772576e+10|1.000000|1.000000|1.000000
3.533878616e+06|6.974650707e+10|7.273004524e+10|7.585623506e+10|1.000000|1.000000|1.000000
3.544902931e+06|6.931840763e+10|7.229325438e+10|7.543140756e+10|1.000000|1.000000|1.000000
3.556417636e+06|6.887126523e+10|7.183703394e+10|7.498768263e+10|1.000000|1.000000|1.000000
3.568165139e+06|6.841508274e+10|7.137158988e+10|7.453498671e+10|1.000000|1.000000|1.000000
3.581404000e+06|6.790098742e+10|7.084705723e+10|7.402482059e+10|1.000000|1.000000|1.000000
3.593504680e+06|6.743109027e+10|7.036762006e+10|7.355851483e+10|1.000000|1.000000|1.000000
3.605125759e+06|6.697981711e+10|6.990718500e+10|7.311069072e+10|1.000000|1.000000|1.000000
3.615792216e+06|6.656561414e+10|6.948457274e+10|7.269965347e+10|1.000000|1.000000|1.000000
3.629471085e+06|6.603443229e+10|6.894260666e+10|7.217253141e+10|1.000000|1.000000|1.000000
3.641340172e+06|6.557352844e+10|6.847234538e+10|7.171515021e+10|1.000000|1.000000|1.000000
3.652503463e+06|6.514003224e+10|6.803004819e+10|7.128496720e+10|1.000000|1.000000|1.000000
3.662234629e+06|6.476214876e+10|6.764449280e+10|7.090997186e+10|1.000000|1.000000|1.000000
3.672329821e+06|6.437012928e+10|6.724451441e+10|7.052094855e+10|1.000000|1.000000|1.000000
3.682831197e+06|6.396233677e+10|6.682844275e+10|7.011627277e+10|1.000000|1.000000|1.000000
3.693875619e+06|6.353345656e+10|6.639085527e+10|6.969067046e+10|1.000000|1.000000|1.000000
3.705463639e+06|6.308346714e+10|6.593173001e+10|6.924412028e+10|1.000000|1.000000|1.000000
3.717511541e+06|6.261561948e+10|6.545438395e+10|6.877984834e+10|1.000000|1.000000|1.000000
3.730077367e+06|6.212765965e+10|6.495651739e+10|6.829561796e+10|1.000000|1.000000|1.000000
3.742766453e+06|6.163491336e+10|6.445376720e+10|6.780663769e+10|1.000000|1.000000|1.000000
3.756133766e+06|6.111582991e+10|6.392414515e+10|6.729152157e+10|1.000000|1.000000|1.000000
3.768577527e+06|6.063261017e+10|6.343111491e+10|6.681199504e+10|1.000000|1.000000|1.000000
3.779629470e+06|6.020343786e+10|6.299322941e+10|6.638610287e+10|1.000000|1.000000|1.000000
3.790846765e+06|5.976784459e+10|6.254879257e+10|6.595383881e+10|1.000000|1.000000|1.000000
3.803563944e+06|5.910666509e+10|6.204492928e+10|6.546377593e+10|2.000000|1.000000|1.000000
3.816737533e+06|5.881657179e+10|6.152298274e+10|6.495612509e+10|2.000000|1.000000|1.000000
3.826520952e+06|5.860113282e+10|6.113535704e+10|6.457911615e+10|2.000000|1.000000|1.000000
3.836801114e+06|5.837475517e+10|6.072805003e+10|6.418296496e+10|2.000000|1.000000|1.000000
3.845978671e+06|5.817265777e+10|6.036442896e+10|6.382930318e+10|2.000000|1.000000|1.000000
3.857672961e+06|5.791513985e+10|5.980528813e+10|6.337865788e+10|2.000000|2.000000|1.000000
3.869954511e+06|5.764468997e+10|5.952618120e+10|6.290538219e+10|2.000000|2.000000|1.000000
3.881750954e+06|5.738492255e+10|5.925809869e+10|6.245080036e+10|2.000000|2.000000|1.000000
3.893499638e+06|5.712620682e+10|5.899110152e+10|6.199805893e+10|2.000000|2.000000|1.000000
3.907577533e+06|5.681619996e+10|5.867117141e+10|6.145556023e+10|2.000000|2.000000|1.000000
3.921867746e+06|5.650151766e+10|5.834641618e+10|6.090487970e+10|2.000000|2.000000|1.000000
3.934599558e+06|5.622115264e+10|5.805707673e+10|6.041425294e+10|2.000000|2.000000|1.000000
3.948513473e+06|5.591475674e+10|5.774087317e+10|5.987807327e+10|2.000000|2.000000|1.000000
3.960169950e+06|5.565807150e+10|5.747597148e+10|5.931783706e+10|2.000000|2.000000|2.000000
3.972934804e+06|5.537697887e+10|5.718588114e+10|5.901821719e+10|2.000000|2.000000|2.000000
3.984611137e+06|5.511985636e+10|5.692052819e+10|5.874414734e+10|2.000000|2.000000|2.000000
3.995956550e+06|5.487002101e+10|5.666269566e+10|5.847784496e+10|2.000000|2.000000|2.000000
4.006374437e+06|5.464061052e+10|5.642594178e+10|5.823331367e+10|2.000000|2.000000|2.000000
4.017760346e+06|5.438988340e+10|5.616718894e+10|5.796606074e+10|2.000000|2.000000|2.000000
4.029428788e+06|5.413293468e+10|5.590201535e+10|5.769217614e+10|2.000000|2.000000|2.000000
4.042159877e+06|5.385258558e+10|5.561269233e+10|5.739334880e+10|2.000000|2.000000|2.000000
4.055459625e+06|5.355971415e+10|5.531044615e+10|5.708117377e+10|2.000000|2.000000|2.000000
4.069639640e+06|5.324745849e+10|5.498819525e+10|5.674833686e+10|2.000000|2.000000|2.000000
4.082471348e+06|5.296489368e+10|5.469658559e+10|5.644714777e+10|2.000000|2.000000|2.000000
4.094952544e+06|5.269004744e+10|5.441294158e+10|5.615418599e+10|2.000000|2.000000|2.000000
4.109088872e+06|5.237875382e+10|5.409168352e+10|5.582237454e+10|2.000000|2.000000|2.000000
4.123466620e+06|5.206214394e+10|5.376493902e+10|5.548489641e+10|2.000000|2.000000|2.000000
4.139274897e+06|5.171403262e+10|5.340568473e+10|5.511384054e+10|2.000000|2.000000|2.000000
4.152540147e+06|5.142192087e+10|5.310422254e+10|5.480247526e+10|2.000000|2.000000|2.000000
4.165022620e+06|5.114704649e+10|5.282054948e+10|5.450948348e+10|2.000000|2.000000|2.000000
4.177697309e+06|5.086793937e+10|5.253250821e+10|5.421197999e+10|2.000000|2.000000|2.000000
4.190129525e+06|5.059417172e+10|5.224997731e+10|5.392016789e+10|2.000000|2.000000|2.000000
4.202954386e+06|5.031175768e+10|5.195852325e+10|5.361913951e+10|2.000000|2.000000|2.000000
4.215622970e+06|5.003278500e+10|5.167062072e+10|5.332177932e+10|2.000000|2.000000|2.000000
4.229078544e+06|4.973648215e+10|5.136483327e+10|5.300594669e+10|2.000000|2.000000|2.000000
4.242471692e+06|4.944155397e+10|5.106046450e+10|5.269157934e+10|2.000000|2.000000|2.000000
4.256738385e+06|4.912738960e+10|5.073624379e+10|5.235670791e+10|2.000000|2.000000|2.000000
4.271567791e+06|4.880083382e+10|5.039923503e+10|5.200862834e+10|2.000000|2.000000|2.000000
4.285457239e+06|4.849497671e+10|5.008358749e+10|5.168261172e+10|2.000000|2.000000|2.000000
4.298834250e+06|4.820040387e+10|4.977958544e+10|5.136862314e+10|2.000000|2.000000|2.000000
4.311321035e+06|4.792543457e+10|4.949581442e+10|5.107553019e+10|2.000000|2.000000|2.000000
4.325382594e+06|4.761578742e+10|4.917625554e+10|5.074547372e+10|2.000000|2.000000|2.000000
4.339804219e+06|4.729821132e+10|4.884851389e+10|5.040696569e+10|2.000000|2.000000|2.000000
4.352614390e+06|4.701612077e+10|4.855739368e+10|5.010628213e+10|2.000000|2.000000|2.000000
4.367683073e+06|4.668429592e+10|4.821494719e+10|4.975258620e+10|2.000000|2.000000|2.000000
4.382670491e+06|4.635426061e+10|4.787434751e+10|4.940079775e+10|2.000000|2.000000|2.000000
4.396752815e+06|4.604415619e+10|4.755431671e+10|4.907025387e+10|2.000000|2.000000|2.000000
4.409565689e+06|4.576200613e+10|4.726313509e+10|4.876950687e+10|2.000000|2.000000|2.000000
4.424011403e+06|4.544389957e+10|4.693484600e+10|4.843043342e+10|2.000000|2.000000|2.000000
4.436453755e+06|4.516990872e+10|4.665208476e+10|4.813838341e+10|2.000000|2.000000|2.000000
4.448080907e+06|4.491386922e+10|4.638784948e+10|4.786546795e+10|2.000000|2.000000|2.000000
4.463182614e+06|4.458131715e+10|4.604465249e+10|4.751099687e+10|2.000000|2.000000|2.000000
4.477292775e+06|4.427059976e+10|4.572398911e+10|4.717979963e+10|2.000000|2.000000|2.000000
4.489927797e+06|4.399236613e+10|4.543684927e+10|4.688322718e+10|2.000000|2.000000|2.000000
4.504666901e+06|4.366779890e+10|4.510189271e+10|4.653726723e+10|2.000000|2.000000|2.000000
4.517792318e+06|4.337876637e+10|4.480360831e+10|4.622918413e+10|2.000000|2.000000|2.000000
4.531796420e+06|4.307038447e+10|4.448535517e+10|4.590047630e+10|2.000000|2.000000|2.000000
4.546249953e+06|4.275210574e+10|4.415688840e+10|4.556121934e+10|2.000000|2.000000|2.000000
4.560575681e+06|4.243664138e+10|4.383132609e+10|4.522496223e+10|2.000000|2.000000|2.000000
4.574176314e+06|4.213714421e+10|4.352224207e+10|4.490572474e+10|2.000000|2.000000|2.000000
4.589414640e+06|4.180158369e+10|4.317594033e+10|4.454804691e+10|2.000000|2.000000|2.000000
4.604131724e+06|4.147750133e+10|4.284148416e+10|4.420260379e+10|2.000000|2.000000|2.000000
4.617524727e+06|4.118257634e+10|4.253711868e+10|4.388823984e+10|2.000000|2.000000|2.000000
4.630123622e+06|4.090513827e+10|4.225079988e+10|4.359251541e+10|2.000000|2.000000|2.000000
4.644154262e+06|4.059617200e+10|4.193194366e+10|4.326318470e+10|2.000000|2.000000|2.000000
4.659016237e+06|4.026889902e+10|4.159419474e+10|4.291434066e+10|2.000000|2.000000|2.000000
4.672501300e+06|3.997194681e+10|4.128773715e+10|4.259781587e+10|2.000000|2.000000|2.000000
4.686710552e+06|3.965904734e+10|4.096482183e+10|4.226429272e+10|2.000000|2.000000|2.000000
4.700427767e+06|3.935698292e+10|4.065308840e+10|4.194231877e+10|2.000000|2.000000|2.000000
4.714344433e+06|3.905052644e+10|4.033682230e+10|4.161566327e+10|2.000000|2.000000|2.000000
4.728212850e+06|3.874513245e+10|4.002165271e+10|4.129014030e+10|2.000000|2.000000|2.000000
4.741087077e+06|3.846163134e+10|3.972907679e+10|4.098795319e+10|2.000000|2.000000|2.000000
4.755380045e+06|3.814688839e+10|3.940425898e+10|4.065246505e+10|2.000000|2.000000|2.000000
4.770657422e+06|3.781046793e+10|3.905706977e+10|4.029387060e+10|2.000000|2.000000|2.000000
4.783908230e+06|3.751867417e+10|3.875593576e+10|3.998284428e+10|2.000000|2.000000|2.000000
4.797402260e+06|3.722152449e+10|3.844927437e+10|3.966610900e+10|2.000000|2.000000|2.000000
4.811217588e+06|3.691729957e+10|3.813531128e+10|3.934183215e+10|2.000000|2.000000|2.000000
4.825970443e+06|3.659242950e+10|3.780004218e+10|3.899554940e+10|2.000000|2.000000|2.000000
4.840980408e+06|3.626189767e+10|3.745893010e+10|3.864323171e+10|2.000000|2.000000|2.000000
4.855178038e+06|3.594925415e+10|3.713627892e+10|3.830998138e+10|2.000000|2.000000|2.000000
4.868860396e+06|3.565115174e+10|3.682863401e+10|3.799227864e+10|3.000000|3.000000|3.000000
4.882678414e+06|3.535076716e+10|3.651863371e+10|3.767215296e+10|3.000000|3.000000|3.000000
4.897024981e+06|3.504043984e+10|3.619837209e+10|3.734145315e+10|3.000000|3.000000|3.000000
4.912658329e+06|3.470407597e+10|3.585123999e+10|3.698303251e+10|3.000000|3.000000|3.000000
4.925823852e+06|3.442226556e+10|3.556040741e+10|3.668276241e+10|3.000000|3.000000|3.000000
4.941416818e+06|3.409022018e+10|3.521773103e+10|3.632898958e+10|3.000000|3.000000|3.000000
4.955856654e+06|3.378440057e+10|3.490211949e+10|3.600318018e+10|3.000000|3.000000|3.000000
4.968221073e+06|3.352381415e+10|3.463318893e+10|3.572557675e+10|3.000000|3.000000|3.000000
4.982287764e+06|3.322878707e+10|3.432871428e+10|3.541130127e+10|3.000000|3.000000|3.000000
4.996506584e+06|3.293212395e+10|3.402255047e+10|3.509530172e+10|3.000000|3.000000|3.000000
5.009606205e+06|3.266019673e+10|3.374191403e+10|3.480566660e+10|3.000000|3.000000|3.000000
5.023616324e+06|3.237084027e+10|3.344328933e+10|3.449748410e+10|3.000000|3.000000|3.000000
5.040072459e+06|3.203290931e+10|3.309453316e+10|3.413758846e+10|3.000000|3.000000|3.000000
5.053211416e+06|3.176460668e+10|3.281763484e+10|3.385186320e+10|3.000000|3.000000|3.000000
5.066589190e+06|3.149280533e+10|3.253712482e+10|3.356242663e+10|3.000000|3.000000|3.000000
5.080953965e+06|3.120250004e+10|3.223751693e+10|3.325330151e+10|3.000000|3.000000|3.000000
5.097271482e+06|3.087467870e+10|3.189918942e+10|3.290424780e+10|3.000000|3.000000|3.000000
5.111793631e+06|3.058467040e+10|3.159988550e+10|3.259547323e+10|3.000000|3.000000|3.000000
5.125492276e+06|3.031261381e+10|3.131910749e+10|3.230582626e+10|3.000000|3.000000|3.000000
5.140383623e+06|3.001852982e+10|3.101559459e+10|3.199274296e+10|3.000000|3.000000|3.000000
5.153531580e+06|2.976031347e+10|3.074909809e+10|3.171785740e+10|3.000000|3.000000|3.000000
5.168761965e+06|2.946288646e+10|3.044213209e+10|3.140124461e+10|3.000000|3.000000|3.000000
5.184073416e+06|2.916570216e+10|3.013541490e+10|3.108490558e+10|3.000000|3.000000|3.000000
5.198475148e+06|2.888784620e+10|2.984864447e+10|3.078915436e+10|3.000000|3.000000|3.000000
5.213781688e+06|2.859431022e+10|2.954568922e+10|3.047672732e+10|3.000000|3.000000|3.000000
5.227712053e+06|2.832875705e+10|2.927161311e+10|3.019409620e+10|3.000000|3.000000|3.000000
5.242023580e+06|2.805751773e+10|2.899166670e+10|2.990542497e+10|3.000000|3.000000|3.000000
5.257296184e+06|2.776982996e+10|2.869474193e+10|2.959926091e+10|3.000000|3.000000|3.000000
5.271550376e+06|2.750297146e+10|2.841931339e+10|2.931527528e+10|3.000000|3.000000|3.000000
5.285337520e+06|2.724636837e+10|2.815446790e+10|2.904221343e+10|3.000000|3.000000|3.000000
5.301139610e+06|2.695409177e+10|2.785280090e+10|2.873120178e+10|3.000000|3.000000|3.000000
5.317665066e+06|2.665052436e+10|2.753947784e+10|2.840818865e+10|3.000000|3.000000|3.000000
5.333560892e+06|2.636053765e+10|2.724016946e+10|2.809963823e+10|3.000000|3.000000|3.000000
5.346862373e+06|2.611939730e+10|2.699127570e+10|2.784306988e+10|3.000000|3.000000|3.000000
5.360154141e+06|2.587981420e+10|2.674398751e+10|2.758816608e+10|3.000000|3.000000|3.000000
5.374051022e+06|2.563079998e+10|2.648696295e+10|2.732323597e+10|3.000000|3.000000|3.000000
5.389497280e+06|2.535579287e+10|2.620310699e+10|2.703066073e+10|3.000000|3.000000|3.000000
5.405796691e+06|2.506761592e+10|2.590565469e+10|2.672408427e+10|3.000000|3.000000|3.000000
5.421143371e+06|2.479817832e+10|2.562754225e+10|2.643745255e+10|3.000000|3.000000|3.000000
5.434273830e+06|2.456910847e+10|2.539109518e+10|2.619377117e+10|3.000000|3.000000|3.000000
5.448427858e+06|2.432368692e+10|2.513776763e+10|2.593270155e+10|3.000000|3.000000|3.000000
5.464692099e+06|2.404360273e+10|2.484865799e+10|2.563476708e+10|3.000000|3.000000|3.000000
5.480432395e+06|2.377450221e+10|2.457088302e+10|2.534852389e+10|3.000000|3.000000|3.000000
5.494397967e+06|2.353735650e+10|2.432609046e+10|2.509627708e+10|3.000000|3.000000|3.000000
5.509746906e+06|2.327846891e+10|2.405885226e+10|2.482090997e+10|3.000000|3.000000|3.000000
5.526524474e+06|2.299757800e+10|2.376889769e+10|2.452214576e+10|3.000000|3.000000|3.000000
5.542641548e+06|2.272980187e+10|2.349247779e+10|2.423733712e+10|3.000000|3.000000|3.000000
5.557509917e+06|2.248455776e+10|2.323931434e+10|2.397649881e+10|3.000000|3.000000|3.000000
5.573271412e+06|2.222645118e+10|2.297286997e+10|2.370198511e+10|3.000000|3.000000|3.000000
5.587514989e+06|2.199485451e+10|2.273378911e+10|2.345567058e+10|3.000000|3.000000|3.000000
5.601856770e+06|2.176324487e+10|2.249469216e+10|2.320934587e+10|3.000000|3.000000|3.000000
5.616645570e+06|2.152607860e+10|2.224985608e+10|2.295711500e+10|3.000000|3.000000|3.000000
5.630928226e+06|2.129862969e+10|2.201504881e+10|2.271522182e+10|3.000000|3.000000|3.000000
5.646426285e+06|2.105360242e+10|2.176209135e+10|2.245463708e+10|3.000000|3.000000|3.000000
5.662963095e+06|2.079418885e+10|2.149427832e+10|2.217875581e+10|3.000000|3.000000|3.000000
5.680226028e+06|2.052562428e+10|2.121701391e+10|2.189314570e+10|3.000000|3.000000|3.000000
5.694683430e+06|2.030246382e+10|2.098662119e+10|2.165582356e+10|3.000000|3.000000|3.000000
5.710016085e+06|2.006754112e+10|2.074408175e+10|2.140599450e+10|3.000000|3.000000|3.000000
5.727104056e+06|1.980784058e+10|2.047595712e+10|2.112981716e+10|3.000000|3.000000|3.000000
5.744747988e+06|1.954202779e+10|2.020151748e+10|2.084714128e+10|3.000000|3.000000|3.000000
5.763493499e+06|1.926221578e+10|1.991261924e+10|2.054957922e+10|3.000000|3.000000|3.000000
5.778839522e+06|1.903513502e+10|1.967816065e+10|2.030809394e+10|3.000000|3.000000|3.000000
5.792874895e+06|1.882901208e+10|1.946533768e+10|2.008889604e+10|3.000000|3.000000|3.000000
5.808205955e+06|1.860556478e+10|1.923462379e+10|1.985127471e+10|3.000000|3.000000|3.000000
5.822662587e+06|1.839648906e+10|1.901874553e+10|1.962893620e+10|3.000000|3.000000|3.000000
5.837973531e+06|1.817677669e+10|1.879188101e+10|1.939528562e+10|3.000000|3.000000|3.000000
5.854897092e+06|1.793597608e+10|1.854323751e+10|1.913920785e+10|3.000000|3.000000|3.000000
5.872981955e+06|1.768102879e+10|1.827998158e+10|1.886808413e+10|3.000000|3.000000|3.000000
5.890559377e+06|1.743558291e+10|1.802653171e+10|1.860706254e+10|3.000000|3.000000|3.000000
5.905206465e+06|1.723281899e+10|1.781715187e+10|1.839142954e+10|3.000000|3.000000|3.000000
5.920398906e+06|1.702419562e+10|1.760171772e+10|1.816956309e+10|3.000000|3.000000|3.000000
5.938146756e+06|1.678265551e+10|1.735228745e+10|1.791268734e+10|3.000000|3.000000|3.000000
5.956572268e+06|1.653436506e+10|1.709588087e+10|1.764862878e+10|3.000000|3.000000|3.000000
5.972911243e+06|1.631629267e+10|1.687067540e+10|1.741670365e+10|3.000000|3.000000|3.000000
5.991961797e+06|1.606451625e+10|1.661065783e+10|1.714892872e+10|3.000000|3.000000|3.000000
6.012000651e+06|1.580255865e+10|1.634011927e+10|1.687031964e+10|3.000000|3.000000|3.000000
6.027126260e+06|1.560677929e+10|1.613792223e+10|1.666209101e+10|3.000000|3.000000|3.000000
6.042013867e+06|1.541571388e+10|1.594058986e+10|1.645887212e+10|3.000000|3.000000|3.000000
6.058953188e+06|1.520028240e+10|1.571808759e+10|1.622973221e+10|3.000000|3.000000|3.000000
6.075514741e+06|1.499167200e+10|1.550262550e+10|1.600784191e+10|3.000000|3.000000|3.000000
6.091576186e+06|1.479125976e+10|1.529562629e+10|1.579466620e+10|3.000000|3.000000|3.000000
6.110932642e+06|1.455220916e+10|1.504871280e+10|1.554038389e+10|3.000000|3.000000|3.000000
6.130209003e+06|1.431682822e+10|1.480558315e+10|1.528999649e+10|3.000000|3.000000|3.000000
6.145825626e+06|1.412809029e+10|1.461062719e+10|1.508921919e+10|3.000000|3.000000|3.000000
6.163676270e+06|1.391448787e+10|1.438998227e+10|1.486198382e+10|3.000000|3.000000|3.000000
6.182334272e+06|1.369365059e+10|1.416185788e+10|1.462704291e+10|3.000000|3.000000|3.000000
6.201125058e+06|1.347373835e+10|1.393468276e+10|1.439307655e+10|3.000000|3.000000|3.000000
6.220502589e+06|1.324957290e+10|1.370310731e+10|1.415457472e+10|3.000000|3.000000|3.000000
6.238302864e+06|1.304598280e+10|1.349278137e+10|1.393795443e+10|3.000000|3.000000|3.000000
6.258328339e+06|1.281959688e+10|1.325889851e+10|1.369706787e+10|3.000000|3.000000|3.000000
6.277176864e+06|1.260907342e+10|1.304139675e+10|1.347304836e+10|3.000000|3.000000|3.000000
6.294637481e+06|1.241625493e+10|1.284218101e+10|1.326785858e+10|3.000000|3.000000|3.000000
6.313615999e+06|1.220906710e+10|1.262811283e+10|1.304736605e+10|3.000000|3.000000|3.000000
6.331999181e+06|1.201074476e+10|1.242319824e+10|1.283629661e+10|3.000000|3.000000|3.000000
6.350145771e+06|1.181724847e+10|1.222326395e+10|1.263035181e+10|3.000000|3.000000|3.000000
6.370297159e+06|1.160500987e+10|1.200395662e+10|1.240444508e+10|3.000000|3.000000|3.000000
6.393033217e+06|1.136886106e+10|1.175993364e+10|1.215307038e+10|3.000000|3.000000|3.000000
6.412269858e+06|1.117178712e+10|1.155628092e+10|1.194327470e+10|3.000000|3.000000|3.000000
6.430798305e+06|1.098432036e+10|1.136254951e+10|1.174369284e+10|3.000000|3.000000|3.000000
6.450887241e+06|1.078365919e+10|1.115517549e+10|1.153004856e+10|3.000000|3.000000|3.000000
6.470390398e+06|1.059141799e+10|1.095649586e+10|1.132535349e+10|3.000000|3.000000|3.000000
6.490363068e+06|1.039715758e+10|1.075572195e+10|1.111849218e+10|3.000000|3.000000|3.000000
6.512015246e+06|1.018952701e+10|1.054112106e+10|1.089737456e+10|3.000000|3.000000|3.000000
6.532696034e+06|9.994075011e+09|1.033909930e+10|1.068920788e+10|3.000000|3.000000|3.000000
6.554909369e+06|9.787236366e+09|1.012529911e+10|1.046889309e+10|3.000000|3.000000|3.000000
6.578167379e+06|9.574085946e+09|9.904964678e+09|1.024183183e+10|3.000000|3.000000|3.000000
6.600500563e+06|9.372677631e+09|9.696758426e+09|1.002725602e+10|3.000000|3.000000|3.000000
6.624096305e+06|9.163335522e+09|9.480340288e+09|9.804202829e+09|3.000000|3.000000|3.000000
6.641842596e+06|9.008211861e+09|9.319966256e+09|9.638902037e+09|3.000000|3.000000|3.000000
6.664463281e+06|8.813350832e+09|9.118501184e+09|9.431235201e+09|3.000000|3.000000|3.000000
6.686233297e+06|8.628835717e+09|8.927723448e+09|9.234570973e+09|3.000000|3.000000|3.000000
6.709400586e+06|8.435705397e+09|8.728028176e+09|9.028698922e+09|3.000000|3.000000|3.000000
6.732440928e+06|8.246909387e+09|8.532804400e+09|8.827420841e+09|3.000000|3.000000|3.000000
6.754803325e+06|8.066768910e+09|8.346521172e+09|8.635345133e+09|3.000000|3.000000|3.000000
6.778479318e+06|7.879349082e+09|8.152699994e+09|8.435480158e+09|3.000000|3.000000|3.000000
6.800678171e+06|7.706683351e+09|7.974127154e+09|8.251322868e+09|3.000000|3.000000|3.000000
6.829170127e+06|7.489372300e+09|7.749367920e+09|8.019511492e+09|3.000000|3.000000|3.000000
6.856838204e+06|7.282931431e+09|7.535836729e+09|7.799254864e+09|3.000000|3.000000|3.000000
6.882807307e+06|7.093237418e+09|7.339614410e+09|7.596828851e+09|3.000000|3.000000|3.000000
6.911051461e+06|6.891353910e+09|7.130768666e+09|7.381354082e+09|3.000000|3.000000|3.000000
6.934773040e+06|6.725327153e+09|6.959004646e+09|7.204116555e+09|3.000000|3.000000|3.000000
6.957879707e+06|6.566672996e+09|6.794857838e+09|7.034719786e+09|3.000000|3.000000|3.000000
6.984040468e+06|6.390669378e+09|6.612748874e+09|6.846763203e+09|3.000000|3.000000|3.000000
7.011068414e+06|6.212828613e+09|6.428725647e+09|6.656804694e+09|3.000000|3.000000|3.000000
7.038304320e+06|6.037683873e+09|6.247478468e+09|6.469684458e+09|3.000000|3.000000|3.000000
7.067677474e+06|5.853315104e+09|6.056670540e+09|6.272662535e+09|3.000000|3.000000|3.000000
7.094834266e+06|5.686981668e+09|5.884513746e+09|6.094870019e+09|3.000000|3.000000|3.000000
7.123938675e+06|5.513063595e+09|5.704491837e+09|5.908923458e+09|3.000000|3.000000|3.000000
7.155160032e+06|5.331428404e+09|5.516464909e+09|5.714671841e+09|3.000000|3.000000|3.000000
7.185651859e+06|5.158899135e+09|5.337847416e+09|5.530104192e+09|3.000000|3.000000|3.000000
7.219714779e+06|4.971762184e+09|5.144087166e+09|5.329845696e+09|3.000000|3.000000|3.000000
7.253393535e+06|4.792455420e+09|4.958414089e+09|5.137899850e+09|3.000000|3.000000|3.000000
7.287064739e+06|4.618782466e+09|4.778555022e+09|4.951918504e+09|3.000000|3.000000|3.000000
7.320941849e+06|4.449598924e+09|4.603325482e+09|4.770677509e+09|3.000000|3.000000|3.000000
7.354516664e+06|4.287326758e+09|4.435234933e+09|4.596773760e+09|3.000000|3.000000|3.000000
7.387260798e+06|4.134160743e+09|4.276558685e+09|4.432564822e+09|3.000000|3.000000|3.000000
7.422651127e+06|3.974170250e+09|4.110792340e+09|4.260968241e+09|3.000000|3.000000|3.000000
7.458620939e+06|3.817362393e+09|3.948302447e+09|4.092709506e+09|3.000000|3.000000|3.000000
7.497467795e+06|3.654450589e+09|3.779463969e+09|3.917815589e+09|3.000000|3.000000|3.000000
7.537042199e+06|3.495216103e+09|3.614412012e+09|3.746778423e+09|3.000000|3.000000|3.000000
7.581045408e+06|3.325948432e+09|3.438931849e+09|3.564857071e+09|3.000000|3.000000|3.000000
7.626945458e+06|3.157899451e+09|3.264683972e+09|3.384125856e+09|3.000000|3.000000|3.000000
7.670316074e+06|3.006885625e+09|3.108071187e+09|3.221603796e+09|3.000000|3.000000|3.000000
7.714801384e+06|2.859620009e+09|2.955317700e+09|3.063003820e+09|3.000000|3.000000|3.000000
7.762542251e+06|2.709922445e+09|2.800011290e+09|2.901660228e+09|3.000000|3.000000|3.000000
7.810768561e+06|2.567202634e+09|2.651913369e+09|2.747708048e+09|3.000000|3.000000|3.000000
7.860818694e+06|2.427818151e+09|2.507245221e+09|2.597218491e+09|3.000000|3.000000|3.000000
7.919452590e+06|2.275423782e+09|2.349035730e+09|2.432511218e+09|3.000000|3.000000|3.000000
7.978500166e+06|2.133346886e+09|2.201498259e+09|2.278772835e+09|3.000000|3.000000|3.000000
8.038827888e+06|1.999462016e+09|2.062430076e+09|2.133715423e+09|3.000000|3.000000|3.000000
8.099519681e+06|1.875715722e+09|1.933857934e+09|1.999461755e+09|3.000000|3.000000|3.000000
8.174129409e+06|1.737819750e+09|1.790541715e+09|1.849620334e+09|3.000000|3.000000|3.000000
8.248662387e+06|1.614774780e+09|1.662620226e+09|1.715670597e+09|3.000000|3.000000|3.000000
8.322524732e+06|1.506345426e+09|1.549861785e+09|1.597405729e+09|3.000000|3.000000|3.000000
8.397392882e+06|1.409161881e+09|1.448774365e+09|1.491196188e+09|3.000000|3.000000|3.000000
8.487066723e+06|1.308220992e+09|1.343760638e+09|1.380634218e+09|3.000000|3.000000|3.000000
8.579665206e+06|1.219979967e+09|1.251956691e+09|1.283746001e+09|3.000000|3.000000|3.000000
8.692965745e+06|1.131483036e+09|1.159914781e+09|1.186333566e+09|3.000000|3.000000|3.000000
8.800971156e+06|1.064289709e+09|1.090097538e+09|1.112224384e+09|3.000000|3.000000|3.000000
8.927410400e+06|1.003231842e+09|1.026798193e+09|1.044867806e+09|3.000000|3.000000|3.000000
9.060777398e+06|9.550543676e+08|9.770986321e+08|9.919471022e+08|3.000000|3.000000|3.000000
9.208767887e+06|9.156289385e+08|9.368309484e+08|9.492813851e+08|3.000000|3.000000|3.000000
9.400892585e+06|8.773083866e+08|8.984580138e+08|9.094669861e+08|3.000000|3.000000|3.000000
9.583701190e+06|8.448503721e+08|8.667283130e+08|8.779149055e+08|3.000000|3.000000|3.000000
9.795454071e+06|8.010923623e+08|8.243671998e+08|8.373612179e+08|3.000000|3.000000|3.000000
1.007366022e+07|7.176814609e+08|7.430396946e+08|7.604594932e+08|3.000000|3.000000|3.000000
1.039123958e+07|5.703677854e+08|5.975432801e+08|6.218563327e+08|3.000000|3.000000|3.000000
1.076418300e+07|3.228966506e+08|3.503763067e+08|3.834648747e+08|3.000000|3.000000|3.000000
1.121136952e+07|-3.385990901e+07|-9.455176689e+06|3.159284847e+07|3.000000|3.000000|3.000000
1.179235226e+07|-3.570954128e+08|-3.412779962e+08|-3.026523827e+08|3.000000|3.000000|3.000000
1.250843441e+07|3.259916120e+08|3.335076782e+08|3.281127883e+08|3.000000|3.000000|3.000000
