#PHASE|Nmant|Nmant/Nmanttot|Mmant|Mmant/Mmanttot|RRRminmant|RRRminmantEq|RRRmaxmant|RRRmaxmantEq|Ncore|Ncore/Ncoretot|Mcore|Mcore/Mcoretot|RRRmincore|RRRmaxcore|
0.000000000e+00|0.000000000e+00|0.000000000e+00|0.000000000e+00|0.000000000e+00|inf|inf|-inf|inf|0.000000000e+00|0.000000000e+00|0.000000000e+00|0.000000000e+00|inf|-inf
1.000000000e+00|6.359300000e+04|5.685916866e-01|2.204149333e+24|5.674479814e-01|3.363815216e+06|3.398737050e+06|5.810471839e+06|inf|6.359300000e+04|0.000000000e+00|0.000000000e+00|0.000000000e+00|inf|-inf
2.000000000e+00|1.000000000e+00|8.941104942e-06|3.466192155e+19|8.923550285e-06|2.414131327e+08|inf|2.414131327e+08|inf|1.000000000e+00|0.000000000e+00|0.000000000e+00|0.000000000e+00|inf|-inf
3.000000000e+00|2.861900000e+04|2.558854823e-01|9.919422383e+23|2.553709099e-01|3.446881541e+06|3.446881541e+06|6.240815042e+06|inf|2.861900000e+04|0.000000000e+00|0.000000000e+00|0.000000000e+00|inf|-inf
4.000000000e+00|1.704800000e+04|1.524279570e-01|5.966554783e+23|1.536061743e-01|4.998663524e+06|4.998663524e+06|6.518836724e+06|inf|1.704800000e+04|1.000000000e+00|1.629008664e+24|1.000000000e+00|6.135976113e+04|3.305454570e+06
5.000000000e+00|3.000000000e+01|2.682331483e-04|1.071115596e+21|2.757537222e-04|1.683023360e+07|1.683023360e+07|3.342747778e+08|inf|3.000000000e+01|0.000000000e+00|0.000000000e+00|0.000000000e+00|inf|-inf
6.000000000e+00|1.000000000e+00|8.941104942e-06|3.465975991e+19|8.922993781e-06|2.515038977e+08|inf|2.515038977e+08|inf|1.000000000e+00|0.000000000e+00|0.000000000e+00|0.000000000e+00|inf|-inf
7.000000000e+00|2.430000000e+02|2.172688501e-03|8.598438769e+21|2.213628019e-03|7.469165825e+06|7.777094535e+06|1.124505091e+07|inf|2.430000000e+02|0.000000000e+00|0.000000000e+00|0.000000000e+00|inf|-inf
8.000000000e+00|2.308000000e+03|2.063607021e-02|8.183370456e+22|2.106770615e-02|6.414933152e+06|6.478832125e+06|7.581472996e+06|inf|2.308000000e+03|0.000000000e+00|0.000000000e+00|0.000000000e+00|inf|-inf
