#PHASE|Nmant|Nmant/Nmanttot|Mmant|Mmant/Mmanttot|RRRminmant|RRRminmantEq|RRRmaxmant|RRRmaxmantEq|Ncore|Ncore/Ncoretot|Mcore|Mcore/Mcoretot|RRRmincore|RRRmaxcore|
0.000000000e+00|0.000000000e+00|0.000000000e+00|0.000000000e+00|0.000000000e+00|inf|inf|-inf|inf|0.000000000e+00|0.000000000e+00|0.000000000e+00|0.000000000e+00|inf|-inf
1.000000000e+00|1.874100000e+04|1.373299039e-01|6.495598288e+23|1.359815352e-01|3.306315352e+06|3.890013020e+06|5.074197976e+06|inf|1.874100000e+04|0.000000000e+00|0.000000000e+00|0.000000000e+00|inf|-inf
2.000000000e+00|9.000000000e+00|6.595000989e-05|3.276075797e+20|6.858272274e-05|1.900659549e+07|1.900659549e+07|1.653123033e+08|inf|9.000000000e+00|0.000000000e+00|0.000000000e+00|0.000000000e+00|inf|-inf
3.000000000e+00|3.347000000e+04|2.452607590e-01|1.161420373e+24|2.431365340e-01|3.409675746e+06|3.795810830e+06|2.675603524e+08|inf|3.347000000e+04|0.000000000e+00|0.000000000e+00|0.000000000e+00|inf|-inf
4.000000000e+00|5.230400000e+04|3.832721464e-01|1.828744760e+24|3.828369752e-01|3.832223721e+06|3.898482297e+06|2.675845033e+08|inf|5.230400000e+04|6.690037690e-01|1.410376700e+24|6.621913633e-01|7.285154655e+04|2.450677791e+08
5.000000000e+00|5.480000000e+02|4.015622825e-03|1.991556055e+22|4.169205635e-03|1.403830137e+07|1.902126649e+07|2.966235065e+08|inf|5.480000000e+02|1.168551161e-03|2.584298800e+21|1.213364022e-03|1.427413247e+07|2.451218468e+08
6.000000000e+00|2.300000000e+01|1.685389142e-04|8.232892688e+20|1.723507732e-04|2.048827488e+07|inf|2.870049637e+08|inf|2.300000000e+01|0.000000000e+00|0.000000000e+00|0.000000000e+00|inf|-inf
7.000000000e+00|2.309000000e+03|1.691984143e-02|8.262517932e+22|1.729709603e-02|7.682094011e+06|9.051618547e+06|2.843193459e+08|inf|2.309000000e+03|2.995441005e-03|6.615353451e+21|3.105999921e-03|7.464128137e+06|4.396168451e+07
8.000000000e+00|2.906300000e+04|2.129672375e-01|1.033407164e+24|2.163377205e-01|4.156725794e+06|4.156725794e+06|9.097086425e+06|inf|2.906300000e+04|3.268322388e-01|7.102863707e+23|3.334892728e-01|1.007880931e+05|8.467783557e+06
