#PHASE|Nmant|Nmant/Nmanttot|Mmant|Mmant/Mmanttot|RRRminmant|RRRminmantEq|RRRmaxmant|RRRmaxmantEq|Ncore|Ncore/Ncoretot|Mcore|Mcore/Mcoretot|RRRmincore|RRRmaxcore|
0.000000000e+00|0.000000000e+00|0.000000000e+00|0.000000000e+00|0.000000000e+00|inf|inf|-inf|inf|0.000000000e+00|0.000000000e+00|0.000000000e+00|0.000000000e+00|inf|-inf
1.000000000e+00|6.337900000e+04|6.385793451e-01|2.481252232e+24|6.382879937e-01|3.374806644e+06|3.433455790e+06|6.037651843e+06|inf|6.337900000e+04|0.000000000e+00|0.000000000e+00|0.000000000e+00|inf|-inf
2.000000000e+00|0.000000000e+00|0.000000000e+00|0.000000000e+00|0.000000000e+00|inf|inf|-inf|inf|0.000000000e+00|0.000000000e+00|0.000000000e+00|0.000000000e+00|inf|-inf
3.000000000e+00|2.301200000e+04|2.318589421e-01|9.010175481e+23|2.317816285e-01|3.440703057e+06|3.441485625e+06|5.471025746e+08|inf|2.301200000e+04|0.000000000e+00|0.000000000e+00|0.000000000e+00|inf|-inf
4.000000000e+00|1.093700000e+04|1.101964736e-01|4.292390658e+23|1.104193030e-01|5.900073665e+06|6.030939973e+06|5.476566784e+08|inf|1.093700000e+04|1.000000000e+00|1.629008621e+24|1.000000000e+00|8.104130487e+04|3.287780465e+06
5.000000000e+00|1.000000000e+01|1.007556675e-04|3.945962778e+20|1.015076433e-04|1.075905242e+08|5.441576855e+08|5.537967074e+08|inf|1.000000000e+01|0.000000000e+00|0.000000000e+00|0.000000000e+00|inf|-inf
6.000000000e+00|5.000000000e+00|5.037783375e-05|1.976042341e+20|5.083256290e-05|5.370537900e+08|5.479009521e+08|5.519006033e+08|inf|5.000000000e+00|0.000000000e+00|0.000000000e+00|0.000000000e+00|inf|-inf
7.000000000e+00|1.510000000e+02|1.521410579e-03|5.954405273e+21|1.531736817e-03|7.497168334e+06|7.583882976e+06|1.175003609e+07|inf|1.510000000e+02|0.000000000e+00|0.000000000e+00|0.000000000e+00|inf|-inf
8.000000000e+00|1.756000000e+03|1.769269521e-02|6.929987460e+22|1.782699773e-02|6.394247426e+06|6.466584358e+06|5.474902407e+08|inf|1.756000000e+03|0.000000000e+00|0.000000000e+00|0.000000000e+00|inf|-inf
