#RRR|P25fit|P50fit|P75fit|P25model|P50model|P75model
3.270151803e+05|2.593238875e+11|2.608498257e+11|2.622295839e+11|0.000000|0.000000|0.000000
4.978508462e+05|2.572408893e+11|2.584642339e+11|2.597918527e+11|0.000000|0.000000|0.000000
5.927920637e+05|2.555354078e+11|2.566711480e+11|2.579891014e+11|0.000000|0.000000|0.000000
6.614107811e+05|2.540726914e+11|2.551728100e+11|2.564900787e+11|0.000000|0.000000|0.000000
7.226277624e+05|2.526109213e+11|2.536953960e+11|2.550155973e+11|0.000000|0.000000|0.000000
7.708700575e+05|2.513578513e+11|2.524390310e+11|2.537634761e+11|0.000000|0.000000|0.000000
8.149132224e+05|2.501379925e+11|2.512220758e+11|2.525516367e+11|0.000000|0.000000|0.000000
8.574480018e+05|2.488926994e+11|2.499841690e+11|2.513196227e+11|0.000000|0.000000|0.000000
8.932400181e+05|2.477946662e+11|2.488953372e+11|2.502363695e+11|0.000000|0.000000|0.000000
9.262272978e+05|2.467428217e+11|2.478540423e+11|2.492006497e+11|0.000000|0.000000|0.000000
9.555719797e+05|2.457755007e+11|2.468975411e+11|2.482494156e+11|0.000000|0.000000|0.000000
9.899753507e+05|2.446040874e+11|2.457402740e+11|2.470986495e+11|0.000000|0.000000|0.000000
1.018829799e+06|2.435909903e+11|2.447400628e+11|2.461041326e+11|0.000000|0.000000|0.000000
1.041389546e+06|2.427797063e+11|2.439393941e+11|2.453080555e+11|0.000000|0.000000|0.000000
1.065636296e+06|2.418891910e+11|2.430607289e+11|2.444344513e+11|0.000000|0.000000|0.000000
1.092714931e+06|2.408721925e+11|2.420574048e+11|2.434369245e+11|0.000000|0.000000|0.000000
1.115112642e+06|2.400132766e+11|2.412100758e+11|2.425945005e+11|0.000000|0.000000|0.000000
1.139011101e+06|2.390793132e+11|2.402886817e+11|2.416784459e+11|0.000000|0.000000|0.000000
1.160803271e+06|2.382120789e+11|2.394330396e+11|2.408277666e+11|0.000000|0.000000|0.000000
1.180286728e+06|2.374242548e+11|2.386556454e+11|2.400548850e+11|0.000000|0.000000|0.000000
1.198841884e+06|2.366631213e+11|2.379044726e+11|2.393080769e+11|0.000000|0.000000|0.000000
1.217493781e+06|2.358874434e+11|2.371388083e+11|2.385468675e+11|0.000000|0.000000|0.000000
1.237786956e+06|2.350315646e+11|2.362937973e+11|2.377067826e+11|0.000000|0.000000|0.000000
1.256218552e+06|2.342434997e+11|2.355155547e+11|2.369330889e+11|0.000000|0.000000|0.000000
1.275617747e+06|2.334031525e+11|2.346854728e+11|2.361078754e+11|0.000000|0.000000|0.000000
1.293601840e+06|2.326141876e+11|2.339059393e+11|2.353329331e+11|0.000000|0.000000|0.000000
1.309313056e+06|2.319171816e+11|2.332170927e+11|2.346481627e+11|0.000000|0.000000|0.000000
1.324091083e+06|2.312550205e+11|2.325625293e+11|2.339974918e+11|0.000000|0.000000|0.000000
1.340106736e+06|2.305302756e+11|2.318459252e+11|2.332851739e+11|0.000000|0.000000|0.000000
1.355659889e+06|2.298194059e+11|2.311428606e+11|2.325863431e+11|0.000000|0.000000|0.000000
1.370284147e+06|2.291446907e+11|2.304753875e+11|2.319229190e+11|0.000000|0.000000|0.000000
1.387582383e+06|2.283387711e+11|2.296779059e+11|2.311303172e+11|0.000000|0.000000|0.000000
1.403210080e+06|2.276034247e+11|2.289500570e+11|2.304069666e+11|0.000000|0.000000|0.000000
1.417699203e+06|2.269155362e+11|2.282690089e+11|2.297301700e+11|0.000000|0.000000|0.000000
1.430691866e+06|2.262937162e+11|2.276532296e+11|2.291182732e+11|0.000000|0.000000|0.000000
1.444245628e+06|2.256400520e+11|2.270057708e+11|2.284749391e+11|0.000000|0.000000|0.000000
1.457789212e+06|2.249818139e+11|2.263536339e+11|2.278270037e+11|0.000000|0.000000|0.000000
1.470940072e+06|2.243378417e+11|2.257154894e+11|2.271930197e+11|0.000000|0.000000|0.000000
1.484467304e+06|2.236705074e+11|2.250540498e+11|2.265359469e+11|0.000000|0.000000|0.000000
1.497179599e+06|2.230388390e+11|2.244278283e+11|2.259139140e+11|0.000000|0.000000|0.000000
1.509678381e+06|2.224135134e+11|2.238077708e+11|2.252980588e+11|0.000000|0.000000|0.000000
1.522066643e+06|2.217895610e+11|2.231889548e+11|2.246834943e+11|0.000000|0.000000|0.000000
1.534672404e+06|2.211504249e+11|2.225549591e+11|2.240539171e+11|0.000000|0.000000|0.000000
1.549183931e+06|2.204094046e+11|2.218197503e+11|2.233239156e+11|0.000000|0.000000|0.000000
1.560765247e+06|2.198139929e+11|2.212288964e+11|2.227373149e+11|0.000000|0.000000|0.000000
1.571673768e+06|2.192499198e+11|2.206690527e+11|2.221815600e+11|0.000000|0.000000|0.000000
1.583475860e+06|2.186361026e+11|2.200597435e+11|2.215767681e+11|0.000000|0.000000|0.000000
1.593770010e+06|2.180977203e+11|2.195252371e+11|2.210462847e+11|0.000000|0.000000|0.000000
1.605136906e+06|2.175000065e+11|2.189317441e+11|2.204573270e+11|0.000000|0.000000|0.000000
1.615286677e+06|2.169634408e+11|2.183988970e+11|2.199286150e+11|0.000000|0.000000|0.000000
1.626630384e+06|2.163605839e+11|2.178001418e+11|2.193345804e+11|0.000000|0.000000|0.000000
1.637825040e+06|2.157623745e+11|2.172059268e+11|2.187451302e+11|0.000000|0.000000|0.000000
1.649205889e+06|2.151508932e+11|2.165984548e+11|2.181426144e+11|0.000000|0.000000|0.000000
1.661192331e+06|2.145032648e+11|2.159549960e+11|2.175045025e+11|0.000000|0.000000|0.000000
1.671466943e+06|2.139451891e+11|2.154004541e+11|2.169546513e+11|0.000000|0.000000|0.000000
1.681528295e+06|2.133960770e+11|2.148547691e+11|2.164136590e+11|0.000000|0.000000|0.000000
1.691984004e+06|2.128227038e+11|2.142849250e+11|2.158487990e+11|0.000000|0.000000|0.000000
1.702824147e+06|2.122253104e+11|2.136911590e+11|2.152603199e+11|0.000000|0.000000|0.000000
1.712327595e+06|2.116991275e+11|2.131681329e+11|2.147420318e+11|0.000000|0.000000|0.000000
1.720626541e+06|2.112377645e+11|2.127095106e+11|2.142876283e+11|0.000000|0.000000|0.000000
1.730584142e+06|2.106818964e+11|2.121569140e+11|2.137401961e+11|0.000000|0.000000|0.000000
1.739997235e+06|2.101541276e+11|2.116322236e+11|2.132204933e+11|0.000000|0.000000|0.000000
1.749524683e+06|2.096176797e+11|2.110988802e+11|2.126923057e+11|0.000000|0.000000|0.000000
1.759214820e+06|2.090697372e+11|2.105540867e+11|2.121528700e+11|0.000000|0.000000|0.000000
1.769017547e+06|2.085130387e+11|2.100005684e+11|2.116048920e+11|0.000000|0.000000|0.000000
1.778321858e+06|2.079824276e+11|2.094729739e+11|2.110826710e+11|0.000000|0.000000|0.000000
1.787212974e+06|2.074733668e+11|2.089667971e+11|2.105817363e+11|0.000000|0.000000|0.000000
1.797852995e+06|2.068615920e+11|2.083584790e+11|2.099798328e+11|0.000000|0.000000|0.000000
1.807324413e+06|2.063146491e+11|2.078146219e+11|2.094418190e+11|0.000000|0.000000|0.000000
1.815526704e+06|2.058392019e+11|2.073418568e+11|2.089742179e+11|0.000000|0.000000|0.000000
1.824518354e+06|2.053160920e+11|2.068217004e+11|2.084598359e+11|0.000000|0.000000|0.000000
1.832517230e+06|2.048490653e+11|2.063573154e+11|2.080006896e+11|0.000000|0.000000|0.000000
1.842478856e+06|2.042652417e+11|2.057768040e+11|2.074268397e+11|0.000000|0.000000|0.000000
1.850000660e+06|2.038227961e+11|2.053368785e+11|2.069920473e+11|0.000000|0.000000|0.000000
1.858906765e+06|2.032971320e+11|2.048142227e+11|2.064755865e+11|0.000000|0.000000|0.000000
1.867387749e+06|2.027947571e+11|2.043147403e+11|2.059821240e+11|0.000000|0.000000|0.000000
1.876459279e+06|2.022554583e+11|2.037785685e+11|2.054525248e+11|0.000000|0.000000|0.000000
1.884556977e+06|2.017723598e+11|2.032982936e+11|2.049782356e+11|0.000000|0.000000|0.000000
1.891808850e+06|2.013383683e+11|2.028668590e+11|2.045522586e+11|0.000000|0.000000|0.000000
1.899419672e+06|2.008815217e+11|2.024127269e+11|2.041039546e+11|0.000000|0.000000|0.000000
1.907286742e+06|2.004078170e+11|2.019418638e+11|2.036392261e+11|0.000000|0.000000|0.000000
1.916252145e+06|1.998661504e+11|2.014034836e+11|2.031079761e+11|0.000000|0.000000|0.000000
1.925529576e+06|1.993035858e+11|2.008443776e+11|2.025564078e+11|0.000000|0.000000|0.000000
1.932682174e+06|1.988684481e+11|2.004119495e+11|2.021299039e+11|0.000000|0.000000|0.000000
1.940080836e+06|1.984170429e+11|1.999633892e+11|2.016875769e+11|0.000000|0.000000|0.000000
1.949162263e+06|1.978611675e+11|1.994110679e+11|2.011430557e+11|0.000000|0.000000|0.000000
1.958085187e+06|1.973130627e+11|1.988665259e+11|2.006063408e+11|0.000000|0.000000|0.000000
1.966056132e+06|1.968218180e+11|1.983785268e+11|2.001254733e+11|0.000000|0.000000|0.000000
1.972939013e+06|1.963964042e+11|1.979559660e+11|1.997091783e+11|0.000000|0.000000|0.000000
1.979842491e+06|1.959685772e+11|1.975310497e+11|1.992906486e+11|0.000000|0.000000|0.000000
1.987317832e+06|1.955040244e+11|1.970697068e+11|1.988363383e+11|0.000000|0.000000|0.000000
1.994541496e+06|1.950538427e+11|1.966226868e+11|1.983962316e+11|0.000000|0.000000|0.000000
2.001349500e+06|1.946284245e+11|1.962003045e+11|1.979804721e+11|0.000000|0.000000|0.000000
2.009294992e+06|1.941305287e+11|1.957060238e+11|1.974940545e+11|0.000000|0.000000|0.000000
2.015967568e+06|1.937112363e+11|1.952898297e+11|1.970845768e+11|0.000000|0.000000|0.000000
2.023435220e+06|1.932407257e+11|1.948228566e+11|1.966252448e+11|0.000000|0.000000|0.000000
2.030816061e+06|1.927743811e+11|1.943600840e+11|1.961701554e+11|0.000000|0.000000|0.000000
2.038386687e+06|1.922947001e+11|1.938841482e+11|1.957022378e+11|0.000000|0.000000|0.000000
2.045898171e+06|1.918174212e+11|1.934106695e+11|1.952368544e+11|0.000000|0.000000|0.000000
2.053481242e+06|1.913342358e+11|1.929314090e+11|1.947659098e+11|0.000000|0.000000|0.000000
2.061073228e+06|1.908491168e+11|1.924503118e+11|1.942932849e+11|0.000000|0.000000|0.000000
2.067758091e+06|1.904208314e+11|1.920256470e+11|1.938762033e+11|0.000000|0.000000|0.000000
2.074249137e+06|1.900039512e+11|1.916123556e+11|1.934703874e+11|0.000000|0.000000|0.000000
2.081256140e+06|1.895528157e+11|1.911651776e+11|1.930314046e+11|0.000000|0.000000|0.000000
2.088827015e+06|1.890640715e+11|1.906808100e+11|1.925560404e+11|0.000000|0.000000|0.000000
2.096131190e+06|1.885912611e+11|1.902123241e+11|1.920963892e+11|0.000000|0.000000|0.000000
2.102350245e+06|1.881876995e+11|1.898125260e+11|1.917042298e+11|0.000000|0.000000|0.000000
2.108531429e+06|1.877856910e+11|1.894143345e+11|1.913137381e+11|0.000000|0.000000|0.000000
2.115116450e+06|1.873564267e+11|1.889892225e+11|1.908969484e+11|0.000000|0.000000|0.000000
2.122752929e+06|1.868573402e+11|1.884950654e+11|1.904125988e+11|0.000000|0.000000|0.000000
2.130130014e+06|1.863739019e+11|1.880165088e+11|1.899436785e+11|0.000000|0.000000|0.000000
2.135501791e+06|1.860210700e+11|1.876673077e+11|1.896015955e+11|0.000000|0.000000|0.000000
2.141681012e+06|1.856143632e+11|1.872648587e+11|1.892074414e+11|0.000000|0.000000|0.000000
2.148602808e+06|1.851577146e+11|1.868130851e+11|1.887650970e+11|0.000000|0.000000|0.000000
2.154791323e+06|1.847484883e+11|1.864083143e+11|1.883688809e+11|0.000000|0.000000|0.000000
2.161739557e+06|1.842879515e+11|1.859528916e+11|1.879232047e+11|0.000000|0.000000|0.000000
2.167499109e+06|1.839053419e+11|1.855746127e+11|1.875531200e+11|0.000000|0.000000|0.000000
2.174578570e+06|1.834339825e+11|1.851086930e+11|1.870974170e+11|0.000000|0.000000|0.000000
2.181181729e+06|1.829932749e+11|1.846731778e+11|1.866715765e+11|0.000000|0.000000|0.000000
2.187851301e+06|1.825470956e+11|1.842323619e+11|1.862406769e+11|0.000000|0.000000|0.000000
2.194854958e+06|1.820774430e+11|1.837684730e+11|1.857873591e+11|0.000000|0.000000|0.000000
2.201935177e+06|1.816014863e+11|1.832984835e+11|1.853282227e+11|0.000000|0.000000|0.000000
2.207834562e+06|1.812040111e+11|1.829060904e+11|1.849450023e+11|0.000000|0.000000|0.000000
2.214237866e+06|1.807716601e+11|1.824793716e+11|1.845283744e+11|0.000000|0.000000|0.000000
2.221138356e+06|1.803046627e+11|1.820185814e+11|1.840786176e+11|0.000000|0.000000|0.000000
2.227958399e+06|1.798420125e+11|1.815622098e+11|1.836333146e+11|0.000000|0.000000|0.000000
2.234087466e+06|1.794253056e+11|1.811512698e+11|1.832324623e+11|0.000000|0.000000|0.000000
2.240587899e+06|1.789823877e+11|1.807145996e+11|1.828066383e+11|0.000000|0.000000|0.000000
2.246413300e+06|1.785846226e+11|1.803225505e+11|1.824244392e+11|0.000000|0.000000|0.000000
2.252767091e+06|1.781498716e+11|1.798941626e+11|1.820069364e+11|0.000000|0.000000|0.000000
2.259239142e+06|1.777060560e+11|1.794569693e+11|1.815809843e+11|0.000000|0.000000|0.000000
2.265575484e+06|1.772705954e+11|1.790281323e+11|1.811633048e+11|0.000000|0.000000|0.000000
2.272425696e+06|1.767987608e+11|1.785636176e+11|1.807110234e+11|0.000000|0.000000|0.000000
2.278755474e+06|1.763617953e+11|1.781335659e+11|1.802924352e+11|0.000000|0.000000|0.000000
2.284892583e+06|1.759372338e+11|1.777158476e+11|1.798859795e+11|0.000000|0.000000|0.000000
2.290915410e+06|1.755197198e+11|1.773051859e+11|1.794865139e+11|0.000000|0.000000|0.000000
2.296393793e+06|1.751392091e+11|1.769310275e+11|1.791226638e+11|0.000000|0.000000|0.000000
2.302649225e+06|1.747038666e+11|1.765030798e+11|1.787066329e+11|0.000000|0.000000|0.000000
2.309098308e+06|1.742540865e+11|1.760610839e+11|1.782770877e+11|0.000000|0.000000|0.000000
2.315651820e+06|1.737960239e+11|1.756111016e+11|1.778399312e+11|0.000000|0.000000|0.000000
2.321747535e+06|1.733690550e+11|1.751918053e+11|1.774327233e+11|0.000000|0.000000|0.000000
2.327964029e+06|1.729327284e+11|1.747634613e+11|1.770168663e+11|0.000000|0.000000|0.000000
2.333786607e+06|1.725232278e+11|1.743615847e+11|1.766268325e+11|0.000000|0.000000|0.000000
2.340439419e+06|1.720543628e+11|1.739016081e+11|1.761805633e+11|0.000000|0.000000|0.000000
2.346870353e+06|1.716001473e+11|1.734561673e+11|1.757485528e+11|0.000000|0.000000|0.000000
2.352519864e+06|1.712003222e+11|1.730642012e+11|1.753685329e+11|0.000000|0.000000|0.000000
2.359584305e+06|1.706993051e+11|1.725732132e+11|1.748926792e+11|0.000000|0.000000|0.000000
2.367012367e+06|1.701712348e+11|1.720559340e+11|1.743915511e+11|0.000000|0.000000|0.000000
2.373019179e+06|1.697432544e+11|1.716368675e+11|1.739857256e+11|0.000000|0.000000|0.000000
2.378284526e+06|1.693674049e+11|1.712689718e+11|1.736295702e+11|0.000000|0.000000|0.000000
2.383999774e+06|1.689587025e+11|1.708690531e+11|1.732425377e+11|0.000000|0.000000|0.000000
2.390058288e+06|1.685246135e+11|1.704444486e+11|1.728317571e+11|0.000000|0.000000|0.000000
2.395965107e+06|1.681005615e+11|1.700298178e+11|1.724307678e+11|0.000000|0.000000|0.000000
2.401645687e+06|1.676919760e+11|1.696304573e+11|1.720446802e+11|0.000000|0.000000|0.000000
2.408250570e+06|1.672159524e+11|1.691653656e+11|1.715952124e+11|0.000000|0.000000|0.000000
2.414489304e+06|1.667653734e+11|1.687253189e+11|1.711701143e+11|0.000000|0.000000|0.000000
2.420590103e+06|1.663238685e+11|1.682943103e+11|1.707539049e+11|0.000000|0.000000|0.000000
2.425995597e+06|1.659319479e+11|1.679118547e+11|1.703847127e+11|0.000000|0.000000|0.000000
2.432929915e+06|1.654281711e+11|1.674204502e+11|1.699105323e+11|0.000000|0.000000|0.000000
2.439146348e+06|1.649755829e+11|1.669791766e+11|1.694849018e+11|0.000000|0.000000|0.000000
2.444410234e+06|1.645916309e+11|1.666049727e+11|1.691240948e+11|0.000000|0.000000|0.000000
2.450500836e+06|1.641465597e+11|1.661713749e+11|1.687061719e+11|0.000000|0.000000|0.000000
2.456558705e+06|1.637030098e+11|1.657394460e+11|1.682900204e+11|0.000000|0.000000|0.000000
2.462319187e+06|1.632804282e+11|1.653281112e+11|1.678938629e+11|0.000000|0.000000|0.000000
2.468087019e+06|1.628565198e+11|1.649156582e+11|1.674967783e+11|0.000000|0.000000|0.000000
2.474439497e+06|1.623887300e+11|1.644607129e+11|1.670589598e+11|0.000000|0.000000|0.000000
2.480346339e+06|1.619528974e+11|1.640370410e+11|1.666514036e+11|0.000000|0.000000|0.000000
2.486338651e+06|1.615099121e+11|1.636066093e+11|1.662375098e+11|0.000000|0.000000|0.000000
2.492315179e+06|1.610672440e+11|1.631766820e+11|1.658242683e+11|0.000000|0.000000|0.000000
2.497945631e+06|1.606494321e+11|1.627710772e+11|1.654345594e+11|0.000000|0.000000|0.000000
2.503731237e+06|1.602193213e+11|1.623537185e+11|1.650337142e+11|0.000000|0.000000|0.000000
2.509377201e+06|1.597988235e+11|1.619458715e+11|1.646421592e+11|0.000000|0.000000|0.000000
2.515223847e+06|1.593625789e+11|1.615229449e+11|1.642362895e+11|0.000000|0.000000|0.000000
2.520923025e+06|1.589365531e+11|1.611101168e+11|1.638402716e+11|0.000000|0.000000|0.000000
2.527099765e+06|1.584739533e+11|1.606620642e+11|1.634106439e+11|0.000000|0.000000|0.000000
2.533513262e+06|1.579926577e+11|1.601961448e+11|1.629640846e+11|0.000000|0.000000|0.000000
2.539500561e+06|1.575424584e+11|1.597605526e+11|1.625467783e+11|0.000000|0.000000|0.000000
2.546058295e+06|1.570483828e+11|1.592827595e+11|1.620892507e+11|0.000000|0.000000|0.000000
2.551756256e+06|1.566182484e+11|1.588670168e+11|1.616913197e+11|0.000000|0.000000|0.000000
2.557385313e+06|1.561925514e+11|1.584557629e+11|1.612978492e+11|0.000000|0.000000|0.000000
2.562795685e+06|1.557826761e+11|1.580599830e+11|1.609193385e+11|0.000000|0.000000|0.000000
2.569017360e+06|1.553104699e+11|1.576042477e+11|1.604836775e+11|0.000000|0.000000|0.000000
2.574270109e+06|1.549110780e+11|1.572189820e+11|1.601155410e+11|0.000000|0.000000|0.000000
2.579661075e+06|1.545004868e+11|1.568231009e+11|1.597374134e+11|0.000000|0.000000|0.000000
2.585243605e+06|1.540745682e+11|1.564126442e+11|1.593455278e+11|0.000000|0.000000|0.000000
2.590865676e+06|1.536448738e+11|1.559987592e+11|1.589505391e+11|0.000000|0.000000|0.000000
2.597047596e+06|1.531715102e+11|1.555430582e+11|1.585158419e+11|0.000000|0.000000|0.000000
2.602341937e+06|1.527653771e+11|1.551522866e+11|1.581432479e+11|0.000000|0.000000|0.000000
2.608000427e+06|1.523305609e+11|1.547341305e+11|1.577447146e+11|0.000000|0.000000|0.000000
2.614060434e+06|1.518640319e+11|1.542857243e+11|1.573175486e+11|0.000000|0.000000|0.000000
2.619618580e+06|1.514353567e+11|1.538739290e+11|1.569254405e+11|0.000000|0.000000|0.000000
2.625831796e+06|1.509552723e+11|1.534130092e+11|1.564867635e+11|0.000000|0.000000|0.000000
2.631994400e+06|1.504781731e+11|1.529552299e+11|1.560512932e+11|0.000000|0.000000|0.000000
2.637762911e+06|1.500307478e+11|1.525261734e+11|1.556433439e+11|0.000000|0.000000|0.000000
2.643467488e+06|1.495874853e+11|1.521013494e+11|1.552396087e+11|0.000000|0.000000|0.000000
2.649669277e+06|1.491046889e+11|1.516389103e+11|1.548003417e+11|0.000000|0.000000|0.000000
2.655236823e+06|1.486704681e+11|1.512232445e+11|1.544056974e+11|0.000000|0.000000|0.000000
2.660350861e+06|1.482709505e+11|1.508410059e+11|1.540429520e+11|0.000000|0.000000|0.000000
2.665471580e+06|1.478702705e+11|1.504578557e+11|1.536794982e+11|0.000000|0.000000|0.000000
2.671245571e+06|1.474177047e+11|1.500253325e+11|1.532693990e+11|0.000000|0.000000|0.000000
2.677804910e+06|1.469025926e+11|1.495333483e+11|1.528031670e+11|0.000000|0.000000|0.000000
2.683177838e+06|1.464798645e+11|1.491298527e+11|1.524209881e+11|0.000000|0.000000|0.000000
2.688284521e+06|1.460774270e+11|1.487459372e+11|1.520575199e+11|0.000000|0.000000|0.000000
2.693619425e+06|1.456563197e+11|1.483444346e+11|1.516775741e+11|0.000000|0.000000|0.000000
2.699535938e+06|1.451884843e+11|1.478986488e+11|1.512559309e+11|0.000000|0.000000|0.000000
2.705339052e+06|1.447287778e+11|1.474608866e+11|1.508420911e+11|0.000000|0.000000|0.000000
2.711161583e+06|1.442666980e+11|1.470211437e+11|1.504265937e+11|0.000000|0.000000|0.000000
2.717517886e+06|1.437613015e+11|1.465405006e+11|1.499726989e+11|0.000000|0.000000|0.000000
2.722490178e+06|1.433652525e+11|1.461640862e+11|1.496174139e+11|0.000000|0.000000|0.000000
2.727604482e+06|1.429572531e+11|1.457765327e+11|1.492517826e+11|0.000000|0.000000|0.000000
2.733338863e+06|1.424990151e+11|1.453415244e+11|1.488415841e+11|0.000000|0.000000|0.000000
2.739103106e+06|1.420375676e+11|1.449037554e+11|1.484290007e+11|0.000000|0.000000|0.000000
2.744954047e+06|1.415683348e+11|1.444588967e+11|1.480099608e+11|0.000000|0.000000|0.000000
2.751087316e+06|1.410755447e+11|1.439920277e+11|1.475704337e+11|0.000000|0.000000|0.000000
2.756294003e+06|1.406564665e+11|1.435952553e+11|1.471970969e+11|0.000000|0.000000|0.000000
2.761330639e+06|1.402504313e+11|1.432110626e+11|1.468357717e+11|0.000000|0.000000|0.000000
2.766439555e+06|1.398379211e+11|1.428209770e+11|1.464690813e+11|0.000000|0.000000|0.000000
2.771332194e+06|1.394422613e+11|1.424470483e+11|1.461177467e+11|0.000000|0.000000|0.000000
2.776649048e+06|1.390116156e+11|1.420403041e+11|1.457357671e+11|0.000000|0.000000|0.000000
2.782445830e+06|1.385412889e+11|1.415963789e+11|1.453190945e+11|0.000000|0.000000|0.000000
2.788838162e+06|1.380216624e+11|1.411062845e+11|1.448593602e+11|0.000000|0.000000|0.000000
2.794733377e+06|1.375415342e+11|1.406537844e+11|1.444351472e+11|0.000000|0.000000|0.000000
2.799367910e+06|1.371634653e+11|1.402977024e+11|1.441014985e+11|0.000000|0.000000|0.000000
2.804642816e+06|1.367324970e+11|1.398920473e+11|1.437215870e+11|0.000000|0.000000|0.000000
2.811040108e+06|1.362088839e+11|1.393995491e+11|1.432606128e+11|0.000000|0.000000|0.000000
2.816758625e+06|1.357399506e+11|1.389588183e+11|1.428483441e+11|0.000000|0.000000|0.000000
2.822380427e+06|1.352781395e+11|1.385250942e+11|1.424428627e+11|0.000000|0.000000|0.000000
2.828145364e+06|1.348037364e+11|1.380798687e+11|1.420268707e+11|0.000000|0.000000|0.000000
2.833722053e+06|1.343440198e+11|1.376487419e+11|1.416242862e+11|0.000000|0.000000|0.000000
2.838743921e+06|1.339293616e+11|1.372601390e+11|1.412616091e+11|0.000000|0.000000|0.000000
2.844094243e+06|1.334868747e+11|1.368457370e+11|1.408750627e+11|0.000000|0.000000|0.000000
2.850061815e+06|1.329924761e+11|1.363830633e+11|1.404437448e+11|0.000000|0.000000|0.000000
2.856267762e+06|1.324773614e+11|1.359013918e+11|1.399950046e+11|0.000000|0.000000|0.000000
2.861779345e+06|1.320190530e+11|1.354731739e+11|1.395963112e+11|0.000000|0.000000|0.000000
2.866937218e+06|1.315894500e+11|1.350720647e+11|1.392230701e+11|0.000000|0.000000|0.000000
2.872088267e+06|1.311597321e+11|1.346711282e+11|1.388501962e+11|0.000000|0.000000|0.000000
2.877859750e+06|1.306774430e+11|1.342214767e+11|1.384322636e+11|0.000000|0.000000|0.000000
2.883535174e+06|1.302023425e+11|1.337788751e+11|1.380211396e+11|0.000000|0.000000|0.000000
2.887724979e+06|1.298510717e+11|1.334518555e+11|1.377175414e+11|0.000000|0.000000|0.000000
2.892758559e+06|1.294284580e+11|1.330586707e+11|1.373527018e+11|0.000000|0.000000|0.000000
2.898478560e+06|1.289474157e+11|1.326114622e+11|1.369379798e+11|0.000000|0.000000|0.000000
2.904427907e+06|1.284461841e+11|1.321458669e+11|1.365064871e+11|0.000000|0.000000|0.000000
2.909560398e+06|1.280130323e+11|1.317438268e+11|1.361341258e+11|0.000000|0.000000|0.000000
2.914724001e+06|1.275765619e+11|1.313390039e+11|1.357594045e+11|0.000000|0.000000|0.000000
2.919693233e+06|1.271558641e+11|1.309490934e+11|1.353986939e+11|0.000000|0.000000|0.000000
2.925399057e+06|1.266720095e+11|1.305009934e+11|1.349844039e+11|0.000000|0.000000|0.000000
2.930620247e+06|1.262285048e+11|1.300905874e+11|1.346052016e+11|0.000000|0.000000|0.000000
2.936268609e+06|1.257479091e+11|1.296462119e+11|1.341948698e+11|0.000000|0.000000|0.000000
2.942034955e+06|1.252564095e+11|1.291921357e+11|1.337758585e+11|0.000000|0.000000|0.000000
2.948079814e+06|1.247402304e+11|1.287156761e+11|1.333364957e+11|0.000000|0.000000|0.000000
2.953702241e+06|1.242592579e+11|1.282721000e+11|1.329277368e+11|0.000000|0.000000|0.000000
2.958613257e+06|1.238384596e+11|1.278843261e+11|1.325706227e+11|0.000000|0.000000|0.000000
2.964197244e+06|1.233592221e+11|1.274430491e+11|1.321644898e+11|0.000000|0.000000|0.000000
2.970463789e+06|1.228204199e+11|1.269473720e+11|1.317086132e+11|0.000000|0.000000|0.000000
2.975334830e+06|1.224008833e+11|1.265617431e+11|1.313541866e+11|0.000000|0.000000|0.000000
2.980511171e+06|1.219543590e+11|1.261516249e+11|1.309774817e+11|0.000000|0.000000|0.000000
2.987154675e+06|1.213803493e+11|1.256248402e+11|1.304939230e+11|1.000000|1.000000|1.000000
2.992261057e+06|1.209378882e+11|1.252193666e+11|1.301221441e+11|1.000000|1.000000|1.000000
2.997564227e+06|1.204783757e+11|1.247982670e+11|1.297360377e+11|1.000000|1.000000|1.000000
3.003328220e+06|1.199789335e+11|1.243405756e+11|1.293163803e+11|1.000000|1.000000|1.000000
3.008761301e+06|1.195081643e+11|1.239091603e+11|1.289208155e+11|1.000000|1.000000|1.000000
3.014043611e+06|1.190504592e+11|1.234897171e+11|1.285362278e+11|1.000000|1.000000|1.000000
3.018727656e+06|1.186445930e+11|1.231177793e+11|1.281951978e+11|1.000000|1.000000|1.000000
3.023630089e+06|1.182198038e+11|1.227285003e+11|1.278382678e+11|1.000000|1.000000|1.000000
3.028908962e+06|1.177623966e+11|1.223093299e+11|1.274539304e+11|1.000000|1.000000|1.000000
3.034778193e+06|1.172538356e+11|1.218432821e+11|1.270266109e+11|1.000000|1.000000|1.000000
3.040720219e+06|1.166157132e+11|1.213714539e+11|1.265939915e+11|2.000000|1.000000|1.000000
3.045703566e+06|1.164053376e+11|1.209757500e+11|1.262311704e+11|2.000000|1.000000|1.000000
3.051345307e+06|1.161671675e+11|1.205277660e+11|1.258204137e+11|2.000000|1.000000|1.000000
3.056057028e+06|1.159682588e+11|1.201536305e+11|1.254773687e+11|2.000000|1.000000|1.000000
3.061487374e+06|1.157390128e+11|1.197224324e+11|1.250820030e+11|2.000000|1.000000|1.000000
3.067447214e+06|1.154874139e+11|1.192491898e+11|1.246480866e+11|2.000000|1.000000|1.000000
3.072776862e+06|1.152624190e+11|1.188259877e+11|1.242600525e+11|2.000000|1.000000|1.000000
3.077540389e+06|1.150613233e+11|1.184477385e+11|1.239132357e+11|2.000000|1.000000|1.000000
3.082925697e+06|1.148339787e+11|1.180201167e+11|1.235211491e+11|2.000000|1.000000|1.000000
3.087920025e+06|1.146231395e+11|1.176235408e+11|1.231575285e+11|2.000000|1.000000|1.000000
3.093106693e+06|1.144041806e+11|1.172116921e+11|1.227799042e+11|2.000000|1.000000|1.000000
3.098732834e+06|1.141666690e+11|1.167649468e+11|1.223702833e+11|2.000000|1.000000|1.000000
3.104439288e+06|1.139257670e+11|1.163118243e+11|1.219548151e+11|2.000000|1.000000|1.000000
3.110190114e+06|1.136829917e+11|1.158551784e+11|1.215361163e+11|2.000000|1.000000|1.000000
3.115321674e+06|1.134663592e+11|1.154477055e+11|1.211625043e+11|2.000000|1.000000|1.000000
3.120907378e+06|1.132305547e+11|1.150041712e+11|1.207558275e+11|2.000000|1.000000|1.000000
3.127558605e+06|1.129497684e+11|1.144760288e+11|1.202715735e+11|2.000000|1.000000|1.000000
3.133400455e+06|1.127031505e+11|1.140121551e+11|1.198462475e+11|2.000000|1.000000|1.000000
3.139074577e+06|1.124636134e+11|1.135616000e+11|1.194331333e+11|2.000000|1.000000|1.000000
3.145324609e+06|1.121997638e+11|1.130653145e+11|1.189780890e+11|2.000000|1.000000|1.000000
3.151834570e+06|1.119249412e+11|1.125483893e+11|1.185041201e+11|2.000000|1.000000|1.000000
3.157208083e+06|1.116980945e+11|1.121217041e+11|1.181128923e+11|2.000000|1.000000|1.000000
3.163054208e+06|1.114512961e+11|1.115989469e+11|1.176872551e+11|2.000000|2.000000|1.000000
3.169017781e+06|1.111995396e+11|1.113514653e+11|1.172530669e+11|2.000000|2.000000|1.000000
3.173929288e+06|1.109921968e+11|1.111476432e+11|1.168954761e+11|2.000000|2.000000|1.000000
3.178772427e+06|1.107877402e+11|1.109466584e+11|1.165428631e+11|2.000000|2.000000|1.000000
3.183653682e+06|1.105816745e+11|1.107440918e+11|1.161874749e+11|2.000000|2.000000|1.000000
3.187677040e+06|1.104118256e+11|1.105771269e+11|1.158945474e+11|2.000000|2.000000|1.000000
3.192355678e+06|1.102143135e+11|1.103829687e+11|1.155539112e+11|2.000000|2.000000|1.000000
3.197183349e+06|1.100105099e+11|1.101826257e+11|1.152024243e+11|2.000000|2.000000|1.000000
3.202767579e+06|1.097747676e+11|1.099508864e+11|1.147958548e+11|2.000000|2.000000|1.000000
3.208307883e+06|1.095408797e+11|1.097209700e+11|1.143924835e+11|2.000000|2.000000|1.000000
3.212954119e+06|1.093447355e+11|1.095281564e+11|1.140542062e+11|2.000000|2.000000|1.000000
3.218540972e+06|1.091088825e+11|1.092963083e+11|1.136474458e+11|2.000000|2.000000|1.000000
3.224032860e+06|1.088770385e+11|1.090684011e+11|1.132475995e+11|2.000000|2.000000|1.000000
3.228681152e+06|1.086808075e+11|1.088755022e+11|1.129091726e+11|2.000000|2.000000|1.000000
3.233872502e+06|1.084616510e+11|1.086600670e+11|1.125312074e+11|2.000000|2.000000|1.000000
3.240011538e+06|1.082024872e+11|1.084053038e+11|1.120842443e+11|2.000000|2.000000|1.000000
3.245798541e+06|1.079581847e+11|1.081651497e+11|1.116629117e+11|2.000000|2.000000|1.000000
3.252194005e+06|1.076881956e+11|1.078997451e+11|1.111972789e+11|2.000000|2.000000|1.000000
3.258831486e+06|1.074079896e+11|1.076242971e+11|1.107140257e+11|2.000000|2.000000|1.000000
3.265632486e+06|1.071208805e+11|1.073420632e+11|1.102188672e+11|2.000000|2.000000|1.000000
3.272119335e+06|1.068470335e+11|1.070728662e+11|1.097465810e+11|2.000000|2.000000|1.000000
3.280560404e+06|1.064906877e+11|1.067225713e+11|1.091320145e+11|2.000000|2.000000|1.000000
3.288233351e+06|1.061667687e+11|1.064041526e+11|1.085733723e+11|2.000000|2.000000|1.000000
3.296470741e+06|1.058190214e+11|1.060623101e+11|1.079736350e+11|2.000000|2.000000|1.000000
3.303918331e+06|1.055046160e+11|1.057532435e+11|1.074314004e+11|2.000000|2.000000|1.000000
3.312040179e+06|1.051617464e+11|1.054161959e+11|1.068400753e+11|2.000000|2.000000|1.000000
3.318347179e+06|1.048954919e+11|1.051544624e+11|1.063808833e+11|2.000000|2.000000|1.000000
3.324852487e+06|1.046208656e+11|1.048844994e+11|1.059072532e+11|2.000000|2.000000|1.000000
3.331646996e+06|1.043340306e+11|1.046025349e+11|1.052824736e+11|2.000000|2.000000|2.000000
3.338018988e+06|1.040650324e+11|1.043381044e+11|1.050217109e+11|2.000000|2.000000|2.000000
3.343602808e+06|1.038293074e+11|1.041063821e+11|1.047932029e+11|2.000000|2.000000|2.000000
3.348872160e+06|1.036068579e+11|1.038877099e+11|1.045775639e+11|2.000000|2.000000|2.000000
3.353134883e+06|1.034269040e+11|1.037108117e+11|1.044031194e+11|2.000000|2.000000|2.000000
3.357125113e+06|1.032584536e+11|1.035452216e+11|1.042398262e+11|2.000000|2.000000|2.000000
3.360575097e+06|1.031128100e+11|1.034020511e+11|1.040986417e+11|2.000000|2.000000|2.000000
3.364562977e+06|1.029444588e+11|1.032365586e+11|1.039354447e+11|2.000000|2.000000|2.000000
3.368373736e+06|1.027835849e+11|1.030784163e+11|1.037794961e+11|2.000000|2.000000|2.000000
3.373109826e+06|1.025836475e+11|1.028818739e+11|1.035856799e+11|2.000000|2.000000|2.000000
3.377242384e+06|1.024091886e+11|1.027103774e+11|1.034165622e+11|2.000000|2.000000|2.000000
3.381844993e+06|1.022148861e+11|1.025193742e+11|1.032282085e+11|2.000000|2.000000|2.000000
3.386807099e+06|1.020054073e+11|1.023134524e+11|1.030251430e+11|2.000000|2.000000|2.000000
3.391567103e+06|1.018044603e+11|1.021159176e+11|1.028303481e+11|2.000000|2.000000|2.000000
3.396433395e+06|1.015990263e+11|1.019139719e+11|1.026312037e+11|2.000000|2.000000|2.000000
3.402792086e+06|1.013305896e+11|1.016500933e+11|1.023709854e+11|2.000000|2.000000|2.000000
3.408999322e+06|1.010685466e+11|1.013925000e+11|1.021169651e+11|2.000000|2.000000|2.000000
3.416679482e+06|1.007443232e+11|1.010737819e+11|1.018026680e+11|2.000000|2.000000|2.000000
3.426906353e+06|1.003125885e+11|1.006493782e+11|1.013841512e+11|2.000000|2.000000|2.000000
3.435626439e+06|9.994446380e+10|1.002875044e+11|1.010272970e+11|2.000000|2.000000|2.000000
3.444256748e+06|9.958012911e+10|9.992935628e+10|1.006741167e+11|2.000000|2.000000|2.000000
3.454276206e+06|9.915715048e+10|9.951355997e+10|1.002640879e+11|2.000000|2.000000|2.000000
3.464183766e+06|9.873889576e+10|9.910240735e+10|9.985863843e+10|2.000000|2.000000|2.000000
3.477363573e+06|9.818250073e+10|9.855546009e+10|9.931927789e+10|2.000000|2.000000|2.000000
3.490081227e+06|9.764561584e+10|9.802769168e+10|9.879883018e+10|2.000000|2.000000|2.000000
3.505222930e+06|9.700639798e+10|9.739932796e+10|9.817918250e+10|2.000000|2.000000|2.000000
3.520616612e+06|9.635654265e+10|9.676050738e+10|9.754922303e+10|2.000000|2.000000|2.000000
3.531300461e+06|9.590551632e+10|9.631713963e+10|9.711200524e+10|2.000000|2.000000|2.000000
3.539161174e+06|9.557367068e+10|9.599092884e+10|9.679031933e+10|2.000000|2.000000|2.000000
3.545107292e+06|9.532265104e+10|9.574417160e+10|9.654698487e+10|2.000000|2.000000|2.000000
3.549802153e+06|9.512445413e+10|9.554934013e+10|9.635485591e+10|2.000000|2.000000|2.000000
3.555152260e+06|9.489859551e+10|9.532731667e+10|9.613591214e+10|2.000000|2.000000|2.000000
3.559881632e+06|9.469894169e+10|9.513105304e+10|9.594237090e+10|2.000000|2.000000|2.000000
3.564728165e+06|9.449434179e+10|9.492992731e+10|9.574403499e+10|2.000000|2.000000|2.000000
3.569329785e+06|9.430008111e+10|9.473896525e+10|9.555572176e+10|2.000000|2.000000|2.000000
3.574466334e+06|9.408323800e+10|9.452580420e+10|9.534551748e+10|2.000000|2.000000|2.000000
3.579195517e+06|9.388359218e+10|9.432954844e+10|9.515198399e+10|2.000000|2.000000|2.000000
3.583880617e+06|9.368580732e+10|9.413512202e+10|9.496025447e+10|2.000000|2.000000|2.000000
3.589053172e+06|9.346744420e+10|9.392046679e+10|9.474857672e+10|2.000000|2.000000|2.000000
3.595784173e+06|9.318329014e+10|9.364113775e+10|9.447312227e+10|2.000000|2.000000|2.000000
3.603660607e+06|9.285078084e+10|9.331427457e+10|9.415079302e+10|2.000000|2.000000|2.000000
3.612509173e+06|9.247723227e+10|9.294706898e+10|9.378868095e+10|2.000000|2.000000|2.000000
3.623982578e+06|9.199287425e+10|9.247093552e+10|9.331915195e+10|2.000000|2.000000|2.000000
3.634862027e+06|9.153359053e+10|9.201945059e+10|9.287392957e+10|2.000000|2.000000|2.000000
3.645498881e+06|9.108454806e+10|9.157803302e+10|9.243863492e+10|2.000000|2.000000|2.000000
3.657449681e+06|9.058003651e+10|9.108208823e+10|9.194956940e+10|2.000000|2.000000|2.000000
3.671057036e+06|9.000559223e+10|9.051739821e+10|9.139271222e+10|2.000000|2.000000|2.000000
3.685257771e+06|8.940609803e+10|8.992808362e+10|9.081157202e+10|2.000000|2.000000|2.000000
3.699498562e+06|8.880491280e+10|8.933710672e+10|9.022879258e+10|2.000000|2.000000|2.000000
3.712351046e+06|8.826233598e+10|8.880374303e+10|8.970282719e+10|2.000000|2.000000|2.000000
3.722554495e+06|8.783159007e+10|8.838031133e+10|8.928526893e+10|2.000000|2.000000|2.000000
3.731695848e+06|8.744568127e+10|8.800095538e+10|8.891117504e+10|2.000000|2.000000|2.000000
3.738932261e+06|8.714019092e+10|8.770065237e+10|8.861503753e+10|2.000000|2.000000|2.000000
3.744309087e+06|8.691320436e+10|8.747752012e+10|8.839500036e+10|2.000000|2.000000|2.000000
3.750273013e+06|8.666143293e+10|8.723002385e+10|8.815093712e+10|2.000000|2.000000|2.000000
3.755194363e+06|8.645367463e+10|8.702579334e+10|8.794953950e+10|2.000000|2.000000|2.000000
3.760660435e+06|8.622292047e+10|8.679895747e+10|8.772585007e+10|2.000000|2.000000|2.000000
3.766160786e+06|8.599071919e+10|8.657069905e+10|8.750075784e+10|2.000000|2.000000|2.000000
3.771949150e+06|8.574635926e+10|8.633048843e+10|8.726387918e+10|2.000000|2.000000|2.000000
3.778103656e+06|8.548654238e+10|8.607508332e+10|8.701201681e+10|2.000000|2.000000|2.000000
3.784487403e+06|8.521704791e+10|8.581016496e+10|8.675077314e+10|2.000000|2.000000|2.000000
3.791472025e+06|8.492218708e+10|8.552031097e+10|8.646493972e+10|2.000000|2.000000|2.000000
3.799519215e+06|8.458246917e+10|8.518636158e+10|8.613562255e+10|2.000000|2.000000|2.000000
3.807143035e+06|8.426062414e+10|8.486998159e+10|8.582363108e+10|2.000000|2.000000|2.000000
3.817115951e+06|8.383961034e+10|8.445611674e+10|8.541550696e+10|2.000000|2.000000|2.000000
3.827419442e+06|8.340464108e+10|8.402853340e+10|8.499385464e+10|2.000000|2.000000|2.000000
3.838068314e+06|8.295509130e+10|8.358661713e+10|8.455806820e+10|2.000000|2.000000|2.000000
3.850175780e+06|8.244396593e+10|8.308417083e+10|8.406259136e+10|2.000000|2.000000|2.000000
3.861164276e+06|8.198007869e+10|8.262816056e+10|8.361290641e+10|2.000000|2.000000|2.000000
3.872089018e+06|8.151888291e+10|8.217479603e+10|8.316583052e+10|2.000000|2.000000|2.000000
3.882450076e+06|8.108148338e+10|8.174482369e+10|8.274182234e+10|2.000000|2.000000|2.000000
3.893093161e+06|8.063217792e+10|8.130314759e+10|8.230627274e+10|2.000000|2.000000|2.000000
3.901930372e+06|8.025910873e+10|8.093641323e+10|8.194462537e+10|2.000000|2.000000|2.000000
3.910185398e+06|7.991061686e+10|8.059383887e+10|8.160680286e+10|2.000000|2.000000|2.000000
3.917405489e+06|7.960581554e+10|8.029421318e+10|8.131133329e+10|2.000000|2.000000|2.000000
3.923335478e+06|7.935547682e+10|8.004812529e+10|8.106865890e+10|2.000000|2.000000|2.000000
3.929328694e+06|7.910246888e+10|7.979941352e+10|8.082339701e+10|2.000000|2.000000|2.000000
3.935063872e+06|7.886035427e+10|7.956141008e+10|8.058869493e+10|2.000000|2.000000|2.000000
3.940811932e+06|7.861769576e+10|7.932287200e+10|8.035346562e+10|2.000000|2.000000|2.000000
3.946991461e+06|7.835682250e+10|7.906642846e+10|8.010057921e+10|2.000000|2.000000|2.000000
3.953182749e+06|7.809545286e+10|7.880949696e+10|7.984721161e+10|2.000000|2.000000|2.000000
3.960345172e+06|7.779308603e+10|7.851226441e+10|7.955410199e+10|2.000000|2.000000|2.000000
3.968968965e+06|7.742902643e+10|7.815438667e+10|7.920118838e+10|2.000000|2.000000|2.000000
3.976633960e+06|7.710544315e+10|7.783629794e+10|7.888751187e+10|2.000000|2.000000|2.000000
3.984629886e+06|7.676788941e+10|7.750447598e+10|7.856029262e+10|2.000000|2.000000|2.000000
3.992937795e+06|7.641716507e+10|7.715970705e+10|7.822030600e+10|2.000000|2.000000|2.000000
4.002923494e+06|7.599561163e+10|7.674531173e+10|7.781165876e+10|2.000000|2.000000|2.000000
4.012586145e+06|7.558769585e+10|7.634432250e+10|7.741623166e+10|2.000000|2.000000|2.000000
4.024379045e+06|7.508985013e+10|7.585493036e+10|7.693362790e+10|2.000000|2.000000|2.000000
4.034973240e+06|7.464260859e+10|7.541528313e+10|7.650007903e+10|2.000000|2.000000|2.000000
4.045357633e+06|7.420422399e+10|7.498434245e+10|7.607511594e+10|2.000000|2.000000|2.000000
4.055649863e+06|7.376973010e+10|7.455722641e+10|7.565392444e+10|2.000000|2.000000|2.000000
4.064986937e+06|7.337555885e+10|7.416974831e+10|7.527182106e+10|2.000000|2.000000|2.000000
4.073080682e+06|7.303387558e+10|7.383386694e+10|7.494059871e+10|2.000000|2.000000|2.000000
4.081235942e+06|7.268959545e+10|7.349543280e+10|7.460685900e+10|2.000000|2.000000|2.000000
4.089049952e+06|7.235972142e+10|7.317116014e+10|7.428708434e+10|2.000000|2.000000|2.000000
4.095877804e+06|7.207147872e+10|7.288781190e+10|7.400766643e+10|2.000000|2.000000|2.000000
4.103240560e+06|7.176065470e+10|7.258226578e+10|7.370635855e+10|2.000000|2.000000|2.000000
4.110252109e+06|7.146465712e+10|7.229129433e+10|7.341942317e+10|2.000000|2.000000|2.000000
4.116269643e+06|7.121062264e+10|7.204157344e+10|7.317316617e+10|2.000000|2.000000|2.000000
4.122091900e+06|7.096483185e+10|7.179995626e+10|7.293490046e+10|2.000000|2.000000|2.000000
4.128370828e+06|7.069976243e+10|7.153938781e+10|7.267794637e+10|2.000000|2.000000|2.000000
4.134882318e+06|7.042487518e+10|7.126916824e+10|7.241147502e+10|2.000000|2.000000|2.000000
4.141196150e+06|7.015833225e+10|7.100715129e+10|7.215309252e+10|2.000000|2.000000|2.000000
4.147899341e+06|6.987535224e+10|7.072897637e+10|7.187877617e+10|2.000000|2.000000|2.000000
4.155438120e+06|6.955709727e+10|7.041612548e+10|7.157026485e+10|2.000000|2.000000|2.000000
4.164319576e+06|6.918399527e+10|7.004919080e+10|7.120680683e+10|3.000000|3.000000|2.000000
4.173744305e+06|6.878893335e+10|6.966058102e+10|7.082111630e+10|3.000000|3.000000|2.000000
4.182478596e+06|6.842392228e+10|6.930143080e+10|7.046542523e+10|3.000000|3.000000|3.000000
4.191773347e+06|6.803666122e+10|6.892028225e+10|7.008744898e+10|3.000000|3.000000|3.000000
4.200914555e+06|6.765697590e+10|6.854648424e+10|6.971666585e+10|3.000000|3.000000|3.000000
4.209362551e+06|6.730712250e+10|6.820196290e+10|6.937483886e+10|3.000000|3.000000|3.000000
4.218790438e+06|6.691786745e+10|6.781853586e+10|6.899431527e+10|3.000000|3.000000|3.000000
4.228904834e+06|6.650164964e+10|6.740842781e+10|6.858720172e+10|3.000000|3.000000|3.000000
4.239687585e+06|6.605950307e+10|6.697263342e+10|6.815446369e+10|3.000000|3.000000|3.000000
4.249195667e+06|6.567097229e+10|6.658956691e+10|6.777397677e+10|3.000000|3.000000|3.000000
4.258336558e+06|6.529863701e+10|6.622236477e+10|6.740915344e+10|3.000000|3.000000|3.000000
4.265819910e+06|6.499468701e+10|6.592253006e+10|6.711119291e+10|3.000000|3.000000|3.000000
4.272964158e+06|6.470524017e+10|6.563693936e+10|6.682733034e+10|3.000000|3.000000|3.000000
4.278822907e+06|6.446840677e+10|6.540321558e+10|6.659497944e+10|3.000000|3.000000|3.000000
4.284156412e+06|6.425322254e+10|6.519082113e+10|6.638380026e+10|3.000000|3.000000|3.000000
4.290285262e+06|6.400643992e+10|6.494719617e+10|6.614153138e+10|3.000000|3.000000|3.000000
4.297745427e+06|6.370675840e+10|6.465128918e+10|6.584721700e+10|3.000000|3.000000|3.000000
4.305213412e+06|6.340754069e+10|6.435577442e+10|6.555323313e+10|3.000000|3.000000|3.000000
4.311975432e+06|6.313728000e+10|6.408880183e+10|6.528759232e+10|3.000000|3.000000|3.000000
4.319539715e+06|6.283571079e+10|6.379083827e+10|6.499105771e+10|3.000000|3.000000|3.000000
4.327370925e+06|6.252434068e+10|6.348312083e+10|6.468475238e+10|3.000000|3.000000|3.000000
4.335160555e+06|6.221547223e+10|6.317780520e+10|6.438077396e+10|3.000000|3.000000|3.000000
4.342788050e+06|6.191385227e+10|6.287958686e+10|6.408380030e+10|3.000000|3.000000|3.000000
4.351628388e+06|6.156528652e+10|6.253486861e+10|6.374044513e+10|3.000000|3.000000|3.000000
4.359721806e+06|6.124712595e+10|6.222014164e+10|6.342689177e+10|3.000000|3.000000|3.000000
4.367275754e+06|6.095099583e+10|6.192714015e+10|6.313492205e+10|3.000000|3.000000|3.000000
4.375382243e+06|6.063408897e+10|6.161350960e+10|6.282233092e+10|3.000000|3.000000|3.000000
4.384006291e+06|6.029795367e+10|6.128076813e+10|6.249061871e+10|3.000000|3.000000|3.000000
4.392938724e+06|5.995089004e+10|6.093712081e+10|6.214795493e+10|3.000000|3.000000|3.000000
4.401844661e+06|5.960596116e+10|6.059549868e+10|6.180723051e+10|3.000000|3.000000|3.000000
4.410723020e+06|5.926319857e+10|6.025593450e+10|6.146847953e+10|3.000000|3.000000|3.000000
4.420397640e+06|5.889094311e+10|5.988705370e+10|6.110039272e+10|3.000000|3.000000|3.000000
4.429769272e+06|5.853158640e+10|5.953085682e+10|6.074487416e+10|3.000000|3.000000|3.000000
4.437554032e+06|5.823400653e+10|5.923582070e+10|6.045033410e+10|3.000000|3.000000|3.000000
4.445072485e+06|5.794740560e+10|5.895160720e+10|6.016654209e+10|3.000000|3.000000|3.000000
4.452371192e+06|5.766993222e+10|5.867638673e+10|5.989167703e+10|3.000000|3.000000|3.000000
4.458955906e+06|5.742023708e+10|5.842866974e+10|5.964423555e+10|3.000000|3.000000|3.000000
4.464799085e+06|5.719916518e+10|5.820931029e+10|5.942508494e+10|3.000000|3.000000|3.000000
4.471488546e+06|5.694665652e+10|5.795871277e+10|5.917468564e+10|3.000000|3.000000|3.000000
4.478940213e+06|5.666610750e+10|5.768023105e+10|5.889637365e+10|3.000000|3.000000|3.000000
4.485576031e+06|5.641692259e+10|5.743283277e+10|5.864908153e+10|3.000000|3.000000|3.000000
4.492236555e+06|5.616742378e+10|5.718507610e+10|5.840138907e+10|3.000000|3.000000|3.000000
4.499435708e+06|5.589843960e+10|5.691791766e+10|5.813425264e+10|3.000000|3.000000|3.000000
4.507308652e+06|5.560510225e+10|5.662650924e+10|5.784281232e+10|3.000000|3.000000|3.000000
4.515182149e+06|5.531260271e+10|5.633586853e+10|5.755208167e+10|3.000000|3.000000|3.000000
4.523184852e+06|5.501618253e+10|5.604126622e+10|5.725732894e+10|3.000000|3.000000|3.000000
4.531809384e+06|5.469772191e+10|5.572468465e+10|5.694051918e+10|3.000000|3.000000|3.000000
4.541192319e+06|5.435242569e+10|5.538133909e+10|5.659684820e+10|3.000000|3.000000|3.000000
4.548908217e+06|5.406938913e+10|5.509983410e+10|5.631501584e+10|3.000000|3.000000|3.000000
4.556683605e+06|5.378500255e+10|5.481692518e+10|5.603172292e+10|3.000000|3.000000|3.000000
4.564259501e+06|5.350871567e+10|5.454201505e+10|5.575638680e+10|3.000000|3.000000|3.000000
4.572752010e+06|5.319994265e+10|5.423471195e+10|5.544854584e+10|3.000000|3.000000|3.000000
4.581108918e+06|5.289707153e+10|5.393321210e+10|5.514645498e+10|3.000000|3.000000|3.000000
4.588962742e+06|5.261331126e+10|5.365067312e+10|5.486330519e+10|3.000000|3.000000|3.000000
4.597735711e+06|5.229734772e+10|5.333599710e+10|5.454788400e+10|3.000000|3.000000|3.000000
4.606631684e+06|5.197803717e+10|5.301791015e+10|5.422897426e+10|3.000000|3.000000|3.000000
4.614696228e+06|5.168951179e+10|5.273042325e+10|5.394068352e+10|3.000000|3.000000|3.000000
4.623049635e+06|5.139159580e+10|5.243351255e+10|5.364288259e+10|3.000000|3.000000|3.000000
4.630358833e+06|5.113170820e+10|5.217444624e+10|5.338298966e+10|3.000000|3.000000|3.000000
4.637950300e+06|5.086256207e+10|5.190609592e+10|5.311373407e+10|3.000000|3.000000|3.000000
4.644927171e+06|5.061590436e+10|5.166011855e+10|5.286688306e+10|3.000000|3.000000|3.000000
4.651382209e+06|5.038829109e+10|5.143309147e+10|5.263901241e+10|3.000000|3.000000|3.000000
4.657943693e+06|5.015751096e+10|5.120286487e+10|5.240789381e+10|3.000000|3.000000|3.000000
4.664900333e+06|4.991347805e+10|5.095937250e+10|5.216341801e+10|3.000000|3.000000|3.000000
4.671788120e+06|4.967251479e+10|5.071889779e+10|5.192193161e+10|3.000000|3.000000|3.000000
4.678986753e+06|4.942137234e+10|5.046821665e+10|5.167015307e+10|3.000000|3.000000|3.000000
4.686340390e+06|4.916555588e+10|5.021281979e+10|5.141359319e+10|3.000000|3.000000|3.000000
4.694046719e+06|4.889826530e+10|4.994591332e+10|5.114542279e+10|3.000000|3.000000|3.000000
4.701559443e+06|4.863847288e+10|4.968644100e+10|5.088467416e+10|3.000000|3.000000|3.000000
4.709645376e+06|4.835972210e+10|4.940797520e+10|5.060478642e+10|3.000000|3.000000|3.000000
4.717751307e+06|4.808117985e+10|4.912965718e+10|5.032499317e+10|3.000000|3.000000|3.000000
4.725837713e+06|4.780420382e+10|4.885284402e+10|5.004665911e+10|3.000000|3.000000|3.000000
4.733986391e+06|4.752599889e+10|4.857474224e+10|4.976697544e+10|3.000000|3.000000|3.000000
4.742241175e+06|4.724509618e+10|4.829388214e+10|4.948446288e+10|3.000000|3.000000|3.000000
4.750205327e+06|4.697496504e+10|4.802373356e+10|4.921267277e+10|3.000000|3.000000|3.000000
4.758037069e+06|4.671016895e+10|4.775886469e+10|4.894614484e+10|3.000000|3.000000|3.000000
4.767480834e+06|4.639198153e+10|4.744051679e+10|4.862573781e+10|3.000000|3.000000|3.000000
4.775899435e+06|4.610935930e+10|4.715768504e+10|4.834101700e+10|3.000000|3.000000|3.000000
4.783230002e+06|4.586404971e+10|4.691214242e+10|4.809378883e+10|3.000000|3.000000|3.000000
4.791771825e+06|4.557912921e+10|4.662689148e+10|4.780652655e+10|3.000000|3.000000|3.000000
4.800223246e+06|4.529820074e+10|4.634557418e+10|4.752316958e+10|3.000000|3.000000|3.000000
4.808109886e+06|4.503692144e+10|4.608387701e+10|4.725952495e+10|3.000000|3.000000|3.000000
4.815268483e+06|4.480049316e+10|4.584702380e+10|4.702086755e+10|3.000000|3.000000|3.000000
4.821920180e+06|4.458142986e+10|4.562752703e+10|4.679966347e+10|3.000000|3.000000|3.000000
4.829823509e+06|4.432192631e+10|4.536746045e+10|4.653752999e+10|3.000000|3.000000|3.000000
4.837123984e+06|4.408296977e+10|4.512793787e+10|4.629606150e+10|3.000000|3.000000|3.000000
4.843701430e+06|4.386829762e+10|4.491271824e+10|4.607905880e+10|3.000000|3.000000|3.000000
4.849906849e+06|4.366630465e+10|4.471017640e+10|4.587480896e+10|3.000000|3.000000|3.000000
4.856247592e+06|4.346044516e+10|4.450372383e+10|4.566658552e+10|3.000000|3.000000|3.000000
4.863134015e+06|4.323748566e+10|4.428008357e+10|4.544099286e+10|3.000000|3.000000|3.000000
4.870394793e+06|4.300310019e+10|4.404493931e+10|4.520375748e+10|3.000000|3.000000|3.000000
4.877227984e+06|4.278316831e+10|4.382425516e+10|4.498107509e+10|3.000000|3.000000|3.000000
4.884456927e+06|4.255118521e+10|4.359143623e+10|4.474611051e+10|3.000000|3.000000|3.000000
4.892718040e+06|4.228694230e+10|4.332618824e+10|4.447837100e+10|3.000000|3.000000|3.000000
4.900427895e+06|4.204116240e+10|4.307942270e+10|4.422924256e+10|3.000000|3.000000|3.000000
4.908443234e+06|4.178649340e+10|4.282368069e+10|4.397100586e+10|3.000000|3.000000|3.000000
4.916551706e+06|4.152974556e+10|4.256579769e+10|4.371056002e+10|3.000000|3.000000|3.000000
4.924601042e+06|4.127574533e+10|4.231062162e+10|4.345280122e+10|3.000000|3.000000|3.000000
4.933256406e+06|4.100359371e+10|4.203715167e+10|4.317651166e+10|3.000000|3.000000|3.000000
4.942086856e+06|4.072697411e+10|4.175913002e+10|4.289556856e+10|3.000000|3.000000|3.000000
4.950077974e+06|4.047754949e+10|4.150838743e+10|4.264214361e+10|3.000000|3.000000|3.000000
4.957952876e+06|4.023259032e+10|4.126208415e+10|4.239316151e+10|3.000000|3.000000|3.000000
4.966477751e+06|3.996834987e+10|4.099633845e+10|4.212447661e+10|3.000000|3.000000|3.000000
4.974071518e+06|3.973379018e+10|4.076039436e+10|4.188588033e+10|3.000000|3.000000|3.000000
4.982313153e+06|3.948009217e+10|4.050514784e+10|4.162771947e+10|3.000000|3.000000|3.000000
4.990836104e+06|3.921868995e+10|4.024209436e+10|4.136161332e+10|3.000000|3.000000|3.000000
4.999318046e+06|3.895950909e+10|3.998122032e+10|4.109766251e+10|3.000000|3.000000|3.000000
5.007251822e+06|3.871794783e+10|3.973803072e+10|4.085156037e+10|3.000000|3.000000|3.000000
5.013714055e+06|3.852181149e+10|3.954053650e+10|4.065166936e+10|3.000000|3.000000|3.000000
5.020744865e+06|3.830905049e+10|3.932626623e+10|4.043476672e+10|3.000000|3.000000|3.000000
5.027009368e+06|3.812003368e+10|3.913587687e+10|4.024201039e+10|3.000000|3.000000|3.000000
5.033016370e+06|3.793927704e+10|3.895377969e+10|4.005762469e+10|3.000000|3.000000|3.000000
5.039754934e+06|3.773707832e+10|3.875004895e+10|3.985130496e+10|3.000000|3.000000|3.000000
5.046741845e+06|3.752806517e+10|3.853941604e+10|3.963796356e+10|3.000000|3.000000|3.000000
5.054987011e+06|3.728224563e+10|3.829164449e+10|3.938696455e+10|3.000000|3.000000|3.000000
5.062630296e+06|3.705517649e+10|3.806272697e+10|3.915502532e+10|3.000000|3.000000|3.000000
5.070006225e+06|3.683678470e+10|3.784251634e+10|3.893187175e+10|3.000000|3.000000|3.000000
5.076690525e+06|3.663949399e+10|3.764354781e+10|3.873021364e+10|3.000000|3.000000|3.000000
5.083709931e+06|3.643294937e+10|3.743521131e+10|3.851902983e+10|3.000000|3.000000|3.000000
5.091193474e+06|3.621346577e+10|3.721378386e+10|3.829454124e+10|3.000000|3.000000|3.000000
5.098013007e+06|3.601410168e+10|3.701261856e+10|3.809056368e+10|3.000000|3.000000|3.000000
5.105891815e+06|3.578453549e+10|3.678093629e+10|3.785560563e+10|3.000000|3.000000|3.000000
5.114130272e+06|3.554536660e+10|3.653951489e+10|3.761072866e+10|3.000000|3.000000|3.000000
5.122128313e+06|3.531403355e+10|3.630595651e+10|3.737378634e+10|3.000000|3.000000|3.000000
5.132406753e+06|3.501798050e+10|3.600698850e+10|3.707042784e+10|3.000000|3.000000|3.000000
5.140738514e+06|3.477901877e+10|3.576561889e+10|3.682546533e+10|3.000000|3.000000|3.000000
5.148330721e+06|3.456206295e+10|3.554643424e+10|3.660298058e+10|3.000000|3.000000|3.000000
5.155795176e+06|3.434949605e+10|3.533164413e+10|3.638492191e+10|3.000000|3.000000|3.000000
5.164965241e+06|3.408935928e+10|3.506873329e+10|3.611796354e+10|3.000000|3.000000|3.000000
5.172741840e+06|3.386961647e+10|3.484660135e+10|3.589237171e+10|3.000000|3.000000|3.000000
5.180794325e+06|3.364291292e+10|3.461738890e+10|3.565955049e+10|3.000000|3.000000|3.000000
5.188800711e+06|3.341834859e+10|3.439029510e+10|3.542884254e+10|3.000000|3.000000|3.000000
5.197730398e+06|3.316887613e+10|3.413796084e+10|3.517244714e+10|3.000000|3.000000|3.000000
5.205630769e+06|3.294902848e+10|3.391554595e+10|3.494641304e+10|3.000000|3.000000|3.000000
5.212509786e+06|3.275826596e+10|3.372252139e+10|3.475021740e+10|3.000000|3.000000|3.000000
5.219087466e+06|3.257643686e+10|3.353850632e+10|3.456315316e+10|3.000000|3.000000|3.000000
5.225028266e+06|3.241269772e+10|3.337277368e+10|3.439465246e+10|3.000000|3.000000|3.000000
5.231829862e+06|3.222579760e+10|3.318356910e+10|3.420226246e+10|3.000000|3.000000|3.000000
5.239372203e+06|3.201924628e+10|3.297443499e+10|3.398957592e+10|3.000000|3.000000|3.000000
5.246517983e+06|3.182423696e+10|3.277695239e+10|3.378870844e+10|3.000000|3.000000|3.000000
5.253072692e+06|3.164594108e+10|3.259636556e+10|3.360500044e+10|3.000000|3.000000|3.000000
5.260147191e+06|3.145413166e+10|3.240205988e+10|3.340730884e+10|3.000000|3.000000|3.000000
5.266887908e+06|3.127197554e+10|3.221750265e+10|3.321950899e+10|3.000000|3.000000|3.000000
5.275428183e+06|3.104203443e+10|3.198448806e+10|3.298236335e+10|3.000000|3.000000|3.000000
5.283639750e+06|3.082183333e+10|3.176129911e+10|3.275517872e+10|3.000000|3.000000|3.000000
5.292181751e+06|3.059369590e+10|3.153002006e+10|3.251971899e+10|3.000000|3.000000|3.000000
5.300728584e+06|3.036637209e+10|3.129951904e+10|3.228501059e+10|3.000000|3.000000|3.000000
5.307922451e+06|3.017576375e+10|3.110621054e+10|3.208814217e+10|3.000000|3.000000|3.000000
5.315953504e+06|2.996376081e+10|3.089116560e+10|3.186910328e+10|3.000000|3.000000|3.000000
5.323775900e+06|2.975806388e+10|3.068247801e+10|3.165650577e+10|3.000000|3.000000|3.000000
5.332714619e+06|2.952397511e+10|3.044493878e+10|3.141447517e+10|3.000000|3.000000|3.000000
5.340830420e+06|2.931232557e+10|3.023012632e+10|3.119556351e+10|3.000000|3.000000|3.000000
5.349416987e+06|2.908931870e+10|3.000374229e+10|3.096482077e+10|3.000000|3.000000|3.000000
5.357326697e+06|2.888472661e+10|2.979601162e+10|3.075305553e+10|3.000000|3.000000|3.000000
5.365506569e+06|2.867398856e+10|2.958200028e+10|3.053485255e+10|3.000000|3.000000|3.000000
5.373298460e+06|2.847404139e+10|2.937890939e+10|3.032775090e+10|3.000000|3.000000|3.000000
5.382044765e+06|2.825052641e+10|2.915183619e+10|3.009615519e+10|3.000000|3.000000|3.000000
5.389678725e+06|2.805623517e+10|2.895441415e+10|2.989476839e+10|3.000000|3.000000|3.000000
5.396926398e+06|2.787246224e+10|2.876764745e+10|2.970422279e+10|3.000000|3.000000|3.000000
5.404118589e+06|2.769075691e+10|2.858295095e+10|2.951576232e+10|3.000000|3.000000|3.000000
5.411839846e+06|2.749641704e+10|2.838537761e+10|2.931413288e+10|3.000000|3.000000|3.000000
5.418833871e+06|2.732103466e+10|2.820704664e+10|2.913211442e+10|3.000000|3.000000|3.000000
5.426741939e+06|2.712347917e+10|2.800613503e+10|2.892701829e+10|3.000000|3.000000|3.000000
5.434350669e+06|2.693414959e+10|2.781355440e+10|2.873039665e+10|3.000000|3.000000|3.000000
5.441939530e+06|2.674604432e+10|2.762218540e+10|2.853498294e+10|3.000000|3.000000|3.000000
5.449193773e+06|2.656691391e+10|2.743991568e+10|2.834883374e+10|3.000000|3.000000|3.000000
5.456412181e+06|2.638932812e+10|2.725918741e+10|2.816423269e+10|3.000000|3.000000|3.000000
5.464298358e+06|2.619606536e+10|2.706247047e+10|2.796327070e+10|3.000000|3.000000|3.000000
5.472337685e+06|2.599985611e+10|2.686271771e+10|2.775917571e+10|3.000000|3.000000|3.000000
5.480619734e+06|2.579857365e+10|2.665776159e+10|2.754973101e+10|3.000000|3.000000|3.000000
5.488493254e+06|2.560801935e+10|2.646369340e+10|2.735138156e+10|3.000000|3.000000|3.000000
5.496945389e+06|2.540432771e+10|2.625620671e+10|2.713928404e+10|3.000000|3.000000|3.000000
5.504469876e+06|2.522374564e+10|2.607222644e+10|2.695118625e+10|3.000000|3.000000|3.000000
5.512945852e+06|2.502117782e+10|2.586580887e+10|2.674011640e+10|3.000000|3.000000|3.000000
5.521124427e+06|2.482656957e+10|2.566746435e+10|2.653726899e+10|3.000000|3.000000|3.000000
5.529596651e+06|2.462585516e+10|2.546285754e+10|2.632798360e+10|3.000000|3.000000|3.000000
5.536661679e+06|2.445916333e+10|2.529290295e+10|2.615411687e+10|3.000000|3.000000|3.000000
5.544563490e+06|2.427346541e+10|2.510353797e+10|2.596036515e+10|3.000000|3.000000|3.000000
5.553336387e+06|2.406820680e+10|2.489418629e+10|2.574612956e+10|3.000000|3.000000|3.000000
5.561918811e+06|2.386833044e+10|2.469028396e+10|2.553743585e+10|3.000000|3.000000|3.000000
5.570794543e+06|2.366258498e+10|2.448035273e+10|2.532253582e+10|3.000000|3.000000|3.000000
5.579296602e+06|2.346641725e+10|2.428015462e+10|2.511756540e+10|3.000000|3.000000|3.000000
5.588973089e+06|2.324424066e+10|2.405336662e+10|2.488533118e+10|3.000000|3.000000|3.000000
5.597713535e+06|2.304455086e+10|2.384948969e+10|2.467652178e+10|3.000000|3.000000|3.000000
5.606657165e+06|2.284119496e+10|2.364182831e+10|2.446380083e+10|3.000000|3.000000|3.000000
5.613891712e+06|2.267742065e+10|2.347455604e+10|2.429242686e+10|3.000000|3.000000|3.000000
5.621961057e+06|2.249550836e+10|2.328872634e+10|2.410201298e+10|3.000000|3.000000|3.000000
5.629615068e+06|2.232369893e+10|2.311318601e+10|2.392211568e+10|3.000000|3.000000|3.000000
5.637962270e+06|2.213714933e+10|2.292255114e+10|2.372671983e+10|3.000000|3.000000|3.000000
5.646000411e+06|2.195831427e+10|2.273976614e+10|2.353934112e+10|3.000000|3.000000|3.000000
5.652982702e+06|2.180361217e+10|2.258162047e+10|2.337719818e+10|3.000000|3.000000|3.000000
5.660729948e+06|2.163265917e+10|2.240683333e+10|2.319796848e+10|3.000000|3.000000|3.000000
5.668700526e+06|2.145754310e+10|2.222775825e+10|2.301431494e+10|3.000000|3.000000|3.000000
5.676852671e+06|2.127923948e+10|2.204539069e+10|2.282725665e+10|3.000000|3.000000|3.000000
5.685960175e+06|2.108099745e+10|2.184259121e+10|2.261920753e+10|3.000000|3.000000|3.000000
5.694654095e+06|2.089269889e+10|2.164992554e+10|2.242152189e+10|3.000000|3.000000|3.000000
5.702542881e+06|2.072263269e+10|2.147588292e+10|2.224291710e+10|3.000000|3.000000|3.000000
5.710532162e+06|2.055116909e+10|2.130037922e+10|2.206278648e+10|3.000000|3.000000|3.000000
5.718841794e+06|2.037365019e+10|2.111864462e+10|2.187623263e+10|3.000000|3.000000|3.000000
5.728192212e+06|2.017489515e+10|2.091512966e+10|2.166728686e+10|3.000000|3.000000|3.000000
5.736350735e+06|2.000233757e+10|2.073840523e+10|2.148581728e+10|3.000000|3.000000|3.000000
5.744926558e+06|1.982181870e+10|2.055349298e+10|2.129591087e+10|3.000000|3.000000|3.000000
5.754166697e+06|1.962830671e+10|2.035523230e+10|2.109226226e+10|3.000000|3.000000|3.000000
5.762287225e+06|1.945908918e+10|2.018182897e+10|2.091411821e+10|3.000000|3.000000|3.000000
5.770492107e+06|1.928891737e+10|2.000741630e+10|2.073491051e+10|3.000000|3.000000|3.000000
5.779876820e+06|1.909526417e+10|1.980889855e+10|2.053090230e+10|3.000000|3.000000|3.000000
5.789721005e+06|1.889326159e+10|1.960177778e+10|2.031801589e+10|3.000000|3.000000|3.000000
5.799100237e+06|1.870187600e+10|1.940550148e+10|2.011624056e+10|3.000000|3.000000|3.000000
5.808739455e+06|1.850627762e+10|1.920486277e+10|1.990994504e+10|3.000000|3.000000|3.000000
5.817917414e+06|1.832106624e+10|1.901483943e+10|1.971453090e+10|3.000000|3.000000|3.000000
5.825832549e+06|1.816214202e+10|1.885175564e+10|1.954679464e+10|3.000000|3.000000|3.000000
5.834437501e+06|1.799021003e+10|1.867529166e+10|1.936526943e+10|3.000000|3.000000|3.000000
5.843923065e+06|1.780169852e+10|1.848177279e+10|1.916616774e+10|3.000000|3.000000|3.000000
5.853263451e+06|1.761711111e+10|1.829224321e+10|1.897113742e+10|3.000000|3.000000|3.000000
5.861696744e+06|1.745133400e+10|1.812199449e+10|1.879591958e+10|3.000000|3.000000|3.000000
5.870529013e+06|1.727861190e+10|1.794457998e+10|1.861329856e+10|3.000000|3.000000|3.000000
5.879325515e+06|1.710750078e+10|1.776878641e+10|1.843231750e+10|3.000000|3.000000|3.000000
5.887941085e+06|1.694078947e+10|1.759748054e+10|1.825592913e+10|3.000000|3.000000|3.000000
5.897338838e+06|1.675993459e+10|1.741160483e+10|1.806450790e+10|3.000000|3.000000|3.000000
5.906833015e+06|1.657827286e+10|1.722486147e+10|1.787216080e+10|3.000000|3.000000|3.000000
5.914918267e+06|1.642439915e+10|1.706665321e+10|1.770917959e+10|3.000000|3.000000|3.000000
5.923954806e+06|1.625332263e+10|1.689072482e+10|1.752791612e+10|3.000000|3.000000|3.000000
5.932146811e+06|1.609905552e+10|1.673205289e+10|1.736440745e+10|3.000000|3.000000|3.000000
5.942020631e+06|1.591415316e+10|1.654183372e+10|1.716835857e+10|3.000000|3.000000|3.000000
5.951153898e+06|1.574412492e+10|1.636688031e+10|1.698801303e+10|3.000000|3.000000|3.000000
5.959969837e+06|1.558091958e+10|1.619891480e+10|1.681484334e+10|3.000000|3.000000|3.000000
5.969405819e+06|1.540723012e+10|1.602012407e+10|1.663048340e+10|3.000000|3.000000|3.000000
5.981190961e+06|1.519174045e+10|1.579825457e+10|1.640166015e+10|3.000000|3.000000|3.000000
5.991893311e+06|1.499743328e+10|1.559814608e+10|1.619523919e+10|3.000000|3.000000|3.000000
6.000199078e+06|1.484754324e+10|1.544374918e+10|1.603594528e+10|3.000000|3.000000|3.000000
6.010649688e+06|1.466006863e+10|1.525059855e+10|1.583663580e+10|3.000000|3.000000|3.000000
6.021275880e+06|1.447072399e+10|1.505547695e+10|1.563525544e+10|3.000000|3.000000|3.000000
6.030622659e+06|1.430524123e+10|1.488490857e+10|1.545918523e+10|3.000000|3.000000|3.000000
6.039684711e+06|1.414574873e+10|1.472048197e+10|1.528942769e+10|3.000000|3.000000|3.000000
6.049987756e+06|1.396554769e+10|1.453466748e+10|1.509755656e+10|3.000000|3.000000|3.000000
6.059603321e+06|1.379845610e+10|1.436233390e+10|1.491957499e+10|3.000000|3.000000|3.000000
6.069918526e+06|1.362036923e+10|1.417862078e+10|1.472980816e+10|3.000000|3.000000|3.000000
6.080025828e+06|1.344703636e+10|1.399977263e+10|1.454503397e+10|3.000000|3.000000|3.000000
6.090243895e+06|1.327297317e+10|1.382013176e+10|1.435940820e+10|3.000000|3.000000|3.000000
6.100909692e+06|1.309253411e+10|1.363386899e+10|1.416690525e+10|3.000000|3.000000|3.000000
6.110119315e+06|1.293775584e+10|1.347406116e+10|1.400171526e+10|3.000000|3.000000|3.000000
6.119826560e+06|1.277564138e+10|1.330664483e+10|1.382863237e+10|3.000000|3.000000|3.000000
6.130207039e+06|1.260344727e+10|1.312878095e+10|1.364471658e+10|3.000000|3.000000|3.000000
6.141030921e+06|1.242517566e+10|1.294459765e+10|1.345423172e+10|3.000000|3.000000|3.000000
6.150899903e+06|1.226376575e+10|1.277779828e+10|1.328169499e+10|3.000000|3.000000|3.000000
6.160139385e+06|1.211362990e+10|1.262261769e+10|1.312115045e+10|3.000000|3.000000|3.000000
6.169821650e+06|1.195731219e+10|1.246101483e+10|1.295393463e+10|3.000000|3.000000|3.000000
6.179881353e+06|1.179599658e+10|1.229420991e+10|1.278130700e+10|3.000000|3.000000|3.000000
6.191961702e+06|1.160375038e+10|1.209537485e+10|1.257549235e+10|3.000000|3.000000|3.000000
6.204171711e+06|1.141106887e+10|1.189603785e+10|1.236911551e+10|3.000000|3.000000|3.000000
6.215819618e+06|1.122877891e+10|1.170740328e+10|1.217377950e+10|3.000000|3.000000|3.000000
6.227206830e+06|1.105200080e+10|1.152442741e+10|1.198426619e+10|3.000000|3.000000|3.000000
6.239749833e+06|1.085891386e+10|1.132451987e+10|1.177717433e+10|3.000000|3.000000|3.000000
6.251498105e+06|1.067961019e+10|1.113883435e+10|1.158477607e+10|3.000000|3.000000|3.000000
6.261535972e+06|1.052759484e+10|1.098137179e+10|1.142159104e+10|3.000000|3.000000|3.000000
6.271476484e+06|1.037812623e+10|1.082651422e+10|1.126107863e+10|3.000000|3.000000|3.000000
6.282919744e+06|1.020737985e+10|1.064957137e+10|1.107764141e+10|3.000000|3.000000|3.000000
6.294957848e+06|1.002927613e+10|1.046495791e+10|1.088621424e+10|3.000000|3.000000|3.000000
6.307876334e+06|9.839873834e+09|1.026858063e+10|1.068254635e+10|3.000000|3.000000|3.000000
6.319702217e+06|9.668053048e+09|1.009038526e+10|1.049769699e+10|3.000000|3.000000|3.000000
6.330426303e+06|9.513527978e+09|9.930088694e+09|1.033138335e+10|3.000000|3.000000|3.000000
6.343254939e+06|9.330282007e+09|9.739950703e+09|1.013406921e+10|3.000000|3.000000|3.000000
6.354475073e+06|9.171440253e+09|9.575092443e+09|9.962954467e+09|3.000000|3.000000|3.000000
6.368160321e+06|8.979498530e+09|9.375827476e+09|9.756084223e+09|3.000000|3.000000|3.000000
6.381052039e+06|8.800488336e+09|9.189934614e+09|9.563053627e+09|3.000000|3.000000|3.000000
6.393196179e+06|8.633452481e+09|9.016430036e+09|9.382849363e+09|3.000000|3.000000|3.000000
6.406039171e+06|8.458480983e+09|8.834633901e+09|9.193994065e+09|3.000000|3.000000|3.000000
6.417290207e+06|8.306610053e+09|8.676798639e+09|9.029997148e+09|3.000000|3.000000|3.000000
6.429991932e+06|8.136736706e+09|8.500208662e+09|8.846476810e+09|3.000000|3.000000|3.000000
6.444219193e+06|7.948443245e+09|8.304413751e+09|8.642952299e+09|3.000000|3.000000|3.000000
6.455969325e+06|7.794507895e+09|8.144301111e+09|8.476482809e+09|3.000000|3.000000|3.000000
6.469066572e+06|7.624596747e+09|7.967524419e+09|8.292649776e+09|3.000000|3.000000|3.000000
6.484463424e+06|7.427099203e+09|7.761983723e+09|8.078854083e+09|3.000000|3.000000|3.000000
6.501135393e+06|7.215972144e+09|7.542182596e+09|7.850164481e+09|3.000000|3.000000|3.000000
6.516929880e+06|7.018560933e+09|7.336588878e+09|7.636199298e+09|3.000000|3.000000|3.000000
6.530653696e+06|6.849078798e+09|7.160025595e+09|7.452401722e+09|3.000000|3.000000|3.000000
6.544204585e+06|6.683593592e+09|6.987575385e+09|7.272845238e+09|3.000000|3.000000|3.000000
6.558716391e+06|6.508416555e+09|6.804969953e+09|7.082670939e+09|3.000000|3.000000|3.000000
6.572971001e+06|6.338393196e+09|6.627681421e+09|6.897990008e+09|3.000000|3.000000|3.000000
6.588528450e+06|6.155137983e+09|6.436533717e+09|6.698822961e+09|3.000000|3.000000|3.000000
6.603964127e+06|5.975687494e+09|6.249291403e+09|6.503675173e+09|3.000000|3.000000|3.000000
6.620351355e+06|5.787746703e+09|6.053122005e+09|6.299169627e+09|3.000000|3.000000|3.000000
6.636038309e+06|5.610307493e+09|5.867848949e+09|6.105972247e+09|3.000000|3.000000|3.000000
6.652707636e+06|5.424391986e+09|5.673656443e+09|5.903419761e+09|3.000000|3.000000|3.000000
6.667809605e+06|5.258291179e+09|5.500100109e+09|5.722344254e+09|3.000000|3.000000|3.000000
6.684115408e+06|5.081428956e+09|5.315235265e+09|5.529420192e+09|3.000000|3.000000|3.000000
6.704408717e+06|4.864892760e+09|5.088809579e+09|5.293051870e+09|3.000000|3.000000|3.000000
6.724567417e+06|4.653697695e+09|4.867869597e+09|5.062332815e+09|3.000000|3.000000|3.000000
6.742057663e+06|4.473593650e+09|4.679375958e+09|4.865434709e+09|3.000000|3.000000|3.000000
6.760960734e+06|4.282197103e+09|4.478982002e+09|4.656042408e+09|3.000000|3.000000|3.000000
6.778638334e+06|4.106252080e+09|4.294689952e+09|4.463416427e+09|3.000000|3.000000|3.000000
6.798416374e+06|3.912867408e+09|4.092044958e+09|4.251541466e+09|3.000000|3.000000|3.000000
6.821729563e+06|3.689587148e+09|3.857957964e+09|4.006704372e+09|3.000000|3.000000|3.000000
6.844493276e+06|3.476411405e+09|3.634346370e+09|3.772733504e+09|3.000000|3.000000|3.000000
6.865461801e+06|3.284249732e+09|3.432675653e+09|3.561642450e+09|3.000000|3.000000|3.000000
6.887292075e+06|3.088442203e+09|3.227076243e+09|3.346361592e+09|3.000000|3.000000|3.000000
6.910758900e+06|2.882757269e+09|3.010990628e+09|3.120014091e+09|3.000000|3.000000|3.000000
6.935927747e+06|2.667640497e+09|2.784865990e+09|2.883052985e+09|3.000000|3.000000|3.000000
6.965361481e+06|2.423211747e+09|2.527761400e+09|2.613501726e+09|3.000000|3.000000|3.000000
6.994217569e+06|2.190981211e+09|2.283314729e+09|2.357092726e+09|3.000000|3.000000|3.000000
7.021286716e+06|1.979727309e+09|2.060794971e+09|2.123570561e+09|3.000000|3.000000|3.000000
7.048637224e+06|1.772698935e+09|1.842577796e+09|1.894454896e+09|3.000000|3.000000|3.000000
7.083469425e+06|1.518283514e+09|1.574200859e+09|1.612520031e+09|3.000000|3.000000|3.000000
7.120507037e+06|1.258985606e+09|1.300418443e+09|1.324722178e+09|3.000000|3.000000|3.000000
7.152249402e+06|1.045849508e+09|1.075170525e+09|1.087795789e+09|3.000000|3.000000|3.000000
7.187493331e+06|8.189037644e+08|8.351092182e+08|8.351324450e+08|3.000000|3.000000|3.000000
7.233848577e+06|5.357289775e+08|5.352261329e+08|5.192657687e+08|3.000000|3.000000|3.000000
7.283374438e+06|2.520906414e+08|2.344305078e+08|2.021453107e+08|3.000000|3.000000|3.000000
7.330249943e+06|1.280512227e+06|-3.194593910e+07|-7.895791836e+07|3.000000|3.000000|3.000000
7.385371290e+06|-2.721436852e+08|-3.228226391e+08|-3.862404832e+08|3.000000|3.000000|3.000000
7.438474317e+06|-5.140494833e+08|-5.806568852e+08|-6.589390304e+08|3.000000|3.000000|3.000000
7.501625370e+06|-7.749307514e+08|-8.593326658e+08|-9.540792292e+08|3.000000|3.000000|3.000000
7.580551404e+06|-1.061232605e+09|-1.166095495e+09|-1.279553354e+09|3.000000|3.000000|3.000000
7.661043300e+06|-1.309285190e+09|-1.432953556e+09|-1.563346802e+09|3.000000|3.000000|3.000000
7.756315014e+06|-1.547891891e+09|-1.691100894e+09|-1.838729813e+09|3.000000|3.000000|3.000000
7.868139293e+06|-1.755566803e+09|-1.917929225e+09|-2.081909741e+09|3.000000|3.000000|3.000000
7.985732056e+06|-1.894477101e+09|-2.072571945e+09|-2.249263558e+09|3.000000|3.000000|3.000000
8.123063061e+06|-1.960706404e+09|-2.151492962e+09|-2.337301454e+09|3.000000|3.000000|3.000000
8.323895517e+06|-1.888607722e+09|-2.087154814e+09|-2.275517907e+09|3.000000|3.000000|3.000000
8.561234328e+06|-1.578129446e+09|-1.770013616e+09|-1.945786587e+09|3.000000|3.000000|3.000000
8.824261447e+06|-1.000341828e+09|-1.166354974e+09|-1.310224151e+09|3.000000|3.000000|3.000000
9.242242208e+06|2.795648611e+08|1.887088290e+08|1.278695263e+08|3.000000|3.000000|3.000000
9.759645169e+06|2.169687041e+09|2.213008911e+09|2.292355329e+09|3.000000|3.000000|3.000000
1.059434383e+07|4.943538446e+09|5.229829071e+09|5.552015129e+09|3.000000|3.000000|3.000000
1.198632199e+07|5.410986868e+09|5.857658597e+09|6.317216313e+09|3.000000|3.000000|3.000000
1.494359789e+07|-1.860690936e+10|-2.022108927e+10|-2.187256485e+10|3.000000|3.000000|3.000000
1.971428545e+07|1.116922475e+11|1.239163263e+11|1.360419853e+11|3.000000|3.000000|3.000000
