#PHASE|Nmant|Nmant/Nmanttot|Mmant|Mmant/Mmanttot|RRRminmant|RRRminmantEq|RRRmaxmant|RRRmaxmantEq|Ncore|Ncore/Ncoretot|Mcore|Mcore/Mcoretot|RRRmincore|RRRmaxcore|
0.000000000e+00|0.000000000e+00|0.000000000e+00|0.000000000e+00|0.000000000e+00|inf|inf|-inf|inf|0.000000000e+00|0.000000000e+00|0.000000000e+00|0.000000000e+00|inf|-inf
1.000000000e+00|8.527200000e+04|6.698086530e-01|2.601719772e+24|6.707220573e-01|3.357022514e+06|3.405110953e+06|6.042466447e+06|inf|8.527200000e+04|0.000000000e+00|0.000000000e+00|0.000000000e+00|inf|-inf
2.000000000e+00|2.000000000e+00|1.570993182e-05|5.828297834e+19|1.502532270e-05|1.538591050e+08|inf|1.538592400e+08|inf|2.000000000e+00|0.000000000e+00|0.000000000e+00|0.000000000e+00|inf|-inf
3.000000000e+00|2.455400000e+04|1.928708329e-01|7.491382061e+23|1.931274552e-01|3.436766727e+06|3.436766727e+06|6.238572747e+06|inf|2.455400000e+04|0.000000000e+00|0.000000000e+00|0.000000000e+00|inf|-inf
4.000000000e+00|1.516300000e+04|1.191048481e-01|4.588353018e+23|1.182875116e-01|5.811880795e+06|5.811880795e+06|6.503425707e+06|inf|1.516300000e+04|1.000000000e+00|1.629009313e+24|1.000000000e+00|6.082846714e+04|3.270715110e+06
5.000000000e+00|4.500000000e+01|3.534734659e-04|1.338763001e+21|3.451324327e-04|3.517413887e+07|inf|3.269040648e+08|inf|4.500000000e+01|0.000000000e+00|0.000000000e+00|0.000000000e+00|inf|-inf
6.000000000e+00|0.000000000e+00|0.000000000e+00|0.000000000e+00|0.000000000e+00|inf|inf|-inf|inf|0.000000000e+00|0.000000000e+00|0.000000000e+00|0.000000000e+00|inf|-inf
7.000000000e+00|1.030000000e+02|8.090614887e-04|3.085114218e+21|7.953409041e-04|7.364709425e+06|7.429575658e+06|1.060000030e+07|inf|1.030000000e+02|0.000000000e+00|0.000000000e+00|0.000000000e+00|inf|-inf
8.000000000e+00|2.169000000e+03|1.703742106e-02|6.480802780e+22|1.670747719e-02|6.433574215e+06|6.458257386e+06|7.532823799e+06|inf|2.169000000e+03|0.000000000e+00|0.000000000e+00|0.000000000e+00|inf|-inf
