#RRR|P25fit|P50fit|P75fit|P25model|P50model|P75model
3.161122759e+05|2.490719306e+11|2.500191650e+11|2.512766763e+11|0.000000|0.000000|0.000000
4.796104767e+05|2.474103347e+11|2.482370783e+11|2.492129903e+11|0.000000|0.000000|0.000000
5.699801986e+05|2.460017461e+11|2.468042198e+11|2.477033172e+11|0.000000|0.000000|0.000000
6.402194349e+05|2.446796292e+11|2.454788047e+11|2.463479248e+11|0.000000|0.000000|0.000000
6.949334795e+05|2.435171900e+11|2.443213424e+11|2.451818482e+11|0.000000|0.000000|0.000000
7.423414919e+05|2.424189218e+11|2.432317494e+11|2.440935108e+11|0.000000|0.000000|0.000000
7.899839432e+05|2.412322587e+11|2.420571485e+11|2.429270292e+11|0.000000|0.000000|0.000000
8.240109084e+05|2.403349387e+11|2.411701329e+11|2.420493765e+11|0.000000|0.000000|0.000000
8.593106053e+05|2.393610821e+11|2.402081832e+11|2.410997949e+11|0.000000|0.000000|0.000000
8.940140963e+05|2.383617593e+11|2.392215512e+11|2.401275554e+11|0.000000|0.000000|0.000000
9.253744704e+05|2.374235624e+11|2.382954885e+11|2.392160875e+11|0.000000|0.000000|0.000000
9.527433305e+05|2.365779331e+11|2.374608489e+11|2.383952045e+11|0.000000|0.000000|0.000000
9.780111114e+05|2.357753129e+11|2.366686245e+11|2.376163738e+11|0.000000|0.000000|0.000000
1.004223166e+06|2.349207530e+11|2.358250294e+11|2.367872408e+11|0.000000|0.000000|0.000000
1.030559094e+06|2.340399276e+11|2.349553366e+11|2.359325314e+11|0.000000|0.000000|0.000000
1.053849313e+06|2.332426270e+11|2.341679256e+11|2.351586492e+11|0.000000|0.000000|0.000000
1.076919263e+06|2.324360874e+11|2.333711795e+11|2.343754779e+11|0.000000|0.000000|0.000000
1.095793613e+06|2.317639334e+11|2.327070091e+11|2.337224897e+11|0.000000|0.000000|0.000000
1.115004193e+06|2.310685490e+11|2.320197020e+11|2.330465915e+11|0.000000|0.000000|0.000000
1.137480762e+06|2.302406583e+11|2.312011738e+11|2.322413955e+11|0.000000|0.000000|0.000000
1.157537043e+06|2.294890305e+11|2.304577981e+11|2.315098564e+11|0.000000|0.000000|0.000000
1.177070954e+06|2.287454051e+11|2.297220983e+11|2.307855922e+11|0.000000|0.000000|0.000000
1.194804366e+06|2.280605137e+11|2.290442935e+11|2.301180609e+11|0.000000|0.000000|0.000000
1.210783145e+06|2.274354558e+11|2.284255228e+11|2.295084393e+11|0.000000|0.000000|0.000000
1.226799420e+06|2.268014377e+11|2.277977058e+11|2.288896732e+11|0.000000|0.000000|0.000000
1.244225529e+06|2.261031475e+11|2.271060401e+11|2.282077014e+11|0.000000|0.000000|0.000000
1.260388942e+06|2.254476258e+11|2.264565421e+11|2.275670363e+11|0.000000|0.000000|0.000000
1.276440262e+06|2.247892439e+11|2.258040216e+11|2.269231226e+11|0.000000|0.000000|0.000000
1.292696181e+06|2.241149971e+11|2.251355834e+11|2.262632212e+11|0.000000|0.000000|0.000000
1.310345052e+06|2.233745173e+11|2.244012599e+11|2.255379480e+11|0.000000|0.000000|0.000000
1.324779655e+06|2.227623922e+11|2.237940506e+11|2.249379628e+11|0.000000|0.000000|0.000000
1.337222651e+06|2.222300550e+11|2.232658631e+11|2.244158689e+11|0.000000|0.000000|0.000000
1.350009344e+06|2.216785323e+11|2.227185189e+11|2.238746533e+11|0.000000|0.000000|0.000000
1.363895875e+06|2.210744509e+11|2.221188758e+11|2.232815086e+11|0.000000|0.000000|0.000000
1.378813164e+06|2.204196220e+11|2.214686981e+11|2.226381246e+11|0.000000|0.000000|0.000000
1.390679743e+06|2.198943625e+11|2.209470523e+11|2.221217419e+11|0.000000|0.000000|0.000000
1.403802938e+06|2.193090155e+11|2.203656122e+11|2.215459741e+11|0.000000|0.000000|0.000000
1.417710582e+06|2.186835843e+11|2.197442196e+11|2.209304205e+11|0.000000|0.000000|0.000000
1.431831225e+06|2.180432371e+11|2.191078660e+11|2.202998124e+11|0.000000|0.000000|0.000000
1.446208343e+06|2.173857613e+11|2.184543468e+11|2.196519518e+11|0.000000|0.000000|0.000000
1.457185866e+06|2.168800332e+11|2.179515663e+11|2.191533616e+11|0.000000|0.000000|0.000000
1.467508650e+06|2.164015432e+11|2.174757909e+11|2.186814235e+11|0.000000|0.000000|0.000000
1.480139702e+06|2.158122156e+11|2.168897107e+11|2.180999027e+11|0.000000|0.000000|0.000000
1.490826439e+06|2.153103133e+11|2.163904933e+11|2.176044266e+11|0.000000|0.000000|0.000000
1.501165308e+06|2.148218885e+11|2.159046125e+11|2.171220643e+11|0.000000|0.000000|0.000000
1.512422606e+06|2.142868878e+11|2.153723234e+11|2.165934941e+11|0.000000|0.000000|0.000000
1.523967099e+06|2.137347986e+11|2.148229535e+11|2.160478177e+11|0.000000|0.000000|0.000000
1.535524587e+06|2.131786115e+11|2.142694283e+11|2.154978696e+11|0.000000|0.000000|0.000000
1.547833825e+06|2.125824361e+11|2.136760238e+11|2.149081442e+11|0.000000|0.000000|0.000000
1.559053028e+06|2.120356420e+11|2.131316999e+11|2.143670582e+11|0.000000|0.000000|0.000000
1.570297827e+06|2.114843458e+11|2.125828291e+11|2.138213244e+11|0.000000|0.000000|0.000000
1.580027571e+06|2.110047065e+11|2.121052495e+11|2.133463735e+11|0.000000|0.000000|0.000000
1.589784353e+06|2.105212996e+11|2.116238735e+11|2.128675554e+11|0.000000|0.000000|0.000000
1.600886825e+06|2.099682618e+11|2.110731071e+11|2.123196071e+11|0.000000|0.000000|0.000000
1.610890813e+06|2.094672530e+11|2.105741109e+11|2.118230680e+11|0.000000|0.000000|0.000000
1.618940286e+06|2.090622824e+11|2.101707376e+11|2.114216169e+11|0.000000|0.000000|0.000000
1.628614909e+06|2.085733774e+11|2.096837286e+11|2.109368552e+11|0.000000|0.000000|0.000000
1.638558777e+06|2.080684005e+11|2.091806750e+11|2.104360422e+11|0.000000|0.000000|0.000000
1.647443739e+06|2.076150882e+11|2.087290614e+11|2.099863736e+11|0.000000|0.000000|0.000000
1.657517476e+06|2.070987221e+11|2.082146009e+11|2.094740556e+11|0.000000|0.000000|0.000000
1.667379999e+06|2.065907151e+11|2.077084412e+11|2.089699318e+11|0.000000|0.000000|0.000000
1.677303189e+06|2.060771253e+11|2.071966941e+11|2.084601749e+11|0.000000|0.000000|0.000000
1.686809148e+06|2.055828231e+11|2.067041447e+11|2.079694801e+11|0.000000|0.000000|0.000000
1.696617475e+06|2.050704372e+11|2.061935574e+11|2.074607562e+11|0.000000|0.000000|0.000000
1.705539842e+06|2.046022555e+11|2.057270052e+11|2.069958579e+11|0.000000|0.000000|0.000000
1.714407833e+06|2.041349691e+11|2.052613345e+11|2.065317948e+11|0.000000|0.000000|0.000000
1.724437192e+06|2.036041386e+11|2.047323293e+11|2.060045677e+11|0.000000|0.000000|0.000000
1.732309556e+06|2.031857307e+11|2.043153547e+11|2.055889615e+11|0.000000|0.000000|0.000000
1.741170170e+06|2.027129689e+11|2.038442088e+11|2.051193300e+11|0.000000|0.000000|0.000000
1.749920769e+06|2.022441786e+11|2.033770195e+11|2.046536122e+11|0.000000|0.000000|0.000000
1.755874277e+06|2.019241585e+11|2.030580927e+11|2.043356745e+11|0.000000|0.000000|0.000000
1.763566105e+06|2.015094090e+11|2.026447622e+11|2.039236090e+11|0.000000|0.000000|0.000000
1.772359046e+06|2.010335091e+11|2.021704950e+11|2.034507729e+11|0.000000|0.000000|0.000000
1.781318860e+06|2.005466299e+11|2.016852938e+11|2.029670167e+11|0.000000|0.000000|0.000000
1.790470685e+06|2.000472905e+11|2.011876859e+11|2.024708747e+11|0.000000|0.000000|0.000000
1.798302303e+06|1.996183603e+11|2.007602539e+11|2.020446919e+11|0.000000|0.000000|0.000000
1.806406846e+06|1.991729080e+11|2.003163700e+11|2.016020987e+11|0.000000|0.000000|0.000000
1.814890119e+06|1.987049266e+11|1.998500524e+11|2.011371325e+11|0.000000|0.000000|0.000000
1.823372755e+06|1.982352309e+11|1.993820454e+11|2.006704809e+11|0.000000|0.000000|0.000000
1.831491559e+06|1.977840450e+11|1.989325013e+11|2.002222410e+11|0.000000|0.000000|0.000000
1.840061090e+06|1.973060768e+11|1.984562962e+11|1.997474232e+11|0.000000|0.000000|0.000000
1.848358944e+06|1.968415668e+11|1.979935250e+11|1.992860093e+11|0.000000|0.000000|0.000000
1.856213997e+06|1.964003098e+11|1.975539453e+11|1.988477303e+11|0.000000|0.000000|0.000000
1.863510925e+06|1.959890696e+11|1.971442924e+11|1.984393020e+11|0.000000|0.000000|0.000000
1.869989047e+06|1.956228986e+11|1.967795555e+11|1.980756675e+11|0.000000|0.000000|0.000000
1.877153720e+06|1.952167420e+11|1.963750140e+11|1.976723642e+11|0.000000|0.000000|0.000000
1.883592981e+06|1.948506527e+11|1.960104035e+11|1.973088853e+11|0.000000|0.000000|0.000000
1.890651781e+06|1.944481938e+11|1.956095971e+11|1.969093420e+11|0.000000|0.000000|0.000000
1.898266608e+06|1.940126889e+11|1.951759135e+11|1.964770501e+11|0.000000|0.000000|0.000000
1.905689323e+06|1.935868296e+11|1.947518701e+11|1.960543953e+11|0.000000|0.000000|0.000000
1.913319131e+06|1.931477097e+11|1.943146608e+11|1.956186491e+11|0.000000|0.000000|0.000000
1.920348325e+06|1.927419206e+11|1.939106733e+11|1.952160442e+11|0.000000|0.000000|0.000000
1.927619561e+06|1.923209118e+11|1.934915718e+11|1.947984109e+11|0.000000|0.000000|0.000000
1.935249384e+06|1.918777784e+11|1.930504897e+11|1.943589138e+11|0.000000|0.000000|0.000000
1.941845157e+06|1.914935782e+11|1.926681058e+11|1.939779391e+11|0.000000|0.000000|0.000000
1.948959740e+06|1.910779902e+11|1.922545237e+11|1.935659202e+11|0.000000|0.000000|0.000000
1.956884264e+06|1.906136655e+11|1.917924924e+11|1.931056863e+11|0.000000|0.000000|0.000000
1.964416075e+06|1.901709598e+11|1.913520268e+11|1.926669870e+11|0.000000|0.000000|0.000000
1.971458943e+06|1.897557670e+11|1.909389839e+11|1.922556502e+11|0.000000|0.000000|0.000000
1.979557650e+06|1.892768662e+11|1.904626241e+11|1.917813206e+11|0.000000|0.000000|0.000000
1.985501664e+06|1.889243827e+11|1.901120540e+11|1.914322897e+11|0.000000|0.000000|0.000000
1.991913477e+06|1.885432135e+11|1.897329963e+11|1.910549409e+11|0.000000|0.000000|0.000000
1.997713555e+06|1.881975661e+11|1.893893027e+11|1.907128386e+11|0.000000|0.000000|0.000000
2.005225311e+06|1.877487218e+11|1.889430526e+11|1.902687160e+11|0.000000|0.000000|0.000000
2.011249757e+06|1.873877759e+11|1.885842407e+11|1.899116670e+11|0.000000|0.000000|0.000000
2.017547328e+06|1.870095418e+11|1.882082899e+11|1.895376151e+11|0.000000|0.000000|0.000000
2.023460317e+06|1.866535460e+11|1.878544881e+11|1.891856504e+11|0.000000|0.000000|0.000000
2.030637020e+06|1.862203489e+11|1.874240211e+11|1.887574860e+11|0.000000|0.000000|0.000000
2.037203180e+06|1.858229311e+11|1.870291675e+11|1.883648119e+11|0.000000|0.000000|0.000000
2.043381418e+06|1.854480553e+11|1.866567640e+11|1.879945250e+11|0.000000|0.000000|0.000000
2.049871674e+06|1.850532690e+11|1.862646387e+11|1.876046942e+11|0.000000|0.000000|0.000000
2.055896023e+06|1.846859258e+11|1.858998255e+11|1.872420782e+11|0.000000|0.000000|0.000000
2.062209901e+06|1.843000015e+11|1.855166165e+11|1.868612438e+11|0.000000|0.000000|0.000000
2.068571988e+06|1.839101714e+11|1.851295899e+11|1.864766868e+11|0.000000|0.000000|0.000000
2.075869152e+06|1.834618600e+11|1.846845798e+11|1.860346071e+11|0.000000|0.000000|0.000000
2.082707646e+06|1.830405782e+11|1.842664770e+11|1.856193487e+11|0.000000|0.000000|0.000000
2.089486826e+06|1.826218526e+11|1.838509865e+11|1.852067748e+11|0.000000|0.000000|0.000000
2.097125013e+06|1.821487597e+11|1.833816411e+11|1.847408349e+11|0.000000|0.000000|0.000000
2.103225000e+06|1.817699432e+11|1.830058971e+11|1.843679043e+11|0.000000|0.000000|0.000000
2.109720128e+06|1.813656150e+11|1.826049205e+11|1.839700175e+11|0.000000|0.000000|0.000000
2.116225086e+06|1.809596692e+11|1.822024159e+11|1.835707074e+11|0.000000|0.000000|0.000000
2.122892890e+06|1.805425162e+11|1.817888799e+11|1.831605528e+11|0.000000|0.000000|0.000000
2.128924610e+06|1.801642469e+11|1.814139626e+11|1.827887900e+11|0.000000|0.000000|0.000000
2.135047098e+06|1.797793999e+11|1.810325975e+11|1.824107223e+11|0.000000|0.000000|0.000000
2.140898191e+06|1.794107786e+11|1.806673801e+11|1.820487481e+11|0.000000|0.000000|0.000000
2.147625567e+06|1.789859441e+11|1.802465533e+11|1.816317641e+11|0.000000|0.000000|0.000000
2.153592174e+06|1.786082506e+11|1.798725003e+11|1.812612240e+11|0.000000|0.000000|0.000000
2.159586140e+06|1.782279717e+11|1.794959616e+11|1.808883154e+11|0.000000|0.000000|0.000000
2.165626342e+06|1.778438937e+11|1.791157384e+11|1.805118556e+11|0.000000|0.000000|0.000000
2.171127249e+06|1.774933515e+11|1.787687832e+11|1.801684215e+11|0.000000|0.000000|0.000000
2.176807925e+06|1.771305968e+11|1.784098106e+11|1.798131808e+11|0.000000|0.000000|0.000000
2.182473112e+06|1.767680651e+11|1.780511306e+11|1.794583217e+11|0.000000|0.000000|0.000000
2.189232708e+06|1.763344976e+11|1.776222655e+11|1.790341477e+11|0.000000|0.000000|0.000000
2.195730030e+06|1.759167253e+11|1.772091246e+11|1.786256546e+11|0.000000|0.000000|0.000000
2.202543293e+06|1.754775560e+11|1.767749317e+11|1.781964850e+11|0.000000|0.000000|0.000000
2.208548509e+06|1.750895530e+11|1.763914183e+11|1.778175288e+11|0.000000|0.000000|0.000000
2.215377310e+06|1.746472906e+11|1.759543815e+11|1.773858253e+11|0.000000|0.000000|0.000000
2.221936631e+06|1.742214315e+11|1.755336645e+11|1.769703858e+11|0.000000|0.000000|0.000000
2.228098217e+06|1.738204581e+11|1.751376330e+11|1.765794528e+11|0.000000|0.000000|0.000000
2.234167550e+06|1.734246002e+11|1.747467506e+11|1.761937289e+11|0.000000|0.000000|0.000000
2.241282691e+06|1.729594094e+11|1.742875310e+11|1.757407326e+11|0.000000|0.000000|0.000000
2.248516914e+06|1.724851899e+11|1.738195388e+11|1.752792669e+11|0.000000|0.000000|0.000000
2.253954944e+06|1.721278891e+11|1.734670247e+11|1.749317936e+11|0.000000|0.000000|0.000000
2.259644176e+06|1.717533244e+11|1.730975663e+11|1.745677353e+11|0.000000|0.000000|0.000000
2.265066813e+06|1.713955888e+11|1.727447930e+11|1.742202312e+11|0.000000|0.000000|0.000000
2.270645800e+06|1.710268020e+11|1.723812100e+11|1.738621960e+11|0.000000|0.000000|0.000000
2.277154775e+06|1.705955953e+11|1.719562028e+11|1.734438267e+11|0.000000|0.000000|0.000000
2.283311794e+06|1.701867678e+11|1.715533687e+11|1.730474384e+11|0.000000|0.000000|0.000000
2.288799615e+06|1.698216067e+11|1.711936570e+11|1.726936110e+11|0.000000|0.000000|0.000000
2.293366226e+06|1.695171907e+11|1.708938539e+11|1.723988061e+11|0.000000|0.000000|0.000000
2.299653696e+06|1.690972382e+11|1.704803706e+11|1.719923580e+11|0.000000|0.000000|0.000000
2.305690892e+06|1.686931053e+11|1.700825801e+11|1.716014924e+11|0.000000|0.000000|0.000000
2.311023223e+06|1.683354254e+11|1.697306099e+11|1.712557796e+11|0.000000|0.000000|0.000000
2.316388755e+06|1.679748257e+11|1.693758592e+11|1.709074606e+11|0.000000|0.000000|0.000000
2.322499155e+06|1.675633191e+11|1.689711419e+11|1.705102360e+11|0.000000|0.000000|0.000000
2.328586465e+06|1.671524700e+11|1.685671943e+11|1.701139337e+11|0.000000|0.000000|0.000000
2.334768017e+06|1.667343428e+11|1.681562185e+11|1.697109095e+11|0.000000|0.000000|0.000000
2.341250867e+06|1.662948414e+11|1.677243742e+11|1.692876112e+11|0.000000|0.000000|0.000000
2.347735020e+06|1.658542328e+11|1.672915876e+11|1.688635879e+11|0.000000|0.000000|0.000000
2.353491262e+06|1.654622321e+11|1.669066699e+11|1.684866333e+11|0.000000|0.000000|0.000000
2.358995253e+06|1.650866573e+11|1.665379916e+11|1.681257334e+11|0.000000|0.000000|0.000000
2.365589849e+06|1.646356935e+11|1.660954527e+11|1.676927286e+11|0.000000|0.000000|0.000000
2.372569604e+06|1.641572384e+11|1.656261096e+11|1.672337354e+11|0.000000|0.000000|0.000000
2.378522875e+06|1.637482101e+11|1.652250141e+11|1.668416818e+11|0.000000|0.000000|0.000000
2.385387454e+06|1.632754964e+11|1.647616342e+11|1.663889766e+11|0.000000|0.000000|0.000000
2.390962325e+06|1.628907491e+11|1.643846163e+11|1.660208269e+11|0.000000|0.000000|0.000000
2.396371111e+06|1.625167383e+11|1.640182341e+11|1.656632219e+11|0.000000|0.000000|0.000000
2.401301507e+06|1.621751842e+11|1.636837463e+11|1.653368854e+11|0.000000|0.000000|0.000000
2.407394862e+06|1.617522436e+11|1.632696889e+11|1.649331030e+11|0.000000|0.000000|0.000000
2.413242347e+06|1.613455133e+11|1.628716412e+11|1.645451276e+11|0.000000|0.000000|0.000000
2.418394679e+06|1.609864402e+11|1.625203482e+11|1.642028838e+11|0.000000|0.000000|0.000000
2.423821130e+06|1.606075585e+11|1.621497935e+11|1.638420386e+11|0.000000|0.000000|0.000000
2.429012338e+06|1.602444243e+11|1.617947544e+11|1.634964621e+11|0.000000|0.000000|0.000000
2.433848759e+06|1.599055113e+11|1.614634983e+11|1.631741768e+11|0.000000|0.000000|0.000000
2.438461748e+06|1.595817185e+11|1.611471129e+11|1.628664886e+11|0.000000|0.000000|0.000000
2.444234466e+06|1.591757834e+11|1.607505926e+11|1.624810482e+11|0.000000|0.000000|0.000000
2.450125821e+06|1.587606577e+11|1.603452434e+11|1.620872340e+11|0.000000|0.000000|0.000000
2.456991287e+06|1.582758104e+11|1.598720062e+11|1.616277334e+11|0.000000|0.000000|0.000000
2.463447827e+06|1.578187774e+11|1.594261081e+11|1.611950467e+11|0.000000|0.000000|0.000000
2.469395297e+06|1.573968654e+11|1.590146407e+11|1.607960044e+11|0.000000|0.000000|0.000000
2.474312297e+06|1.570473920e+11|1.586739399e+11|1.604657630e+11|0.000000|0.000000|0.000000
2.480133008e+06|1.566329112e+11|1.582700071e+11|1.600744336e+11|0.000000|0.000000|0.000000
2.485102070e+06|1.562784078e+11|1.579246495e+11|1.597400279e+11|0.000000|0.000000|0.000000
2.491053078e+06|1.558530411e+11|1.575104090e+11|1.593391396e+11|0.000000|0.000000|0.000000
2.497456294e+06|1.553943651e+11|1.570639178e+11|1.589073062e+11|0.000000|0.000000|0.000000
2.504032355e+06|1.549222421e+11|1.566045414e+11|1.584633017e+11|0.000000|0.000000|0.000000
2.510331334e+06|1.544689976e+11|1.561637306e+11|1.580375219e+11|0.000000|0.000000|0.000000
2.515788457e+06|1.540755257e+11|1.557812100e+11|1.576682692e+11|0.000000|0.000000|0.000000
2.521119368e+06|1.536904327e+11|1.554069777e+11|1.573072210e+11|0.000000|0.000000|0.000000
2.527210374e+06|1.532495585e+11|1.549787116e+11|1.568942920e+11|0.000000|0.000000|0.000000
2.532867652e+06|1.528392422e+11|1.545802976e+11|1.565103869e+11|0.000000|0.000000|0.000000
2.538533846e+06|1.524274711e+11|1.541806353e+11|1.561255143e+11|0.000000|0.000000|0.000000
2.543838252e+06|1.520412579e+11|1.538059294e+11|1.557648906e+11|0.000000|0.000000|0.000000
2.549184273e+06|1.516512955e+11|1.534277346e+11|1.554011225e+11|0.000000|0.000000|0.000000
2.554052816e+06|1.512955337e+11|1.530828391e+11|1.550695720e+11|0.000000|0.000000|0.000000
2.559031397e+06|1.509311101e+11|1.527296767e+11|1.547302620e+11|0.000000|0.000000|0.000000
2.564316834e+06|1.505435373e+11|1.523542258e+11|1.543697474e+11|0.000000|0.000000|0.000000
2.569376513e+06|1.501718545e+11|1.519943092e+11|1.540243536e+11|0.000000|0.000000|0.000000
2.574687194e+06|1.497810328e+11|1.516160099e+11|1.536615361e+11|0.000000|0.000000|0.000000
2.579732176e+06|1.494090992e+11|1.512561373e+11|1.533165992e+11|0.000000|0.000000|0.000000
2.585093798e+06|1.490131104e+11|1.508731443e+11|1.529497261e+11|0.000000|0.000000|0.000000
2.590623739e+06|1.486039211e+11|1.504775528e+11|1.525710296e+11|0.000000|0.000000|0.000000
2.596789867e+06|1.481467346e+11|1.500357632e+11|1.521484045e+11|0.000000|0.000000|0.000000
2.602729348e+06|1.477054317e+11|1.496095277e+11|1.517409576e+11|0.000000|0.000000|0.000000
2.608694244e+06|1.472613293e+11|1.491807931e+11|1.513314202e+11|0.000000|0.000000|0.000000
2.613999366e+06|1.468655803e+11|1.487989130e+11|1.509668934e+11|0.000000|0.000000|0.000000
2.619188247e+06|1.464778017e+11|1.484248838e+11|1.506100945e+11|0.000000|0.000000|0.000000
2.624746835e+06|1.460616235e+11|1.480236393e+11|1.502275929e+11|0.000000|0.000000|0.000000
2.630122356e+06|1.456583927e+11|1.476350535e+11|1.498574160e+11|0.000000|0.000000|0.000000
2.635938802e+06|1.452212451e+11|1.472139791e+11|1.494565775e+11|0.000000|0.000000|0.000000
2.641265088e+06|1.448201674e+11|1.468278292e+11|1.490892503e+11|0.000000|0.000000|0.000000
2.647556684e+06|1.443454517e+11|1.463710067e+11|1.486550253e+11|0.000000|0.000000|0.000000
2.654158217e+06|1.438462437e+11|1.458908793e+11|1.481990369e+11|0.000000|0.000000|0.000000
2.660457409e+06|1.433688398e+11|1.454319776e+11|1.477635820e+11|0.000000|0.000000|0.000000
2.665810616e+06|1.429623162e+11|1.450414065e+11|1.473932577e+11|0.000000|0.000000|0.000000
2.670654695e+06|1.425938098e+11|1.446875185e+11|1.470579476e+11|0.000000|0.000000|0.000000
2.675375453e+06|1.422340936e+11|1.443422172e+11|1.467309880e+11|0.000000|0.000000|0.000000
2.679808571e+06|1.418957630e+11|1.440175760e+11|1.464237855e+11|0.000000|0.000000|0.000000
2.685538707e+06|1.414576803e+11|1.435974091e+11|1.460264700e+11|0.000000|0.000000|0.000000
2.690345763e+06|1.410895028e+11|1.432444552e+11|1.456929591e+11|0.000000|0.000000|0.000000
2.695338566e+06|1.407064539e+11|1.428774070e+11|1.453463709e+11|0.000000|0.000000|0.000000
2.700945483e+06|1.402755053e+11|1.424646587e+11|1.449569249e+11|0.000000|0.000000|0.000000
2.705906664e+06|1.398934948e+11|1.420989583e+11|1.446121331e+11|0.000000|0.000000|0.000000
2.710472895e+06|1.395413190e+11|1.417619664e+11|1.442946281e+11|0.000000|0.000000|0.000000
2.715052905e+06|1.391875249e+11|1.414235691e+11|1.439760122e+11|0.000000|0.000000|0.000000
2.719926682e+06|1.388104256e+11|1.410630394e+11|1.436367940e+11|0.000000|0.000000|0.000000
2.725698877e+06|1.383629950e+11|1.406354818e+11|1.432348278e+11|0.000000|0.000000|0.000000
2.731430272e+06|1.379178478e+11|1.402103367e+11|1.428354739e+11|0.000000|0.000000|0.000000
2.736630440e+06|1.375132005e+11|1.398240720e+11|1.424729414e+11|0.000000|0.000000|0.000000
2.742400576e+06|1.370633543e+11|1.393948865e+11|1.420704617e+11|0.000000|0.000000|0.000000
2.747586994e+06|1.366582531e+11|1.390085946e+11|1.417085113e+11|0.000000|0.000000|0.000000
2.752977428e+06|1.362364507e+11|1.386065825e+11|1.413321400e+11|0.000000|0.000000|0.000000
2.758917047e+06|1.357707684e+11|1.381629941e+11|1.409172116e+11|0.000000|0.000000|0.000000
2.765704566e+06|1.352374430e+11|1.376552888e+11|1.404427854e+11|0.000000|0.000000|0.000000
2.771454941e+06|1.347846358e+11|1.372245005e+11|1.400406359e+11|0.000000|0.000000|0.000000
2.776953413e+06|1.343508263e+11|1.368120170e+11|1.396559222e+11|0.000000|0.000000|0.000000
2.782417652e+06|1.339189044e+11|1.364015534e+11|1.392734322e+11|0.000000|0.000000|0.000000
2.787974622e+06|1.334788193e+11|1.359835644e+11|1.388842802e+11|0.000000|0.000000|0.000000
2.792746289e+06|1.331002548e+11|1.356241952e+11|1.385499880e+11|0.000000|0.000000|0.000000
2.797937232e+06|1.326877202e+11|1.352327772e+11|1.381861844e+11|0.000000|0.000000|0.000000
2.803025081e+06|1.322826634e+11|1.348486566e+11|1.378294700e+11|0.000000|0.000000|0.000000
2.808220519e+06|1.318683087e+11|1.344559270e+11|1.374650765e+11|0.000000|0.000000|0.000000
2.813470969e+06|1.314488134e+11|1.340585403e+11|1.370966886e+11|0.000000|0.000000|0.000000
2.818321860e+06|1.310605674e+11|1.336909497e+11|1.367562168e+11|0.000000|0.000000|0.000000
2.822906054e+06|1.306930705e+11|1.333431764e+11|1.364343618e+11|0.000000|0.000000|0.000000
2.827865045e+06|1.302948742e+11|1.329665407e+11|1.360860838e+11|0.000000|0.000000|0.000000
2.832009833e+06|1.299615345e+11|1.326514020e+11|1.357949041e+11|0.000000|0.000000|0.000000
2.836209260e+06|1.296233150e+11|1.323317918e+11|1.354998093e+11|0.000000|0.000000|0.000000
2.840763360e+06|1.292559770e+11|1.319848277e+11|1.351797067e+11|0.000000|0.000000|0.000000
2.845710947e+06|1.288562464e+11|1.316074603e+11|1.348318487e+11|0.000000|0.000000|0.000000
2.851363231e+06|1.283987464e+11|1.311758028e+11|1.344343240e+11|0.000000|0.000000|0.000000
2.857076366e+06|1.279354145e+11|1.307389127e+11|1.340323935e+11|0.000000|0.000000|0.000000
2.862049923e+06|1.275313184e+11|1.303581003e+11|1.336823941e+11|0.000000|0.000000|0.000000
2.866572984e+06|1.271632224e+11|1.300113947e+11|1.333640192e+11|0.000000|0.000000|0.000000
2.872566341e+06|1.266745854e+11|1.295514201e+11|1.329420413e+11|0.000000|0.000000|0.000000
2.878406125e+06|1.261974964e+11|1.291026112e+11|1.325307602e+11|0.000000|0.000000|0.000000
2.884118957e+06|1.257298477e+11|1.286629670e+11|1.321283141e+11|0.000000|0.000000|0.000000
2.890023578e+06|1.252455291e+11|1.282079485e+11|1.317122523e+11|0.000000|0.000000|0.000000
2.896155612e+06|1.247415109e+11|1.277347445e+11|1.312800588e+11|0.000000|0.000000|0.000000
2.901915049e+06|1.242671448e+11|1.272896811e+11|1.308740320e+11|0.000000|0.000000|0.000000
2.907477298e+06|1.238081228e+11|1.268592930e+11|1.304818244e+11|0.000000|0.000000|0.000000
2.913682359e+06|1.232950106e+11|1.263785146e+11|1.300442007e+11|0.000000|0.000000|0.000000
2.918873864e+06|1.228648651e+11|1.259757408e+11|1.296779916e+11|0.000000|0.000000|0.000000
2.924621476e+06|1.223877412e+11|1.255292624e+11|1.292724865e+11|0.000000|0.000000|0.000000
2.929478759e+06|1.219837852e+11|1.251514870e+11|1.289297435e+11|0.000000|0.000000|0.000000
2.934071091e+06|1.216012388e+11|1.247939324e+11|1.286056550e+11|0.000000|0.000000|0.000000
2.939607203e+06|1.211392651e+11|1.243623980e+11|1.282149128e+11|0.000000|0.000000|0.000000
2.944474013e+06|1.207324103e+11|1.239825857e+11|1.278713688e+11|0.000000|0.000000|0.000000
2.949188964e+06|1.203375958e+11|1.236142240e+11|1.275385103e+11|0.000000|0.000000|0.000000
2.953300993e+06|1.199927408e+11|1.232926448e+11|1.272481907e+11|0.000000|0.000000|0.000000
2.957907524e+06|1.196058300e+11|1.229320377e+11|1.269229324e+11|0.000000|0.000000|0.000000
2.962598231e+06|1.192112133e+11|1.225644553e+11|1.265917054e+11|0.000000|0.000000|0.000000
2.966830656e+06|1.188545990e+11|1.222324518e+11|1.262928197e+11|0.000000|0.000000|0.000000
2.971056957e+06|1.184979775e+11|1.219006129e+11|1.259943500e+11|0.000000|0.000000|0.000000
2.975740730e+06|1.181021420e+11|1.215324861e+11|1.256635560e+11|0.000000|0.000000|0.000000
2.980038582e+06|1.177383545e+11|1.211943505e+11|1.253600044e+11|0.000000|0.000000|0.000000
2.985209375e+06|1.172999570e+11|1.207871044e+11|1.249947844e+11|0.000000|0.000000|0.000000
2.990065055e+06|1.168875578e+11|1.204042474e+11|1.246518105e+11|0.000000|0.000000|0.000000
2.995152572e+06|1.164701061e+11|1.200027529e+11|1.242924536e+11|2.000000|1.000000|1.000000
3.000683915e+06|1.162255826e+11|1.195653573e+11|1.239017415e+11|2.000000|1.000000|1.000000
3.006126245e+06|1.159849941e+11|1.191350004e+11|1.235173170e+11|2.000000|1.000000|1.000000
3.012202325e+06|1.157163894e+11|1.186545293e+11|1.230881268e+11|2.000000|1.000000|1.000000
3.018360933e+06|1.154441365e+11|1.181675321e+11|1.226531072e+11|2.000000|1.000000|1.000000
3.024110754e+06|1.151899548e+11|1.177128602e+11|1.222469628e+11|2.000000|1.000000|1.000000
3.029681360e+06|1.149436956e+11|1.172723599e+11|1.218534773e+11|2.000000|1.000000|1.000000
3.035354993e+06|1.146928818e+11|1.168237125e+11|1.214527144e+11|2.000000|1.000000|1.000000
3.041530564e+06|1.144198790e+11|1.163353741e+11|1.210164966e+11|2.000000|1.000000|1.000000
3.046835813e+06|1.141853505e+11|1.159158571e+11|1.206417550e+11|2.000000|1.000000|1.000000
3.052831000e+06|1.139203218e+11|1.154417826e+11|1.202182788e+11|2.000000|1.000000|1.000000
3.058560739e+06|1.136670279e+11|1.149886987e+11|1.198135528e+11|2.000000|1.000000|1.000000
3.065120266e+06|1.133770515e+11|1.144699985e+11|1.193502139e+11|2.000000|1.000000|1.000000
3.070429940e+06|1.131423274e+11|1.140501316e+11|1.189751597e+11|2.000000|1.000000|1.000000
3.075202000e+06|1.129313694e+11|1.136727770e+11|1.186380804e+11|2.000000|1.000000|1.000000
3.080186784e+06|1.127110076e+11|1.132786009e+11|1.182859750e+11|2.000000|1.000000|1.000000
3.085058823e+06|1.124956298e+11|1.128125496e+11|1.179418335e+11|2.000000|2.000000|1.000000
3.089861321e+06|1.122833263e+11|1.126025166e+11|1.176026042e+11|2.000000|2.000000|1.000000
3.094109165e+06|1.120955423e+11|1.124167409e+11|1.173025534e+11|2.000000|2.000000|1.000000
3.098078571e+06|1.119200672e+11|1.122431424e+11|1.170221703e+11|2.000000|2.000000|1.000000
3.102025717e+06|1.117455761e+11|1.120705175e+11|1.167433596e+11|2.000000|2.000000|1.000000
3.105609221e+06|1.115871605e+11|1.119137961e+11|1.164902351e+11|2.000000|2.000000|1.000000
3.110118152e+06|1.113878347e+11|1.117166020e+11|1.161717422e+11|2.000000|2.000000|1.000000
3.114825871e+06|1.111797211e+11|1.115107140e+11|1.158392076e+11|2.000000|2.000000|1.000000
3.119090030e+06|1.109912158e+11|1.113242248e+11|1.155380044e+11|2.000000|2.000000|1.000000
3.123286854e+06|1.108056873e+11|1.111406804e+11|1.152415575e+11|2.000000|2.000000|1.000000
3.127561431e+06|1.106167215e+11|1.109537356e+11|1.149396183e+11|2.000000|2.000000|1.000000
3.132724242e+06|1.103884897e+11|1.107279446e+11|1.145749379e+11|2.000000|2.000000|1.000000
3.139082732e+06|1.101074006e+11|1.104498617e+11|1.141257995e+11|2.000000|2.000000|1.000000
3.145370760e+06|1.098294264e+11|1.101748603e+11|1.136816382e+11|2.000000|2.000000|1.000000
3.151322802e+06|1.095663051e+11|1.099145530e+11|1.132612096e+11|2.000000|2.000000|1.000000
3.157369347e+06|1.092990061e+11|1.096501127e+11|1.128341057e+11|2.000000|2.000000|1.000000
3.162974630e+06|1.090512139e+11|1.094049706e+11|1.124381708e+11|2.000000|2.000000|1.000000
3.170034440e+06|1.087391216e+11|1.090962160e+11|1.119394939e+11|2.000000|2.000000|1.000000
3.176612311e+06|1.084483344e+11|1.088085387e+11|1.114748593e+11|2.000000|2.000000|1.000000
3.182991210e+06|1.081663431e+11|1.085295631e+11|1.110242792e+11|2.000000|2.000000|1.000000
3.189158418e+06|1.078937099e+11|1.082598458e+11|1.105886521e+11|2.000000|2.000000|1.000000
3.195554929e+06|1.076109401e+11|1.079801000e+11|1.101368281e+11|2.000000|2.000000|1.000000
3.201922596e+06|1.073294453e+11|1.077016157e+11|1.096870414e+11|2.000000|2.000000|1.000000
3.207233230e+06|1.070946786e+11|1.074693598e+11|1.093119193e+11|2.000000|2.000000|1.000000
3.212387907e+06|1.068668064e+11|1.072439246e+11|1.089478134e+11|2.000000|2.000000|1.000000
3.216870341e+06|1.066686519e+11|1.070478893e+11|1.086311921e+11|2.000000|2.000000|1.000000
3.221222254e+06|1.064762673e+11|1.068575622e+11|1.083237903e+11|2.000000|2.000000|1.000000
3.225526402e+06|1.062859943e+11|1.066693241e+11|1.080197624e+11|2.000000|2.000000|1.000000
3.230042058e+06|1.060863712e+11|1.064718359e+11|1.077007944e+11|2.000000|2.000000|1.000000
3.234328992e+06|1.058968591e+11|1.062843506e+11|1.073979825e+11|2.000000|2.000000|1.000000
3.237988638e+06|1.057350775e+11|1.061242992e+11|1.071394796e+11|2.000000|2.000000|1.000000
3.241932056e+06|1.055607513e+11|1.059518373e+11|1.068009831e+11|2.000000|2.000000|2.000000
3.245850320e+06|1.053875370e+11|1.057804755e+11|1.066303863e+11|2.000000|2.000000|2.000000
3.249922547e+06|1.052075165e+11|1.056023802e+11|1.064530860e+11|2.000000|2.000000|2.000000
3.254505582e+06|1.050049147e+11|1.054019453e+11|1.062535458e+11|2.000000|2.000000|2.000000
3.259031991e+06|1.048048162e+11|1.052039868e+11|1.060564710e+11|2.000000|2.000000|2.000000
3.263277869e+06|1.046171191e+11|1.050182970e+11|1.058716102e+11|2.000000|2.000000|2.000000
3.268592442e+06|1.043821784e+11|1.047858689e+11|1.056402196e+11|2.000000|2.000000|2.000000
3.274291773e+06|1.041302286e+11|1.045366137e+11|1.053920770e+11|2.000000|2.000000|2.000000
3.280780616e+06|1.038433771e+11|1.042528299e+11|1.051095601e+11|2.000000|2.000000|2.000000
3.287799204e+06|1.035331070e+11|1.039458781e+11|1.048039785e+11|2.000000|2.000000|2.000000
3.293978977e+06|1.032599185e+11|1.036756112e+11|1.045349181e+11|2.000000|2.000000|2.000000
3.301980179e+06|1.029062102e+11|1.033256857e+11|1.041865546e+11|2.000000|2.000000|2.000000
3.310191744e+06|1.025432024e+11|1.029665602e+11|1.038290323e+11|2.000000|2.000000|2.000000
3.318334940e+06|1.021832170e+11|1.026104247e+11|1.034744866e+11|2.000000|2.000000|2.000000
3.327932620e+06|1.017589334e+11|1.021906786e+11|1.030566143e+11|2.000000|2.000000|2.000000
3.337330626e+06|1.013434767e+11|1.017796652e+11|1.026474356e+11|2.000000|2.000000|2.000000
3.344857590e+06|1.010107330e+11|1.014504800e+11|1.023197199e+11|2.000000|2.000000|2.000000
3.351941594e+06|1.006975711e+11|1.011406673e+11|1.020112903e+11|2.000000|2.000000|2.000000
3.357931664e+06|1.004327687e+11|1.008786969e+11|1.017504893e+11|2.000000|2.000000|2.000000
3.363611628e+06|1.001816751e+11|1.006302887e+11|1.015031900e+11|2.000000|2.000000|2.000000
3.368658683e+06|9.995856054e+10|1.004095602e+11|1.012834468e+11|2.000000|2.000000|2.000000
3.373370889e+06|9.975024853e+10|1.002034761e+11|1.010782826e+11|2.000000|2.000000|2.000000
3.377875133e+06|9.955112988e+10|1.000064869e+11|1.008821728e+11|2.000000|2.000000|2.000000
3.381743944e+06|9.938010175e+10|9.983728789e+10|1.007137291e+11|2.000000|2.000000|2.000000
3.385571263e+06|9.921090789e+10|9.966990350e+10|1.005470919e+11|2.000000|2.000000|2.000000
3.389277932e+06|9.904704752e+10|9.950779557e+10|1.003857077e+11|2.000000|2.000000|2.000000
3.393144565e+06|9.887611572e+10|9.933869183e+10|1.002173588e+11|2.000000|2.000000|2.000000
3.396237712e+06|9.873937727e+10|9.920341575e+10|1.000826866e+11|2.000000|2.000000|2.000000
3.399468969e+06|9.859653344e+10|9.906209959e+10|9.994200127e+10|2.000000|2.000000|2.000000
3.402941181e+06|9.844303773e+10|9.891024547e+10|9.979082503e+10|2.000000|2.000000|2.000000
3.406967847e+06|9.826503131e+10|9.873414277e+10|9.961550846e+10|2.000000|2.000000|2.000000
3.411293790e+06|9.807379480e+10|9.854495148e+10|9.942716171e+10|2.000000|2.000000|2.000000
3.415717558e+06|9.787823379e+10|9.835148192e+10|9.923455581e+10|2.000000|2.000000|2.000000
3.422029197e+06|9.759921581e+10|9.807544795e+10|9.895975406e+10|2.000000|2.000000|2.000000
3.428504346e+06|9.731296955e+10|9.779226301e+10|9.867783326e+10|2.000000|2.000000|2.000000
3.435058445e+06|9.702323318e+10|9.750562528e+10|9.839247508e+10|2.000000|2.000000|2.000000
3.443305043e+06|9.665867670e+10|9.714496761e+10|9.803342740e+10|2.000000|2.000000|2.000000
3.451756363e+06|9.628507010e+10|9.677535661e+10|9.766546635e+10|2.000000|2.000000|2.000000
3.461214813e+06|9.586694137e+10|9.636169964e+10|9.725365595e+10|2.000000|2.000000|2.000000
3.471954542e+06|9.539217131e+10|9.589200710e+10|9.678606012e+10|2.000000|2.000000|2.000000
3.483814177e+06|9.486789367e+10|9.537333643e+10|9.626970482e+10|2.000000|2.000000|2.000000
3.498154549e+06|9.423395033e+10|9.474617292e+10|9.564534097e+10|2.000000|2.000000|2.000000
3.516083608e+06|9.344136229e+10|9.396206135e+10|9.486472969e+10|2.000000|2.000000|2.000000
3.531211361e+06|9.277261130e+10|9.330046245e+10|9.420608417e+10|2.000000|2.000000|2.000000
3.543122924e+06|9.224603807e+10|9.277952075e+10|9.368746797e+10|2.000000|2.000000|2.000000
3.551306445e+06|9.188427002e+10|9.242162169e+10|9.333116658e+10|2.000000|2.000000|2.000000
3.557822606e+06|9.159621080e+10|9.213664317e+10|9.304746020e+10|2.000000|2.000000|2.000000
3.562950977e+06|9.136950142e+10|9.191235838e+10|9.282417663e+10|2.000000|2.000000|2.000000
3.567271691e+06|9.117849608e+10|9.172339578e+10|9.263605755e+10|2.000000|2.000000|2.000000
3.572033674e+06|9.096798359e+10|9.151513466e+10|9.242872611e+10|2.000000|2.000000|2.000000
3.576123293e+06|9.078719424e+10|9.133627878e+10|9.225066866e+10|2.000000|2.000000|2.000000
3.580590361e+06|9.058971903e+10|9.114091551e+10|9.205617749e+10|2.000000|2.000000|2.000000
3.584622401e+06|9.041147507e+10|9.096457781e+10|9.188062697e+10|2.000000|2.000000|2.000000
3.588863440e+06|9.022399188e+10|9.077909970e+10|9.169597683e+10|2.000000|2.000000|2.000000
3.593403188e+06|9.002330370e+10|9.058055782e+10|9.149832124e+10|2.000000|2.000000|2.000000
3.598850648e+06|8.978248842e+10|9.034231797e+10|9.126114491e+10|2.000000|2.000000|2.000000
3.603772023e+06|8.956492970e+10|9.012708598e+10|9.104687371e+10|2.000000|2.000000|2.000000
3.608797585e+06|8.934276520e+10|8.990729746e+10|9.082806633e+10|2.000000|2.000000|2.000000
3.615052438e+06|8.906625759e+10|8.963374701e+10|9.055573701e+10|2.000000|2.000000|2.000000
3.623425687e+06|8.869610227e+10|8.926755038e+10|9.019117509e+10|2.000000|2.000000|2.000000
3.631574058e+06|8.833588807e+10|8.891118856e+10|8.983640408e+10|2.000000|2.000000|2.000000
3.642246679e+06|8.786408464e+10|8.844443092e+10|8.937173005e+10|2.000000|2.000000|2.000000
3.655674457e+06|8.727048424e+10|8.785717889e+10|8.878709952e+10|2.000000|2.000000|2.000000
3.667735856e+06|8.673728723e+10|8.732968424e+10|8.826195962e+10|2.000000|2.000000|2.000000
3.681924182e+06|8.611006542e+10|8.670917037e+10|8.764421574e+10|2.000000|2.000000|2.000000
3.697147914e+06|8.543707149e+10|8.604337390e+10|8.698139139e+10|2.000000|2.000000|2.000000
3.715015566e+06|8.464719804e+10|8.526194790e+10|8.620345369e+10|2.000000|2.000000|2.000000
3.729645040e+06|8.400047442e+10|8.462214077e+10|8.556650267e+10|2.000000|2.000000|2.000000
3.737829589e+06|8.363866093e+10|8.426419676e+10|8.521015653e+10|2.000000|2.000000|2.000000
3.744751292e+06|8.333267392e+10|8.396148219e+10|8.490879328e+10|2.000000|2.000000|2.000000
3.751342729e+06|8.304128696e+10|8.367321152e+10|8.462180946e+10|2.000000|2.000000|2.000000
3.756134069e+06|8.282947670e+10|8.346366651e+10|8.441319986e+10|2.000000|2.000000|2.000000
3.760325757e+06|8.264417520e+10|8.328034674e+10|8.423069844e+10|2.000000|2.000000|2.000000
3.764888751e+06|8.244245937e+10|8.308078821e+10|8.403203073e+10|2.000000|2.000000|2.000000
3.769386710e+06|8.224361857e+10|8.288407394e+10|8.383619460e+10|2.000000|2.000000|2.000000
3.773435788e+06|8.206462140e+10|8.270699108e+10|8.365990225e+10|2.000000|2.000000|2.000000
3.778756452e+06|8.182941138e+10|8.247429657e+10|8.342824648e+10|2.000000|2.000000|2.000000
3.784378623e+06|8.158087265e+10|8.222841588e+10|8.318346341e+10|2.000000|2.000000|2.000000
3.789864206e+06|8.133837205e+10|8.198850874e+10|8.294462722e+10|2.000000|2.000000|2.000000
3.795345537e+06|8.109605942e+10|8.174878757e+10|8.270597617e+10|2.000000|2.000000|2.000000
3.801385055e+06|8.082907111e+10|8.148465462e+10|8.244302231e+10|2.000000|2.000000|2.000000
3.808657683e+06|8.050757081e+10|8.116659265e+10|8.212638018e+10|2.000000|2.000000|2.000000
3.816410317e+06|8.016485092e+10|8.082753805e+10|8.178883912e+10|2.000000|2.000000|2.000000
3.825307747e+06|7.977152317e+10|8.043841682e+10|8.140145493e+10|2.000000|2.000000|2.000000
3.836425177e+06|7.928005609e+10|7.995220582e+10|8.091741438e+10|2.000000|2.000000|2.000000
3.847493500e+06|7.879075991e+10|7.946814250e+10|8.043551194e+10|2.000000|2.000000|2.000000
3.860334202e+06|7.822311234e+10|7.890656575e+10|7.987644207e+10|2.000000|2.000000|2.000000
3.874340122e+06|7.760395408e+10|7.829402919e+10|7.926663989e+10|2.000000|2.000000|2.000000
3.891451246e+06|7.684752441e+10|7.754568929e+10|7.852164059e+10|2.000000|2.000000|2.000000
3.902676009e+06|7.635131249e+10|7.705478420e+10|7.803292691e+10|2.000000|2.000000|2.000000
3.909880084e+06|7.603284269e+10|7.673972033e+10|7.771926949e+10|2.000000|2.000000|2.000000
3.916515741e+06|7.573950092e+10|7.644951575e+10|7.743036039e+10|2.000000|2.000000|2.000000
3.922729069e+06|7.546482898e+10|7.617778135e+10|7.715983902e+10|2.000000|2.000000|2.000000
3.928297314e+06|7.521867416e+10|7.593425908e+10|7.691740383e+10|2.000000|2.000000|2.000000
3.933185807e+06|7.500256904e+10|7.572046513e+10|7.670456426e+10|2.000000|2.000000|2.000000
3.937710223e+06|7.480255867e+10|7.552259381e+10|7.650757624e+10|2.000000|2.000000|2.000000
3.942936341e+06|7.457152823e+10|7.529403417e+10|7.628003689e+10|2.000000|2.000000|2.000000
3.947833559e+06|7.435503739e+10|7.507985863e+10|7.606681744e+10|2.000000|2.000000|2.000000
3.953041885e+06|7.412479349e+10|7.485207711e+10|7.584005274e+10|2.000000|2.000000|2.000000
3.958142171e+06|7.389932568e+10|7.462902061e+10|7.561799197e+10|2.000000|2.000000|2.000000
3.964159115e+06|7.363333524e+10|7.436587486e+10|7.535602090e+10|2.000000|2.000000|2.000000
3.970866696e+06|7.333681393e+10|7.407252474e+10|7.506398030e+10|2.000000|2.000000|2.000000
3.977804828e+06|7.303010064e+10|7.376909166e+10|7.476190175e+10|2.000000|2.000000|2.000000
3.985466058e+06|7.269142145e+10|7.343403452e+10|7.442834032e+10|2.000000|2.000000|2.000000
3.993565865e+06|7.233335413e+10|7.307979662e+10|7.407568375e+10|2.000000|2.000000|2.000000
4.002735337e+06|7.192800026e+10|7.267877788e+10|7.367645516e+10|2.000000|2.000000|2.000000
4.013456184e+06|7.145406491e+10|7.220991112e+10|7.320968142e+10|2.000000|2.000000|2.000000
4.025132160e+06|7.093790623e+10|7.169927259e+10|7.270132240e+10|2.000000|2.000000|2.000000
4.037472729e+06|7.039236802e+10|7.115956874e+10|7.216402779e+10|2.000000|2.000000|2.000000
4.049312608e+06|6.986896370e+10|7.064176207e+10|7.164853261e+10|2.000000|2.000000|2.000000
4.061500567e+06|6.933017187e+10|7.010873244e+10|7.111788244e+10|2.000000|2.000000|2.000000
4.073238322e+06|6.881128219e+10|6.959539212e+10|7.060683368e+10|2.000000|2.000000|2.000000
4.082475746e+06|6.840292432e+10|6.919140151e+10|7.020464650e+10|2.000000|2.000000|2.000000
4.089657490e+06|6.808544175e+10|6.887731431e+10|6.989196139e+10|2.000000|2.000000|2.000000
4.095462582e+06|6.782881662e+10|6.862343371e+10|6.963921411e+10|2.000000|2.000000|2.000000
4.100335643e+06|6.761339377e+10|6.841031473e+10|6.942704650e+10|2.000000|2.000000|2.000000
4.105631985e+06|6.737925890e+10|6.817868386e+10|6.919644963e+10|2.000000|2.000000|2.000000
4.109987037e+06|6.718673557e+10|6.798821951e+10|6.900683552e+10|2.000000|2.000000|2.000000
4.114539724e+06|6.698547544e+10|6.778911180e+10|6.880861662e+10|2.000000|2.000000|2.000000
4.119572574e+06|6.676298874e+10|6.756900452e+10|6.858949191e+10|2.000000|2.000000|2.000000
4.125225366e+06|6.651309638e+10|6.732178468e+10|6.834337566e+10|2.000000|2.000000|2.000000
4.130502665e+06|6.627980335e+10|6.709098664e+10|6.811360791e+10|2.000000|2.000000|2.000000
4.136687160e+06|6.600640603e+10|6.682051322e+10|6.784434189e+10|2.000000|2.000000|2.000000
4.143154702e+06|6.572049609e+10|6.653766100e+10|6.756275232e+10|2.000000|2.000000|2.000000
4.151124395e+06|6.536818070e+10|6.618911351e+10|6.721576076e+10|2.000000|2.000000|2.000000
4.158144907e+06|6.505926658e+10|6.588344783e+10|6.691141168e+10|3.000000|3.000000|3.000000
4.165083450e+06|6.475482427e+10|6.558217376e+10|6.661140654e+10|3.000000|3.000000|3.000000
4.173364628e+06|6.439277120e+10|6.522383855e+10|6.625453740e+10|3.000000|3.000000|3.000000
4.183731187e+06|6.394153405e+10|6.477715877e+10|6.580961906e+10|3.000000|3.000000|3.000000
4.194193986e+06|6.348834286e+10|6.432845893e+10|6.536261437e+10|3.000000|3.000000|3.000000
4.204308117e+06|6.305238173e+10|6.389673675e+10|6.493245253e+10|3.000000|3.000000|3.000000
4.214774575e+06|6.260342889e+10|6.345206493e+10|6.448931496e+10|3.000000|3.000000|3.000000
4.226080933e+06|6.212094919e+10|6.297409000e+10|6.401290615e+10|3.000000|3.000000|3.000000
4.237566653e+06|6.163346509e+10|6.249105572e+10|6.353136661e+10|3.000000|3.000000|3.000000
4.249140467e+06|6.114493351e+10|6.200688020e+10|6.304860000e+10|3.000000|3.000000|3.000000
4.257857664e+06|6.077875780e+10|6.164390128e+10|6.268661828e+10|3.000000|3.000000|3.000000
4.265173277e+06|6.047263271e+10|6.134040355e+10|6.238391528e+10|3.000000|3.000000|3.000000
4.271605267e+06|6.020436732e+10|6.107440660e+10|6.211858550e+10|3.000000|3.000000|3.000000
4.277226989e+06|5.997057271e+10|6.084256295e+10|6.188730087e+10|3.000000|3.000000|3.000000
4.281777843e+06|5.978177423e+10|6.065532221e+10|6.170049627e+10|3.000000|3.000000|3.000000
4.286318795e+06|5.959379711e+10|6.046888026e+10|6.151447496e+10|3.000000|3.000000|3.000000
4.291416274e+06|5.938326990e+10|6.026005362e+10|6.130610324e+10|3.000000|3.000000|3.000000
4.296723886e+06|5.916461170e+10|6.004314060e+10|6.108964456e+10|3.000000|3.000000|3.000000
4.302185434e+06|5.894019400e+10|5.982049166e+10|6.086744262e+10|3.000000|3.000000|3.000000
4.308171434e+06|5.869490332e+10|5.957710821e+10|6.062452531e+10|3.000000|3.000000|3.000000
4.313990134e+06|5.845714564e+10|5.934117312e+10|6.038901957e+10|3.000000|3.000000|3.000000
4.319975359e+06|5.821327908e+10|5.909914923e+10|6.014741301e+10|3.000000|3.000000|3.000000
4.326699564e+06|5.794014255e+10|5.882804423e+10|5.987674759e+10|3.000000|3.000000|3.000000
4.334542025e+06|5.762270253e+10|5.851292219e+10|5.956209930e+10|3.000000|3.000000|3.000000
4.342356244e+06|5.730760223e+10|5.820007677e+10|5.924968447e+10|3.000000|3.000000|3.000000
4.350781650e+06|5.696919124e+10|5.786403612e+10|5.891406202e+10|3.000000|3.000000|3.000000
4.360088179e+06|5.659699492e+10|5.749438505e+10|5.854481768e+10|3.000000|3.000000|3.000000
4.369711807e+06|5.621388406e+10|5.711382612e+10|5.816461882e+10|3.000000|3.000000|3.000000
4.378723161e+06|5.585677163e+10|5.675902996e+10|5.781010445e+10|3.000000|3.000000|3.000000
4.389730200e+06|5.542269624e+10|5.632768834e+10|5.737903492e+10|3.000000|3.000000|3.000000
4.400712219e+06|5.499192804e+10|5.589954384e+10|5.695108351e+10|3.000000|3.000000|3.000000
4.411043115e+06|5.458880860e+10|5.549879858e+10|5.655044904e+10|3.000000|3.000000|3.000000
4.420776022e+06|5.421088694e+10|5.512303100e+10|5.617472349e+10|3.000000|3.000000|3.000000
4.429028292e+06|5.389186963e+10|5.480577765e+10|5.585745877e+10|3.000000|3.000000|3.000000
4.436471896e+06|5.360522258e+10|5.452067288e+10|5.557230697e+10|3.000000|3.000000|3.000000
4.443654300e+06|5.332962851e+10|5.424652333e+10|5.529807919e+10|3.000000|3.000000|3.000000
4.449877056e+06|5.309164472e+10|5.400975656e+10|5.506121871e+10|3.000000|3.000000|3.000000
4.455851410e+06|5.286384769e+10|5.378309801e+10|5.483444763e+10|3.000000|3.000000|3.000000
4.460632719e+06|5.268202427e+10|5.360216464e+10|5.465340837e+10|3.000000|3.000000|3.000000
4.465926320e+06|5.248122035e+10|5.340232439e+10|5.445343453e+10|3.000000|3.000000|3.000000
4.471185030e+06|5.228226024e+10|5.320429903e+10|5.425525952e+10|3.000000|3.000000|3.000000
4.476825947e+06|5.206941510e+10|5.299243170e+10|5.404321296e+10|3.000000|3.000000|3.000000
4.483478544e+06|5.181916088e+10|5.274329770e+10|5.379384286e+10|3.000000|3.000000|3.000000
4.488976626e+06|5.161295961e+10|5.253799544e+10|5.358832535e+10|3.000000|3.000000|3.000000
4.495461932e+06|5.137045646e+10|5.229652168e+10|5.334657441e+10|3.000000|3.000000|3.000000
4.502784741e+06|5.109757576e+10|5.202476314e+10|5.307447277e+10|3.000000|3.000000|3.000000
4.508931829e+06|5.086927493e+10|5.179737155e+10|5.284676864e+10|3.000000|3.000000|3.000000
4.515930127e+06|5.061021101e+10|5.153930662e+10|5.258832077e+10|3.000000|3.000000|3.000000
4.523793371e+06|5.032020637e+10|5.125037872e+10|5.229892837e+10|3.000000|3.000000|3.000000
4.533197141e+06|4.997487941e+10|5.090627631e+10|5.195422322e+10|3.000000|3.000000|3.000000
4.543372178e+06|4.960305720e+10|5.053570220e+10|5.158293941e+10|3.000000|3.000000|3.000000
4.552134131e+06|4.928439006e+10|5.021804625e+10|5.126462479e+10|3.000000|3.000000|3.000000
4.560932673e+06|4.896580084e+10|4.990041366e+10|5.094628686e+10|3.000000|3.000000|3.000000
4.569458267e+06|4.865843759e+10|4.959392156e+10|5.063906963e+10|3.000000|3.000000|3.000000
4.579145785e+06|4.831078415e+10|4.924719179e+10|5.029146652e+10|3.000000|3.000000|3.000000
4.590016220e+06|4.792269884e+10|4.886005974e+10|4.990329244e+10|3.000000|3.000000|3.000000
4.598400832e+06|4.762481397e+10|4.856285048e+10|4.960523499e+10|3.000000|3.000000|3.000000
4.607593804e+06|4.729966092e+10|4.823837892e+10|4.927978934e+10|3.000000|3.000000|3.000000
4.615254988e+06|4.702984300e+10|4.796908189e+10|4.900964552e+10|3.000000|3.000000|3.000000
4.622408536e+06|4.677884980e+10|4.771853672e+10|4.875828114e+10|3.000000|3.000000|3.000000
4.628238290e+06|4.657497834e+10|4.751500313e+10|4.855405969e+10|3.000000|3.000000|3.000000
4.634712638e+06|4.634927312e+10|4.728964462e+10|4.832791606e+10|3.000000|3.000000|3.000000
4.640317585e+06|4.615447726e+10|4.709512477e+10|4.813269862e+10|3.000000|3.000000|3.000000
4.645864316e+06|4.596225245e+10|4.690315118e+10|4.794001838e+10|3.000000|3.000000|3.000000
4.651283623e+06|4.577496891e+10|4.671609211e+10|4.775225333e+10|3.000000|3.000000|3.000000
4.657232979e+06|4.556996442e+10|4.651131027e+10|4.754667884e+10|3.000000|3.000000|3.000000
4.662520817e+06|4.538827805e+10|4.632980101e+10|4.736444963e+10|3.000000|3.000000|3.000000
4.668761492e+06|4.517448527e+10|4.611619219e+10|4.714997259e+10|3.000000|3.000000|3.000000
4.674794922e+06|4.496844194e+10|4.591030106e+10|4.694322306e+10|3.000000|3.000000|3.000000
4.681078419e+06|4.475453635e+10|4.569652729e+10|4.672853555e+10|3.000000|3.000000|3.000000
4.688086039e+06|4.451679353e+10|4.545889954e+10|4.648986513e+10|3.000000|3.000000|3.000000
4.695945834e+06|4.425115802e+10|4.519335325e+10|4.622311991e+10|3.000000|3.000000|3.000000
4.703928633e+06|4.398246482e+10|4.492470784e+10|4.595322513e+10|3.000000|3.000000|3.000000
4.711256295e+06|4.373679575e+10|4.467904486e+10|4.570638743e+10|3.000000|3.000000|3.000000
4.719119994e+06|4.347418855e+10|4.441640424e+10|4.544245666e+10|3.000000|3.000000|3.000000
4.729216182e+06|4.313859154e+10|4.408070412e+10|4.510505571e+10|3.000000|3.000000|3.000000
4.738798643e+06|4.282169213e+10|4.376364470e+10|4.478633620e+10|3.000000|3.000000|3.000000
4.748345601e+06|4.250753194e+10|4.344926542e+10|4.447025902e+10|3.000000|3.000000|3.000000
4.758504918e+06|4.217493107e+10|4.311636652e+10|4.413550558e+10|3.000000|3.000000|3.000000
4.768029005e+06|4.186472276e+10|4.280581856e+10|4.382317473e+10|3.000000|3.000000|3.000000
4.776374011e+06|4.159418381e+10|4.253493447e+10|4.355069355e+10|3.000000|3.000000|3.000000
4.785005932e+06|4.131558336e+10|4.225593063e+10|4.327000368e+10|3.000000|3.000000|3.000000
4.792257922e+06|4.108249310e+10|4.202246529e+10|4.303509529e+10|3.000000|3.000000|3.000000
4.799327016e+06|4.085613351e+10|4.179570848e+10|4.280690867e+10|3.000000|3.000000|3.000000
4.806482626e+06|4.062785828e+10|4.156699959e+10|4.257672934e+10|3.000000|3.000000|3.000000
4.812682662e+06|4.043076107e+10|4.136950110e+10|4.237793810e+10|3.000000|3.000000|3.000000
4.818835702e+06|4.023579320e+10|4.117411170e+10|4.218124869e+10|3.000000|3.000000|3.000000
4.825041420e+06|4.003979591e+10|4.097766588e+10|4.198347464e+10|3.000000|3.000000|3.000000
4.831069446e+06|3.985002459e+10|4.078743651e+10|4.179193873e+10|3.000000|3.000000|3.000000
4.836323637e+06|3.968510723e+10|4.062210202e+10|4.162545236e+10|3.000000|3.000000|3.000000
4.841646880e+06|3.951848939e+10|4.045504467e+10|4.145721565e+10|3.000000|3.000000|3.000000
4.847220976e+06|3.934452257e+10|4.028059947e+10|4.128152229e+10|3.000000|3.000000|3.000000
4.853826136e+06|3.913904092e+10|4.007452705e+10|4.107395340e+10|3.000000|3.000000|3.000000
4.859964990e+06|3.894871060e+10|3.988362455e+10|4.088164322e+10|3.000000|3.000000|3.000000
4.867317252e+06|3.872157529e+10|3.965577481e+10|4.065208635e+10|3.000000|3.000000|3.000000
4.874328406e+06|3.850580424e+10|3.943929308e+10|4.043395530e+10|3.000000|3.000000|3.000000
4.881484066e+06|3.828641571e+10|3.921914982e+10|4.021210734e+10|3.000000|3.000000|3.000000
4.890309839e+06|3.801697395e+10|3.894873654e+10|3.993956197e+10|3.000000|3.000000|3.000000
4.898352255e+06|3.777255174e+10|3.870339026e+10|3.969224467e+10|3.000000|3.000000|3.000000
4.907471949e+06|3.749665973e+10|3.842640598e+10|3.941299317e+10|3.000000|3.000000|3.000000
4.915398550e+06|3.725795520e+10|3.818671406e+10|3.917130307e+10|3.000000|3.000000|3.000000
4.924905620e+06|3.697299334e+10|3.790052164e+10|3.888268057e+10|3.000000|3.000000|3.000000
4.934412263e+06|3.668949831e+10|3.761574607e+10|3.859543884e+10|3.000000|3.000000|3.000000
4.943083404e+06|3.643218256e+10|3.735721906e+10|3.833463116e+10|3.000000|3.000000|3.000000
4.952194135e+06|3.616311702e+10|3.708683676e+10|3.806182075e+10|3.000000|3.000000|3.000000
4.961973484e+06|3.587577732e+10|3.679803384e+10|3.777037560e+10|3.000000|3.000000|3.000000
4.970208632e+06|3.563498823e+10|3.655597289e+10|3.752606106e+10|3.000000|3.000000|3.000000
4.977659129e+06|3.541806730e+10|3.633787028e+10|3.730589729e+10|3.000000|3.000000|3.000000
4.984433797e+06|3.522158443e+10|3.614028755e+10|3.710642211e+10|3.000000|3.000000|3.000000
4.990586175e+06|3.504377634e+10|3.596145980e+10|3.692586081e+10|3.000000|3.000000|3.000000
4.997241317e+06|3.485210827e+10|3.576866658e+10|3.673117647e+10|3.000000|3.000000|3.000000
5.003375983e+06|3.467604549e+10|3.559154639e+10|3.655229851e+10|3.000000|3.000000|3.000000
5.009181676e+06|3.450996687e+10|3.542444923e+10|3.638352510e+10|3.000000|3.000000|3.000000
5.014806446e+06|3.434956607e+10|3.526304523e+10|3.622048531e+10|3.000000|3.000000|3.000000
5.021616249e+06|3.415603203e+10|3.506827513e+10|3.602371943e+10|3.000000|3.000000|3.000000
5.028333897e+06|3.396582395e+10|3.487682478e+10|3.583028392e+10|3.000000|3.000000|3.000000
5.034453099e+06|3.379317037e+10|3.470301991e+10|3.565465668e+10|3.000000|3.000000|3.000000
5.041218443e+06|3.360296085e+10|3.451151584e+10|3.546112231e+10|3.000000|3.000000|3.000000
5.048241299e+06|3.340625939e+10|3.431344659e+10|3.526092841e+10|3.000000|3.000000|3.000000
5.054777787e+06|3.322386362e+10|3.412975598e+10|3.507524478e+10|3.000000|3.000000|3.000000
5.061351493e+06|3.304109196e+10|3.394566107e+10|3.488913054e+10|3.000000|3.000000|3.000000
5.068654195e+06|3.283882907e+10|3.374190363e+10|3.468311237e+10|3.000000|3.000000|3.000000
5.076723469e+06|3.261628349e+10|3.351767677e+10|3.445636627e+10|3.000000|3.000000|3.000000
5.084996853e+06|3.238914034e+10|3.328877755e+10|3.422486119e+10|3.000000|3.000000|3.000000
5.094669972e+06|3.212488841e+10|3.302243138e+10|3.395543920e+10|3.000000|3.000000|3.000000
5.103939452e+06|3.187299457e+10|3.276848953e+10|3.369852076e+10|3.000000|3.000000|3.000000
5.113265773e+06|3.162086673e+10|3.251426089e+10|3.344126883e+10|3.000000|3.000000|3.000000
5.121303822e+06|3.140461756e+10|3.229616901e+10|3.322054864e+10|3.000000|3.000000|3.000000
5.129739755e+06|3.117870784e+10|3.206829370e+10|3.298989259e+10|3.000000|3.000000|3.000000
5.137772209e+06|3.096459370e+10|3.185227810e+10|3.277120822e+10|3.000000|3.000000|3.000000
5.146112255e+06|3.074329994e+10|3.162897949e+10|3.254511715e+10|3.000000|3.000000|3.000000
5.154536011e+06|3.052083640e+10|3.140445962e+10|3.231775479e+10|3.000000|3.000000|3.000000
5.161600387e+06|3.033508510e+10|3.121695976e+10|3.212785425e+10|3.000000|3.000000|3.000000
5.169663621e+06|3.012397279e+10|3.100382503e+10|3.191196077e+10|3.000000|3.000000|3.000000
5.177351421e+06|2.992358417e+10|3.080148194e+10|3.170696906e+10|3.000000|3.000000|3.000000
5.184738990e+06|2.973184133e+10|3.060783707e+10|3.151076230e+10|3.000000|3.000000|3.000000
5.190438546e+06|2.958445839e+10|3.045897080e+10|3.135990844e+10|3.000000|3.000000|3.000000
5.196932751e+06|2.941710711e+10|3.028991264e+10|3.118857389e+10|3.000000|3.000000|3.000000
5.203173120e+06|2.925687809e+10|3.012802676e+10|3.102448899e+10|3.000000|3.000000|3.000000
5.210230315e+06|2.907636056e+10|2.994561593e+10|3.083957770e+10|3.000000|3.000000|3.000000
5.216742097e+06|2.891043723e+10|2.977792735e+10|3.066956919e+10|3.000000|3.000000|3.000000
5.224406235e+06|2.871593995e+10|2.958133010e+10|3.047022601e+10|3.000000|3.000000|3.000000
5.230922646e+06|2.855123829e+10|2.941482412e+10|3.030137227e+10|3.000000|3.000000|3.000000
5.237788632e+06|2.837836474e+10|2.924003088e+10|3.012409246e+10|3.000000|3.000000|3.000000
5.245328435e+06|2.818930815e+10|2.904884443e+10|2.993016037e+10|3.000000|3.000000|3.000000
5.252348902e+06|2.801400816e+10|2.887154095e+10|2.975028634e+10|3.000000|3.000000|3.000000
5.260608835e+06|2.780866332e+10|2.866381400e+10|2.953951787e+10|3.000000|3.000000|3.000000
5.268151689e+06|2.762199713e+10|2.847494921e+10|2.934785957e+10|3.000000|3.000000|3.000000
5.276064238e+06|2.742705338e+10|2.827767541e+10|2.914763909e+10|3.000000|3.000000|3.000000
5.283194501e+06|2.725214525e+10|2.810064700e+10|2.896794120e+10|3.000000|3.000000|3.000000
5.291127730e+06|2.705838690e+10|2.790450686e+10|2.876881540e+10|3.000000|3.000000|3.000000
5.300030612e+06|2.684200528e+10|2.768542408e+10|2.854636272e+10|3.000000|3.000000|3.000000
5.310720727e+06|2.658366058e+10|2.742379693e+10|2.828066254e+10|3.000000|3.000000|3.000000
5.319273588e+06|2.637812137e+10|2.721560118e+10|2.806918742e+10|3.000000|3.000000|3.000000
5.328541335e+06|2.615655744e+10|2.699112857e+10|2.784114090e+10|3.000000|3.000000|3.000000
5.336437371e+06|2.596873194e+10|2.680080045e+10|2.764775127e+10|3.000000|3.000000|3.000000
5.344004640e+06|2.578954033e+10|2.661918953e+10|2.746319218e+10|3.000000|3.000000|3.000000
5.352809157e+06|2.558204996e+10|2.640885883e+10|2.724941406e+10|3.000000|3.000000|3.000000
5.361369915e+06|2.538133131e+10|2.620535247e+10|2.704253821e+10|3.000000|3.000000|3.000000
5.368872897e+06|2.520624394e+10|2.602780097e+10|2.686201952e+10|3.000000|3.000000|3.000000
5.376093597e+06|2.503847410e+10|2.585764148e+10|2.668899223e+10|3.000000|3.000000|3.000000
5.382788746e+06|2.488355353e+10|2.570048935e+10|2.652917043e+10|3.000000|3.000000|3.000000
5.389665238e+06|2.472507457e+10|2.553970268e+10|2.636563127e+10|3.000000|3.000000|3.000000
5.396112961e+06|2.457706287e+10|2.538951281e+10|2.621285095e+10|3.000000|3.000000|3.000000
5.402925526e+06|2.442129029e+10|2.523142385e+10|2.605201498e+10|3.000000|3.000000|3.000000
5.410111098e+06|2.425767096e+10|2.506534481e+10|2.588302756e+10|3.000000|3.000000|3.000000
5.417072081e+06|2.409983183e+10|2.490510684e+10|2.571996147e+10|3.000000|3.000000|3.000000
5.424781797e+06|2.392577848e+10|2.472837841e+10|2.554008865e+10|3.000000|3.000000|3.000000
5.432399236e+06|2.375459395e+10|2.455453219e+10|2.536312336e+10|3.000000|3.000000|3.000000
5.439822461e+06|2.358852306e+10|2.438584984e+10|2.519138984e+10|3.000000|3.000000|3.000000
5.447169412e+06|2.342488465e+10|2.421960985e+10|2.502211886e+10|3.000000|3.000000|3.000000
5.455227514e+06|2.324623506e+10|2.403808765e+10|2.483725966e+10|3.000000|3.000000|3.000000
5.463228354e+06|2.306970974e+10|2.385869045e+10|2.465453629e+10|3.000000|3.000000|3.000000
5.471999238e+06|2.287717032e+10|2.366298048e+10|2.445516546e+10|3.000000|3.000000|3.000000
5.479893537e+06|2.270474366e+10|2.348768046e+10|2.427655762e+10|3.000000|3.000000|3.000000
5.488715863e+06|2.251301912e+10|2.329272295e+10|2.407788925e+10|3.000000|3.000000|3.000000
5.497054833e+06|2.233273905e+10|2.310936612e+10|2.389101131e+10|3.000000|3.000000|3.000000
5.506674001e+06|2.212591357e+10|2.289896659e+10|2.367653399e+10|3.000000|3.000000|3.000000
5.515265563e+06|2.194220423e+10|2.271204272e+10|2.348595357e+10|3.000000|3.000000|3.000000
5.524805537e+06|2.173934045e+10|2.250558522e+10|2.327542027e+10|3.000000|3.000000|3.000000
5.534792005e+06|2.152824598e+10|2.229070177e+10|2.305625293e+10|3.000000|3.000000|3.000000
5.543449017e+06|2.134629596e+10|2.210544508e+10|2.286726857e+10|3.000000|3.000000|3.000000
5.552159863e+06|2.116418816e+10|2.191998963e+10|2.267804926e+10|3.000000|3.000000|3.000000
5.560357222e+06|2.099370444e+10|2.174633710e+10|2.250084305e+10|3.000000|3.000000|3.000000
5.567987568e+06|2.083578550e+10|2.158545264e+10|2.233664067e+10|3.000000|3.000000|3.000000
5.575245731e+06|2.068625840e+10|2.143309060e+10|2.218111370e+10|3.000000|3.000000|3.000000
5.582243207e+06|2.054273615e+10|2.128682238e+10|2.203178616e+10|3.000000|3.000000|3.000000
5.589410009e+06|2.039638470e+10|2.113764559e+10|2.187946795e+10|3.000000|3.000000|3.000000
5.597857271e+06|2.022471937e+10|2.096263352e+10|2.170074283e+10|3.000000|3.000000|3.000000
5.605846609e+06|2.006318793e+10|2.079792045e+10|2.153250786e+10|3.000000|3.000000|3.000000
5.614419314e+06|1.989075407e+10|2.062205523e+10|2.135285280e+10|3.000000|3.000000|3.000000
5.622000386e+06|1.973903349e+10|2.046728536e+10|2.119472233e+10|3.000000|3.000000|3.000000
5.629015997e+06|1.959926926e+10|2.032468704e+10|2.104900656e+10|3.000000|3.000000|3.000000
5.637833863e+06|1.942447029e+10|2.014630943e+10|2.086670056e+10|3.000000|3.000000|3.000000
5.645915106e+06|1.926512159e+10|1.998366511e+10|2.070044632e+10|3.000000|3.000000|3.000000
5.653351579e+06|1.911920098e+10|1.983469856e+10|2.054814982e+10|3.000000|3.000000|3.000000
5.662271125e+06|1.894507935e+10|1.965690697e+10|2.036635418e+10|3.000000|3.000000|3.000000
5.670549056e+06|1.878435857e+10|1.949276430e+10|2.019848591e+10|3.000000|3.000000|3.000000
5.679368479e+06|1.861404887e+10|1.931879224e+10|2.002053460e+10|3.000000|3.000000|3.000000
5.689187714e+06|1.842555018e+10|1.912619613e+10|1.982349632e+10|3.000000|3.000000|3.000000
5.699872929e+06|1.822176087e+10|1.891792466e+10|1.961037708e+10|3.000000|3.000000|3.000000
5.709205433e+06|1.804490325e+10|1.873713271e+10|1.942533956e+10|3.000000|3.000000|3.000000
5.717966796e+06|1.787982673e+10|1.856834630e+10|1.925255786e+10|3.000000|3.000000|3.000000
5.727774479e+06|1.769613218e+10|1.838048034e+10|1.906020876e+10|3.000000|3.000000|3.000000
5.737349802e+06|1.751790264e+10|1.819815973e+10|1.887350057e+10|3.000000|3.000000|3.000000
5.747654378e+06|1.732732294e+10|1.800315734e+10|1.867376497e+10|3.000000|3.000000|3.000000
5.756244439e+06|1.716941859e+10|1.784155058e+10|1.850820367e+10|3.000000|3.000000|3.000000
5.765386976e+06|1.700231987e+10|1.767049602e+10|1.833293160e+10|3.000000|3.000000|3.000000
5.774842653e+06|1.683053699e+10|1.749460550e+10|1.815266999e+10|3.000000|3.000000|3.000000
5.783763499e+06|1.666943564e+10|1.732961391e+10|1.798354626e+10|3.000000|3.000000|3.000000
5.792839263e+06|1.650649484e+10|1.716270071e+10|1.781242111e+10|3.000000|3.000000|3.000000
5.801227861e+06|1.635674747e+10|1.700926883e+10|1.765508915e+10|3.000000|3.000000|3.000000
5.809768664e+06|1.620512549e+10|1.685388301e+10|1.749572572e+10|3.000000|3.000000|3.000000
5.818278653e+06|1.605489311e+10|1.669988806e+10|1.733776090e+10|3.000000|3.000000|3.000000
5.826067998e+06|1.591811755e+10|1.655965798e+10|1.719389148e+10|3.000000|3.000000|3.000000
5.834498436e+06|1.577087369e+10|1.640866407e+10|1.703895280e+10|3.000000|3.000000|3.000000
5.842551988e+06|1.563097584e+10|1.626517313e+10|1.689168784e+10|3.000000|3.000000|3.000000
5.850938057e+06|1.548609203e+10|1.611653699e+10|1.673911622e+10|3.000000|3.000000|3.000000
5.860581675e+06|1.532047502e+10|1.594659148e+10|1.656463815e+10|3.000000|3.000000|3.000000
5.869833694e+06|1.516257818e+10|1.578452863e+10|1.639822008e+10|3.000000|3.000000|3.000000
5.880105514e+06|1.498841416e+10|1.560572450e+10|1.621457322e+10|3.000000|3.000000|3.000000
5.889420384e+06|1.483150608e+10|1.544459535e+10|1.604904596e+10|3.000000|3.000000|3.000000
5.899119775e+06|1.466915826e+10|1.527783913e+10|1.587770370e+10|3.000000|3.000000|3.000000
5.909438980e+06|1.449759358e+10|1.510157002e+10|1.569654864e+10|3.000000|3.000000|3.000000
5.921016762e+06|1.430651869e+10|1.490519981e+10|1.549468852e+10|3.000000|3.000000|3.000000
5.933202736e+06|1.410701491e+10|1.470010354e+10|1.528380519e+10|3.000000|3.000000|3.000000
5.944640724e+06|1.392125064e+10|1.450907285e+10|1.508733490e+10|3.000000|3.000000|3.000000
5.953693699e+06|1.377524234e+10|1.435888480e+10|1.493283645e+10|3.000000|3.000000|3.000000
5.964233790e+06|1.360638139e+10|1.418514508e+10|1.475407292e+10|3.000000|3.000000|3.000000
5.974092347e+06|1.344953704e+10|1.402372567e+10|1.458794959e+10|3.000000|3.000000|3.000000
5.984043109e+06|1.329229744e+10|1.386185700e+10|1.442132843e+10|3.000000|3.000000|3.000000
5.993185192e+06|1.314878168e+10|1.371407871e+10|1.426918002e+10|3.000000|3.000000|3.000000
6.003784253e+06|1.298352230e+10|1.354386625e+10|1.409389665e+10|3.000000|3.000000|3.000000
6.013672520e+06|1.283043383e+10|1.338614630e+10|1.393144190e+10|3.000000|3.000000|3.000000
6.023248903e+06|1.268317116e+10|1.323438883e+10|1.377509557e+10|3.000000|3.000000|3.000000
6.032787299e+06|1.253746422e+10|1.308419600e+10|1.362032898e+10|3.000000|3.000000|3.000000
6.042794518e+06|1.238563381e+10|1.292764992e+10|1.345898128e+10|3.000000|3.000000|3.000000
6.053544974e+06|1.222370649e+10|1.276064649e+10|1.328681635e+10|3.000000|3.000000|3.000000
6.064435327e+06|1.206091232e+10|1.259269973e+10|1.311363785e+10|3.000000|3.000000|3.000000
6.074636498e+06|1.190954775e+10|1.243649951e+10|1.295253440e+10|3.000000|3.000000|3.000000
6.085622503e+06|1.174775213e+10|1.226948670e+10|1.278023869e+10|3.000000|3.000000|3.000000
6.096732979e+06|1.158539840e+10|1.210184704e+10|1.260725401e+10|3.000000|3.000000|3.000000
6.108029984e+06|1.142162760e+10|1.193269209e+10|1.243266232e+10|3.000000|3.000000|3.000000
6.119633292e+06|1.125478358e+10|1.176030844e+10|1.225469279e+10|3.000000|3.000000|3.000000
6.131060863e+06|1.109181424e+10|1.159187441e+10|1.208075614e+10|3.000000|3.000000|3.000000
6.143528550e+06|1.091552981e+10|1.140961831e+10|1.189249549e+10|3.000000|3.000000|3.000000
6.155316009e+06|1.075031297e+10|1.123874690e+10|1.171594647e+10|3.000000|3.000000|3.000000
6.165922474e+06|1.060284777e+10|1.108618684e+10|1.155827744e+10|3.000000|3.000000|3.000000
6.178011386e+06|1.043614927e+10|1.091367398e+10|1.137994166e+10|3.000000|3.000000|3.000000
6.189836377e+06|1.027450318e+10|1.074633329e+10|1.120690567e+10|3.000000|3.000000|3.000000
6.201103013e+06|1.012178338e+10|1.058818164e+10|1.104332847e+10|3.000000|3.000000|3.000000
6.212119332e+06|9.973671374e+09|1.043475308e+10|1.088459598e+10|3.000000|3.000000|3.000000
6.223951126e+06|9.815926834e+09|1.027129293e+10|1.071544084e+10|3.000000|3.000000|3.000000
6.234662426e+06|9.674304532e+09|1.012449178e+10|1.056348572e+10|3.000000|3.000000|3.000000
6.244827158e+06|9.540944076e+09|9.986213088e+09|1.042031780e+10|3.000000|3.000000|3.000000
6.258114753e+06|9.368124904e+09|9.806959826e+09|1.023467619e+10|3.000000|3.000000|3.000000
6.271245117e+06|9.199026050e+09|9.631498211e+09|1.005290558e+10|3.000000|3.000000|3.000000
6.283588793e+06|9.041568845e+09|9.468055672e+09|9.883535909e+09|3.000000|3.000000|3.000000
6.295850907e+06|8.886593475e+09|9.307131408e+09|9.716727804e+09|3.000000|3.000000|3.000000
6.308481935e+06|8.728449671e+09|9.142857030e+09|9.546397290e+09|3.000000|3.000000|3.000000
6.320896828e+06|8.574481577e+09|8.982861119e+09|9.380453961e+09|3.000000|3.000000|3.000000
6.333665817e+06|8.417633652e+09|8.819811783e+09|9.211293272e+09|3.000000|3.000000|3.000000
6.347269947e+06|8.252204381e+09|8.647774267e+09|9.032751545e+09|3.000000|3.000000|3.000000
6.361309098e+06|8.083288657e+09|8.472038343e+09|8.850311384e+09|3.000000|3.000000|3.000000
6.374860459e+06|7.921969068e+09|8.304135586e+09|8.675945532e+09|3.000000|3.000000|3.000000
6.388259213e+06|7.764124278e+09|8.139782471e+09|8.505210541e+09|3.000000|3.000000|3.000000
6.400977986e+06|7.615806590e+09|7.985287978e+09|8.344666259e+09|3.000000|3.000000|3.000000
6.415693066e+06|7.446041343e+09|7.808378629e+09|8.160768100e+09|3.000000|3.000000|3.000000
6.428594793e+06|7.298803853e+09|7.654879967e+09|8.001151650e+09|3.000000|3.000000|3.000000
6.440897743e+06|7.159790476e+09|7.509898752e+09|7.850345506e+09|3.000000|3.000000|3.000000
6.454180176e+06|7.011225250e+09|7.354894131e+09|7.689062432e+09|3.000000|3.000000|3.000000
6.470441060e+06|6.831474895e+09|7.167266288e+09|7.493763362e+09|3.000000|3.000000|3.000000
6.486477753e+06|6.656482854e+09|6.984512681e+09|7.303461345e+09|3.000000|3.000000|3.000000
6.500263153e+06|6.507854250e+09|6.829218692e+09|7.141692768e+09|3.000000|3.000000|3.000000
6.513730800e+06|6.364245862e+09|6.679105076e+09|6.985266940e+09|3.000000|3.000000|3.000000
6.527929225e+06|6.214540793e+09|6.522549429e+09|6.822071142e+09|3.000000|3.000000|3.000000
6.543772317e+06|6.049536007e+09|6.349910611e+09|6.642041321e+09|3.000000|3.000000|3.000000
6.558403952e+06|5.899048015e+09|6.192382557e+09|6.477705193e+09|3.000000|3.000000|3.000000
6.572800166e+06|5.752749570e+09|6.039167646e+09|6.317808975e+09|3.000000|3.000000|3.000000
6.589566708e+06|5.584558689e+09|5.862935338e+09|6.133817553e+09|3.000000|3.000000|3.000000
6.605707636e+06|5.424859510e+09|5.695509811e+09|5.958945820e+09|3.000000|3.000000|3.000000
6.624171664e+06|5.244820278e+09|5.506651531e+09|5.761598744e+09|3.000000|3.000000|3.000000
6.642827650e+06|5.065752561e+09|5.318695409e+09|5.565098209e+09|3.000000|3.000000|3.000000
6.661376002e+06|4.890527095e+09|5.134656495e+09|5.372597815e+09|3.000000|3.000000|3.000000
6.678913374e+06|4.727406815e+09|4.963226129e+09|5.193198999e+09|3.000000|3.000000|3.000000
6.700264549e+06|4.532135113e+09|4.757869051e+09|4.978183713e+09|3.000000|3.000000|3.000000
6.723065418e+06|4.327594054e+09|4.542598718e+09|4.752653411e+09|3.000000|3.000000|3.000000
6.742080099e+06|4.160137674e+09|4.366228761e+09|4.567771230e+09|3.000000|3.000000|3.000000
6.758105058e+06|4.021194092e+09|4.219798280e+09|4.414198898e+09|3.000000|3.000000|3.000000
6.776891134e+06|3.860831632e+09|4.050689453e+09|4.236755847e+09|3.000000|3.000000|3.000000
6.798969958e+06|3.675808782e+09|3.855431065e+09|4.031756467e+09|3.000000|3.000000|3.000000
6.818535582e+06|3.514930251e+09|3.685523345e+09|3.853266618e+09|3.000000|3.000000|3.000000
6.842278767e+06|3.323552633e+09|3.483242940e+09|3.640636558e+09|3.000000|3.000000|3.000000
6.864178227e+06|3.150740383e+09|3.300429401e+09|3.448341755e+09|3.000000|3.000000|3.000000
6.888320758e+06|2.964301131e+09|3.103027957e+09|3.240561793e+09|3.000000|3.000000|3.000000
6.911937850e+06|2.786006603e+09|2.914076702e+09|3.041534759e+09|3.000000|3.000000|3.000000
6.936562306e+06|2.604361015e+09|2.721392918e+09|2.838428413e+09|3.000000|3.000000|3.000000
6.964545761e+06|2.403143651e+09|2.507725608e+09|2.613022261e+09|3.000000|3.000000|3.000000
6.993301435e+06|2.202066846e+09|2.293963354e+09|2.387317116e+09|3.000000|3.000000|3.000000
7.025113806e+06|1.986241235e+09|2.064236398e+09|2.144523129e+09|3.000000|3.000000|3.000000
7.057785639e+06|1.771717171e+09|1.835585907e+09|1.902615788e+09|3.000000|3.000000|3.000000
7.097931368e+06|1.517843098e+09|1.564571112e+09|1.615544441e+09|3.000000|3.000000|3.000000
7.136620943e+06|1.283132658e+09|1.313577390e+09|1.349326478e+09|3.000000|3.000000|3.000000
7.174658285e+06|1.061715643e+09|1.076385968e+09|1.097413303e+09|3.000000|3.000000|3.000000
7.210055259e+06|8.638242143e+08|8.640311543e+08|8.715831346e+08|3.000000|3.000000|3.000000
7.254993272e+06|6.236878019e+08|6.058432123e+08|5.966072195e+08|3.000000|3.000000|3.000000
7.301352623e+06|3.886768775e+08|3.525861795e+08|3.264153096e+08|3.000000|3.000000|3.000000
7.354209999e+06|1.360866627e+08|7.967559258e+07|3.468470043e+07|3.000000|3.000000|3.000000
7.405242860e+06|-9.267129646e+07|-1.681958368e+08|-2.308505612e+08|3.000000|3.000000|3.000000
7.469528467e+06|-3.603448253e+08|-4.592144607e+08|-5.433931829e+08|3.000000|3.000000|3.000000
7.544858640e+06|-6.459503019e+08|-7.710994510e+08|-8.794408295e+08|3.000000|3.000000|3.000000
7.630876394e+06|-9.366072370e+08|-1.090289067e+09|-1.224783410e+09|3.000000|3.000000|3.000000
7.741306104e+06|-1.257166059e+09|-1.445078735e+09|-1.610833744e+09|3.000000|3.000000|3.000000
7.846345755e+06|-1.510427830e+09|-1.728301533e+09|-1.921309222e+09|3.000000|3.000000|3.000000
7.962958739e+06|-1.736524202e+09|-1.984588480e+09|-2.204946072e+09|3.000000|3.000000|3.000000
8.133279707e+06|-1.971042879e+09|-2.257208341e+09|-2.511897181e+09|3.000000|3.000000|3.000000
8.317751936e+06|-2.109820094e+09|-2.429002731e+09|-2.713224180e+09|3.000000|3.000000|3.000000
8.550866215e+06|-2.136505581e+09|-2.484899085e+09|-2.794956992e+09|3.000000|3.000000|3.000000
8.873527104e+06|-1.948309196e+09|-2.313999998e+09|-2.638816613e+09|3.000000|3.000000|3.000000
9.313452107e+06|-1.381095050e+09|-1.728301450e+09|-2.035499458e+09|3.000000|3.000000|3.000000
9.909505242e+06|-2.793025790e+08|-5.313025270e+08|-7.525058731e+08|3.000000|3.000000|3.000000
1.084690543e+07|1.599914118e+09|1.619905535e+09|1.640373706e+09|3.000000|3.000000|3.000000
1.249593818e+07|3.496946185e+09|4.085910476e+09|4.604795135e+09|3.000000|3.000000|3.000000
1.582815147e+07|-1.271620592e+08|1.242546385e+08|3.433648486e+08|3.000000|3.000000|3.000000
1.920035629e+07|-1.553485262e+09|-2.491572497e+09|-3.300695995e+09|3.000000|3.000000|3.000000
