#PHASE|Nmant|Nmant/Nmanttot|Mmant|Mmant/Mmanttot|RRRminmant|RRRminmantEq|RRRmaxmant|RRRmaxmantEq|Ncore|Ncore/Ncoretot|Mcore|Mcore/Mcoretot|RRRmincore|RRRmaxcore|
0.000000000e+00|0.000000000e+00|0.000000000e+00|0.000000000e+00|0.000000000e+00|inf|inf|-inf|inf|0.000000000e+00|0.000000000e+00|0.000000000e+00|0.000000000e+00|inf|-inf
1.000000000e+00|5.828000000e+04|4.120533379e-01|1.778109399e+24|4.142678659e-01|3.302069090e+06|3.476801136e+06|1.162382254e+08|inf|5.828000000e+04|0.000000000e+00|0.000000000e+00|0.000000000e+00|inf|-inf
2.000000000e+00|9.300000000e+01|6.575319221e-04|2.710292006e+21|6.314498342e-04|3.300518948e+07|3.300518948e+07|2.011384976e+08|inf|9.300000000e+01|0.000000000e+00|0.000000000e+00|0.000000000e+00|inf|-inf
3.000000000e+00|2.609500000e+04|1.844978012e-01|7.953417019e+23|1.853004712e-01|3.510829291e+06|3.513840691e+06|1.816804534e+08|inf|2.609500000e+04|0.000000000e+00|0.000000000e+00|0.000000000e+00|inf|-inf
4.000000000e+00|3.705100000e+04|2.619593037e-01|1.122278350e+24|2.614708956e-01|3.584216568e+06|3.584216568e+06|1.817931278e+08|inf|3.705100000e+04|8.908902361e-01|1.699928922e+24|8.948674561e-01|6.569900920e+04|1.810612711e+08
5.000000000e+00|4.050000000e+02|2.863445467e-03|1.191885370e+22|2.776880931e-03|5.539996140e+06|5.539996140e+06|3.148086801e+08|inf|4.050000000e+02|3.318442884e-03|6.060933361e+21|3.190563998e-03|5.363767661e+06|1.813413632e+08
6.000000000e+00|1.800000000e+01|1.272642430e-04|5.286602539e+20|1.231684368e-04|7.918178784e+06|7.918178784e+06|2.189671981e+08|inf|1.800000000e+01|1.116783663e-04|2.040098657e+20|1.073937782e-04|7.330595398e+06|9.375672728e+06
7.000000000e+00|1.066000000e+03|7.536871279e-03|3.159391461e+22|7.360820199e-03|7.727398232e+06|7.997996968e+06|3.066748711e+08|inf|1.066000000e+03|5.839183153e-03|1.066501583e+22|5.614220373e-03|7.384546463e+06|1.328196339e+07
8.000000000e+00|1.843000000e+04|1.303044444e-01|5.496919502e+23|1.280684480e-01|3.838533460e+06|3.838533460e+06|1.000986178e+07|inf|1.843000000e+04|9.984045948e-02|1.827843684e+23|9.622036578e-02|2.017551560e+05|8.738849672e+06
