#PHASE|Nmant|Nmant/Nmanttot|Mmant|Mmant/Mmanttot|RRRminmant|RRRminmantEq|RRRmaxmant|RRRmaxmantEq|Ncore|Ncore/Ncoretot|Mcore|Mcore/Mcoretot|RRRmincore|RRRmaxcore|
0.000000000e+00|0.000000000e+00|0.000000000e+00|0.000000000e+00|0.000000000e+00|inf|inf|-inf|inf|0.000000000e+00|0.000000000e+00|0.000000000e+00|0.000000000e+00|inf|-inf
1.000000000e+00|0.000000000e+00|0.000000000e+00|0.000000000e+00|0.000000000e+00|inf|inf|-inf|inf|0.000000000e+00|0.000000000e+00|0.000000000e+00|0.000000000e+00|inf|-inf
2.000000000e+00|0.000000000e+00|0.000000000e+00|0.000000000e+00|0.000000000e+00|inf|inf|-inf|inf|0.000000000e+00|0.000000000e+00|0.000000000e+00|0.000000000e+00|inf|-inf
3.000000000e+00|0.000000000e+00|0.000000000e+00|0.000000000e+00|0.000000000e+00|inf|inf|-inf|inf|0.000000000e+00|0.000000000e+00|0.000000000e+00|0.000000000e+00|inf|-inf
4.000000000e+00|2.925700000e+04|2.051208346e-01|1.019149969e+24|2.037020624e-01|3.887903175e+06|3.913588605e+06|6.544098582e+06|inf|2.925700000e+04|0.000000000e+00|0.000000000e+00|0.000000000e+00|inf|-inf
5.000000000e+00|2.320000000e+02|1.626552060e-03|8.135399452e+21|1.626058674e-03|1.100390701e+07|2.925819107e+07|3.930382637e+08|inf|2.320000000e+02|0.000000000e+00|0.000000000e+00|0.000000000e+00|inf|-inf
6.000000000e+00|1.290000000e+02|9.044190335e-04|4.540745981e+21|9.075792075e-04|2.009600967e+07|3.066692619e+07|3.726492546e+08|inf|1.290000000e+02|0.000000000e+00|0.000000000e+00|0.000000000e+00|inf|-inf
7.000000000e+00|6.527000000e+03|4.576079869e-02|2.294636737e+23|4.586393073e-02|9.991022417e+06|1.004414552e+07|3.842806638e+08|inf|6.527000000e+03|1.404948001e-03|3.015455550e+21|1.388155403e-03|9.019963309e+06|3.201730126e+08
8.000000000e+00|1.064880000e+05|7.465873956e-01|3.741850371e+24|7.479003690e-01|3.890681452e+06|3.890681452e+06|1.011128997e+07|inf|1.064880000e+05|9.985950520e-01|2.169259740e+24|9.986118446e-01|7.719973231e+04|8.904538858e+06
