#PHASE|Nmant|Nmant/Nmanttot|Mmant|Mmant/Mmanttot|RRRminmant|RRRminmantEq|RRRmaxmant|RRRmaxmantEq|Ncore|Ncore/Ncoretot|Mcore|Mcore/Mcoretot|RRRmincore|RRRmaxcore|
0.000000000e+00|0.000000000e+00|0.000000000e+00|0.000000000e+00|0.000000000e+00|inf|inf|-inf|inf|0.000000000e+00|0.000000000e+00|0.000000000e+00|0.000000000e+00|inf|-inf
1.000000000e+00|0.000000000e+00|0.000000000e+00|0.000000000e+00|0.000000000e+00|inf|inf|-inf|inf|0.000000000e+00|0.000000000e+00|0.000000000e+00|0.000000000e+00|inf|-inf
2.000000000e+00|0.000000000e+00|0.000000000e+00|0.000000000e+00|0.000000000e+00|inf|inf|-inf|inf|0.000000000e+00|0.000000000e+00|0.000000000e+00|0.000000000e+00|inf|-inf
3.000000000e+00|0.000000000e+00|0.000000000e+00|0.000000000e+00|0.000000000e+00|inf|inf|-inf|inf|0.000000000e+00|0.000000000e+00|0.000000000e+00|0.000000000e+00|inf|-inf
4.000000000e+00|2.341500000e+04|1.623414891e-01|9.185810242e+23|1.618329928e-01|3.794493058e+06|4.010732009e+06|6.298808823e+06|inf|2.341500000e+04|0.000000000e+00|0.000000000e+00|0.000000000e+00|inf|-inf
5.000000000e+00|1.160000000e+02|8.042542275e-04|4.590376669e+21|8.087195088e-04|1.420477888e+07|1.737668232e+07|4.110420261e+08|inf|1.160000000e+02|0.000000000e+00|0.000000000e+00|0.000000000e+00|inf|-inf
6.000000000e+00|1.300000000e+01|9.013193929e-05|5.132874013e+20|9.042951483e-05|2.023092102e+07|inf|3.672888203e+08|inf|1.300000000e+01|0.000000000e+00|0.000000000e+00|0.000000000e+00|inf|-inf
7.000000000e+00|4.993000000e+03|3.461759791e-02|1.967686135e+23|3.466613481e-02|9.513442695e+06|1.061503577e+07|3.942982456e+08|inf|4.993000000e+03|1.755516186e-03|4.328004287e+21|1.771217741e-03|8.806722702e+06|3.602731917e+07
8.000000000e+00|1.156960000e+05|8.021465268e-01|4.555651478e+24|8.026017233e-01|3.805605881e+06|4.074879504e+06|1.081461489e+07|inf|1.156960000e+05|9.982444838e-01|2.439191043e+24|9.982287823e-01|4.506495854e+04|9.763353796e+06
