#RRR|U50|U25|U75|Umean|T50|T25|T75|Tmean|P50|P25|P75|Pmean|rho50|rho25|rho75|Pmean|S
3.079853987e+05|7.553230143e+06|7.594797369e+06|7.635167476e+06|7.594842137e+06|6.384156070e+03|6.398134712e+03|6.411649551e+03|6.398083422e+03|3.018073337e+11|3.038797550e+11|3.058947230e+11|3.038837163e+11|1.183036304e+04|1.184959766e+04|1.186821802e+04|1.184954492e+04|1.912352211e+03
4.693745256e+05|7.511536837e+06|7.540955633e+06|7.584404654e+06|7.544373363e+06|6.370077072e+03|6.380019433e+03|6.394643941e+03|6.381111281e+03|2.997294941e+11|3.011952688e+11|3.033616418e+11|3.013669710e+11|1.181100171e+04|1.182467285e+04|1.184479883e+04|1.182619141e+04|1.912352211e+03
5.578378074e+05|7.466863374e+06|7.500340426e+06|7.541034465e+06|7.504551351e+06|6.354926211e+03|6.366285059e+03|6.380046041e+03|6.367636767e+03|2.975041484e+11|2.991718070e+11|3.011992020e+11|2.993829190e+11|1.179017700e+04|1.180579199e+04|1.182471338e+04|1.180766504e+04|1.912352211e+03
6.235309768e+05|7.452630150e+06|7.482060498e+06|7.502879546e+06|7.478880072e+06|6.350079997e+03|6.360086676e+03|6.367145295e+03|6.358960250e+03|2.967957953e+11|2.982611947e+11|2.992982801e+11|2.981036937e+11|1.178352954e+04|1.179727100e+04|1.180697925e+04|1.179573633e+04|1.912352211e+03
6.823973316e+05|7.406593214e+06|7.448978466e+06|7.473226330e+06|7.441244913e+06|6.334363529e+03|6.348835489e+03|6.357087911e+03|6.346127010e+03|2.945045385e+11|2.966140744e+11|2.978211252e+11|2.962305219e+11|1.176195239e+04|1.178181885e+04|1.179315405e+04|1.177811719e+04|1.912352211e+03
7.342617126e+05|7.388356680e+06|7.414795027e+06|7.441662487e+06|7.416743082e+06|6.328115707e+03|6.337167831e+03|6.346341069e+03|6.337797455e+03|2.935976025e+11|2.949127855e+11|2.962499632e+11|2.950104903e+11|1.175337793e+04|1.176579688e+04|1.177839893e+04|1.176667383e+04|1.912352211e+03
7.806355426e+05|7.365086194e+06|7.394139547e+06|7.430435915e+06|7.395840400e+06|6.320125840e+03|6.330098902e+03|6.342510353e+03|6.330626779e+03|2.924408243e+11|2.938850884e+11|2.956912544e+11|2.939710028e+11|1.174242627e+04|1.175610303e+04|1.177314087e+04|1.175683887e+04|1.912352211e+03
8.290188606e+05|7.339473323e+06|7.360044327e+06|7.383751483e+06|7.356403208e+06|6.311314191e+03|6.318392732e+03|6.326535725e+03|6.317099328e+03|2.911674051e+11|2.921901623e+11|2.933687134e+11|2.920098103e+11|1.173034497e+04|1.174005127e+04|1.175121680e+04|1.173828516e+04|1.912352211e+03
8.701010438e+05|7.310425350e+06|7.332987610e+06|7.358684983e+06|7.329956308e+06|6.301281393e+03|6.309078561e+03|6.317925345e+03|6.307993034e+03|2.897243862e+11|2.908450458e+11|2.921225733e+11|2.906952920e+11|1.171660205e+04|1.172727588e+04|1.173940747e+04|1.172580273e+04|1.912352211e+03
9.112666799e+05|7.281145269e+06|7.305638329e+06|7.330651372e+06|7.309394024e+06|6.291141146e+03|6.299625225e+03|6.308271862e+03|6.300890590e+03|2.882698515e+11|2.894865951e+11|2.907290250e+11|2.896736445e+11|1.170270898e+04|1.171433447e+04|1.172617310e+04|1.171607129e+04|1.912352211e+03
9.521514457e+05|7.258110344e+06|7.282607965e+06|7.305208134e+06|7.276565848e+06|6.283139744e+03|6.291648281e+03|6.299476355e+03|6.289509310e+03|2.871262200e+11|2.883425091e+11|2.894652275e+11|2.880433652e+11|1.169176489e+04|1.170340381e+04|1.171413110e+04|1.170048828e+04|1.912352211e+03
9.897054870e+05|7.225951946e+06|7.249750115e+06|7.276706152e+06|7.253159517e+06|6.271935189e+03|6.280229763e+03|6.289601665e+03|6.281380740e+03|2.855304404e+11|2.867113992e+11|2.880493295e+11|2.868812573e+11|1.167643286e+04|1.168777930e+04|1.170060571e+04|1.168936133e+04|1.912352211e+03
1.025178138e+06|7.188083824e+06|7.220705166e+06|7.239541447e+06|7.218881441e+06|6.258692829e+03|6.270104287e+03|6.276673621e+03|6.269426363e+03|2.836521361e+11|2.852700466e+11|2.862048032e+11|2.851803961e+11|1.165832495e+04|1.167392676e+04|1.168291528e+04|1.167300977e+04|1.912352211e+03
1.063916444e+06|7.165275754e+06|7.193826217e+06|7.211945730e+06|7.187426045e+06|6.250689773e+03|6.260705369e+03|6.267045842e+03|6.258409571e+03|2.825214864e+11|2.839367840e+11|2.848352849e+11|2.836204690e+11|1.164739258e+04|1.166108057e+04|1.166974561e+04|1.165795117e+04|1.912352211e+03
1.097363502e+06|7.135541652e+06|7.157914554e+06|7.178768735e+06|7.154796137e+06|6.240229171e+03|6.248103576e+03|6.255426119e+03|6.246965066e+03|2.810476227e+11|2.821565476e+11|2.831903995e+11|2.820026647e+11|1.163310083e+04|1.164385986e+04|1.165386841e+04|1.164231152e+04|1.912352211e+03
1.132770349e+06|7.098484966e+06|7.131699444e+06|7.160284583e+06|7.131108238e+06|6.227134337e+03|6.238873327e+03|6.248936406e+03|6.238613949e+03|2.792120948e+11|2.808573348e+11|2.822740312e+11|2.808289398e+11|1.161523022e+04|1.163124951e+04|1.164499243e+04|1.163090918e+04|1.912352211e+03
1.163547083e+06|7.078010905e+06|7.109596632e+06|7.135057715e+06|7.108791499e+06|6.219881823e+03|6.231065175e+03|6.240058412e+03|6.230718625e+03|2.781978212e+11|2.797625185e+11|2.810236559e+11|2.797236338e+11|1.160532446e+04|1.162059668e+04|1.163286572e+04|1.162013379e+04|1.912352211e+03
1.196655139e+06|7.052221300e+06|7.078205207e+06|7.101540784e+06|7.075394697e+06|6.210714510e+03|6.219950639e+03|6.228215726e+03|6.218908797e+03|2.769218347e+11|2.782074552e+11|2.793634808e+11|2.780694929e+11|1.159283838e+04|1.160541992e+04|1.161670190e+04|1.160401465e+04|1.912352211e+03
1.227564868e+06|7.013021196e+06|7.034171016e+06|7.069655306e+06|7.039045958e+06|6.196740642e+03|6.204286270e+03|6.216913971e+03|6.205974921e+03|2.749821239e+11|2.760286756e+11|2.777843834e+11|2.762706397e+11|1.157378223e+04|1.158406738e+04|1.160128125e+04|1.158637988e+04|1.912352211e+03
1.256825043e+06|6.995265957e+06|7.016563693e+06|7.038992116e+06|7.017267040e+06|6.190383910e+03|6.198006315e+03|6.206004150e+03|6.198206412e+03|2.741044074e+11|2.751573216e+11|2.762672176e+11|2.751932327e+11|1.156512964e+04|1.157550244e+04|1.158641162e+04|1.157579102e+04|1.912352211e+03
1.288073353e+06|6.955577747e+06|6.989739710e+06|7.016144191e+06|6.988088588e+06|6.176139941e+03|6.188403447e+03|6.197856580e+03|6.187774493e+03|2.721422387e+11|2.738312229e+11|2.751365653e+11|2.737500985e+11|1.154573071e+04|1.156242822e+04|1.157530225e+04|1.156158008e+04|1.912352211e+03
1.316799966e+06|6.929602357e+06|6.958270711e+06|6.987373581e+06|6.959003589e+06|6.166776333e+03|6.177107938e+03|6.187555178e+03|6.177317213e+03|2.708591272e+11|2.722753941e+11|2.737142588e+11|2.723126708e+11|1.153299072e+04|1.154704541e+04|1.156127832e+04|1.154734766e+04|1.912352211e+03
1.344747406e+06|6.915099275e+06|6.931775954e+06|6.958664197e+06|6.932631968e+06|6.161537651e+03|6.167560901e+03|6.177249390e+03|6.167829277e+03|2.701427823e+11|2.709664895e+11|2.722948508e+11|2.710094424e+11|1.152587109e+04|1.153406348e+04|1.154724219e+04|1.153443457e+04|1.912352211e+03
1.373613889e+06|6.873897619e+06|6.904666066e+06|6.936506454e+06|6.905328480e+06|6.146610512e+03|6.157765007e+03|6.169267885e+03|6.157956303e+03|2.681084657e+11|2.696274227e+11|2.712001273e+11|2.696610491e+11|1.150557642e+04|1.152073877e+04|1.153638135e+04|1.152100781e+04|1.912352211e+03
1.398981673e+06|6.842168358e+06|6.873008569e+06|6.903125844e+06|6.873765298e+06|6.135067012e+03|6.146287426e+03|6.157207783e+03|6.146502653e+03|2.665430016e+11|2.680646045e+11|2.695513350e+11|2.681030156e+11|1.148989429e+04|1.150513184e+04|1.151998096e+04|1.150543848e+04|1.912352211e+03
1.425422129e+06|6.825726748e+06|6.843712363e+06|6.864664877e+06|6.844970243e+06|6.129071982e+03|6.135629466e+03|6.143254792e+03|6.136054815e+03|2.657316923e+11|2.666191810e+11|2.676529901e+11|2.666816831e+11|1.148174487e+04|1.149065430e+04|1.150101855e+04|1.149123828e+04|1.912352211e+03
1.453290377e+06|6.786700787e+06|6.819283141e+06|6.845605680e+06|6.815087731e+06|6.114776752e+03|6.126715033e+03|6.136319023e+03|6.125112892e+03|2.638076409e+11|2.654140752e+11|2.667125918e+11|2.652082237e+11|1.146235010e+04|1.147854834e+04|1.149159399e+04|1.147638867e+04|1.912352211e+03
1.478906816e+06|6.771664391e+06|6.793646448e+06|6.821715351e+06|6.794892978e+06|6.109255904e+03|6.117324507e+03|6.127604839e+03|6.117752558e+03|2.630662095e+11|2.641501205e+11|2.655339690e+11|2.642119001e+11|1.145485938e+04|1.146580713e+04|1.147975269e+04|1.146639258e+04|1.912352211e+03
1.505037318e+06|6.737880911e+06|6.760271580e+06|6.787156301e+06|6.764968389e+06|6.096808187e+03|6.105065082e+03|6.114943886e+03|6.106759416e+03|2.614019790e+11|2.625046915e+11|2.638301034e+11|2.627369662e+11|1.143797705e+04|1.144916846e+04|1.146257349e+04|1.145147852e+04|1.912352211e+03
1.529493041e+06|6.702646879e+06|6.727352899e+06|6.759877810e+06|6.726802343e+06|6.083781522e+03|6.092920196e+03|6.104920019e+03|6.092664882e+03|2.596665447e+11|2.608834442e+11|2.624852968e+11|2.608571159e+11|1.142032495e+04|1.143271143e+04|1.144897119e+04|1.143237500e+04|1.912352211e+03
1.552903841e+06|6.683350323e+06|6.704100361e+06|6.720983103e+06|6.703018304e+06|6.076616617e+03|6.084320296e+03|6.090566081e+03|6.083879625e+03|2.587171115e+11|2.597380830e+11|2.605697159e+11|2.596857209e+11|1.141062939e+04|1.142104980e+04|1.142952124e+04|1.142046777e+04|1.912352211e+03
1.579882239e+06|6.634667159e+06|6.668241262e+06|6.690270741e+06|6.662985300e+06|6.058479350e+03|6.070997997e+03|6.079187609e+03|6.068999975e+03|2.563218617e+11|2.579736757e+11|2.590576193e+11|2.577155920e+11|1.138607080e+04|1.140301904e+04|1.141410449e+04|1.140031836e+04|1.912352211e+03
1.603033688e+06|6.620369879e+06|6.637996546e+06|6.660335801e+06|6.640021109e+06|6.053127915e+03|6.059724550e+03|6.068055175e+03|6.060433405e+03|2.556189487e+11|2.564855143e+11|2.575846422e+11|2.565859635e+11|1.137883496e+04|1.138775146e+04|1.139902979e+04|1.138872461e+04|1.912352211e+03
1.625817584e+06|6.593569222e+06|6.614233445e+06|6.641644678e+06|6.614269227e+06|6.043078134e+03|6.050828996e+03|6.061088538e+03|6.050800036e+03|2.543011770e+11|2.553172344e+11|2.566648557e+11|2.553195715e+11|1.136524561e+04|1.137572705e+04|1.138959961e+04|1.137569336e+04|1.912352211e+03
1.648868022e+06|6.565685612e+06|6.584553357e+06|6.605408450e+06|6.587628144e+06|6.032585958e+03|6.039691895e+03|6.047520597e+03|6.040816961e+03|2.529311095e+11|2.538578858e+11|2.548833686e+11|2.540097405e+11|1.135106104e+04|1.136066357e+04|1.137125562e+04|1.136219336e+04|1.912352211e+03
1.672469783e+06|6.538851973e+06|6.554570705e+06|6.575435539e+06|6.557507841e+06|6.022456484e+03|6.028393144e+03|6.036260363e+03|6.029460503e+03|2.516132117e+11|2.523852450e+11|2.534099262e+11|2.525300819e+11|1.133738574e+04|1.134540576e+04|1.135602637e+04|1.134685156e+04|1.912352211e+03
1.695485305e+06|6.503788684e+06|6.520393954e+06|6.542208744e+06|6.521099895e+06|6.009168283e+03|6.015473576e+03|6.023724984e+03|6.015706014e+03|2.498917424e+11|2.507065865e+11|2.517780708e+11|2.507419317e+11|1.131944556e+04|1.132794775e+04|1.133909375e+04|1.132827344e+04|1.912352211e+03
1.717991477e+06|6.476909872e+06|6.502872616e+06|6.525674396e+06|6.500493323e+06|5.998941796e+03|6.008820174e+03|6.017473085e+03|6.007872416e+03|2.485726297e+11|2.498467770e+11|2.509658908e+11|2.497306091e+11|1.130564868e+04|1.131897363e+04|1.133064844e+04|1.131770117e+04|1.912352211e+03
1.741366119e+06|6.446161810e+06|6.467479083e+06|6.483981188e+06|6.465931691e+06|5.987200488e+03|5.995347836e+03|6.001634637e+03|5.994726925e+03|2.470643920e+11|2.481098103e+11|2.489197078e+11|2.480344785e+11|1.128981177e+04|1.130079590e+04|1.130927466e+04|1.129996484e+04|1.912352211e+03
1.761599008e+06|6.427156317e+06|6.441748057e+06|6.461272810e+06|6.442054092e+06|5.979919150e+03|5.985510633e+03|5.992980761e+03|5.985603964e+03|2.461325507e+11|2.468479936e+11|2.478051891e+11|2.468633091e+11|1.127999487e+04|1.128753320e+04|1.129759912e+04|1.128766406e+04|1.912352211e+03
1.783863112e+06|6.397956266e+06|6.413272435e+06|6.441701150e+06|6.419367098e+06|5.968704536e+03|5.974592019e+03|5.985492663e+03|5.976890678e+03|2.447010083e+11|2.454517522e+11|2.468456934e+11|2.457512043e+11|1.126488745e+04|1.127281982e+04|1.128751050e+04|1.127592383e+04|1.912352211e+03
1.805254621e+06|6.362533324e+06|6.381711257e+06|6.406339195e+06|6.381792917e+06|5.955037820e+03|5.962442478e+03|5.971929244e+03|5.962435312e+03|2.429660836e+11|2.439054133e+11|2.451117868e+11|2.439099198e+11|1.124648584e+04|1.125646045e+04|1.126922583e+04|1.125645410e+04|1.912352211e+03
1.827015579e+06|6.335338952e+06|6.354077545e+06|6.371573149e+06|6.350774021e+06|5.944507937e+03|5.951768842e+03|5.958529766e+03|5.950452210e+03|2.416343689e+11|2.425519441e+11|2.434088763e+11|2.423906231e+11|1.123231689e+04|1.124208740e+04|1.125119189e+04|1.124032422e+04|1.912352211e+03
1.848726343e+06|6.306346476e+06|6.325042013e+06|6.346367892e+06|6.325526906e+06|5.933231590e+03|5.940506512e+03|5.948786108e+03|5.940660665e+03|2.402153173e+11|2.411303847e+11|2.421742617e+11|2.411544946e+11|1.121715869e+04|1.122694092e+04|1.123806787e+04|1.122714844e+04|1.912352211e+03
1.869147474e+06|6.267557691e+06|6.289101298e+06|6.307265649e+06|6.286620218e+06|5.918085074e+03|5.926509823e+03|5.933589557e+03|5.925490303e+03|2.383175506e+11|2.393711462e+11|2.402603127e+11|2.392506923e+11|1.119680005e+04|1.120811768e+04|1.121763403e+04|1.120675781e+04|1.912352211e+03
1.890240379e+06|6.247705420e+06|6.268507024e+06|6.283145978e+06|6.265849202e+06|5.910303274e+03|5.918456838e+03|5.924185352e+03|5.917371763e+03|2.373468595e+11|2.383639622e+11|2.390796680e+11|2.382346323e+11|1.118634424e+04|1.119729834e+04|1.120499121e+04|1.119584766e+04|1.912352211e+03
1.910269547e+06|6.224466659e+06|6.244083369e+06|6.262904469e+06|6.240651581e+06|5.901174535e+03|5.908881922e+03|5.916262376e+03|5.907497659e+03|2.362105555e+11|2.371697629e+11|2.380900423e+11|2.370024561e+11|1.117408203e+04|1.118443701e+04|1.119434839e+04|1.118258398e+04|1.912352211e+03
1.931684361e+06|6.188311052e+06|6.208690638e+06|6.227583130e+06|6.208461041e+06|5.886902940e+03|5.894953267e+03|5.902400847e+03|5.894836528e+03|2.344443584e+11|2.354399103e+11|2.363628629e+11|2.354290432e+11|1.115494214e+04|1.116573828e+04|1.117573291e+04|1.116558594e+04|1.912352211e+03
1.949857000e+06|6.161732487e+06|6.182373985e+06|6.205990516e+06|6.180125869e+06|5.876374724e+03|5.884554770e+03|5.893887575e+03|5.883613999e+03|2.331461579e+11|2.341543456e+11|2.353080381e+11|2.340451692e+11|1.114081714e+04|1.115178613e+04|1.116430664e+04|1.115053418e+04|1.912352211e+03
1.970484353e+06|6.141470761e+06|6.155622542e+06|6.168952744e+06|6.156567979e+06|5.868315553e+03|5.873946100e+03|5.879241666e+03|5.874286359e+03|2.321571390e+11|2.328479686e+11|2.334986285e+11|2.328945609e+11|1.113001392e+04|1.113756299e+04|1.114466064e+04|1.113802539e+04|1.912352211e+03
1.991705111e+06|6.104076229e+06|6.121558239e+06|6.132693331e+06|6.120537342e+06|5.853396110e+03|5.860380155e+03|5.864819487e+03|5.859930671e+03|2.303320219e+11|2.311850705e+11|2.317287228e+11|2.311359258e+11|1.111002295e+04|1.111938428e+04|1.112532959e+04|1.111878711e+04|1.912352211e+03
2.009851962e+06|6.078009071e+06|6.100383637e+06|6.126001906e+06|6.100190362e+06|5.842946920e+03|5.851917493e+03|5.862152319e+03|5.851793594e+03|2.290609237e+11|2.301519388e+11|2.314020445e+11|2.301433017e+11|1.109604004e+04|1.110804248e+04|1.112175684e+04|1.110788867e+04|1.912352211e+03
2.029168599e+06|6.046521574e+06|6.065437266e+06|6.087193549e+06|6.065557319e+06|5.830283830e+03|5.837898119e+03|5.846631565e+03|5.837893374e+03|2.275257250e+11|2.284479079e+11|2.295088471e+11|2.284544201e+11|1.107908521e+04|1.108927930e+04|1.110096655e+04|1.108928223e+04|1.912352211e+03
2.048416255e+06|6.019895139e+06|6.043574108e+06|6.066272604e+06|6.043714958e+06|5.819524406e+03|5.829094158e+03|5.838233779e+03|5.829111275e+03|2.262283751e+11|2.273821218e+11|2.284886461e+11|2.273894709e+11|1.106470825e+04|1.107749609e+04|1.108972632e+04|1.107753027e+04|1.912352211e+03
2.067522630e+06|5.990081310e+06|6.010088215e+06|6.029712992e+06|6.010761971e+06|5.807438512e+03|5.815554603e+03|5.823494913e+03|5.815792878e+03|2.247758064e+11|2.257504662e+11|2.267067425e+11|2.257837336e+11|1.104854956e+04|1.105939111e+04|1.107001611e+04|1.105972168e+04|1.912352211e+03
2.085638733e+06|5.967308682e+06|5.988747235e+06|6.018837110e+06|5.993102175e+06|5.798166052e+03|5.806895896e+03|5.819096320e+03|5.808627015e+03|2.236672246e+11|2.247108827e+11|2.261768155e+11|2.249235840e+11|1.103616626e+04|1.104781689e+04|1.106412964e+04|1.105014355e+04|1.912352211e+03
2.104721765e+06|5.928830842e+06|5.951477840e+06|5.969904537e+06|5.949797630e+06|5.782442804e+03|5.791707976e+03|5.799224056e+03|5.790971331e+03|2.217944777e+11|2.228964988e+11|2.237935756e+11|2.228154628e+11|1.101516846e+04|1.102753516e+04|1.103758008e+04|1.102656152e+04|1.912352211e+03
2.124249616e+06|5.910584905e+06|5.927241349e+06|5.945961314e+06|5.929330106e+06|5.774954922e+03|5.781791037e+03|5.789455232e+03|5.782599491e+03|2.209071783e+11|2.217171613e+11|2.226278974e+11|2.218194815e+11|1.100517676e+04|1.101429932e+04|1.102453125e+04|1.101538770e+04|1.912352211e+03
2.143889401e+06|5.886431807e+06|5.902546788e+06|5.921832689e+06|5.904599826e+06|5.765022168e+03|5.771651932e+03|5.779572446e+03|5.772459816e+03|2.197324283e+11|2.205162261e+11|2.214541839e+11|2.206164458e+11|1.099192603e+04|1.100077051e+04|1.101133643e+04|1.100185645e+04|1.912352211e+03
2.159376880e+06|5.855398702e+06|5.874959813e+06|5.890672266e+06|5.875024719e+06|5.752193113e+03|5.760286447e+03|5.766767745e+03|5.760272911e+03|2.182241380e+11|2.191748349e+11|2.199387159e+11|2.191784113e+11|1.097482690e+04|1.098561182e+04|1.099425830e+04|1.098560254e+04|1.912352211e+03
2.176964630e+06|5.817657902e+06|5.840081487e+06|5.877229393e+06|5.847271601e+06|5.736524373e+03|5.745844724e+03|5.761224445e+03|5.748748207e+03|2.163902176e+11|2.174795927e+11|2.192851241e+11|2.178300066e+11|1.095395435e+04|1.096637158e+04|1.098686328e+04|1.097025098e+04|1.912352211e+03
2.196253589e+06|5.799986090e+06|5.818312742e+06|5.836975486e+06|5.818870430e+06|5.729155341e+03|5.736797190e+03|5.744556259e+03|5.736990896e+03|2.155321538e+11|2.164220038e+11|2.173286520e+11|2.164496772e+11|1.094414893e+04|1.095431982e+04|1.096465356e+04|1.095458203e+04|1.912352211e+03
2.214827340e+06|5.770393997e+06|5.794550082e+06|5.815486660e+06|5.791630542e+06|5.716784591e+03|5.726885942e+03|5.735619662e+03|5.725621019e+03|2.140953690e+11|2.152682515e+11|2.162848191e+11|2.151270397e+11|1.092767236e+04|1.094112744e+04|1.095275098e+04|1.093944922e+04|1.912352211e+03
2.233933004e+06|5.736826167e+06|5.759232538e+06|5.778080722e+06|5.756991773e+06|5.702676784e+03|5.712098981e+03|5.720002888e+03|5.711108395e+03|2.124669809e+11|2.135539204e+11|2.144684809e+11|2.134458263e+11|1.090892139e+04|1.092145117e+04|1.093196362e+04|1.092013965e+04|1.912352211e+03
2.251227785e+06|5.706646317e+06|5.729778881e+06|5.754254092e+06|5.732884313e+06|5.689939297e+03|5.699708909e+03|5.710007299e+03|5.700959985e+03|2.110033248e+11|2.121251587e+11|2.133124488e+11|2.122763861e+11|1.089199194e+04|1.090497217e+04|1.091867163e+04|1.090664453e+04|1.912352211e+03
2.268718343e+06|5.688703013e+06|5.704683677e+06|5.730303275e+06|5.706195350e+06|5.682333948e+03|5.689108095e+03|5.699929801e+03|5.689710973e+03|2.101334636e+11|2.109081842e+11|2.121505953e+11|2.109818244e+11|1.088189136e+04|1.089088770e+04|1.090526440e+04|1.089169141e+04|1.912352211e+03
2.286481186e+06|5.656128914e+06|5.675816393e+06|5.701918647e+06|5.675759096e+06|5.668485556e+03|5.676863423e+03|5.687936795e+03|5.676797597e+03|2.085545381e+11|2.095086584e+11|2.107741358e+11|2.095064388e+11|1.086350000e+04|1.087462451e+04|1.088932739e+04|1.087454102e+04|1.912352211e+03
2.301257194e+06|5.634369840e+06|5.652270878e+06|5.675187069e+06|5.652723101e+06|5.659192555e+03|5.666839339e+03|5.676596084e+03|5.666996591e+03|2.075007709e+11|2.083676971e+11|2.094781385e+11|2.083901382e+11|1.085116724e+04|1.086131592e+04|1.087426538e+04|1.086153027e+04|1.912352211e+03
2.319461525e+06|5.601205037e+06|5.617416310e+06|5.646952621e+06|5.621529453e+06|5.644980360e+03|5.651937713e+03|5.664569002e+03|5.653656068e+03|2.058948813e+11|2.066797009e+11|2.081101962e+11|2.068793816e+11|1.083231787e+04|1.084154102e+04|1.085830396e+04|1.084383008e+04|1.912352211e+03
2.338228047e+06|5.566467465e+06|5.591219833e+06|5.623453220e+06|5.594511061e+06|5.630011586e+03|5.640683094e+03|5.654522506e+03|5.642050215e+03|2.042138596e+11|2.054116449e+11|2.069721137e+11|2.055714675e+11|1.081247534e+04|1.082662354e+04|1.084497046e+04|1.082844141e+04|1.912352211e+03
2.356123428e+06|5.538558362e+06|5.563283862e+06|5.583980944e+06|5.563145540e+06|5.617927013e+03|5.628637044e+03|5.637564993e+03|5.628523687e+03|2.028638821e+11|2.040598038e+11|2.050614097e+11|2.040536869e+11|1.079647412e+04|1.081065869e+04|1.082249048e+04|1.081051758e+04|1.912352211e+03
2.373294904e+06|5.510685979e+06|5.537608478e+06|5.559094197e+06|5.533181576e+06|5.605809591e+03|5.617514672e+03|5.626827484e+03|5.615535020e+03|2.015160012e+11|2.028179481e+11|2.038570389e+11|2.026044464e+11|1.078043359e+04|1.079592773e+04|1.080825928e+04|1.079331738e+04|1.912352211e+03
2.390950701e+06|5.488421254e+06|5.506688961e+06|5.529403880e+06|5.507525352e+06|5.596091408e+03|5.604069027e+03|5.613951021e+03|5.604390844e+03|2.004400059e+11|2.013227455e+11|2.024211727e+11|2.013638067e+11|1.076757715e+04|1.077813037e+04|1.079120923e+04|1.077856250e+04|1.912352211e+03
2.406962618e+06|5.459843701e+06|5.478627689e+06|5.501484314e+06|5.480662094e+06|5.583572093e+03|5.591805225e+03|5.601801486e+03|5.592648574e+03|1.990595139e+11|1.999669568e+11|2.010710732e+11|2.000656979e+11|1.075101758e+04|1.076190918e+04|1.077512231e+04|1.076303125e+04|1.912352211e+03
2.422686475e+06|5.435460727e+06|5.453761394e+06|5.476297206e+06|5.453842757e+06|5.572844178e+03|5.580902714e+03|5.590784636e+03|5.580885449e+03|1.978819981e+11|1.987656299e+11|1.998543637e+11|1.987701301e+11|1.073683960e+04|1.074748926e+04|1.076055933e+04|1.074747656e+04|1.912352211e+03
2.437514456e+06|5.408944586e+06|5.427490847e+06|5.447369084e+06|5.427642418e+06|5.561130066e+03|5.569326756e+03|5.578094303e+03|5.569350497e+03|1.966018624e+11|1.974972331e+11|1.984568325e+11|1.975049281e+11|1.072136719e+04|1.073219629e+04|1.074377417e+04|1.073223242e+04|1.912352211e+03
2.454360485e+06|5.377461049e+06|5.403428721e+06|5.424051866e+06|5.402509034e+06|5.547157357e+03|5.558689236e+03|5.567808079e+03|5.558238968e+03|1.950827204e+11|1.963356035e+11|1.973312441e+11|1.962916985e+11|1.070292163e+04|1.071814160e+04|1.073018823e+04|1.071755762e+04|1.912352211e+03
2.471715580e+06|5.345879666e+06|5.371397289e+06|5.401249350e+06|5.372237748e+06|5.533078166e+03|5.544457747e+03|5.557724430e+03|5.544777030e+03|1.935592943e+11|1.947901875e+11|1.962303904e+11|1.948313079e+11|1.068434204e+04|1.069936328e+04|1.071686499e+04|1.069979004e+04|1.912352211e+03
2.490940994e+06|5.310910677e+06|5.334193422e+06|5.362011129e+06|5.333704075e+06|5.517397173e+03|5.527846243e+03|5.540275568e+03|5.527550740e+03|1.918740340e+11|1.929960174e+11|1.943374789e+11|1.929733045e+11|1.066367578e+04|1.067744434e+04|1.069384473e+04|1.067706836e+04|1.912352211e+03
2.508422931e+06|5.287561654e+06|5.309172898e+06|5.338212398e+06|5.308669299e+06|5.506886805e+03|5.516616197e+03|5.529647322e+03|5.516315176e+03|1.907489299e+11|1.917902969e+11|1.931897079e+11|1.917666714e+11|1.064981787e+04|1.066264258e+04|1.067981494e+04|1.066225879e+04|1.912352211e+03
2.525184904e+06|5.255207723e+06|5.275978068e+06|5.304506922e+06|5.276086240e+06|5.492239305e+03|5.501648455e+03|5.514518640e+03|5.501644084e+03|1.891906323e+11|1.901910390e+11|1.915654703e+11|1.901966606e+11|1.063053955e+04|1.064292529e+04|1.065987646e+04|1.064292773e+04|1.912352211e+03
2.539044832e+06|5.226088237e+06|5.257605838e+06|5.283344925e+06|5.252065027e+06|5.478995985e+03|5.493326746e+03|5.504980667e+03|5.490743441e+03|1.877887487e+11|1.893061654e+11|1.905458737e+11|1.890400281e+11|1.061311230e+04|1.063197217e+04|1.064730835e+04|1.062858008e+04|1.912352211e+03
2.552554260e+06|5.201079001e+06|5.224160483e+06|5.256205430e+06|5.228815878e+06|5.467572506e+03|5.478116551e+03|5.492691655e+03|5.480164384e+03|1.865852941e+11|1.876959937e+11|1.892386958e+11|1.879208238e+11|1.059808496e+04|1.061194922e+04|1.063113623e+04|1.061465723e+04|1.912352211e+03
2.567409637e+06|5.182174549e+06|5.210530672e+06|5.225252971e+06|5.206795541e+06|5.458908948e+03|5.471893394e+03|5.478614952e+03|5.470128991e+03|1.856758647e+11|1.870400922e+11|1.877485599e+11|1.868609483e+11|1.058669434e+04|1.060376465e+04|1.061261060e+04|1.060145605e+04|1.912352211e+03
2.582574683e+06|5.156405102e+06|5.178478755e+06|5.204623957e+06|5.181174549e+06|5.447048810e+03|5.457210041e+03|5.469193633e+03|5.458403202e+03|1.844369008e+11|1.854981611e+11|1.867558923e+11|1.856282978e+11|1.057111255e+04|1.058446045e+04|1.060021606e+04|1.058603711e+04|1.912352211e+03
2.600200963e+06|5.125137728e+06|5.147170780e+06|5.173027702e+06|5.147404414e+06|5.432593981e+03|5.442790680e+03|5.454703012e+03|5.442842150e+03|1.829339851e+11|1.839929669e+11|1.852360738e+11|1.840045977e+11|1.055212500e+04|1.056551709e+04|1.058116577e+04|1.056559375e+04|1.912352211e+03
2.618108305e+06|5.089965848e+06|5.124088184e+06|5.149817556e+06|5.118062014e+06|5.416241806e+03|5.432106930e+03|5.444011603e+03|5.429238431e+03|1.812438759e+11|1.828835477e+11|1.841202123e+11|1.825945292e+11|1.053066577e+04|1.055149072e+04|1.056711987e+04|1.054773633e+04|1.912352211e+03
2.637854641e+06|5.057974485e+06|5.086191190e+06|5.115542272e+06|5.087746960e+06|5.401276108e+03|5.414481998e+03|5.428139174e+03|5.415135688e+03|1.797079075e+11|1.810625297e+11|1.824728641e+11|1.811381151e+11|1.051104956e+04|1.052835352e+04|1.054628198e+04|1.052923047e+04|1.912352211e+03
2.652430917e+06|5.013144597e+06|5.052468902e+06|5.075361890e+06|5.045126033e+06|5.380175242e+03|5.398694584e+03|5.409418577e+03|5.395182334e+03|1.775566273e+11|1.794436259e+11|1.805426395e+11|1.790917175e+11|1.048340283e+04|1.050765820e+04|1.052171875e+04|1.050306836e+04|1.912352211e+03
2.667629064e+06|4.998911133e+06|5.021075452e+06|5.055027742e+06|5.024444152e+06|5.373444168e+03|5.383921135e+03|5.399894504e+03|5.385450671e+03|1.768737971e+11|1.779370293e+11|1.795664596e+11|1.780991771e+11|1.047458130e+04|1.048830322e+04|1.050923608e+04|1.049031738e+04|1.912352211e+03
2.681368613e+06|4.968054786e+06|5.003790885e+06|5.031932898e+06|4.997916844e+06|5.358784318e+03|5.375753032e+03|5.389043962e+03|5.372882345e+03|1.753941217e+11|1.771078720e+11|1.784579156e+11|1.768268026e+11|1.045539917e+04|1.047760840e+04|1.049500830e+04|1.047386133e+04|1.912352211e+03
2.693286699e+06|4.951317404e+06|4.976981544e+06|5.009494681e+06|4.978700431e+06|5.350801285e+03|5.363035870e+03|5.378450192e+03|5.363784315e+03|1.745916715e+11|1.758221179e+11|1.773815189e+11|1.759050553e+11|1.044495410e+04|1.046096045e+04|1.048113794e+04|1.046194922e+04|1.912352211e+03
2.705846790e+06|4.936413437e+06|4.966207393e+06|4.987353632e+06|4.961706571e+06|5.343677491e+03|5.357903925e+03|5.367970164e+03|5.355684903e+03|1.738772268e+11|1.753055495e+11|1.763193251e+11|1.750903834e+11|1.043563110e+04|1.045424609e+04|1.046741260e+04|1.045135352e+04|1.912352211e+03
2.721142481e+06|4.902770653e+06|4.930842988e+06|4.957455610e+06|4.931290538e+06|5.327512154e+03|5.341005205e+03|5.353730698e+03|5.341150885e+03|1.722657640e+11|1.736103783e+11|1.748859944e+11|1.736325270e+11|1.041451147e+04|1.043213867e+04|1.044879077e+04|1.043234473e+04|1.912352211e+03
2.738893528e+06|4.878481180e+06|4.911098549e+06|4.939008131e+06|4.906866395e+06|5.315785176e+03|5.331519438e+03|5.344920657e+03|5.329386552e+03|1.711026159e+11|1.726646439e+11|1.740015513e+11|1.724626909e+11|1.039919116e+04|1.041975049e+04|1.043726001e+04|1.041697461e+04|1.912352211e+03
2.756917776e+06|4.844196874e+06|4.879928882e+06|4.902668062e+06|4.873337138e+06|5.299146462e+03|5.316486327e+03|5.327462767e+03|5.313207676e+03|1.694614552e+11|1.711719213e+11|1.722608502e+11|1.708569828e+11|1.037746777e+04|1.040010449e+04|1.041444727e+04|1.039583984e+04|1.912352211e+03
2.776582736e+06|4.798798409e+06|4.837450150e+06|4.865174349e+06|4.828520571e+06|5.276944682e+03|5.295859177e+03|5.309334859e+03|5.291391756e+03|1.672895497e+11|1.691385320e+11|1.704656444e+11|1.687122247e+11|1.034851733e+04|1.037317871e+04|1.039076953e+04|1.036737109e+04|1.912352211e+03
2.793268620e+06|4.764755222e+06|4.798000390e+06|4.827984096e+06|4.791488223e+06|5.260173972e+03|5.276553279e+03|5.291234655e+03|5.273243442e+03|1.656621680e+11|1.672513800e+11|1.686857688e+11|1.669409490e+11|1.032666528e+04|1.034800488e+04|1.036714722e+04|1.034370801e+04|1.912352211e+03
2.806905365e+06|4.741722931e+06|4.773479892e+06|4.796065653e+06|4.763347177e+06|5.248778344e+03|5.264480515e+03|5.275604201e+03|5.259369559e+03|1.645613886e+11|1.660791861e+11|1.671588382e+11|1.655955899e+11|1.031181592e+04|1.033227490e+04|1.034676611e+04|1.032562988e+04|1.912352211e+03
2.818486535e+06|4.707073290e+06|4.740852028e+06|4.765512704e+06|4.735841284e+06|5.231522499e+03|5.248345464e+03|5.260548101e+03|5.245757302e+03|1.629061250e+11|1.645197909e+11|1.656983713e+11|1.642810380e+11|1.028936377e+04|1.031125293e+04|1.032715015e+04|1.030790234e+04|1.912352211e+03
2.829694569e+06|4.683225012e+06|4.718641587e+06|4.743145745e+06|4.712586309e+06|5.219581480e+03|5.237291390e+03|5.249485423e+03|5.234171580e+03|1.617673400e+11|1.634587707e+11|1.646293427e+11|1.631701784e+11|1.027383472e+04|1.029687500e+04|1.031273193e+04|1.029282422e+04|1.912352211e+03
2.841634182e+06|4.659158100e+06|4.697440310e+06|4.725308158e+06|4.691972429e+06|5.207480370e+03|5.226711568e+03|5.240612334e+03|5.223867091e+03|1.606183847e+11|1.624459610e+11|1.637772083e+11|1.621857332e+11|1.025810107e+04|1.028309814e+04|1.030119312e+04|1.027941992e+04|1.912352211e+03
2.855157208e+06|4.640585252e+06|4.673254529e+06|4.700537956e+06|4.666350267e+06|5.198102676e+03|5.214572353e+03|5.228260025e+03|5.211008291e+03|1.597321720e+11|1.612913544e+11|1.625939362e+11|1.609624639e+11|1.024591748e+04|1.026732568e+04|1.028511133e+04|1.026269922e+04|1.912352211e+03
2.871569602e+06|4.603366787e+06|4.637099649e+06|4.653358364e+06|4.631921454e+06|5.179218526e+03|5.196337808e+03|5.204559075e+03|5.193599166e+03|1.579569123e+11|1.595658957e+11|1.603415590e+11|1.593196865e+11|1.022138843e+04|1.024362451e+04|1.025429785e+04|1.024008301e+04|1.912352211e+03
2.891612283e+06|4.561378863e+06|4.597863964e+06|4.628023024e+06|4.596220098e+06|5.157731424e+03|5.176409333e+03|5.191738511e+03|5.175459093e+03|1.559550374e+11|1.576945967e+11|1.591329940e+11|1.576168078e+11|1.019351074e+04|1.021774658e+04|1.023765063e+04|1.021652832e+04|1.912352211e+03
2.910450211e+06|4.530228629e+06|4.565069248e+06|4.600811133e+06|4.561651935e+06|5.141672659e+03|5.159624410e+03|5.177914536e+03|5.157739880e+03|1.544707668e+11|1.561309811e+11|1.578350913e+11|1.559690025e+11|1.017270386e+04|1.019596924e+04|1.021969287e+04|1.019354492e+04|1.912352211e+03
2.928961564e+06|4.469800699e+06|4.520545504e+06|4.569157748e+06|4.522337261e+06|5.110261254e+03|5.136666168e+03|5.161720519e+03|5.137408349e+03|1.515933773e+11|1.540094150e+11|1.563258917e+11|1.540960982e+11|1.013200977e+04|1.016621094e+04|1.019868750e+04|1.016720020e+04|1.912352211e+03
2.940095473e+06|4.481761889e+06|4.510699306e+06|4.546989017e+06|4.508777233e+06|5.116503690e+03|5.131568429e+03|5.150324479e+03|5.130435606e+03|1.521627951e+11|1.535403880e+11|1.552692873e+11|1.534498265e+11|1.014010107e+04|1.015959912e+04|1.018391040e+04|1.015815820e+04|1.912352211e+03
2.949536370e+06|4.449494231e+06|4.500321075e+06|4.535598291e+06|4.489212521e+06|5.099606915e+03|5.126171597e+03|5.144446403e+03|5.120184353e+03|1.506269155e+11|1.530462931e+11|1.547266039e+11|1.525186042e+11|1.011823315e+04|1.015261719e+04|1.017629736e+04|1.014489258e+04|1.912352211e+03
2.960146766e+06|4.443005540e+06|4.484024747e+06|4.514414047e+06|4.474500203e+06|5.096193995e+03|5.117683634e+03|5.133493056e+03|5.112528628e+03|1.503180932e+11|1.522705091e+11|1.537173181e+11|1.518180332e+11|1.011382056e+04|1.014162695e+04|1.016209692e+04|1.013497852e+04|1.912352211e+03
2.970737139e+06|4.404647571e+06|4.456205590e+06|4.484644334e+06|4.443504676e+06|5.075933774e+03|5.103134127e+03|5.118006664e+03|5.096307458e+03|1.484931893e+11|1.509463255e+11|1.523000014e+11|1.503426670e+11|1.008762573e+04|1.012279688e+04|1.014204443e+04|1.011398633e+04|1.912352211e+03
2.982657955e+06|4.370177617e+06|4.431936421e+06|4.470668097e+06|4.419352888e+06|5.057597857e+03|5.090365623e+03|5.110714302e+03|5.083492178e+03|1.468542054e+11|1.497912982e+11|1.516346787e+11|1.491940434e+11|1.006393481e+04|1.010628320e+04|1.013260229e+04|1.009742773e+04|1.912352211e+03
2.997987181e+06|4.327795286e+06|4.383567010e+06|4.427916199e+06|4.375866749e+06|5.034868300e+03|5.064736075e+03|5.088246852e+03|5.060384614e+03|1.448401502e+11|1.474906894e+11|1.496000017e+11|1.471260970e+11|1.003460254e+04|1.007315918e+04|1.010353931e+04|1.006757129e+04|1.912352211e+03
3.028603899e+06|4.259524737e+06|4.288669828e+06|4.329064602e+06|4.290695653e+06|4.997800685e+03|5.013695263e+03|5.035553461e+03|5.014630026e+03|1.415978024e+11|1.429814808e+11|1.449004359e+11|1.430786438e+11|9.986820312e+03|1.000729248e+04|1.003547803e+04|1.000852734e+04|1.912352211e+03
3.053676545e+06|4.215177226e+06|4.249766844e+06|4.286653154e+06|4.245354686e+06|4.973437482e+03|4.992465059e+03|5.012599931e+03|4.989897522e+03|1.394933251e+11|1.411345483e+11|1.428856957e+11|1.409259427e+11|9.955459961e+03|9.979947266e+03|1.000587866e+04|9.976663086e+03|1.912352211e+03
3.066253156e+06|4.191618382e+06|4.230562551e+06|4.267400892e+06|4.223743762e+06|4.960400221e+03|4.981917096e+03|5.002102560e+03|4.977922173e+03|1.383757325e+11|1.402232565e+11|1.419716979e+11|1.399008211e+11|9.938681396e+03|9.966365723e+03|9.992365234e+03|9.961256836e+03|1.912352211e+03
3.074690831e+06|4.187847762e+06|4.231850376e+06|4.259230564e+06|4.223046893e+06|4.958304024e+03|4.982626267e+03|4.997639925e+03|4.977570992e+03|1.381968966e+11|1.402843698e+11|1.415838364e+11|1.398675831e+11|9.935990723e+03|9.967282715e+03|9.986619873e+03|9.960801758e+03|1.912352211e+03
3.082033963e+06|4.190729985e+06|4.220933488e+06|4.264414585e+06|4.213578422e+06|4.959906227e+03|4.976611838e+03|5.000471767e+03|4.972217438e+03|1.383335976e+11|1.397664069e+11|1.418299364e+11|1.394189211e+11|9.938051758e+03|9.959541992e+03|9.990260986e+03|9.953929688e+03|1.912352211e+03
3.088868779e+06|4.188341656e+06|4.225633970e+06|4.252064826e+06|4.210774399e+06|4.958578663e+03|4.979202653e+03|4.993722230e+03|4.970704296e+03|1.382203213e+11|1.399894126e+11|1.412436548e+11|1.392857325e+11|9.936338867e+03|9.962876465e+03|9.981567871e+03|9.951978516e+03|1.912352211e+03
3.095573985e+06|4.177958279e+06|4.232534786e+06|4.272278713e+06|4.205708050e+06|4.952801380e+03|4.983003080e+03|5.004764655e+03|4.967585032e+03|1.377278140e+11|1.403168472e+11|1.422032539e+11|1.390467665e+11|9.928913330e+03|9.967766602e+03|9.995796143e+03|9.948006836e+03|1.912352211e+03
3.102267352e+06|4.200777510e+06|4.243846410e+06|4.269603703e+06|4.220791350e+06|4.965485285e+03|4.989224609e+03|5.003304905e+03|4.976039951e+03|1.388101504e+11|1.408535533e+11|1.420762635e+11|1.397618387e+11|9.945214355e+03|9.975770508e+03|9.993911377e+03|9.958870117e+03|1.912352211e+03
3.110823777e+06|4.092296551e+06|4.227289390e+06|4.274263309e+06|4.189064255e+06|4.904652858e+03|4.980114634e+03|5.005847291e+03|4.958174528e+03|1.336675242e+11|1.400679392e+11|1.422974667e+11|1.382580821e+11|9.867074219e+03|9.964048828e+03|9.997189697e+03|9.935925781e+03|1.912352211e+03
3.123017812e+06|4.069836406e+06|4.176305296e+06|4.265666823e+06|4.165799765e+06|4.891882534e+03|4.951880918e+03|5.001155754e+03|4.945208745e+03|1.326035484e+11|1.376494120e+11|1.418893828e+11|1.371548885e+11|9.850683350e+03|9.927731934e+03|9.991145508e+03|9.919259766e+03|1.912352211e+03
3.181253540e+06|3.060251243e+06|3.155571780e+06|4.098084281e+06|3.529452982e+06|4.230558054e+03|4.302109410e+03|4.907935685e+03|4.534664056e+03|8.493582759e+10|8.943735577e+10|1.339417242e+11|1.070930103e+11|9.012976562e+03|9.102685059e+03|9.871282715e+03|9.398530273e+03|1.912352211e+03
3.222374862e+06|2.960673326e+06|3.011251828e+06|3.074961120e+06|3.025164013e+06|4.153070787e+03|4.192802903e+03|4.241769293e+03|4.201753288e+03|8.022659526e+10|8.261967390e+10|8.563101743e+10|8.327354948e+10|8.916054688e+03|8.965717773e+03|9.027016846e+03|8.977064453e+03|1.912352211e+03
3.229339554e+06|2.938054749e+06|3.002638888e+06|3.055978023e+06|2.997043739e+06|4.135059015e+03|4.186097492e+03|4.227288558e+03|4.180394252e+03|7.915579203e+10|8.221246772e+10|8.473383637e+10|8.194382473e+10|8.893548096e+03|8.957328125e+03|9.008883057e+03|8.950302734e+03|1.912352211e+03
3.234226765e+06|2.933340698e+06|2.972683287e+06|3.026364096e+06|2.982362562e+06|4.131277874e+03|4.162592196e+03|4.204513113e+03|4.169139598e+03|7.893237006e+10|8.079529574e+10|8.333399825e+10|8.124998785e+10|8.888831543e+03|8.927938477e+03|8.980373535e+03|8.936210938e+03|1.912352211e+03
3.237649814e+06|2.923427674e+06|2.987727486e+06|3.042123050e+06|2.983837931e+06|4.123316323e+03|4.174416206e+03|4.216673802e+03|4.170192672e+03|7.846291783e+10|8.150687310e+10|8.407913470e+10|8.131940384e+10|8.878892334e+03|8.942726562e+03|8.995591064e+03|8.937534180e+03|1.912352211e+03
3.240690233e+06|2.909063814e+06|2.970969909e+06|3.018291699e+06|2.963189885e+06|4.111734133e+03|4.161234837e+03|4.198261404e+03|4.153606808e+03|7.778259603e+10|8.071413237e+10|8.295242772e+10|8.034115768e+10|8.864427002e+03|8.926246094e+03|8.972552002e+03|8.916826172e+03|1.912352211e+03
3.244335251e+06|2.872921451e+06|2.955124047e+06|3.005914109e+06|2.948027225e+06|4.082249545e+03|4.148665026e+03|4.188656358e+03|4.141716354e+03|7.606886965e+10|7.996388180e+10|8.236741488e+10|7.962373322e+10|8.827655273e+03|8.910545898e+03|8.960529053e+03|8.901960938e+03|1.912352211e+03
3.247411961e+06|2.885732657e+06|2.922109464e+06|2.964486824e+06|2.918301768e+06|4.092762032e+03|4.122256932e+03|4.156095829e+03|4.118032186e+03|7.667673572e+10|7.840049126e+10|8.040716505e+10|7.821601657e+10|8.840760254e+03|8.877566406e+03|8.919827393e+03|8.872375977e+03|1.912352211e+03
3.250909733e+06|2.851093664e+06|2.904480489e+06|2.940694103e+06|2.895343132e+06|4.064247058e+03|4.108012279e+03|4.137176219e+03|4.099609702e+03|7.503336273e+10|7.756522701e+10|7.928086276e+10|7.712851055e+10|8.805204102e+03|8.859785645e+03|8.896191406e+03|8.849372070e+03|1.912352211e+03
3.254798114e+06|2.809620915e+06|2.883121490e+06|2.949221483e+06|2.882554919e+06|4.029541046e+03|4.090629164e+03|4.143975792e+03|4.088476201e+03|7.306340737e+10|7.655293087e+10|7.968455764e+10|7.651942454e+10|8.761985840e+03|8.838094727e+03|8.904685303e+03|8.835535156e+03|1.912352211e+03
3.259140885e+06|2.793103986e+06|2.872330998e+06|2.934995579e+06|2.862336041e+06|4.015576370e+03|4.081763435e+03|4.132605918e+03|4.071981125e+03|7.227871137e+10|7.604084767e+10|7.901076921e+10|7.556033711e+10|8.744591797e+03|8.827049316e+03|8.890484375e+03|8.814957031e+03|1.912352211e+03
3.265676926e+06|2.688815803e+06|2.779564788e+06|2.861001697e+06|2.773316143e+06|3.924786955e+03|4.004006444e+03|4.072431953e+03|3.996241517e+03|6.730886916e+10|7.163420558e+10|7.550329542e+10|7.132542710e+10|8.631738525e+03|8.730202637e+03|8.815417969e+03|8.720694336e+03|1.912352211e+03
3.276664082e+06|2.604065431e+06|2.703627099e+06|2.788709216e+06|2.698984069e+06|3.847656525e+03|3.937957274e+03|4.011823309e+03|3.930895987e+03|6.325241363e+10|6.801629630e+10|7.206946769e+10|6.777840606e+10|8.536062744e+03|8.648092773e+03|8.739925293e+03|8.639496094e+03|1.912352211e+03
3.295656649e+06|2.564947701e+06|2.674245568e+06|2.786753874e+06|2.659314636e+06|3.810542172e+03|3.911753954e+03|4.010143208e+03|3.895055080e+03|6.137034375e+10|6.661274760e+10|7.197631895e+10|6.587988313e+10|8.490108398e+03|8.615558594e+03|8.737834717e+03|8.595016602e+03|1.912352211e+03
3.427601795e+06|1.024882124e+07|1.028711620e+07|1.033000064e+07|1.030009195e+07|4.290540373e+03|4.294814577e+03|4.299583353e+03|4.296219448e+03|1.498785599e+11|1.507302854e+11|1.516821553e+11|1.510188697e+11|5.391184326e+03|5.398609375e+03|5.406880981e+03|5.401043945e+03|3.214700652e+03
3.440490737e+06|1.017740701e+07|1.022793553e+07|1.027573887e+07|1.023439087e+07|4.282538259e+03|4.288204325e+03|4.293545945e+03|4.288893862e+03|1.482935320e+11|1.494145975e+11|1.504771342e+11|1.495595223e+11|5.377301270e+03|5.387129395e+03|5.396403320e+03|5.388331055e+03|3.214700652e+03
3.446932520e+06|1.012412556e+07|1.016243247e+07|1.023057362e+07|1.017203588e+07|4.276541022e+03|4.280855116e+03|4.288499590e+03|4.281904380e+03|1.471136127e+11|1.479616809e+11|1.494731900e+11|1.481757726e+11|5.366898804e+03|5.374377441e+03|5.387641968e+03|5.376202637e+03|3.214700652e+03
3.452389192e+06|1.007760465e+07|1.014618143e+07|1.018997948e+07|1.013795703e+07|4.271279303e+03|4.279026430e+03|4.283950008e+03|4.278050522e+03|1.460810591e+11|1.476018098e+11|1.485722844e+11|1.474205403e+11|5.357762817e+03|5.371206543e+03|5.379748779e+03|5.369515137e+03|3.214700652e+03
3.457896188e+06|1.004582978e+07|1.009808215e+07|1.014770302e+07|1.010937234e+07|4.267675008e+03|4.273597695e+03|4.279197743e+03|4.274809041e+03|1.453766900e+11|1.465354019e+11|1.476354972e+11|1.467872660e+11|5.351510620e+03|5.361790039e+03|5.371503906e+03|5.363891113e+03|3.214700652e+03
3.464206342e+06|9.928547872e+06|1.004012000e+07|1.012852260e+07|1.002292244e+07|4.254295114e+03|4.267026433e+03|4.277036888e+03|4.264989115e+03|1.427819304e+11|1.452502194e+11|1.472109576e+11|1.448725427e+11|5.328301758e+03|5.350384277e+03|5.367757324e+03|5.346855469e+03|3.214700652e+03
3.472312530e+06|9.880566647e+06|9.973820677e+06|1.006313576e+07|9.976250543e+06|4.248782585e+03|4.259475751e+03|4.269639030e+03|4.259667024e+03|1.417201799e+11|1.437836180e+11|1.457602175e+11|1.438394453e+11|5.318737915e+03|5.337290283e+03|5.354916626e+03|5.337624512e+03|3.214700652e+03
3.507585149e+06|9.558888283e+06|9.754493762e+06|9.916118802e+06|9.510594372e+06|4.211247949e+03|4.234196919e+03|4.252868684e+03|4.203083808e+03|1.346239786e+11|1.389365049e+11|1.425067046e+11|1.336167176e+11|5.253669678e+03|5.293451416e+03|5.325828247e+03|5.239718262e+03|3.214700652e+03
3.618879106e+06|8.106304940e+06|8.125198101e+06|8.143854887e+06|8.122454742e+06|4.026474541e+03|4.029067700e+03|4.031624136e+03|4.028676280e+03|1.029222432e+11|1.033300279e+11|1.037331790e+11|1.032717147e+11|4.934604248e+03|4.939058105e+03|4.943451294e+03|4.938386719e+03|3.214700652e+03
3.629408378e+06|8.047245168e+06|8.086843560e+06|8.109021926e+06|8.080289593e+06|4.018306773e+03|4.023790084e+03|4.026847727e+03|4.022865703e+03|1.016484963e+11|1.025055684e+11|1.029808636e+11|1.023611903e+11|4.920563721e+03|4.929988770e+03|4.935244019e+03|4.928400879e+03|3.214700652e+03
3.636966637e+06|8.016348491e+06|8.050824478e+06|8.079466680e+06|8.049980698e+06|4.014014860e+03|4.018803209e+03|4.022770064e+03|4.018665721e+03|1.009743047e+11|1.017267021e+11|1.023472097e+11|1.017057926e+11|4.913189941e+03|4.921417725e+03|4.928233154e+03|4.921184570e+03|3.214700652e+03
3.644890077e+06|7.987578353e+06|8.025778476e+06|8.059550386e+06|8.021702666e+06|4.010007581e+03|4.015326044e+03|4.020012800e+03|4.014732750e+03|1.003534324e+11|1.011780178e+11|1.019167480e+11|1.010935268e+11|4.906310669e+03|4.915445557e+03|4.923494873e+03|4.914429688e+03|3.214700652e+03
3.654243854e+06|7.952177144e+06|7.987040861e+06|8.020728537e+06|7.987586233e+06|4.005055552e+03|4.009932625e+03|4.014624012e+03|4.009978390e+03|9.959222333e+10|1.003418407e+11|1.010689055e+11|1.003555037e+11|4.897812134e+03|4.906184570e+03|4.914238403e+03|4.906265137e+03|3.214700652e+03
3.664921133e+06|7.908106181e+06|7.948952746e+06|7.987749223e+06|7.947966792e+06|3.998843722e+03|4.004601912e+03|4.010031425e+03|4.004432518e+03|9.863550949e+10|9.952290594e+10|1.003571162e+11|9.949874608e+10|4.887149292e+03|4.897031982e+03|4.906350952e+03|4.896743652e+03|3.214700652e+03
3.680739594e+06|7.869493183e+06|7.900834391e+06|7.948512958e+06|7.908513598e+06|3.993380667e+03|3.997816368e+03|4.004540026e+03|3.998875144e+03|9.780196088e+10|9.847840749e+10|9.951343293e+10|9.864634612e+10|4.877776733e+03|4.885386475e+03|4.896924683e+03|4.887208008e+03|3.214700652e+03
3.747468142e+06|7.848792373e+06|7.890639052e+06|7.937255307e+06|7.891335677e+06|3.990443893e+03|3.996374648e+03|4.002955092e+03|3.996425496e+03|9.735601708e+10|9.825825580e+10|9.926977967e+10|9.827624340e+10|4.872744507e+03|4.882913574e+03|4.894205811e+03|4.883008789e+03|3.214700652e+03
3.790621606e+06|7.824252257e+06|7.856092506e+06|7.891241926e+06|7.851705831e+06|3.986954751e+03|3.991480191e+03|3.996460098e+03|3.990830457e+03|9.682839274e+10|9.751317942e+10|9.827125731e+10|9.742034544e+10|4.866762085e+03|4.874519043e+03|4.883061523e+03|4.873409180e+03|3.214700652e+03
3.801147294e+06|7.789890617e+06|7.816626831e+06|7.852634902e+06|7.817112374e+06|3.982030613e+03|3.985863965e+03|3.990989455e+03|3.985904300e+03|9.609473317e+10|9.666707228e+10|9.743873396e+10|9.667610116e+10|4.858321045e+03|4.864891846e+03|4.873679321e+03|4.864964355e+03|3.214700652e+03
3.810663284e+06|7.763198943e+06|7.796301026e+06|7.823120696e+06|7.792522959e+06|3.978194196e+03|3.982950578e+03|3.986793612e+03|3.982388237e+03|9.551011559e+10|9.623315086e+10|9.680413484e+10|9.614600215e+10|4.851746094e+03|4.859898438e+03|4.866485718e+03|4.858937988e+03|3.214700652e+03
3.822271414e+06|7.696541262e+06|7.732536417e+06|7.774143710e+06|7.732538119e+06|3.968571829e+03|3.973775319e+03|3.979768443e+03|3.973749869e+03|9.407395204e+10|9.484782141e+10|9.575144503e+10|9.485321432e+10|4.835272095e+03|4.844178955e+03|4.854444092e+03|4.844140625e+03|3.214700652e+03
3.838846023e+06|7.646157341e+06|7.697564704e+06|7.734943700e+06|7.686608484e+06|3.961221908e+03|3.968720021e+03|3.974122689e+03|3.967078266e+03|9.300514121e+10|9.409591985e+10|9.489963696e+10|9.386396739e+10|4.822693726e+03|4.835526855e+03|4.844773560e+03|4.832721191e+03|3.214700652e+03
3.863076660e+06|7.561204293e+06|7.607446625e+06|7.645657103e+06|7.604509672e+06|3.948738519e+03|3.955545988e+03|3.961148668e+03|3.955071625e+03|9.116013656e+10|9.215813907e+10|9.299433653e+10|9.210077970e+10|4.801348389e+03|4.812983154e+03|4.822567383e+03|4.812180176e+03|3.214700652e+03
3.914473455e+06|7.465821055e+06|7.503882655e+06|7.547646281e+06|7.505497574e+06|3.934515278e+03|3.940208461e+03|3.946729059e+03|3.940398548e+03|8.912270814e+10|8.995003707e+10|9.087502781e+10|8.997420396e+10|4.777052490e+03|4.786771240e+03|4.797913940e+03|4.787106445e+03|3.214700652e+03
3.956139925e+06|7.450136836e+06|7.476381757e+06|7.503023389e+06|7.471708208e+06|3.932163218e+03|3.936097005e+03|3.940080163e+03|3.935369932e+03|8.877559337e+10|8.935437538e+10|8.993159349e+10|8.924901631e+10|4.773038330e+03|4.779752441e+03|4.786555542e+03|4.778516602e+03|3.214700652e+03
3.968934845e+06|7.372538107e+06|7.423509320e+06|7.456151376e+06|7.419439815e+06|3.920421195e+03|3.928160167e+03|3.933065589e+03|3.927504250e+03|8.711745591e+10|8.820089632e+10|8.890912574e+10|8.812101268e+10|4.753009155e+03|4.766208496e+03|4.774578491e+03|4.765094238e+03|3.214700652e+03
3.978476845e+06|7.362165279e+06|7.391900152e+06|7.425892740e+06|7.393981552e+06|3.918841613e+03|3.923365423e+03|3.928520505e+03|3.923657645e+03|8.689026196e+10|8.753544485e+10|8.825064801e+10|8.757278570e+10|4.750315308e+03|4.758030029e+03|4.766823608e+03|4.758531738e+03|3.214700652e+03
3.989253935e+06|7.332077364e+06|7.371795768e+06|7.408688353e+06|7.371901409e+06|3.914250717e+03|3.920308204e+03|3.925913816e+03|3.920295888e+03|8.623313051e+10|8.710127337e+10|8.789153981e+10|8.709834096e+10|4.742490356e+03|4.752815918e+03|4.762375488e+03|4.752800781e+03|3.214700652e+03
4.002960195e+06|7.289339942e+06|7.325569473e+06|7.380192936e+06|7.331995398e+06|3.907697824e+03|3.913256053e+03|3.921585857e+03|3.914198464e+03|8.532569611e+10|8.609373768e+10|8.728363443e+10|8.624279332e+10|4.731332031e+03|4.740796631e+03|4.754995239e+03|4.742410156e+03|3.214700652e+03
4.023840766e+06|7.244356998e+06|7.288226112e+06|7.323786334e+06|7.285002956e+06|3.900727480e+03|3.907525600e+03|3.912983386e+03|3.906950199e+03|8.438017902e+10|8.530279325e+10|8.605556201e+10|8.523608744e+10|4.719466187e+03|4.731035400e+03|4.740333252e+03|4.730105469e+03|3.214700652e+03
4.057181310e+06|7.179689317e+06|7.224466034e+06|7.273667664e+06|7.220277192e+06|3.890652717e+03|3.897635450e+03|3.905272807e+03|3.896522284e+03|8.296453918e+10|8.394847359e+10|8.500116198e+10|8.385431522e+10|4.702331787e+03|4.714204590e+03|4.727203491e+03|4.712992676e+03|3.214700652e+03
4.107270763e+06|7.136143782e+06|7.182010665e+06|7.222152511e+06|7.177784961e+06|3.883152542e+03|3.891015476e+03|3.897275392e+03|3.889754979e+03|8.206549351e+10|8.301411802e+10|8.389768944e+10|8.294528653e+10|4.690672974e+03|4.702948486e+03|4.713591919e+03|4.701725586e+03|3.214700652e+03
4.130183900e+06|7.078807149e+06|7.120311874e+06|7.154594918e+06|7.118996396e+06|3.873003319e+03|3.880355630e+03|3.886406878e+03|3.879854324e+03|8.083799168e+10|8.173332623e+10|8.244629030e+10|8.168888865e+10|4.675239258e+03|4.686420898e+03|4.695624634e+03|4.686023926e+03|3.214700652e+03
4.142515958e+06|7.048164496e+06|7.095623422e+06|7.130723857e+06|7.087974016e+06|3.867556442e+03|3.875985718e+03|3.882195515e+03|3.873843963e+03|8.015441197e+10|8.120501219e+10|8.195236408e+10|8.102998279e+10|4.666960938e+03|4.679772949e+03|4.689217163e+03|4.677655762e+03|3.214700652e+03
4.154344282e+06|7.028581713e+06|7.067233556e+06|7.093979704e+06|7.060023469e+06|3.862388959e+03|3.870947933e+03|3.875694416e+03|3.868406758e+03|7.975233807e+10|8.058207200e+10|8.116939810e+10|8.043511166e+10|4.661617920e+03|4.672113525e+03|4.679329102e+03|4.670111816e+03|3.214700652e+03
4.167229119e+06|6.999568306e+06|7.033184137e+06|7.064763619e+06|7.032659017e+06|3.854573582e+03|3.863627192e+03|3.870508996e+03|3.862123345e+03|7.915586824e+10|7.984545067e+10|8.052709920e+10|7.984940631e+10|4.653681641e+03|4.662874023e+03|4.671447998e+03|4.662658691e+03|3.214700652e+03
4.183001811e+06|6.945001430e+06|6.998296104e+06|7.036559503e+06|6.990468459e+06|3.839830095e+03|3.854230545e+03|3.864535040e+03|3.852177171e+03|7.799085868e+10|7.912937872e+10|7.991348148e+10|7.895082137e+10|4.638702148e+03|4.653332275e+03|4.663795044e+03|4.651096680e+03|3.214700652e+03
4.208898066e+06|6.897357588e+06|6.941545604e+06|6.986227793e+06|6.935620919e+06|3.828368019e+03|3.838894345e+03|3.850974581e+03|3.838484617e+03|7.695383693e+10|7.791514036e+10|7.887628404e+10|7.778443565e+10|4.625488403e+03|4.637751709e+03|4.650025879e+03|4.636007812e+03|3.214700652e+03
4.244504662e+06|6.846251915e+06|6.885425257e+06|6.925531410e+06|6.879204648e+06|3.817108276e+03|3.825743606e+03|3.834565235e+03|3.825391712e+03|7.588511099e+10|7.670541323e+10|7.756160274e+10|7.658101196e+10|4.611202271e+03|4.622158447e+03|4.633340332e+03|4.620322266e+03|3.214700652e+03
4.283168690e+06|6.813792664e+06|6.852175552e+06|6.880576968e+06|6.844226094e+06|3.809930369e+03|3.818415985e+03|3.824676468e+03|3.817470054e+03|7.518873546e+10|7.601057529e+10|7.660509869e+10|7.583649743e+10|4.602093140e+03|4.612860840e+03|4.620805542e+03|4.610579590e+03|3.214700652e+03
4.302230272e+06|6.752064080e+06|6.796178912e+06|6.827604164e+06|6.789769080e+06|3.802374708e+03|3.807176923e+03|3.812987061e+03|3.807870811e+03|7.387470425e+10|7.481260385e+10|7.548686166e+10|7.467703546e+10|4.584629150e+03|4.597128418e+03|4.605972656e+03|4.595265137e+03|3.214700652e+03
4.315660442e+06|6.713212010e+06|6.751635178e+06|6.791641622e+06|6.752165090e+06|3.798124627e+03|3.802328025e+03|3.806684181e+03|3.802360410e+03|7.304333530e+10|7.386499743e+10|7.471675070e+10|7.387321114e+10|4.573583862e+03|4.584508545e+03|4.595843384e+03|4.584621094e+03|3.214700652e+03
4.328634292e+06|6.690832340e+06|6.731964188e+06|6.764967539e+06|6.733640197e+06|3.795667412e+03|3.800178489e+03|3.803782045e+03|3.799725259e+03|7.254920605e+10|7.344819268e+10|7.415015683e+10|7.347790823e+10|4.567201782e+03|4.578917725e+03|4.588291382e+03|4.579342773e+03|3.214700652e+03
4.345286800e+06|6.659260495e+06|6.705187970e+06|6.733918719e+06|6.694666405e+06|3.786638177e+03|3.797244379e+03|3.800392296e+03|3.792591338e+03|7.188511937e+10|7.286754534e+10|7.348990284e+10|7.265007146e+10|4.558091919e+03|4.571296875e+03|4.579474731e+03|4.568206543e+03|3.214700652e+03
4.362900401e+06|6.614398158e+06|6.659245797e+06|6.688026617e+06|6.649777453e+06|3.773272870e+03|3.786633758e+03|3.795185536e+03|3.782793546e+03|7.096407989e+10|7.188477144e+10|7.248758098e+10|7.169641663e+10|4.545093140e+03|4.558085449e+03|4.566399658e+03|4.555281738e+03|3.214700652e+03
4.392184173e+06|6.565937263e+06|6.596966729e+06|6.647826980e+06|6.599880652e+06|3.758848633e+03|3.768068085e+03|3.783236016e+03|3.768755018e+03|6.992271477e+10|7.059325703e+10|7.165500159e+10|7.064425437e+10|4.530968018e+03|4.540029297e+03|4.554781616e+03|4.540766602e+03|3.214700652e+03
4.424297363e+06|6.511421730e+06|6.553152431e+06|6.595064570e+06|6.547244667e+06|3.742911420e+03|3.755116919e+03|3.767499732e+03|3.753635290e+03|6.877995359e+10|6.965215367e+10|7.055235842e+10|6.953467770e+10|4.514855225e+03|4.527196045e+03|4.539477051e+03|4.525312012e+03|3.214700652e+03
4.455182881e+06|6.480210713e+06|6.517423036e+06|6.557743000e+06|6.513218099e+06|3.733757621e+03|3.744669056e+03|3.756457256e+03|3.743584125e+03|6.812883157e+10|6.890251383e+10|6.974924291e+10|6.881630157e+10|4.505595093e+03|4.516633789e+03|4.528550537e+03|4.515309570e+03|3.214700652e+03
4.472839575e+06|6.444294521e+06|6.478598027e+06|6.515819520e+06|6.477198832e+06|3.723530680e+03|3.733284085e+03|3.744199498e+03|3.733129387e+03|6.736132311e+10|6.809459998e+10|6.886984398e+10|6.805657623e+10|4.494847168e+03|4.505117676e+03|4.516159302e+03|4.504612793e+03|3.214700652e+03
4.487268668e+06|6.409140682e+06|6.436590876e+06|6.471393774e+06|6.441070221e+06|3.713852629e+03|3.721412207e+03|3.731167847e+03|3.722816018e+03|6.661661357e+10|6.719770113e+10|6.794080063e+10|6.729419365e+10|4.484231079e+03|4.492522949e+03|4.502975952e+03|4.493814941e+03|3.214700652e+03
4.501639058e+06|6.380298524e+06|6.416786531e+06|6.441323485e+06|6.410209687e+06|3.705891322e+03|3.715959952e+03|3.722713918e+03|3.714375203e+03|6.601069145e+10|6.677816195e+10|6.729817282e+10|6.664147274e+10|4.475493896e+03|4.486543213e+03|4.493951904e+03|4.484499512e+03|3.214700652e+03
4.518077156e+06|6.348896968e+06|6.375314882e+06|6.402492519e+06|6.374160920e+06|3.697327402e+03|3.704513775e+03|3.712019205e+03|3.704649544e+03|6.535075139e+10|6.590743775e+10|6.647633676e+10|6.588002794e+10|4.465948486e+03|4.473983887e+03|4.482219482e+03|4.473571777e+03|3.214700652e+03
4.538634589e+06|6.301717450e+06|6.343579064e+06|6.371086932e+06|6.335559179e+06|3.686769974e+03|3.696139827e+03|3.703344669e+03|3.695184733e+03|6.433968676e+10|6.523702457e+10|6.581940553e+10|6.506260956e+10|4.451398682e+03|4.464313232e+03|4.472701660e+03|4.461736328e+03|3.214700652e+03
4.564048581e+06|6.266660342e+06|6.304169386e+06|6.334816582e+06|6.292682824e+06|3.678893592e+03|3.687319848e+03|3.694181694e+03|3.684990678e+03|6.359619842e+10|6.439234705e+10|6.504950106e+10|6.415336623e+10|4.440544678e+03|4.452155762e+03|4.461613770e+03|4.448541504e+03|3.214700652e+03
4.597683111e+06|6.206530420e+06|6.234523263e+06|6.275229300e+06|6.237506580e+06|3.666091919e+03|3.671835435e+03|3.680821316e+03|3.672689287e+03|6.233534293e+10|6.292218382e+10|6.377708581e+10|6.298575698e+10|4.421836548e+03|4.430561035e+03|4.443201172e+03|4.431443848e+03|3.214700652e+03
4.624779228e+06|6.179900933e+06|6.212868200e+06|6.236637852e+06|6.198671566e+06|3.660612454e+03|3.667393783e+03|3.672268626e+03|3.663730012e+03|6.177312116e+10|6.246858947e+10|6.296633943e+10|6.216701508e+10|4.413517212e+03|4.423814453e+03|4.431218750e+03|4.419285156e+03|3.214700652e+03
4.643683284e+06|6.143435636e+06|6.172612116e+06|6.193937965e+06|6.162546220e+06|3.653084049e+03|3.659109969e+03|3.663502733e+03|3.656144894e+03|6.099712720e+10|6.161857066e+10|6.206995994e+10|6.140497762e+10|4.402092773e+03|4.411238281e+03|4.417904907e+03|4.408021973e+03|3.214700652e+03
4.659608267e+06|6.088901262e+06|6.124808708e+06|6.153516490e+06|6.122606970e+06|3.637153629e+03|3.648074052e+03|3.655168184e+03|3.646291045e+03|5.985029251e+10|6.060298288e+10|6.121234419e+10|6.056167549e+10|4.384734741e+03|4.396193604e+03|4.405256958e+03|4.395415527e+03|3.214700652e+03
4.674287950e+06|6.066079198e+06|6.096465383e+06|6.120473516e+06|6.092459361e+06|3.630196423e+03|3.639456707e+03|3.646757274e+03|3.637865093e+03|5.937702751e+10|6.000854336e+10|6.051191261e+10|5.992790695e+10|4.377433228e+03|4.387151611e+03|4.394811768e+03|4.385818848e+03|3.214700652e+03
4.690071579e+06|6.045154917e+06|6.063606293e+06|6.092801605e+06|6.062764094e+06|3.623806413e+03|3.629441792e+03|3.638341359e+03|3.629056173e+03|5.894180124e+10|5.932592949e+10|5.993187184e+10|5.930579183e+10|4.370726318e+03|4.376640869e+03|4.385981323e+03|4.376308594e+03|3.214700652e+03
4.711210321e+06|5.999211664e+06|6.029747386e+06|6.057156661e+06|6.023525154e+06|3.609242356e+03|3.619053160e+03|3.627472925e+03|3.616783562e+03|5.797259594e+10|5.861722590e+10|5.919223711e+10|5.848366188e+10|4.355743774e+03|4.365762207e+03|4.374576294e+03|4.363558594e+03|3.214700652e+03
4.735118013e+06|5.958034539e+06|5.986448896e+06|6.015296776e+06|5.980829207e+06|3.595975715e+03|3.605134941e+03|3.614413224e+03|3.603330225e+03|5.710833096e+10|5.770410098e+10|5.831176930e+10|5.758705243e+10|4.342191040e+03|4.351548340e+03|4.361025146e+03|4.349618164e+03|3.214700652e+03
4.762878977e+06|5.904701657e+06|5.937570740e+06|5.964382339e+06|5.932409895e+06|3.579020867e+03|3.589366740e+03|3.598023637e+03|3.587886817e+03|5.598613289e+10|5.668096224e+10|5.724119101e+10|5.656918664e+10|4.324428711e+03|4.335433594e+03|4.344282837e+03|4.333597656e+03|3.214700652e+03
4.791940901e+06|5.878722551e+06|5.903781633e+06|5.924521709e+06|5.894431992e+06|3.570879460e+03|3.578732872e+03|3.585220541e+03|3.575964525e+03|5.543772322e+10|5.596666229e+10|5.640628646e+10|5.576983176e+10|4.315685059e+03|4.324120117e+03|4.331086914e+03|4.320887207e+03|3.214700652e+03
4.811456980e+06|5.842302446e+06|5.866137017e+06|5.891830795e+06|5.863143155e+06|3.559436640e+03|3.566929092e+03|3.574989542e+03|3.566132769e+03|5.467334174e+10|5.517299595e+10|5.571410312e+10|5.511015416e+10|4.303387817e+03|4.311439941e+03|4.320099731e+03|4.310361816e+03|3.214700652e+03
4.828717283e+06|5.790430658e+06|5.825911796e+06|5.862662149e+06|5.826210857e+06|3.543980299e+03|3.554412861e+03|3.565837685e+03|3.554804751e+03|5.357233572e+10|5.432781727e+10|5.510001170e+10|5.433006195e+10|4.285589600e+03|4.297809814e+03|4.310266602e+03|4.297805176e+03|3.214700652e+03
4.842915652e+06|5.766260429e+06|5.798659133e+06|5.837198573e+06|5.802112404e+06|3.536854506e+03|3.546402680e+03|3.557830303e+03|3.547606525e+03|5.306111020e+10|5.374699275e+10|5.456663559e+10|5.382061905e+10|4.277242065e+03|4.288425049e+03|4.301661987e+03|4.289534668e+03|3.214700652e+03
4.860491544e+06|5.731715934e+06|5.758899744e+06|5.789219248e+06|5.758042909e+06|3.526769845e+03|3.534681372e+03|3.543623530e+03|3.534712081e+03|5.233411485e+10|5.290596224e+10|5.354664725e+10|5.288827666e+10|4.265263794e+03|4.274695801e+03|4.285171509e+03|4.274323242e+03|3.214700652e+03
4.881607205e+06|5.703927615e+06|5.726470205e+06|5.758157422e+06|5.726646045e+06|3.519412429e+03|3.525382512e+03|3.534462131e+03|3.525745270e+03|5.174421141e+10|5.222284257e+10|5.289032966e+10|5.222429836e+10|4.255488037e+03|4.263418213e+03|4.274439453e+03|4.263393555e+03|3.214700652e+03
4.902390657e+06|5.663728943e+06|5.686933879e+06|5.711817514e+06|5.678423137e+06|3.508732879e+03|3.514902980e+03|3.521503483e+03|3.512071681e+03|5.088897558e+10|5.138292490e+10|5.191181504e+10|5.120518110e+10|4.241304443e+03|4.249498291e+03|4.258265137e+03|4.246435059e+03|3.214700652e+03
4.926375094e+06|5.619782272e+06|5.643923942e+06|5.666667202e+06|5.638824085e+06|3.495807510e+03|3.503455425e+03|3.509514962e+03|3.501054778e+03|4.996283812e+10|5.046687778e+10|5.095155867e+10|5.036621796e+10|4.225747559e+03|4.234295410e+03|4.242342163e+03|4.232444824e+03|3.214700652e+03
4.955365900e+06|5.579290844e+06|5.603273824e+06|5.629165120e+06|5.600228663e+06|3.482688564e+03|3.490464398e+03|3.498840994e+03|3.489255788e+03|4.912145604e+10|4.962055794e+10|5.015690507e+10|4.955692797e+10|4.211368774e+03|4.219889893e+03|4.229069580e+03|4.218750488e+03|3.214700652e+03
4.976644195e+06|5.546906629e+06|5.571585824e+06|5.595213281e+06|5.566234560e+06|3.472155417e+03|3.480187063e+03|3.487852781e+03|3.478317789e+03|4.844406635e+10|4.896066445e+10|4.945305430e+10|4.884628236e+10|4.199820679e+03|4.208627197e+03|4.217029297e+03|4.206595703e+03|3.214700652e+03
4.996899218e+06|5.506273972e+06|5.531096585e+06|5.562667572e+06|5.527836125e+06|3.458587164e+03|3.466884150e+03|3.477289559e+03|3.465657485e+03|4.758923357e+10|4.811081685e+10|4.877428107e+10|4.804236992e+10|4.184991333e+03|4.194060303e+03|4.205451172e+03|4.192743652e+03|3.214700652e+03
5.012808684e+06|5.468942617e+06|5.495913313e+06|5.524740945e+06|5.496921929e+06|3.446076138e+03|3.455118932e+03|3.464761420e+03|3.455415946e+03|4.680885344e+10|4.737216447e+10|4.797706733e+10|4.739454493e+10|4.171311157e+03|4.181197021e+03|4.191741333e+03|4.181528320e+03|3.214700652e+03
5.029466699e+06|5.442076614e+06|5.462848377e+06|5.487732858e+06|5.460773725e+06|3.436891841e+03|3.444029866e+03|3.452378368e+03|3.443119957e+03|4.624395916e+10|4.668193483e+10|4.720103767e+10|4.663520261e+10|4.161319580e+03|4.169072021e+03|4.178203247e+03|4.168146484e+03|3.214700652e+03
5.047836092e+06|5.406787088e+06|5.434889169e+06|5.458327747e+06|5.432643581e+06|3.424614429e+03|3.434394204e+03|3.442511442e+03|3.433492508e+03|4.549863822e+10|4.609177984e+10|4.658785272e+10|4.604376739e+10|4.148021240e+03|4.158614014e+03|4.167411377e+03|4.157677246e+03|3.214700652e+03
5.067380415e+06|5.372575431e+06|5.398165245e+06|5.427690163e+06|5.395833314e+06|3.412677502e+03|3.421609383e+03|3.431891061e+03|3.420598988e+03|4.478057903e+10|4.531725480e+10|4.593954950e+10|4.526781839e+10|4.135087769e+03|4.144765381e+03|4.155903809e+03|4.143761719e+03|3.214700652e+03
5.090123978e+06|5.333463856e+06|5.353456999e+06|5.377151691e+06|5.348681411e+06|3.398276279e+03|3.405692517e+03|3.414276260e+03|3.403744436e+03|4.394900870e+10|4.437436658e+10|4.487636324e+10|4.427131887e+10|4.119936279e+03|4.127709229e+03|4.136822510e+03|4.125685059e+03|3.214700652e+03
5.114717848e+06|5.293187582e+06|5.323873119e+06|5.345006146e+06|5.318293761e+06|3.383300954e+03|3.394714584e+03|3.402559180e+03|3.392613627e+03|4.309760808e+10|4.374560423e+10|4.419435292e+10|4.362820683e+10|4.104228394e+03|4.116201172e+03|4.124425415e+03|4.113946777e+03|3.214700652e+03
5.139869524e+06|5.258294220e+06|5.289680439e+06|5.311164898e+06|5.279750876e+06|3.370391399e+03|3.381994631e+03|3.389991052e+03|3.378351538e+03|4.235395618e+10|4.302382969e+10|4.347672042e+10|4.280994561e+10|4.090387878e+03|4.102856934e+03|4.111247925e+03|4.098801758e+03|3.214700652e+03
5.161950170e+06|5.220780186e+06|5.254267067e+06|5.272343530e+06|5.241507372e+06|3.356521551e+03|3.368904489e+03|3.375574974e+03|3.364183182e+03|4.155529530e+10|4.226788299e+10|4.265485516e+10|4.199674569e+10|4.075368835e+03|4.088776611e+03|4.096000427e+03|4.083544434e+03|3.214700652e+03
5.180593805e+06|5.181726711e+06|5.211340607e+06|5.237479843e+06|5.206007401e+06|3.342157042e+03|3.353024795e+03|3.362701027e+03|3.351017075e+03|4.072328057e+10|4.135544334e+10|4.190996076e+10|4.124065266e+10|4.059535645e+03|4.071581543e+03|4.082059387e+03|4.069244141e+03|3.214700652e+03
5.197581944e+06|5.153037371e+06|5.181443948e+06|5.211066950e+06|5.180049847e+06|3.331684483e+03|3.342053948e+03|3.352923447e+03|3.341516673e+03|4.010794457e+10|4.071720541e+10|4.134964562e+10|4.068655556e+10|4.047734131e+03|4.059417725e+03|4.071472900e+03|4.058734131e+03|3.214700652e+03
5.214961469e+06|5.121021881e+06|5.140756612e+06|5.171989883e+06|5.144703093e+06|3.319967792e+03|3.327193845e+03|3.338605609e+03|3.328537986e+03|3.942408897e+10|3.984520265e+10|4.051420493e+10|3.993164153e+10|4.034530945e+03|4.042675415e+03|4.055532715e+03|4.044265869e+03|3.214700652e+03
5.233034293e+06|5.090874252e+06|5.116451050e+06|5.142444686e+06|5.114028975e+06|3.308388347e+03|3.318260666e+03|3.327811398e+03|3.317020003e+03|3.878626443e+10|3.932722265e+10|3.988129382e+10|3.927887621e+10|4.022056030e+03|4.032641846e+03|4.043369080e+03|4.031586914e+03|3.214700652e+03
5.252836694e+06|5.058771499e+06|5.077429921e+06|5.107417919e+06|5.075742830e+06|3.295968572e+03|3.303190943e+03|3.314776217e+03|3.302334634e+03|3.810893019e+10|3.850237171e+10|3.913604501e+10|3.846701318e+10|4.008731079e+03|4.016479736e+03|4.028903931e+03|4.015652832e+03|3.214700652e+03
5.274951182e+06|5.011058915e+06|5.038043798e+06|5.061637352e+06|5.033698664e+06|3.277108082e+03|3.287931739e+03|3.297078574e+03|3.285940528e+03|3.709696290e+10|3.767261554e+10|3.816931979e+10|3.757684239e+10|3.988594849e+03|4.000105957e+03|4.009922729e+03|3.998044922e+03|3.214700652e+03
5.300634382e+06|4.976485651e+06|4.999426444e+06|5.034534898e+06|4.999660202e+06|3.263202552e+03|3.272433591e+03|3.286529133e+03|3.272383437e+03|3.636466767e+10|3.684987074e+10|3.759766504e+10|3.685517599e+10|3.973806030e+03|3.983623901e+03|3.998614563e+03|3.983590820e+03|3.214700652e+03
5.323323917e+06|4.940071510e+06|4.963312416e+06|4.990421198e+06|4.958986632e+06|3.248279298e+03|3.257894413e+03|3.268811941e+03|3.255869601e+03|3.558888946e+10|3.608716039e+10|3.665905020e+10|3.599040916e+10|3.957955933e+03|3.968156860e+03|3.979773926e+03|3.966031006e+03|3.214700652e+03
5.346846051e+06|4.902251473e+06|4.921453407e+06|4.946668825e+06|4.920249060e+06|3.232529041e+03|3.240531304e+03|3.251022224e+03|3.239883928e+03|3.478130027e+10|3.519037071e+10|3.573054577e+10|3.516443660e+10|3.941250854e+03|3.949738159e+03|3.960865906e+03|3.949063477e+03|3.214700652e+03
5.367579331e+06|4.853252009e+06|4.879700093e+06|4.913314532e+06|4.878929087e+06|3.211658585e+03|3.223056400e+03|3.237140893e+03|3.222458550e+03|3.372891578e+10|3.430075810e+10|3.501674136e+10|3.427941519e+10|3.919153625e+03|3.931206299e+03|3.946141602e+03|3.930598389e+03|3.214700652e+03
5.383405045e+06|4.836891457e+06|4.862105494e+06|4.887642669e+06|4.857164324e+06|3.204597176e+03|3.215476389e+03|3.226433185e+03|3.213179307e+03|3.337719061e+10|3.391989594e+10|3.447141587e+10|3.381260442e+10|3.911684021e+03|3.923189697e+03|3.934782471e+03|3.920772705e+03|3.214700652e+03
5.399610599e+06|4.807349133e+06|4.832364278e+06|4.856079010e+06|4.829268152e+06|3.191770524e+03|3.202641736e+03|3.212877923e+03|3.201140955e+03|3.274363575e+10|3.328013500e+10|3.378984587e+10|3.321241928e+10|3.898117554e+03|3.909614380e+03|3.920442810e+03|3.908039307e+03|3.214700652e+03
5.417057179e+06|4.777797851e+06|4.796987736e+06|4.827106025e+06|4.797993485e+06|3.178563607e+03|3.187142905e+03|3.200369703e+03|3.187378477e+03|3.209996767e+10|3.251733316e+10|3.316755876e+10|3.253662542e+10|3.884188782e+03|3.893237183e+03|3.907209473e+03|3.893504150e+03|3.214700652e+03
5.439340778e+06|4.733210845e+06|4.757570438e+06|4.779691839e+06|4.753667577e+06|3.158476219e+03|3.169508275e+03|3.179410882e+03|3.167543980e+03|3.113441794e+10|3.166251079e+10|3.214105454e+10|3.157574700e+10|3.863006897e+03|3.874637207e+03|3.885084045e+03|3.872581787e+03|3.214700652e+03
5.462900780e+06|4.693093327e+06|4.713926567e+06|4.741277367e+06|4.715189104e+06|3.139862197e+03|3.149534591e+03|3.162205063e+03|3.149970340e+03|3.025592848e+10|3.071078366e+10|3.131201427e+10|3.073774928e+10|3.843431274e+03|3.853604614e+03|3.866928162e+03|3.854073730e+03|3.214700652e+03
5.486315319e+06|4.649839103e+06|4.680245904e+06|4.707301501e+06|4.677908935e+06|3.119382863e+03|3.133890872e+03|3.146460152e+03|3.132526651e+03|2.930589391e+10|2.997690110e+10|3.056581802e+10|2.992188073e+10|3.821922424e+03|3.837146118e+03|3.850370361e+03|3.835738770e+03|3.214700652e+03
5.508621846e+06|4.622707920e+06|4.648015300e+06|4.677631170e+06|4.644410677e+06|3.106305569e+03|3.118504464e+03|3.132674983e+03|3.116578144e+03|2.870879351e+10|2.926556888e+10|2.992024600e+10|2.918623923e+10|3.808204590e+03|3.821000000e+03|3.835865906e+03|3.819008545e+03|3.214700652e+03
5.530791417e+06|4.585555827e+06|4.604733637e+06|4.631653247e+06|4.605766578e+06|3.088082051e+03|3.097606160e+03|3.110619609e+03|3.097884260e+03|2.788853267e+10|2.831505502e+10|2.890505100e+10|2.833504257e+10|3.789176636e+03|3.799083740e+03|3.812731812e+03|3.799435547e+03|3.214700652e+03
5.550978680e+06|4.554868307e+06|4.582716903e+06|4.602470348e+06|4.577548658e+06|3.072820208e+03|3.086671291e+03|3.096482708e+03|3.083954846e+03|2.721300657e+10|2.782567924e+10|2.826454329e+10|2.771256650e+10|3.773294983e+03|3.787710693e+03|3.797915466e+03|3.784909668e+03|3.214700652e+03
5.570236234e+06|4.519869509e+06|4.543557419e+06|4.567662435e+06|4.543060856e+06|3.055033979e+03|3.067188168e+03|3.079186378e+03|3.066643916e+03|2.643825925e+10|2.696619177e+10|2.749360107e+10|2.695073843e+10|3.754864563e+03|3.767429565e+03|3.779919678e+03|3.766921631e+03|3.214700652e+03
5.587009051e+06|4.488217031e+06|4.515536681e+06|4.540012077e+06|4.511652530e+06|3.038738645e+03|3.052804905e+03|3.065389573e+03|3.050610053e+03|2.573894163e+10|2.634201038e+10|2.688769622e+10|2.625535831e+10|3.738011841e+03|3.752557495e+03|3.765563232e+03|3.750308350e+03|3.214700652e+03
5.606441521e+06|4.464408857e+06|4.483823851e+06|4.505968792e+06|4.480006393e+06|3.026163827e+03|3.036474781e+03|3.047880979e+03|3.034152085e+03|2.520652818e+10|2.564267130e+10|2.612993236e+10|2.555181275e+10|3.725033752e+03|3.735669189e+03|3.747467407e+03|3.733294922e+03|3.214700652e+03
5.629819012e+06|4.415773047e+06|4.436772514e+06|4.463071274e+06|4.439564858e+06|2.999999937e+03|3.011345830e+03|3.025447078e+03|3.012651684e+03|2.411729549e+10|2.458652808e+10|2.517635606e+10|2.464739819e+10|3.698054871e+03|3.709755005e+03|3.724296143e+03|3.711112305e+03|3.214700652e+03
5.651064140e+06|4.383205473e+06|4.412733747e+06|4.432158155e+06|4.409613876e+06|2.981790638e+03|2.998301605e+03|3.008869827e+03|2.996333912e+03|2.337396079e+10|2.404745198e+10|2.448372541e+10|2.397237513e+10|3.679332886e+03|3.696308472e+03|3.707199707e+03|3.694302490e+03|3.214700652e+03
5.673024200e+06|4.352745478e+06|4.374374017e+06|4.396131437e+06|4.372264066e+06|2.964537548e+03|2.976848628e+03|2.989020713e+03|2.975442475e+03|2.268073553e+10|2.317432757e+10|2.366764646e+10|2.312364439e+10|3.661599854e+03|3.674249146e+03|3.686769470e+03|3.672817139e+03|3.214700652e+03
5.696132992e+06|4.310863090e+06|4.341789042e+06|4.360970640e+06|4.335950030e+06|2.940068247e+03|2.958139637e+03|2.969331477e+03|2.954458946e+03|2.171556523e+10|2.242624830e+10|2.287239764e+10|2.228909412e+10|3.636500732e+03|3.655040894e+03|3.666514343e+03|3.651280518e+03|3.214700652e+03
5.719026678e+06|4.282749345e+06|4.299726171e+06|4.314757199e+06|4.297065749e+06|2.923032625e+03|2.933403980e+03|2.942344750e+03|2.931495114e+03|2.105551176e+10|2.145624072e+10|2.180443471e+10|2.138864580e+10|3.619072327e+03|3.629677246e+03|3.638837219e+03|3.627744141e+03|3.214700652e+03
5.740378850e+06|4.242438791e+06|4.261498542e+06|4.283061437e+06|4.261096247e+06|2.898108945e+03|2.910044173e+03|2.923223323e+03|2.909525806e+03|2.010797396e+10|2.055925109e+10|2.106284607e+10|2.054562014e+10|3.593596497e+03|3.605784912e+03|3.619269287e+03|3.605272217e+03|3.214700652e+03
5.758672802e+06|4.206101403e+06|4.228605644e+06|4.248185582e+06|4.225999004e+06|2.874841074e+03|2.889252668e+03|2.901787630e+03|2.887332351e+03|1.924198905e+10|1.977599332e+10|2.024671910e+10|1.971143376e+10|3.569859741e+03|3.584564087e+03|3.597345154e+03|3.582619385e+03|3.214700652e+03
5.776974913e+06|4.190276281e+06|4.209990084e+06|4.230114810e+06|4.207693491e+06|2.864358836e+03|2.877331712e+03|2.890218957e+03|2.875541097e+03|1.885720436e+10|1.933372031e+10|1.981207294e+10|1.927357823e+10|3.559191772e+03|3.572402954e+03|3.585552002e+03|3.570596680e+03|3.214700652e+03
5.795283064e+06|4.154379663e+06|4.176062253e+06|4.198441647e+06|4.174768575e+06|2.840229329e+03|2.854804661e+03|2.869847066e+03|2.853565564e+03|1.798582022e+10|1.850956801e+10|1.905843419e+10|1.847390391e+10|3.534645142e+03|3.549477173e+03|3.564770081e+03|3.548237305e+03|3.214700652e+03
5.815932891e+06|4.124636671e+06|4.153637228e+06|4.172438374e+06|4.148166915e+06|2.819261036e+03|2.839730232e+03|2.852368728e+03|2.835394302e+03|1.724207518e+10|1.796802764e+10|1.842148002e+10|1.782130386e+10|3.513385803e+03|3.534137817e+03|3.546999146e+03|3.529775635e+03|3.214700652e+03
5.839488214e+06|4.095343949e+06|4.109918595e+06|4.126915768e+06|4.109840510e+06|2.798157660e+03|2.808853684e+03|2.820872734e+03|2.808315849e+03|1.650668896e+10|1.687898713e+10|1.729856091e+10|1.686752714e+10|3.492019226e+03|3.502823730e+03|3.515019226e+03|3.502327881e+03|3.214700652e+03
5.862082887e+06|4.054055024e+06|4.078242636e+06|4.100212526e+06|4.075906076e+06|2.767179886e+03|2.785441470e+03|2.801778672e+03|2.783264298e+03|1.545360359e+10|1.606997593e+10|1.663252167e+10|1.600617019e+10|3.460782410e+03|3.479185791e+03|3.495670349e+03|3.477030518e+03|3.214700652e+03
5.885289849e+06|4.016949680e+06|4.044814563e+06|4.060899809e+06|4.041421129e+06|2.738124920e+03|2.759965840e+03|2.772509514e+03|2.756949582e+03|1.449032674e+10|1.521058944e+10|1.563385163e+10|1.511850195e+10|3.431611450e+03|3.453541992e+03|3.466127869e+03|3.450533691e+03|3.214700652e+03
5.906733568e+06|3.992008544e+06|4.012127124e+06|4.033143221e+06|4.011116417e+06|2.717474928e+03|2.734129926e+03|2.750857393e+03|2.732702607e+03|1.381816834e+10|1.435884426e+10|1.490760406e+10|1.432107126e+10|3.410921570e+03|3.427610962e+03|3.444397766e+03|3.426198730e+03|3.214700652e+03
5.927582991e+06|3.956589935e+06|3.980575349e+06|4.006050046e+06|3.980203925e+06|2.686965443e+03|2.708018091e+03|2.729097168e+03|2.706781115e+03|1.284863095e+10|1.351650180e+10|1.419419527e+10|1.348777343e+10|3.380382751e+03|3.401437866e+03|3.422571045e+03|3.400225098e+03|3.214700652e+03
5.949728245e+06|3.921642550e+06|3.951395352e+06|3.967674627e+06|3.947044179e+06|2.655118573e+03|2.682390424e+03|2.696734592e+03|2.677748022e+03|1.186701124e+10|1.270608795e+10|1.315645685e+10|1.257297735e+10|3.348456726e+03|3.375805054e+03|3.390154297e+03|3.371166016e+03|3.214700652e+03
5.972513322e+06|3.895990704e+06|3.919161481e+06|3.942108418e+06|3.917255632e+06|2.630144049e+03|2.652761018e+03|2.674214859e+03|2.649989156e+03|1.111233522e+10|1.179473369e+10|1.245331362e+10|1.172246925e+10|3.323659241e+03|3.346119751e+03|3.367619446e+03|3.343449951e+03|3.214700652e+03
5.995059165e+06|3.862096430e+06|3.883059051e+06|3.906958936e+06|3.884392517e+06|2.594978543e+03|2.617052114e+03|2.641174815e+03|2.617484513e+03|1.008181790e+10|1.072479735e+10|1.144456178e+10|1.075110135e+10|3.288678467e+03|3.310624512e+03|3.334630005e+03|3.311070068e+03|3.214700652e+03
6.017314595e+06|3.839363138e+06|3.862886713e+06|3.882393248e+06|3.860061867e+06|2.569890516e+03|2.595843741e+03|2.616378616e+03|2.591466645e+03|9.369456682e+09|1.010687134e+10|1.070507359e+10|9.997767341e+09|3.263767151e+03|3.289537354e+03|3.309954956e+03|3.285220947e+03|3.214700652e+03
6.036757632e+06|3.811708456e+06|3.831532556e+06|3.857945623e+06|3.833686425e+06|2.536827208e+03|2.560570397e+03|2.590436105e+03|2.561666578e+03|8.454514589e+09|9.106239513e+09|9.950915001e+09|9.154634420e+09|3.231005981e+03|3.254538696e+03|3.284169067e+03|3.255650879e+03|3.214700652e+03
6.054755251e+06|3.796851618e+06|3.813108884e+06|3.836256329e+06|3.814770279e+06|2.517506554e+03|2.538652111e+03|2.566190990e+03|2.538836553e+03|7.930523244e+09|8.505122711e+09|9.264422274e+09|8.524400402e+09|3.211890442e+03|3.232810181e+03|3.260104858e+03|3.233023682e+03|3.214700652e+03
6.072670939e+06|3.773808820e+06|3.791524891e+06|3.813142844e+06|3.795284772e+06|2.485732373e+03|2.510596983e+03|2.538685246e+03|2.513921878e+03|7.094166003e+09|7.748381659e+09|8.505941623e+09|7.851352745e+09|3.180452026e+03|3.205046021e+03|3.232844604e+03|3.208352539e+03|3.214700652e+03
6.092574296e+06|3.754173191e+06|3.766708575e+06|3.788877639e+06|3.772357857e+06|2.455999859e+03|2.475581732e+03|2.507166470e+03|2.481553917e+03|6.335381719e+09|6.835794931e+09|7.658950354e+09|7.006439272e+09|3.151043030e+03|3.170404419e+03|3.201648010e+03|3.176322266e+03|3.214700652e+03
6.115042947e+06|3.731485546e+06|3.748123083e+06|3.765210852e+06|3.749394946e+06|2.417485275e+03|2.446360559e+03|2.473443428e+03|2.446135161e+03|5.387151283e+09|6.096168416e+09|6.782183710e+09|6.107736252e+09|3.112938599e+03|3.141504639e+03|3.168285828e+03|3.141278809e+03|3.214700652e+03
6.137161771e+06|3.713593110e+06|3.728125265e+06|3.744317220e+06|3.729922612e+06|2.382523772e+03|2.411452426e+03|2.440308362e+03|2.411756961e+03|4.556171351e+09|5.244185024e+09|5.949184829e+09|5.269720835e+09|3.078334473e+03|3.106965698e+03|3.135511780e+03|3.107270020e+03|3.214700652e+03
6.164066734e+06|3.692837135e+06|3.704742114e+06|3.722842765e+06|3.707619559e+06|2.334261258e+03|2.363243454e+03|2.401607762e+03|2.364758114e+03|3.461854854e+09|4.112606295e+09|5.010624741e+09|4.169688945e+09|3.030674194e+03|3.059273804e+03|3.097218994e+03|3.060796875e+03|3.214700652e+03
6.195452900e+06|3.671610381e+06|3.680099895e+06|3.688252022e+06|3.681752623e+06|2.262782835e+03|2.295750935e+03|2.320935110e+03|2.293639249e+03|1.905737010e+09|2.609245584e+09|3.156020881e+09|2.575919710e+09|2.959911865e+03|2.992602051e+03|3.017515503e+03|2.990036621e+03|3.214700652e+03
6.229305027e+06|3.659563184e+06|3.663791826e+06|3.669360043e+06|3.665585102e+06|2.180095840e+03|2.216379672e+03|2.251490064e+03|2.221677892e+03|6.322543027e+06|9.129749224e+08|1.661378049e+09|1.001352008e+09|2.868811401e+03|2.913703125e+03|2.948690430e+03|2.910293701e+03|3.214700652e+03
6.255684990e+06|3.652320269e+06|3.656094401e+06|3.660068766e+06|3.656853768e+06|2.163738314e+03|2.169172288e+03|2.184660114e+03|2.179570125e+03|3.023015661e+03|4.465077347e+04|1.666432704e+07|1.902884632e+08|2.782058777e+03|2.828891846e+03|2.875116577e+03|2.830153320e+03|3.214700652e+03
6.273874906e+06|3.650530253e+06|3.651147132e+06|3.654826686e+06|3.652816243e+06|2.162077511e+03|2.162486933e+03|2.167071565e+03|2.165487097e+03|5.871884783e+00|1.597132930e+03|1.587343920e+04|2.263080684e+06|2.727430481e+03|2.766907471e+03|2.813497070e+03|2.768003418e+03|3.214700652e+03
6.291506263e+06|3.650530253e+06|3.650530253e+06|3.650530253e+06|3.650770658e+06|2.162077511e+03|2.162077511e+03|2.162077511e+03|2.162310221e+03|5.871884783e+00|5.871884783e+00|5.871884783e+00|6.280515044e+02|2.652922852e+03|2.691894043e+03|2.731266846e+03|2.690175293e+03|3.214700652e+03
