#PHASE|Nmant|Nmant/Nmanttot|Mmant|Mmant/Mmanttot|RRRminmant|RRRminmantEq|RRRmaxmant|RRRmaxmantEq|Ncore|Ncore/Ncoretot|Mcore|Mcore/Mcoretot|RRRmincore|RRRmaxcore|
0.000000000e+00|0.000000000e+00|0.000000000e+00|0.000000000e+00|0.000000000e+00|inf|inf|-inf|inf|0.000000000e+00|0.000000000e+00|0.000000000e+00|0.000000000e+00|inf|-inf
1.000000000e+00|0.000000000e+00|0.000000000e+00|0.000000000e+00|0.000000000e+00|inf|inf|-inf|inf|0.000000000e+00|0.000000000e+00|0.000000000e+00|0.000000000e+00|inf|-inf
2.000000000e+00|0.000000000e+00|0.000000000e+00|0.000000000e+00|0.000000000e+00|inf|inf|-inf|inf|0.000000000e+00|0.000000000e+00|0.000000000e+00|0.000000000e+00|inf|-inf
3.000000000e+00|6.240000000e+03|4.357572329e-02|2.442928316e+23|4.335192456e-02|3.423158209e+06|4.203096050e+06|5.635680289e+06|inf|6.240000000e+03|0.000000000e+00|0.000000000e+00|0.000000000e+00|inf|-inf
4.000000000e+00|6.626400000e+04|4.627406616e-01|2.598284733e+24|4.610886164e-01|3.409064639e+06|4.191125179e+06|1.390070452e+08|inf|6.626400000e+04|1.449508778e-04|3.523506485e+20|1.441980364e-04|2.977302380e+06|3.548640929e+06
5.000000000e+00|9.511000000e+03|6.641806158e-02|3.772035955e+23|6.693811566e-02|7.978418856e+06|8.112443621e+06|3.323105803e+08|inf|9.511000000e+03|1.191818328e-03|2.942922221e+21|1.204378670e-03|1.344713656e+07|5.287031256e+07
6.000000000e+00|2.305000000e+03|1.609648112e-02|9.104329036e+22|1.615643746e-02|9.928282606e+06|9.928282606e+06|3.482254544e+08|inf|2.305000000e+03|7.086487357e-04|1.749862121e+21|7.161237900e-04|1.037454080e+07|1.150884169e+08
7.000000000e+00|2.385000000e+03|1.665514424e-02|9.421416159e+22|1.671913662e-02|7.449541410e+06|9.818579787e+06|2.724412733e+08|inf|2.385000000e+03|1.304557900e-03|3.220254379e+21|1.317875702e-03|8.427720636e+06|3.089727590e+07
8.000000000e+00|5.649400000e+04|3.945139282e-01|2.230070650e+24|3.957457693e-01|4.138810304e+06|4.476563084e+06|1.019619978e+07|inf|5.649400000e+04|9.966500242e-01|2.435253658e+24|9.966174238e-01|4.384969833e+04|9.737243494e+06
