#RRR|P25fit|P50fit|P75fit|P25model|P50model|P75model
3.232219685e+05|4.278076468e+11|4.292592079e+11|4.307138342e+11|0.000000|0.000000|0.000000
4.923311126e+05|4.247018750e+11|4.261130114e+11|4.276956275e+11|0.000000|0.000000|0.000000
5.868062742e+05|4.223416176e+11|4.237802140e+11|4.254467471e+11|0.000000|0.000000|0.000000
6.536805270e+05|4.204074145e+11|4.218810533e+11|4.236091687e+11|0.000000|0.000000|0.000000
7.139218365e+05|4.184815073e+11|4.199951493e+11|4.217789237e+11|0.000000|0.000000|0.000000
7.619514671e+05|4.168231860e+11|4.183731295e+11|4.202007327e+11|0.000000|0.000000|0.000000
8.085153101e+05|4.151127960e+11|4.167007350e+11|4.185698977e+11|0.000000|0.000000|0.000000
8.564794459e+05|4.132465455e+11|4.148756741e+11|4.167862750e+11|0.000000|0.000000|0.000000
8.942880189e+05|4.117015836e+11|4.133641252e+11|4.153061546e+11|0.000000|0.000000|0.000000
9.343366074e+05|4.099948306e+11|4.116932207e+11|4.136671352e+11|0.000000|0.000000|0.000000
9.743788277e+05|4.082168081e+11|4.099510986e+11|4.119552534e+11|0.000000|0.000000|0.000000
1.010642974e+06|4.065454257e+11|4.083119474e+11|4.103419208e+11|0.000000|0.000000|0.000000
1.043525866e+06|4.049801263e+11|4.067754013e+11|4.088273876e+11|0.000000|0.000000|0.000000
1.081160597e+06|4.031310813e+11|4.049584532e+11|4.070338863e+11|0.000000|0.000000|0.000000
1.115827408e+06|4.013739907e+11|4.032299352e+11|4.053252174e+11|0.000000|0.000000|0.000000
1.147452027e+06|3.997264407e+11|4.016074435e+11|4.037192967e+11|0.000000|0.000000|0.000000
1.176494772e+06|3.981761758e+11|4.000792175e+11|4.022049459e+11|0.000000|0.000000|0.000000
1.206380537e+06|3.965439936e+11|3.984686280e+11|4.006072474e+11|0.000000|0.000000|0.000000
1.238952352e+06|3.947228035e+11|3.966695934e+11|3.988206143e+11|0.000000|0.000000|0.000000
1.270302605e+06|3.929285692e+11|3.948952110e+11|3.970565033e+11|0.000000|0.000000|0.000000
1.296527492e+06|3.913967581e+11|3.933788190e+11|3.955474233e+11|0.000000|0.000000|0.000000
1.323825393e+06|3.897725778e+11|3.917694753e+11|3.939444316e+11|0.000000|0.000000|0.000000
1.350552677e+06|3.881532043e+11|3.901633732e+11|3.923432886e+11|0.000000|0.000000|0.000000
1.379652533e+06|3.863575240e+11|3.883806713e+11|3.905645533e+11|0.000000|0.000000|0.000000
1.409905389e+06|3.844549781e+11|3.864899308e+11|3.886763404e+11|0.000000|0.000000|0.000000
1.432960414e+06|3.829808165e+11|3.850235754e+11|3.872108130e+11|0.000000|0.000000|0.000000
1.456365747e+06|3.814629205e+11|3.835125247e+11|3.856996284e+11|0.000000|0.000000|0.000000
1.480786827e+06|3.798563741e+11|3.819119388e+11|3.840978556e+11|0.000000|0.000000|0.000000
1.506948978e+06|3.781096487e+11|3.801702364e+11|3.823536968e+11|0.000000|0.000000|0.000000
1.536710997e+06|3.760905490e+11|3.781551112e+11|3.803342922e+11|0.000000|0.000000|0.000000
1.557739835e+06|3.746435048e+11|3.767097460e+11|3.788849558e+11|0.000000|0.000000|0.000000
1.580403429e+06|3.730651605e+11|3.751321555e+11|3.773022132e+11|0.000000|0.000000|0.000000
1.601134289e+06|3.716044236e+11|3.736711444e+11|3.758357036e+11|0.000000|0.000000|0.000000
1.625700808e+06|3.698525221e+11|3.719177221e+11|3.740748034e+11|0.000000|0.000000|0.000000
1.651881699e+06|3.679607000e+11|3.700228502e+11|3.721708284e+11|0.000000|0.000000|0.000000
1.676987097e+06|3.661227202e+11|3.681805635e+11|3.703187309e+11|0.000000|0.000000|0.000000
1.699110541e+06|3.644838006e+11|3.665367316e+11|3.686653913e+11|0.000000|0.000000|0.000000
1.717870774e+06|3.630799796e+11|3.651279300e+11|3.672479059e+11|0.000000|0.000000|0.000000
1.735983822e+06|3.617124146e+11|3.637548516e+11|3.658659114e+11|0.000000|0.000000|0.000000
1.757787101e+06|3.600504491e+11|3.620853397e+11|3.641849876e+11|0.000000|0.000000|0.000000
1.783127923e+06|3.580972909e+11|3.601221767e+11|3.622076504e+11|0.000000|0.000000|0.000000
1.809980369e+06|3.560025127e+11|3.580153732e+11|3.600847906e+11|0.000000|0.000000|0.000000
1.829686121e+06|3.544489168e+11|3.564520381e+11|3.585090154e+11|0.000000|0.000000|0.000000
1.846949322e+06|3.530765897e+11|3.550705548e+11|3.571161911e+11|0.000000|0.000000|0.000000
1.863180506e+06|3.517767191e+11|3.537615535e+11|3.557961602e+11|0.000000|0.000000|0.000000
1.882142872e+06|3.502464121e+11|3.522199512e+11|3.542412357e+11|0.000000|0.000000|0.000000
1.902219304e+06|3.486125099e+11|3.505733689e+11|3.525800533e+11|0.000000|0.000000|0.000000
1.926356559e+06|3.466295853e+11|3.485742456e+11|3.505627306e+11|0.000000|0.000000|0.000000
1.953512236e+06|3.443746462e+11|3.462998821e+11|3.482670926e+11|0.000000|0.000000|0.000000
1.972571045e+06|3.427769378e+11|3.446878122e+11|3.466396150e+11|0.000000|0.000000|0.000000
1.984923341e+06|3.417348156e+11|3.436360728e+11|3.455776906e+11|0.000000|0.000000|0.000000
1.999881412e+06|3.404659064e+11|3.423552025e+11|3.442842867e+11|0.000000|0.000000|0.000000
2.017669668e+06|3.389470433e+11|3.408216804e+11|3.427355880e+11|0.000000|0.000000|0.000000
2.037078174e+06|3.372776605e+11|3.391357873e+11|3.410328194e+11|0.000000|0.000000|0.000000
2.059894235e+06|3.352990226e+11|3.371370875e+11|3.390138907e+11|0.000000|0.000000|0.000000
2.083748915e+06|3.332117436e+11|3.350281274e+11|3.368833714e+11|0.000000|0.000000|0.000000
2.105746497e+06|3.312702346e+11|3.330660333e+11|3.349010664e+11|0.000000|0.000000|0.000000
2.118592227e+06|3.301290842e+11|3.319126183e+11|3.337357187e+11|0.000000|0.000000|0.000000
2.132781448e+06|3.288622822e+11|3.306320743e+11|3.324418940e+11|0.000000|0.000000|0.000000
2.146966516e+06|3.275892614e+11|3.293451240e+11|3.311415726e+11|0.000000|0.000000|0.000000
2.162159599e+06|3.262184973e+11|3.279592436e+11|3.297412794e+11|0.000000|0.000000|0.000000
2.182148258e+06|3.244036402e+11|3.261242172e+11|3.278871696e+11|0.000000|0.000000|0.000000
2.207293153e+06|3.221022879e+11|3.237970962e+11|3.255358943e+11|0.000000|0.000000|0.000000
2.231245126e+06|3.198912258e+11|3.215611485e+11|3.232768423e+11|0.000000|0.000000|0.000000
2.246580061e+06|3.184659978e+11|3.201198494e+11|3.218207301e+11|0.000000|0.000000|0.000000
2.259249021e+06|3.172829027e+11|3.189234131e+11|3.206120575e+11|0.000000|0.000000|0.000000
2.272653330e+06|3.160255977e+11|3.176519433e+11|3.193276537e+11|0.000000|0.000000|0.000000
2.286885331e+06|3.146844440e+11|3.162957106e+11|3.179577147e+11|0.000000|0.000000|0.000000
2.303023021e+06|3.131559955e+11|3.147501362e+11|3.163966488e+11|0.000000|0.000000|0.000000
2.319458932e+06|3.115909103e+11|3.131676044e+11|3.147984139e+11|0.000000|0.000000|0.000000
2.342922947e+06|3.093419807e+11|3.108938160e+11|3.125023812e+11|0.000000|0.000000|0.000000
2.368495786e+06|3.068714758e+11|3.083963724e+11|3.099809960e+11|0.000000|0.000000|0.000000
2.383580462e+06|3.054047342e+11|3.069138600e+11|3.084845427e+11|0.000000|0.000000|0.000000
2.395423170e+06|3.042483235e+11|3.057451494e+11|3.073049963e+11|0.000000|0.000000|0.000000
2.407498518e+06|3.030647745e+11|3.045491460e+11|3.060980531e+11|0.000000|0.000000|0.000000
2.419058050e+06|3.019276122e+11|3.034001553e+11|3.049387017e+11|0.000000|0.000000|0.000000
2.433428409e+06|3.005082670e+11|3.019662508e+11|3.034920827e+11|0.000000|0.000000|0.000000
2.450314799e+06|2.988324146e+11|3.002735239e+11|3.017846703e+11|0.000000|0.000000|0.000000
2.468595778e+06|2.970084532e+11|2.984316197e+11|2.999272090e+11|0.000000|0.000000|0.000000
2.496588395e+06|2.941960739e+11|2.955925260e+11|2.970650598e+11|0.000000|0.000000|0.000000
2.516331664e+06|2.921984203e+11|2.935766664e+11|2.950335578e+11|0.000000|0.000000|0.000000
2.529406111e+06|2.908691529e+11|2.922356672e+11|2.936825078e+11|0.000000|0.000000|0.000000
2.539785808e+06|2.898102543e+11|2.911676536e+11|2.926067003e+11|0.000000|0.000000|0.000000
2.549995566e+06|2.887655888e+11|2.901142040e+11|2.915457518e+11|0.000000|0.000000|0.000000
2.562428946e+06|2.874892569e+11|2.888274310e+11|2.902500806e+11|0.000000|0.000000|0.000000
2.574768934e+06|2.862180246e+11|2.875461297e+11|2.889602132e+11|0.000000|0.000000|0.000000
2.590943461e+06|2.845450213e+11|2.858603993e+11|2.872636751e+11|0.000000|0.000000|0.000000
2.613256300e+06|2.822245949e+11|2.835233565e+11|2.849125531e+11|0.000000|0.000000|0.000000
2.639685358e+06|2.794574369e+11|2.807380542e+11|2.821119111e+11|0.000000|0.000000|0.000000
2.658432900e+06|2.774823408e+11|2.787511864e+11|2.801151050e+11|0.000000|0.000000|0.000000
2.670850755e+06|2.761685420e+11|2.774301275e+11|2.787879197e+11|0.000000|0.000000|0.000000
2.679489639e+06|2.752519553e+11|2.765087543e+11|2.778625072e+11|0.000000|0.000000|0.000000
2.689688732e+06|2.741670911e+11|2.754185277e+11|2.767677542e+11|0.000000|0.000000|0.000000
2.700483107e+06|2.730156850e+11|2.742617976e+11|2.756065273e+11|0.000000|0.000000|0.000000
2.711407672e+06|2.718470265e+11|2.730881314e+11|2.744286266e+11|0.000000|0.000000|0.000000
2.724637250e+06|2.704272691e+11|2.716628406e+11|2.729986477e+11|0.000000|0.000000|0.000000
2.745217305e+06|2.682088764e+11|2.694370488e+11|2.707665581e+11|0.000000|0.000000|0.000000
2.772280103e+06|2.652736091e+11|2.664944262e+11|2.678175945e+11|0.000000|0.000000|0.000000
2.793891508e+06|2.629149412e+11|2.641319490e+11|2.654517278e+11|0.000000|0.000000|0.000000
2.807332950e+06|2.614414071e+11|2.626570224e+11|2.639754800e+11|0.000000|0.000000|0.000000
2.815953694e+06|2.604937187e+11|2.617088503e+11|2.630267888e+11|0.000000|0.000000|0.000000
2.824614713e+06|2.595395392e+11|2.607545152e+11|2.620721966e+11|0.000000|0.000000|0.000000
2.833373674e+06|2.585724701e+11|2.597876330e+11|2.611053291e+11|0.000000|0.000000|0.000000
2.842848174e+06|2.575240272e+11|2.587397907e+11|2.600578198e+11|0.000000|0.000000|0.000000
2.852763485e+06|2.564241710e+11|2.576410164e+11|2.589597540e+11|0.000000|0.000000|0.000000
2.866468668e+06|2.548995008e+11|2.561186254e+11|2.574389628e+11|0.000000|0.000000|0.000000
2.887625655e+06|2.525357946e+11|2.537602860e+11|2.550845516e+11|0.000000|0.000000|0.000000
2.917180307e+06|2.492135868e+11|2.504495186e+11|2.517823666e+11|0.000000|0.000000|0.000000
2.938662425e+06|2.467840434e+11|2.480313309e+11|2.493727909e+11|0.000000|0.000000|0.000000
2.949987028e+06|2.454982981e+11|2.467526484e+11|2.480994854e+11|0.000000|0.000000|0.000000
2.957629732e+06|2.446286437e+11|2.458881925e+11|2.472389932e+11|0.000000|0.000000|0.000000
2.966128504e+06|2.436597505e+11|2.449254965e+11|2.462810271e+11|0.000000|0.000000|0.000000
2.973200228e+06|2.428520819e+11|2.441233241e+11|2.454830528e+11|0.000000|0.000000|0.000000
2.982288410e+06|2.418121623e+11|2.430909282e+11|2.444564073e+11|0.000000|0.000000|0.000000
2.990293487e+06|2.408943648e+11|2.421801937e+11|2.435510737e+11|0.000000|0.000000|0.000000
3.001252250e+06|2.396351743e+11|2.409313464e+11|2.423101386e+11|0.000000|0.000000|0.000000
3.020290045e+06|2.374401560e+11|2.387561948e+11|2.401501892e+11|0.000000|0.000000|0.000000
3.050210554e+06|2.339711691e+11|2.353234887e+11|2.367452437e+11|0.000000|0.000000|0.000000
3.076696148e+06|2.308809469e+11|2.322707853e+11|2.337212295e+11|0.000000|0.000000|0.000000
3.090642172e+06|2.292464743e+11|2.306581953e+11|2.321253601e+11|0.000000|0.000000|0.000000
3.098360089e+06|2.283397752e+11|2.297642550e+11|2.312411643e+11|0.000000|0.000000|0.000000
3.105379243e+06|2.275138333e+11|2.289503248e+11|2.304364050e+11|0.000000|0.000000|0.000000
3.112174999e+06|2.267129704e+11|2.281614662e+11|2.296567086e+11|0.000000|0.000000|0.000000
3.119254933e+06|2.258773556e+11|2.273387548e+11|2.288438420e+11|0.000000|0.000000|0.000000
3.127176187e+06|2.249409193e+11|2.264172414e+11|2.279337099e+11|0.000000|0.000000|0.000000
3.135094236e+06|2.240049713e+11|2.254961484e+11|2.270239483e+11|1.000000|1.000000|1.000000
3.147718085e+06|2.225024323e+11|2.240207694e+11|2.255692461e+11|1.000000|1.000000|1.000000
3.172687468e+06|2.195304803e+11|2.211025386e+11|2.226919131e+11|1.000000|1.000000|1.000000
3.206439113e+06|2.155132298e+11|2.171579042e+11|2.188025610e+11|1.000000|1.000000|1.000000
3.225744883e+06|2.132153828e+11|2.149015933e+11|2.165778713e+11|1.000000|1.000000|1.000000
3.236519298e+06|2.119329705e+11|2.136423619e+11|2.153362876e+11|1.000000|1.000000|1.000000
3.243244685e+06|2.111324891e+11|2.128563501e+11|2.145612914e+11|1.000000|1.000000|1.000000
3.249307285e+06|2.104108952e+11|2.121477998e+11|2.138626711e+11|1.000000|1.000000|1.000000
3.256115700e+06|2.096005315e+11|2.113520842e+11|2.130781071e+11|1.000000|1.000000|1.000000
3.262386965e+06|2.088541014e+11|2.106191467e+11|2.123554413e+11|1.000000|1.000000|1.000000
3.268773948e+06|2.080938981e+11|2.098726849e+11|2.116194409e+11|1.000000|1.000000|1.000000
3.276610994e+06|2.071611028e+11|2.089567508e+11|2.107163432e+11|1.000000|1.000000|1.000000
3.292105600e+06|2.053168753e+11|2.071458597e+11|2.089308309e+11|1.000000|1.000000|1.000000
3.330983472e+06|2.006894814e+11|2.026021109e+11|2.044507608e+11|1.000000|1.000000|1.000000
3.362179009e+06|1.969764687e+11|1.989562149e+11|2.008559604e+11|1.000000|1.000000|1.000000
3.374182741e+06|1.955477384e+11|1.975533104e+11|1.994727171e+11|1.000000|1.000000|1.000000
3.380679959e+06|1.947744146e+11|1.967939653e+11|1.987240138e+11|1.000000|1.000000|1.000000
3.385662651e+06|1.941813553e+11|1.962116262e+11|1.981498360e+11|1.000000|1.000000|1.000000
3.389384940e+06|1.937383142e+11|1.957765935e+11|1.977209001e+11|1.000000|1.000000|1.000000
3.394026456e+06|1.931858631e+11|1.952341286e+11|1.971860376e+11|1.000000|1.000000|1.000000
3.398641767e+06|1.926365312e+11|1.946947264e+11|1.966541948e+11|1.000000|1.000000|1.000000
3.404256917e+06|1.919681944e+11|1.940384705e+11|1.960071361e+11|1.000000|1.000000|1.000000
3.409968528e+06|1.912883764e+11|1.933709410e+11|1.953489617e+11|1.000000|1.000000|1.000000
3.417643840e+06|1.903748313e+11|1.924739092e+11|1.944645014e+11|1.000000|1.000000|1.000000
3.457813561e+06|1.855936768e+11|1.877791791e+11|1.898355660e+11|1.000000|1.000000|1.000000
3.525292949e+06|1.775620206e+11|1.798927037e+11|1.820596161e+11|1.000000|1.000000|1.000000
3.535422381e+06|1.763563766e+11|1.787088530e+11|1.808923565e+11|1.000000|1.000000|1.000000
3.540824564e+06|1.757133881e+11|1.780774872e+11|1.802698391e+11|1.000000|1.000000|1.000000
3.543959182e+06|1.753402938e+11|1.777111370e+11|1.799086231e+11|1.000000|1.000000|1.000000
3.546771537e+06|1.750055565e+11|1.773824505e+11|1.795845429e+11|1.000000|1.000000|1.000000
3.549624682e+06|1.746659642e+11|1.770489967e+11|1.792557624e+11|1.000000|1.000000|1.000000
3.552283642e+06|1.743494845e+11|1.767382377e+11|1.789493585e+11|1.000000|1.000000|1.000000
3.554890554e+06|1.740391999e+11|1.764335618e+11|1.786489525e+11|1.000000|1.000000|1.000000
3.558019008e+06|1.736668392e+11|1.760679319e+11|1.782884468e+11|1.000000|1.000000|1.000000
3.560950362e+06|1.733179382e+11|1.757253377e+11|1.779506539e+11|1.000000|1.000000|1.000000
3.563563345e+06|1.730069309e+11|1.754199522e+11|1.776495482e+11|1.000000|1.000000|1.000000
3.567290688e+06|1.725632882e+11|1.749843288e+11|1.772200299e+11|1.000000|1.000000|1.000000
3.571021443e+06|1.721192395e+11|1.745483067e+11|1.767901185e+11|1.000000|1.000000|1.000000
3.575516062e+06|1.715842726e+11|1.740230099e+11|1.762721835e+11|1.000000|1.000000|1.000000
3.681790679e+06|1.553634312e+11|1.616024445e+11|1.640256869e+11|2.000000|1.000000|1.000000
3.752000985e+06|1.518053060e+11|1.533968004e+11|1.559350413e+11|2.000000|1.000000|1.000000
3.760056990e+06|1.513970429e+11|1.522441799e+11|1.550067120e+11|2.000000|2.000000|1.000000
3.765203009e+06|1.511362524e+11|1.519818533e+11|1.544137133e+11|2.000000|2.000000|1.000000
3.770411235e+06|1.508723094e+11|1.517163557e+11|1.538135463e+11|2.000000|2.000000|1.000000
3.775441511e+06|1.506173845e+11|1.514599294e+11|1.532338853e+11|2.000000|2.000000|1.000000
3.780523697e+06|1.503598290e+11|1.512008569e+11|1.526482424e+11|2.000000|2.000000|1.000000
3.786458518e+06|1.500590635e+11|1.508983199e+11|1.516246829e+11|2.000000|2.000000|2.000000
3.794283402e+06|1.496625132e+11|1.504994340e+11|1.512248473e+11|2.000000|2.000000|2.000000
3.868438886e+06|1.459044538e+11|1.467192400e+11|1.474356537e+11|2.000000|2.000000|2.000000
3.944351550e+06|1.420573439e+11|1.428494710e+11|1.435566718e+11|2.000000|2.000000|2.000000
3.955453360e+06|1.414947252e+11|1.422835385e+11|1.429893920e+11|2.000000|2.000000|2.000000
3.964617526e+06|1.410303027e+11|1.418163806e+11|1.425211219e+11|2.000000|2.000000|2.000000
3.973089019e+06|1.406009834e+11|1.413845327e+11|1.420882459e+11|2.000000|2.000000|2.000000
3.981495939e+06|1.401749367e+11|1.409559765e+11|1.416586695e+11|2.000000|2.000000|2.000000
3.989911079e+06|1.397484733e+11|1.405270014e+11|1.412286730e+11|2.000000|2.000000|2.000000
4.000424826e+06|1.392156566e+11|1.399910464e+11|1.406914421e+11|2.000000|2.000000|2.000000
4.017157682e+06|1.383676672e+11|1.391380624e+11|1.398364274e+11|2.000000|2.000000|2.000000
4.083162303e+06|1.350226781e+11|1.357733717e+11|1.364637262e+11|2.000000|2.000000|2.000000
4.120268564e+06|1.331422031e+11|1.338818208e+11|1.345676721e+11|2.000000|2.000000|2.000000
4.133209485e+06|1.324863818e+11|1.332221368e+11|1.339064175e+11|2.000000|2.000000|2.000000
4.145500888e+06|1.318634767e+11|1.325955629e+11|1.332783520e+11|2.000000|2.000000|2.000000
4.156992697e+06|1.312810936e+11|1.320097497e+11|1.326911440e+11|2.000000|2.000000|2.000000
4.169953432e+06|1.306242682e+11|1.313490555e+11|1.320288770e+11|2.000000|2.000000|2.000000
4.186833538e+06|1.297688164e+11|1.304885653e+11|1.311663381e+11|2.000000|2.000000|2.000000
4.207276201e+06|1.287328210e+11|1.294464679e+11|1.301217598e+11|2.000000|2.000000|2.000000
4.245893548e+06|1.267757670e+11|1.274778871e+11|1.281484924e+11|2.000000|2.000000|2.000000
4.284969269e+06|1.247954836e+11|1.254859400e+11|1.261518029e+11|2.000000|2.000000|2.000000
4.302655680e+06|1.238991698e+11|1.245843470e+11|1.252480635e+11|2.000000|2.000000|2.000000
4.316325244e+06|1.231926231e+11|1.238737247e+11|1.245359088e+11|3.000000|3.000000|3.000000
4.328685384e+06|1.225545732e+11|1.232319838e+11|1.238927614e+11|3.000000|3.000000|3.000000
4.341028776e+06|1.219145780e+11|1.225882973e+11|1.232476806e+11|3.000000|3.000000|3.000000
4.355576038e+06|1.211569326e+11|1.218262921e+11|1.224840371e+11|3.000000|3.000000|3.000000
4.375331850e+06|1.201226071e+11|1.207860246e+11|1.214415376e+11|3.000000|3.000000|3.000000
4.404383199e+06|1.185915153e+11|1.192461389e+11|1.198983117e+11|3.000000|3.000000|3.000000
4.443586710e+06|1.165093837e+11|1.171520078e+11|1.177994629e+11|3.000000|3.000000|3.000000
4.470253313e+06|1.150846436e+11|1.157190038e+11|1.163630482e+11|3.000000|3.000000|3.000000
4.486672946e+06|1.142046454e+11|1.148338722e+11|1.154757157e+11|3.000000|3.000000|3.000000
4.500055205e+06|1.134861401e+11|1.141111566e+11|1.147511428e+11|3.000000|3.000000|3.000000
4.512517501e+06|1.128161282e+11|1.134372019e+11|1.140754035e+11|3.000000|3.000000|3.000000
4.526149415e+06|1.120823833e+11|1.126991198e+11|1.133353049e+11|3.000000|3.000000|3.000000
4.544811559e+06|1.110767099e+11|1.116874664e+11|1.123207759e+11|3.000000|3.000000|3.000000
4.564435459e+06|1.100181174e+11|1.106225329e+11|1.112526670e+11|3.000000|3.000000|3.000000
4.593711046e+06|1.084376722e+11|1.090325281e+11|1.096576191e+11|3.000000|3.000000|3.000000
4.629401657e+06|1.065106352e+11|1.070936791e+11|1.077120982e+11|3.000000|3.000000|3.000000
4.651639445e+06|1.053106932e+11|1.058862941e+11|1.065002532e+11|3.000000|3.000000|3.000000
4.666794602e+06|1.044935592e+11|1.050640532e+11|1.056748364e+11|3.000000|3.000000|3.000000
4.680225194e+06|1.037699745e+11|1.043359207e+11|1.049437958e+11|3.000000|3.000000|3.000000
4.694560981e+06|1.029983204e+11|1.035593904e+11|1.041640643e+11|3.000000|3.000000|3.000000
4.710304357e+06|1.021518623e+11|1.027075533e+11|1.033085955e+11|3.000000|3.000000|3.000000
4.730333288e+06|1.010766608e+11|1.016254751e+11|1.022217217e+11|3.000000|3.000000|3.000000
4.752327059e+06|9.989844659e+10|1.004396717e+11|1.010304271e+11|3.000000|3.000000|3.000000
4.776831200e+06|9.858919464e+10|9.912192539e+10|9.970628896e+10|3.000000|3.000000|3.000000
4.805421376e+06|9.706677548e+10|9.758955668e+10|9.816610553e+10|3.000000|3.000000|3.000000
4.826243205e+06|9.596185119e+10|9.647736943e+10|9.704799198e+10|3.000000|3.000000|3.000000
4.844093229e+06|9.501739037e+10|9.552667710e+10|9.609206679e+10|3.000000|3.000000|3.000000
4.858018722e+06|9.428243917e+10|9.478686439e+10|9.534807708e+10|3.000000|3.000000|3.000000
4.874798317e+06|9.339910840e+10|9.389767924e+10|9.445375230e+10|3.000000|3.000000|3.000000
4.893189778e+06|9.243385515e+10|9.292601841e+10|9.347632940e+10|3.000000|3.000000|3.000000
4.910080255e+06|9.155017290e+10|9.203646477e+10|9.258137068e+10|3.000000|3.000000|3.000000
4.930216963e+06|9.050026147e+10|9.097957664e+10|9.151790454e+10|3.000000|3.000000|3.000000
4.953417337e+06|8.929562735e+10|8.976694542e+10|9.029752571e+10|3.000000|3.000000|3.000000
4.977449480e+06|8.805363126e+10|8.851672474e+10|8.903910527e+10|3.000000|3.000000|3.000000
5.000730184e+06|8.685626751e+10|8.731146438e+10|8.782574990e+10|3.000000|3.000000|3.000000
5.021061550e+06|8.581535359e+10|8.626372183e+10|8.677083008e+10|3.000000|3.000000|3.000000
5.037453251e+06|8.497941922e+10|8.542233434e+10|8.592359196e+10|3.000000|3.000000|3.000000
5.052139066e+06|8.423299182e+10|8.467106527e+10|8.516703859e+10|3.000000|3.000000|3.000000
5.067856151e+06|8.343679738e+10|8.386973922e+10|8.436001859e+10|3.000000|3.000000|3.000000
5.086308162e+06|8.250557369e+10|8.293256271e+10|8.341611485e+10|3.000000|3.000000|3.000000
5.105937108e+06|8.151914255e+10|8.193989153e+10|8.241624825e+10|3.000000|3.000000|3.000000
5.127441494e+06|8.044343703e+10|8.085746901e+10|8.132591165e+10|3.000000|3.000000|3.000000
5.151851052e+06|7.922871641e+10|7.963528864e+10|8.009473011e+10|3.000000|3.000000|3.000000
5.174274231e+06|7.811875004e+10|7.851863725e+10|7.896981472e+10|3.000000|3.000000|3.000000
5.195382605e+06|7.707901390e+10|7.747276635e+10|7.791618745e+10|3.000000|3.000000|3.000000
5.212050319e+06|7.626151899e+10|7.665054270e+10|7.708786668e+10|3.000000|3.000000|3.000000
5.227831183e+06|7.549035574e+10|7.587500117e+10|7.630658335e+10|3.000000|3.000000|3.000000
5.243218416e+06|7.474106490e+10|7.512153800e+10|7.554755772e+10|3.000000|3.000000|3.000000
5.261223256e+06|7.386758671e+10|7.424330427e+10|7.466286982e+10|3.000000|3.000000|3.000000
5.280988449e+06|7.291273783e+10|7.328339904e+10|7.369595966e+10|3.000000|3.000000|3.000000
5.301723945e+06|7.191549116e+10|7.228104095e+10|7.268635854e+10|3.000000|3.000000|3.000000
5.323745259e+06|7.086134933e+10|7.122169731e+10|7.161945982e+10|3.000000|3.000000|3.000000
5.343833692e+06|6.990410094e+10|7.025991601e+10|7.065092643e+10|3.000000|3.000000|3.000000
5.363601274e+06|6.896613650e+10|6.931769668e+10|6.970220824e+10|3.000000|3.000000|3.000000
5.383417912e+06|6.802974675e+10|6.837725347e+10|6.875540924e+10|3.000000|3.000000|3.000000
5.402429004e+06|6.713502029e+10|6.747884432e+10|6.785106562e+10|3.000000|3.000000|3.000000
5.419084674e+06|6.635398620e+10|6.669475436e+10|6.706191749e+10|3.000000|3.000000|3.000000
5.435167162e+06|6.560229595e+10|6.594026835e+10|6.630268043e+10|3.000000|3.000000|3.000000
5.452733160e+06|6.478397889e+10|6.511907556e+10|6.547645633e+10|3.000000|3.000000|3.000000
5.471692430e+06|6.390386257e+10|6.423606850e+10|6.458821438e+10|3.000000|3.000000|3.000000
5.491729055e+06|6.297715200e+10|6.330654865e+10|6.365339502e+10|3.000000|3.000000|3.000000
5.513877059e+06|6.195676026e+10|6.228335189e+10|6.262463416e+10|3.000000|3.000000|3.000000
5.534181427e+06|6.102486171e+10|6.134916443e+10|6.168563094e+10|3.000000|3.000000|3.000000
5.554657621e+06|6.008841106e+10|6.041068429e+10|6.074258376e+10|3.000000|3.000000|3.000000
5.575586474e+06|5.913460724e+10|5.945509998e+10|5.978264468e+10|3.000000|3.000000|3.000000
5.592882727e+06|5.834882797e+10|5.866807639e+10|5.899227007e+10|3.000000|3.000000|3.000000
5.609784098e+06|5.758308460e+10|5.790131778e+10|5.822246060e+10|3.000000|3.000000|3.000000
5.625012881e+06|5.689484489e+10|5.721233453e+10|5.753092275e+10|3.000000|3.000000|3.000000
5.644266414e+06|5.602698283e+10|5.634376639e+10|5.665939520e+10|3.000000|3.000000|3.000000
5.664341558e+06|5.512469794e+10|5.544102510e+10|5.575389761e+10|3.000000|3.000000|3.000000
5.685003491e+06|5.419872297e+10|5.451487998e+10|5.482527529e+10|3.000000|3.000000|3.000000
5.704063756e+06|5.334685300e+10|5.366312318e+10|5.397156380e+10|3.000000|3.000000|3.000000
5.725906148e+06|5.237327964e+10|5.268999827e+10|5.299659639e+10|3.000000|3.000000|3.000000
5.745328612e+06|5.150984822e+10|5.182725098e+10|5.213257311e+10|3.000000|3.000000|3.000000
5.765020229e+06|5.063655929e+10|5.095492866e+10|5.125931015e+10|3.000000|3.000000|3.000000
5.782876567e+06|4.984643229e+10|5.016591429e+10|5.046975332e+10|3.000000|3.000000|3.000000
5.798677882e+06|4.914859719e+10|4.946924956e+10|4.977285670e+10|3.000000|3.000000|3.000000
5.815219288e+06|4.841940357e+10|4.874146621e+10|4.904508154e+10|3.000000|3.000000|3.000000
5.834149243e+06|4.758653114e+10|4.791043729e+10|4.821437798e+10|3.000000|3.000000|3.000000
5.853814560e+06|4.672307487e+10|4.704915173e+10|4.735378806e+10|3.000000|3.000000|3.000000
5.873051413e+06|4.588012427e+10|4.620857187e+10|4.651424090e+10|3.000000|3.000000|3.000000
5.892752206e+06|4.501853021e+10|4.534965366e+10|4.565673993e+10|3.000000|3.000000|3.000000
5.912730512e+06|4.414649706e+10|4.448058365e+10|4.478947622e+10|3.000000|3.000000|3.000000
5.932697131e+06|4.327664340e+10|4.361393503e+10|4.392500041e+10|3.000000|3.000000|3.000000
5.953796566e+06|4.235921688e+10|4.270015072e+10|4.301390600e+10|3.000000|3.000000|3.000000
5.975013940e+06|4.143847802e+10|4.178332810e+10|4.210018907e+10|3.000000|3.000000|3.000000
5.990929949e+06|4.074897875e+10|4.109692619e+10|4.141637525e+10|3.000000|3.000000|3.000000
6.008316247e+06|3.999694018e+10|4.034842020e+10|4.067094377e+10|3.000000|3.000000|3.000000
6.025504573e+06|3.925465116e+10|3.960976907e+10|3.993557975e+10|3.000000|3.000000|3.000000
6.043261779e+06|3.848903946e+10|3.884805897e+10|3.917751653e+10|3.000000|3.000000|3.000000
6.063229037e+06|3.762966646e+10|3.799323535e+10|3.832708756e+10|3.000000|3.000000|3.000000
6.082643471e+06|3.679566063e+10|3.716380429e+10|3.750221519e+10|3.000000|3.000000|3.000000
6.104590102e+06|3.585478921e+10|3.622826591e+10|3.657215151e+10|3.000000|3.000000|3.000000
6.123048065e+06|3.506509683e+10|3.544317611e+10|3.579191458e+10|3.000000|3.000000|3.000000
6.144399768e+06|3.415350939e+10|3.453702710e+10|3.489164224e+10|3.000000|3.000000|3.000000
6.165451248e+06|3.325682640e+10|3.364580477e+10|3.400646738e+10|3.000000|3.000000|3.000000
6.183699293e+06|3.248130846e+10|3.287508151e+10|3.324117018e+10|3.000000|3.000000|3.000000
6.200395737e+06|3.177322420e+10|3.217141973e+10|3.254260683e+10|3.000000|3.000000|3.000000
6.219038964e+06|3.098434431e+10|3.138750177e+10|3.176451446e+10|3.000000|3.000000|3.000000
6.236183543e+06|3.026060510e+10|3.066833229e+10|3.105080805e+10|3.000000|3.000000|3.000000
6.255353578e+06|2.945342874e+10|2.986625376e+10|3.025493562e+10|3.000000|3.000000|3.000000
6.274641102e+06|2.864363212e+10|2.906155193e+10|2.945655635e+10|3.000000|3.000000|3.000000
6.295136874e+06|2.778582566e+10|2.820909520e+10|2.861087288e+10|3.000000|3.000000|3.000000
6.318444419e+06|2.681398011e+10|2.724321559e+10|2.765271919e+10|3.000000|3.000000|3.000000
6.336770546e+06|2.605275431e+10|2.648656398e+10|2.690212478e+10|3.000000|3.000000|3.000000
6.356320758e+06|2.524370544e+10|2.568225289e+10|2.610422314e+10|3.000000|3.000000|3.000000
6.378090413e+06|2.434673321e+10|2.479034838e+10|2.521934795e+10|3.000000|3.000000|3.000000
6.397385124e+06|2.355543480e+10|2.400332529e+10|2.443841851e+10|3.000000|3.000000|3.000000
6.414457691e+06|2.285836253e+10|2.330984063e+10|2.375018595e+10|3.000000|3.000000|3.000000
6.432158518e+06|2.213889639e+10|2.259387570e+10|2.303949625e+10|3.000000|3.000000|3.000000
6.449635109e+06|2.143199393e+10|2.189018722e+10|2.234081443e+10|3.000000|3.000000|3.000000
6.469167962e+06|2.064622905e+10|2.110769734e+10|2.156364230e+10|3.000000|3.000000|3.000000
6.487590402e+06|1.990956580e+10|2.037378423e+10|2.083443418e+10|3.000000|3.000000|3.000000
6.509123519e+06|1.905433560e+10|1.952130813e+10|1.998701827e+10|3.000000|3.000000|3.000000
6.535915320e+06|1.799966313e+10|1.846929287e+10|1.894053692e+10|3.000000|3.000000|3.000000
6.562394243e+06|1.696842135e+10|1.743974152e+10|1.791549520e+10|3.000000|3.000000|3.000000
6.585215619e+06|1.608922881e+10|1.656117713e+10|1.703994192e+10|3.000000|3.000000|3.000000
6.607055250e+06|1.525681922e+10|1.572858065e+10|1.620937435e+10|3.000000|3.000000|3.000000
6.626396317e+06|1.452745227e+10|1.499835171e+10|1.548017422e+10|3.000000|3.000000|3.000000
6.642053955e+06|1.394267986e+10|1.441236889e+10|1.489445043e+10|3.000000|3.000000|3.000000
6.654422943e+06|1.348450228e+10|1.395289275e+10|1.443479121e+10|3.000000|3.000000|3.000000
6.668096253e+06|1.298204598e+10|1.344863253e+10|1.392990740e+10|3.000000|3.000000|3.000000
6.681344212e+06|1.249942057e+10|1.296387416e+10|1.344410079e+10|3.000000|3.000000|3.000000
6.697668925e+06|1.191063568e+10|1.237191504e+10|1.285021506e+10|3.000000|3.000000|3.000000
6.715561261e+06|1.127317501e+10|1.173024807e+10|1.220558298e+10|3.000000|3.000000|3.000000
6.741404578e+06|1.036780056e+10|1.081737157e+10|1.128673164e+10|3.000000|3.000000|3.000000
6.788971781e+06|8.752999878e+09|9.183945787e+09|9.636509871e+09|3.000000|3.000000|3.000000
6.842514660e+06|7.025043816e+09|7.426628231e+09|7.849992831e+09|3.000000|3.000000|3.000000
6.867838141e+06|6.244697258e+09|6.628938002e+09|7.034187643e+09|3.000000|3.000000|3.000000
6.884635829e+06|5.741236207e+09|6.112646784e+09|6.504211829e+09|3.000000|3.000000|3.000000
6.895972670e+06|5.408119399e+09|5.770246886e+09|6.151786434e+09|3.000000|3.000000|3.000000
6.904802701e+06|5.152500164e+09|5.507038523e+09|5.880313712e+09|3.000000|3.000000|3.000000
6.913884903e+06|4.893171613e+09|5.239568792e+09|5.603916406e+09|3.000000|3.000000|3.000000
6.924427854e+06|4.596805972e+09|4.933316567e+09|5.286743736e+09|3.000000|3.000000|3.000000
6.935985544e+06|4.277829117e+09|4.602950254e+09|4.943699555e+09|3.000000|3.000000|3.000000
6.947971320e+06|3.953748979e+09|4.266433775e+09|4.593232347e+09|3.000000|3.000000|3.000000
6.963653271e+06|3.540370296e+09|3.835793905e+09|4.143063198e+09|3.000000|3.000000|3.000000
6.982166536e+06|3.068450658e+09|3.342002405e+09|3.624281759e+09|3.000000|3.000000|3.000000
7.013594176e+06|2.309287974e+09|2.541825137e+09|2.776624047e+09|3.000000|3.000000|3.000000
7.103072227e+06|4.690492151e+08|5.552582417e+08|6.159823062e+08|3.000000|3.000000|3.000000
7.322577547e+06|-1.472857734e+09|-1.977927939e+09|-2.657046742e+09|3.000000|3.000000|3.000000
