#PHASE|Nmant|Nmant/Nmanttot|Mmant|Mmant/Mmanttot|RRRminmant|RRRminmantEq|RRRmaxmant|RRRmaxmantEq|Ncore|Ncore/Ncoretot|Mcore|Mcore/Mcoretot|RRRmincore|RRRmaxcore|
0.000000000e+00|0.000000000e+00|0.000000000e+00|0.000000000e+00|0.000000000e+00|inf|inf|-inf|inf|0.000000000e+00|0.000000000e+00|0.000000000e+00|0.000000000e+00|inf|-inf
1.000000000e+00|0.000000000e+00|0.000000000e+00|0.000000000e+00|0.000000000e+00|inf|inf|-inf|inf|0.000000000e+00|0.000000000e+00|0.000000000e+00|0.000000000e+00|inf|-inf
2.000000000e+00|0.000000000e+00|0.000000000e+00|0.000000000e+00|0.000000000e+00|inf|inf|-inf|inf|0.000000000e+00|0.000000000e+00|0.000000000e+00|0.000000000e+00|inf|-inf
3.000000000e+00|1.438000000e+04|1.165920737e-01|6.291441540e+23|1.169464778e-01|3.761527551e+06|3.798715876e+06|5.604239539e+06|inf|1.438000000e+04|0.000000000e+00|0.000000000e+00|0.000000000e+00|inf|-inf
4.000000000e+00|5.441700000e+04|4.412093793e-01|2.380843910e+24|4.425556648e-01|3.762674830e+06|3.809151016e+06|6.549559230e+06|inf|5.441700000e+04|0.000000000e+00|0.000000000e+00|0.000000000e+00|inf|-inf
5.000000000e+00|6.680000000e+02|5.416099111e-03|2.879337473e+22|5.352165693e-03|1.070982816e+07|1.367100451e+07|4.060173866e+08|inf|6.680000000e+02|1.394027130e-03|3.254514915e+21|1.332405859e-03|2.297077366e+07|4.004313685e+08
6.000000000e+00|5.100000000e+01|4.135045729e-04|2.192758326e+21|4.075939690e-04|2.376682644e+07|2.948021804e+07|3.876465244e+08|inf|5.100000000e+01|0.000000000e+00|0.000000000e+00|0.000000000e+00|inf|-inf
7.000000000e+00|4.015000000e+03|3.255335020e-02|1.723322750e+23|3.203344167e-02|9.870712358e+06|1.026664336e+07|3.824910891e+08|inf|4.015000000e+03|7.470555645e-03|1.744053595e+22|7.140195357e-03|9.070144361e+06|1.610137757e+08
8.000000000e+00|4.980500000e+04|4.038155932e-01|2.166454989e+24|4.027046561e-01|3.913786583e+06|3.938391370e+06|1.041127175e+07|inf|4.980500000e+04|9.911354172e-01|2.421890212e+24|9.915273988e-01|6.779756748e+04|9.258651620e+06
