#PHASE|Nmant|Nmant/Nmanttot|Mmant|Mmant/Mmanttot|RRRminmant|RRRminmantEq|RRRmaxmant|RRRmaxmantEq|Ncore|Ncore/Ncoretot|Mcore|Mcore/Mcoretot|RRRmincore|RRRmaxcore|
0.000000000e+00|0.000000000e+00|0.000000000e+00|0.000000000e+00|0.000000000e+00|inf|inf|-inf|inf|0.000000000e+00|0.000000000e+00|0.000000000e+00|0.000000000e+00|inf|-inf
1.000000000e+00|3.939600000e+04|4.011976048e-01|2.214253119e+24|4.009092026e-01|3.726890917e+06|3.768448358e+06|6.151480718e+06|inf|3.939600000e+04|0.000000000e+00|0.000000000e+00|0.000000000e+00|inf|-inf
2.000000000e+00|0.000000000e+00|0.000000000e+00|0.000000000e+00|0.000000000e+00|inf|inf|-inf|inf|0.000000000e+00|0.000000000e+00|0.000000000e+00|0.000000000e+00|inf|-inf
3.000000000e+00|3.522900000e+04|3.587620677e-01|1.980075774e+24|3.585094192e-01|3.748819835e+06|3.764572192e+06|6.757562470e+06|inf|3.522900000e+04|0.000000000e+00|0.000000000e+00|0.000000000e+00|inf|-inf
4.000000000e+00|1.934700000e+04|1.970243187e-01|1.089617427e+24|1.972844252e-01|4.336454741e+06|4.336454741e+06|7.154843427e+06|inf|1.934700000e+04|8.938176906e-01|2.082809153e+24|8.937942614e-01|5.589518719e+05|3.631448916e+06
5.000000000e+00|2.900000000e+01|2.953277119e-04|1.646492437e+21|2.981113425e-04|1.259156063e+07|inf|3.825808207e+08|inf|2.900000000e+01|0.000000000e+00|0.000000000e+00|0.000000000e+00|inf|-inf
6.000000000e+00|3.000000000e+00|3.055114261e-05|1.702625466e+20|3.082747008e-05|2.926620139e+08|inf|3.740778198e+08|inf|3.000000000e+00|0.000000000e+00|0.000000000e+00|0.000000000e+00|inf|-inf
7.000000000e+00|3.930000000e+02|4.002199682e-03|2.224836274e+22|4.028253721e-03|8.642546111e+06|8.642546111e+06|2.476596173e+07|inf|3.930000000e+02|0.000000000e+00|0.000000000e+00|0.000000000e+00|inf|-inf
8.000000000e+00|3.799000000e+03|3.868793026e-02|2.150673659e+23|3.893976050e-02|7.015486543e+06|7.122014429e+06|8.810101371e+06|inf|3.799000000e+03|1.061823094e-01|2.474912785e+23|1.062057386e-01|1.037001516e+05|3.660335557e+06
