#PHASE|Nmant|Nmant/Nmanttot|Mmant|Mmant/Mmanttot|RRRminmant|RRRminmantEq|RRRmaxmant|RRRmaxmantEq|Ncore|Ncore/Ncoretot|Mcore|Mcore/Mcoretot|RRRmincore|RRRmaxcore|
0.000000000e+00|0.000000000e+00|0.000000000e+00|0.000000000e+00|0.000000000e+00|inf|inf|-inf|inf|0.000000000e+00|0.000000000e+00|0.000000000e+00|0.000000000e+00|inf|-inf
1.000000000e+00|0.000000000e+00|0.000000000e+00|0.000000000e+00|0.000000000e+00|inf|inf|-inf|inf|0.000000000e+00|0.000000000e+00|0.000000000e+00|0.000000000e+00|inf|-inf
2.000000000e+00|0.000000000e+00|0.000000000e+00|0.000000000e+00|0.000000000e+00|inf|inf|-inf|inf|0.000000000e+00|0.000000000e+00|0.000000000e+00|0.000000000e+00|inf|-inf
3.000000000e+00|4.000000000e+00|2.788680745e-05|2.248374219e+20|2.775391985e-05|4.310346443e+06|inf|5.207661080e+06|inf|4.000000000e+00|0.000000000e+00|0.000000000e+00|0.000000000e+00|inf|-inf
4.000000000e+00|5.927200000e+04|4.132267128e-01|3.336488177e+24|4.118559297e-01|3.909674355e+06|4.585545630e+06|3.640788384e+08|inf|5.927200000e+04|3.232793457e-05|1.140634330e+20|3.264358390e-05|2.658617317e+07|2.682036107e+07
5.000000000e+00|1.650000000e+03|1.150330807e-02|9.347930832e+22|1.153908103e-02|9.196764026e+06|9.196764026e+06|3.989668870e+08|inf|1.650000000e+03|1.778036401e-04|6.274196902e+20|1.795599760e-04|2.668948660e+07|3.373387188e+08
6.000000000e+00|2.545000000e+03|1.774298124e-02|1.439935410e+23|1.777455533e-02|1.187146036e+07|1.187146036e+07|4.266648118e+08|inf|2.545000000e+03|4.202631494e-04|1.482086787e+21|4.241554289e-04|2.724642017e+07|3.690178333e+08
7.000000000e+00|7.894000000e+03|5.503461450e-02|4.470747737e+23|5.518688717e-02|9.160116219e+06|1.129235807e+07|4.388837070e+08|inf|7.894000000e+03|4.558238774e-03|1.607937414e+22|4.601723663e-03|8.571008550e+06|3.805675275e+08
8.000000000e+00|7.207200000e+04|5.024644966e-01|4.079844473e+24|5.036157929e-01|3.969778677e+06|4.641614755e+06|1.214428868e+07|inf|7.207200000e+04|9.948113665e-01|3.475903862e+24|9.947619173e-01|8.142384882e+04|1.060576267e+07
