#RRR|U50|U25|U75|Umean|T50|T25|T75|Tmean|P50|P25|P75|Pmean|rho50|rho25|rho75|Pmean|S
3.525458778e+05|9.864313162e+06|9.905309370e+06|9.952766651e+06|9.910333124e+06|6.923278024e+03|6.934162312e+03|6.946716389e+03|6.935432925e+03|4.228857138e+11|4.250039102e+11|4.274572826e+11|4.252654140e+11|1.285576367e+04|1.287175928e+04|1.289022046e+04|1.287364453e+04|1.896250694e+03
5.366820108e+05|9.795755519e+06|9.858531669e+06|9.898972166e+06|9.848124549e+06|6.905000909e+03|6.921740138e+03|6.932483065e+03|6.918912196e+03|4.193453488e+11|4.225871053e+11|4.246762572e+11|4.220511933e+11|1.282892529e+04|1.285350439e+04|1.286929150e+04|1.284936914e+04|1.896250694e+03
6.377142091e+05|9.768964270e+06|9.792753427e+06|9.826080600e+06|9.792553602e+06|6.897831906e+03|6.904198193e+03|6.913097387e+03|6.904108844e+03|4.179630332e+11|4.191904635e+11|4.209107919e+11|4.191812919e+11|1.281840771e+04|1.282774561e+04|1.284080518e+04|1.282762598e+04|1.896250694e+03
7.129999875e+05|9.733888263e+06|9.761959069e+06|9.800131676e+06|9.760808925e+06|6.888427569e+03|6.895955421e+03|6.906170750e+03|6.895612148e+03|4.161530277e+11|4.176015380e+11|4.195711088e+11|4.175431638e+11|1.280460864e+04|1.281565625e+04|1.283064502e+04|1.281515918e+04|1.896250694e+03
7.815274118e+05|9.676360948e+06|9.701255376e+06|9.730833580e+06|9.704595876e+06|6.872940926e+03|6.879649676e+03|6.887606730e+03|6.880516305e+03|4.131877025e+11|4.144710098e+11|4.159955788e+11|4.146440795e+11|1.278190991e+04|1.279174561e+04|1.280339844e+04|1.279302246e+04|1.896250694e+03
8.410356162e+05|9.626904869e+06|9.656391254e+06|9.692047116e+06|9.657612719e+06|6.859572235e+03|6.867551614e+03|6.877169325e+03|6.867837072e+03|4.106397615e+11|4.121581955e+11|4.139963342e+11|4.122228007e+11|1.276233252e+04|1.277401416e+04|1.278811548e+04|1.277444922e+04|1.896250694e+03
8.975226157e+05|9.598326902e+06|9.621119574e+06|9.649142317e+06|9.623351705e+06|6.851824000e+03|6.858004843e+03|6.865591523e+03|6.858590264e+03|4.091680094e+11|4.103418553e+11|4.117848745e+11|4.104572279e+11|1.275099268e+04|1.276004443e+04|1.277114771e+04|1.276090234e+04|1.896250694e+03
9.516139564e+05|9.544902436e+06|9.565398510e+06|9.600538665e+06|9.573238940e+06|6.837292590e+03|6.842875257e+03|6.852424179e+03|6.844982399e+03|4.064185662e+11|4.074728828e+11|4.092819184e+11|4.078773520e+11|1.272973901e+04|1.273790039e+04|1.275187598e+04|1.274099219e+04|1.896250694e+03
9.999573291e+05|9.506151719e+06|9.533514750e+06|9.562505597e+06|9.537316156e+06|6.826717255e+03|6.834187577e+03|6.842087804e+03|6.835179938e+03|4.044250255e+11|4.058327842e+11|4.073240737e+11|4.060294727e+11|1.271428125e+04|1.272520361e+04|1.273674878e+04|1.272666406e+04|1.896250694e+03
1.050116112e+06|9.464663588e+06|9.487775593e+06|9.513801279e+06|9.489865296e+06|6.815350979e+03|6.821687752e+03|6.828806970e+03|6.822228439e+03|4.022923819e+11|4.034803139e+11|4.048185942e+11|4.035886570e+11|1.269768188e+04|1.270693555e+04|1.271733838e+04|1.270773535e+04|1.896250694e+03
1.097185166e+06|9.415525058e+06|9.438834432e+06|9.469984653e+06|9.439860644e+06|6.801844358e+03|6.808257884e+03|6.816810724e+03|6.808512119e+03|3.997669681e+11|4.009646352e+11|4.025658899e+11|4.010182876e+11|1.267796021e+04|1.268732227e+04|1.269981177e+04|1.268770020e+04|1.896250694e+03
1.138791788e+06|9.367396563e+06|9.395637351e+06|9.438985233e+06|9.403385327e+06|6.788563736e+03|6.796361633e+03|6.808299315e+03|6.798446180e+03|3.972959862e+11|3.987459706e+11|4.009723875e+11|3.991453537e+11|1.265859717e+04|1.266996387e+04|1.268738232e+04|1.267301855e+04|1.896250694e+03
1.182549783e+06|9.315826675e+06|9.355584298e+06|9.387614547e+06|9.351707397e+06|6.774274318e+03|6.785297788e+03|6.794147836e+03|6.784169833e+03|3.946496879e+11|3.966894513e+11|3.983340810e+11|3.964921348e+11|1.263776538e+04|1.265382373e+04|1.266673340e+04|1.265220020e+04|1.896250694e+03
1.225439464e+06|9.290522065e+06|9.312304286e+06|9.340953709e+06|9.315698084e+06|6.767241189e+03|6.773296021e+03|6.781246424e+03|6.774187704e+03|3.933515206e+11|3.944689812e+11|3.959385881e+11|3.946443624e+11|1.262751514e+04|1.263634570e+04|1.264792432e+04|1.263765039e+04|1.896250694e+03
1.265033668e+06|9.238001182e+06|9.268788229e+06|9.300793335e+06|9.268317803e+06|6.752595780e+03|6.761190121e+03|6.770097391e+03|6.761016367e+03|3.906591040e+11|3.922366629e+11|3.938784767e+11|3.922141178e+11|1.260620532e+04|1.261870703e+04|1.263167725e+04|1.261846582e+04|1.896250694e+03
1.303004323e+06|9.195476552e+06|9.222446784e+06|9.256988495e+06|9.221403767e+06|6.740695404e+03|6.748246972e+03|6.757898260e+03|6.747921567e+03|3.884797880e+11|3.898619570e+11|3.916320738e+11|3.898094012e+11|1.258888501e+04|1.259987402e+04|1.261391211e+04|1.259940723e+04|1.896250694e+03
1.344172957e+06|9.146802097e+06|9.172003013e+06|9.211754434e+06|9.185885232e+06|6.727016895e+03|6.734104457e+03|6.745254595e+03|6.737952922e+03|3.859880448e+11|3.872782033e+11|3.893140018e+11|3.879904250e+11|1.256900781e+04|1.257930420e+04|1.259552124e+04|1.258491406e+04|1.896250694e+03
1.379081568e+06|9.106876041e+06|9.134271573e+06|9.173104751e+06|9.137168055e+06|6.715757899e+03|6.723488282e+03|6.734414038e+03|6.724263973e+03|3.839446423e+11|3.853464781e+11|3.873346009e+11|3.854958305e+11|1.255264575e+04|1.256387793e+04|1.257975391e+04|1.256501465e+04|1.896250694e+03
1.413842354e+06|9.053484386e+06|9.094393031e+06|9.127457186e+06|9.085211121e+06|6.700640989e+03|6.712228463e+03|6.721568101e+03|6.709569338e+03|3.812136190e+11|3.833061650e+11|3.849975887e+11|3.828381068e+11|1.253070386e+04|1.254752344e+04|1.256108765e+04|1.254368164e+04|1.896250694e+03
1.448428277e+06|9.017702523e+06|9.037684222e+06|9.059143979e+06|9.045292276e+06|6.690471729e+03|6.696154681e+03|6.702246014e+03|6.698269378e+03|3.793851911e+11|3.804059807e+11|3.815031550e+11|3.807964056e+11|1.251595679e+04|1.252419531e+04|1.253303223e+04|1.252727734e+04|1.896250694e+03
1.485581228e+06|8.976222897e+06|9.003958202e+06|9.035553702e+06|9.002198584e+06|6.678649782e+03|6.686558238e+03|6.695549101e+03|6.686020677e+03|3.772658433e+11|3.786830060e+11|3.802971305e+11|3.785938613e+11|1.249881494e+04|1.251028467e+04|1.252331812e+04|1.250950977e+04|1.896250694e+03
1.519544772e+06|8.927985994e+06|8.958678600e+06|8.980658868e+06|8.958885508e+06|6.664839298e+03|6.673633331e+03|6.679915559e+03|6.673646788e+03|3.748031457e+11|3.763700609e+11|3.774925229e+11|3.763817410e+11|1.247881030e+04|1.249154834e+04|1.250064844e+04|1.249158008e+04|1.896250694e+03
1.548844477e+06|8.881830505e+06|8.908111548e+06|8.937337741e+06|8.914677069e+06|6.651575319e+03|6.659134939e+03|6.667520698e+03|6.660976625e+03|3.724476739e+11|3.737884118e+11|3.752806079e+11|3.741248542e+11|1.245961182e+04|1.247055371e+04|1.248269556e+04|1.247323145e+04|1.896250694e+03
1.582423186e+06|8.844887161e+06|8.884319800e+06|8.921964614e+06|8.884299251e+06|6.640921416e+03|6.652292212e+03|6.663111869e+03|6.652241603e+03|3.705637455e+11|3.725745919e+11|3.744957506e+11|3.725749206e+11|1.244419507e+04|1.246065186e+04|1.247631055e+04|1.246058887e+04|1.896250694e+03
1.617357820e+06|8.788777358e+06|8.817923191e+06|8.851274153e+06|8.825493749e+06|6.624673602e+03|6.633125662e+03|6.642765283e+03|6.635271390e+03|3.677040622e+11|3.691889424e+11|3.708894703e+11|3.695761810e+11|1.242071069e+04|1.243292383e+04|1.244687036e+04|1.243604004e+04|1.896250694e+03
1.649073457e+06|8.747671820e+06|8.770741334e+06|8.802507240e+06|8.773110451e+06|6.612722854e+03|6.619434674e+03|6.628657301e+03|6.620079521e+03|3.656097766e+11|3.667851192e+11|3.684035776e+11|3.669068924e+11|1.240344800e+04|1.241314551e+04|1.242647119e+04|1.241408789e+04|1.896250694e+03
1.675413579e+06|8.717463534e+06|8.741246963e+06|8.786525211e+06|8.747595329e+06|6.603908013e+03|6.610849558e+03|6.624019787e+03|6.612658553e+03|3.640723479e+11|3.652828118e+11|3.675893128e+11|3.656072906e+11|1.239072559e+04|1.240074658e+04|1.241976758e+04|1.240336914e+04|1.896250694e+03
1.706923236e+06|8.653388614e+06|8.684203409e+06|8.712482165e+06|8.679781963e+06|6.585140334e+03|6.594180903e+03|6.602452638e+03|6.592831996e+03|3.608122511e+11|3.623792658e+11|3.638187972e+11|3.621559891e+11|1.236365332e+04|1.237669189e+04|1.238862451e+04|1.237476172e+04|1.896250694e+03
1.734685627e+06|8.618474895e+06|8.646839646e+06|8.671941213e+06|8.649493729e+06|6.574870965e+03|6.583216017e+03|6.590587014e+03|6.583962669e+03|3.590369713e+11|3.604792498e+11|3.617554784e+11|3.606149296e+11|1.234885864e+04|1.236088330e+04|1.237150635e+04|1.236196484e+04|1.896250694e+03
1.767445872e+06|8.557873359e+06|8.590141858e+06|8.629132002e+06|8.590255204e+06|6.556963021e+03|6.566511376e+03|6.578008313e+03|6.566490143e+03|3.559576180e+11|3.575969883e+11|3.595788878e+11|3.576040734e+11|1.232306323e+04|1.233681543e+04|1.235337354e+04|1.233679785e+04|1.896250694e+03
1.799970723e+06|8.522897207e+06|8.554939498e+06|8.578189231e+06|8.551988306e+06|6.546585386e+03|6.556093809e+03|6.562977116e+03|6.555173560e+03|3.541811576e+11|3.558085651e+11|3.569897719e+11|3.556598041e+11|1.230813135e+04|1.232181543e+04|1.233172607e+04|1.232050098e+04|1.896250694e+03
1.822284556e+06|8.483640539e+06|8.517056259e+06|8.562455200e+06|8.521573737e+06|6.534897994e+03|6.544848569e+03|6.558320117e+03|6.546126658e+03|3.521890474e+11|3.538848043e+11|3.561903928e+11|3.541158695e+11|1.229132739e+04|1.230563184e+04|1.232502002e+04|1.230748828e+04|1.896250694e+03
1.848125926e+06|8.434110655e+06|8.475087945e+06|8.510163674e+06|8.473586719e+06|6.520091918e+03|6.532347459e+03|6.542798070e+03|6.531842137e+03|3.496766970e+11|3.517550152e+11|3.535350554e+11|3.516802124e+11|1.227004028e+04|1.228765479e+04|1.230268652e+04|1.228694531e+04|1.896250694e+03
1.875058025e+06|8.381971412e+06|8.409182665e+06|8.450459488e+06|8.418251129e+06|6.504433911e+03|6.512614556e+03|6.524988520e+03|6.515284734e+03|3.470332027e+11|3.484126536e+11|3.505056141e+11|3.488736233e+11|1.224756348e+04|1.225931055e+04|1.227707983e+04|1.226315332e+04|1.896250694e+03
1.903293051e+06|8.354672395e+06|8.377882533e+06|8.418738560e+06|8.390174929e+06|6.496203509e+03|6.503202229e+03|6.515482165e+03|6.506838791e+03|3.456505490e+11|3.468261443e+11|3.488972291e+11|3.474507295e+11|1.223575122e+04|1.224579346e+04|1.226342676e+04|1.225102734e+04|1.896250694e+03
1.936519493e+06|8.298594904e+06|8.321641918e+06|8.358918421e+06|8.330166720e+06|6.479236649e+03|6.486223044e+03|6.497484705e+03|6.488761199e+03|3.428110010e+11|3.439772764e+11|3.458656068e+11|3.444102421e+11|1.221141870e+04|1.222143506e+04|1.223759131e+04|1.222508594e+04|1.896250694e+03
1.959094950e+06|8.246556753e+06|8.282397909e+06|8.326294212e+06|8.286946735e+06|6.463414931e+03|6.474318869e+03|6.487630210e+03|6.475654082e+03|3.401776011e+11|3.419913830e+11|3.442129589e+11|3.422225384e+11|1.218874243e+04|1.220437842e+04|1.222345508e+04|1.220629883e+04|1.896250694e+03
1.984181067e+06|8.215921592e+06|8.252628906e+06|8.291231740e+06|8.255202696e+06|6.454058044e+03|6.465264971e+03|6.477001753e+03|6.465991524e+03|3.386288636e+11|3.404848586e+11|3.424384206e+11|3.406165756e+11|1.217535571e+04|1.219139697e+04|1.220822168e+04|1.219245703e+04|1.896250694e+03
2.006959077e+06|8.170063345e+06|8.212857746e+06|8.272024863e+06|8.223538634e+06|6.440008952e+03|6.453121077e+03|6.471166247e+03|6.456316972e+03|3.363106061e+11|3.384739494e+11|3.414664679e+11|3.390154818e+11|1.215525122e+04|1.217402002e+04|1.219985815e+04|1.217860645e+04|1.896250694e+03
2.033127813e+06|8.121437003e+06|8.144845162e+06|8.189075452e+06|8.155722670e+06|6.425045403e+03|6.432255484e+03|6.445840878e+03|6.435530948e+03|3.338548695e+11|3.350370963e+11|3.372714111e+11|3.355880777e+11|1.213386401e+04|1.214416943e+04|1.216359741e+04|1.214886719e+04|1.896250694e+03
2.059373304e+06|8.081427808e+06|8.109437205e+06|8.155290027e+06|8.114882010e+06|6.412677717e+03|6.421344294e+03|6.435468482e+03|6.422970288e+03|3.318353271e+11|3.332487246e+11|3.355645913e+11|3.335249827e+11|1.211619482e+04|1.212856787e+04|1.214875903e+04|1.213090723e+04|1.896250694e+03
2.090369385e+06|8.040293197e+06|8.072269327e+06|8.108788437e+06|8.074571621e+06|6.399915585e+03|6.409839711e+03|6.421144163e+03|6.410511792e+03|3.297592992e+11|3.313731242e+11|3.332159392e+11|3.314900724e+11|1.209796509e+04|1.211214307e+04|1.212828613e+04|1.211310840e+04|1.896250694e+03
2.112870787e+06|7.993678608e+06|8.031149599e+06|8.081675980e+06|8.033277057e+06|6.385388317e+03|6.397070561e+03|6.412754598e+03|6.397673676e+03|3.274094358e+11|3.292982770e+11|3.318478506e+11|3.294072409e+11|1.207725024e+04|1.209391113e+04|1.211630420e+04|1.209478906e+04|1.896250694e+03
2.134606546e+06|7.952018207e+06|7.989347904e+06|8.028603666e+06|7.993142473e+06|6.372352423e+03|6.384035995e+03|6.396277871e+03|6.385165902e+03|3.253100821e+11|3.271911179e+11|3.291699646e+11|3.273836178e+11|1.205866772e+04|1.207531982e+04|1.209278003e+04|1.207694531e+04|1.896250694e+03
2.156961220e+06|7.914725050e+06|7.946080930e+06|7.993956717e+06|7.955457590e+06|6.360637543e+03|6.370489589e+03|6.385475129e+03|6.373375597e+03|3.234318254e+11|3.250111075e+11|3.274234563e+11|3.254845637e+11|1.204197852e+04|1.205601123e+04|1.207737476e+04|1.206013867e+04|1.896250694e+03
2.179805619e+06|7.873088491e+06|7.900915361e+06|7.938972327e+06|7.904075449e+06|6.347504848e+03|6.356290732e+03|6.368258135e+03|6.357242023e+03|3.213361332e+11|3.227362422e+11|3.246530838e+11|3.228965777e+11|1.202328638e+04|1.203578271e+04|1.205283130e+04|1.203715234e+04|1.896250694e+03
2.205993623e+06|7.818634372e+06|7.844774395e+06|7.899009592e+06|7.855774246e+06|6.330251257e+03|6.338545568e+03|6.355689896e+03|6.341964266e+03|3.185967641e+11|3.199113430e+11|3.226403130e+11|3.204662750e+11|1.199874048e+04|1.201053125e+04|1.203492896e+04|1.201541406e+04|1.896250694e+03
2.234245479e+06|7.772066885e+06|7.795666354e+06|7.841422032e+06|7.805096630e+06|6.315424914e+03|6.322945340e+03|6.337483423e+03|6.325890788e+03|3.162561194e+11|3.174423927e+11|3.197426153e+11|3.179175170e+11|1.197766553e+04|1.198835693e+04|1.200902344e+04|1.199255469e+04|1.896250694e+03
2.256006973e+06|7.729565525e+06|7.773527948e+06|7.823596098e+06|7.773648164e+06|6.301824534e+03|6.315890912e+03|6.331827830e+03|6.315857042e+03|3.141211713e+11|3.163295687e+11|3.188461461e+11|3.163370242e+11|1.195836182e+04|1.197832715e+04|1.200097827e+04|1.197829883e+04|1.896250694e+03
2.276404055e+06|7.685386776e+06|7.725251225e+06|7.778316166e+06|7.734095191e+06|6.287629791e+03|6.300440930e+03|6.317417705e+03|6.303205315e+03|3.119027439e+11|3.139044753e+11|3.165702617e+11|3.143500318e+11|1.193820776e+04|1.195638867e+04|1.198049658e+04|1.196033398e+04|1.896250694e+03
2.298757312e+06|7.657894344e+06|7.690393304e+06|7.737555929e+06|7.692569213e+06|6.278763274e+03|6.289242335e+03|6.304385754e+03|6.289867309e+03|3.105234692e+11|3.121538920e+11|3.145225181e+11|3.122650731e+11|1.192563696e+04|1.194050049e+04|1.196198755e+04|1.194140332e+04|1.896250694e+03
2.320781278e+06|7.609099391e+06|7.631645134e+06|7.665766804e+06|7.632335379e+06|6.262967657e+03|6.270279679e+03|6.281304170e+03|6.270445407e+03|3.080762122e+11|3.092063406e+11|3.109184398e+11|3.092423938e+11|1.190325464e+04|1.191360547e+04|1.192923999e+04|1.191386133e+04|1.896250694e+03
2.342365843e+06|7.550901695e+06|7.587013339e+06|7.632938755e+06|7.595061907e+06|6.244023306e+03|6.255791018e+03|6.270698182e+03|6.258349780e+03|3.051593937e+11|3.069690962e+11|3.092712451e+11|3.073735886e+11|1.187642969e+04|1.189309424e+04|1.191420361e+04|1.189672656e+04|1.896250694e+03
2.370941330e+06|7.484264220e+06|7.522566976e+06|7.575155649e+06|7.533528878e+06|6.222189720e+03|6.234756174e+03|6.251932723e+03|6.238275219e+03|3.018226962e+11|3.037403827e+11|3.063746313e+11|3.042907272e+11|1.184554907e+04|1.186332080e+04|1.188762598e+04|1.186831152e+04|1.896250694e+03
2.394732787e+06|7.455882533e+06|7.493923244e+06|7.538936986e+06|7.498880714e+06|6.212844359e+03|6.225365302e+03|6.240112465e+03|6.226933494e+03|3.004028801e+11|3.023058881e+11|3.045602064e+11|3.025555888e+11|1.183234082e+04|1.185003125e+04|1.187089648e+04|1.185226855e+04|1.896250694e+03
2.415018310e+06|7.428935605e+06|7.466814818e+06|7.513713409e+06|7.466808001e+06|6.203950482e+03|6.216446604e+03|6.231856094e+03|6.216388597e+03|2.990546562e+11|3.009498140e+11|3.032969584e+11|3.009504378e+11|1.181977222e+04|1.183743408e+04|1.185921924e+04|1.183736230e+04|1.896250694e+03
2.433908659e+06|7.381811859e+06|7.425665865e+06|7.473373287e+06|7.423813979e+06|6.188321184e+03|6.202867917e+03|6.218606143e+03|6.202167521e+03|2.966989573e+11|2.988912487e+11|3.012779069e+11|2.988003776e+11|1.179771338e+04|1.181824365e+04|1.184048901e+04|1.181728125e+04|1.896250694e+03
2.454201060e+06|7.334650270e+06|7.373601687e+06|7.436384985e+06|7.384957497e+06|6.172605357e+03|6.185592000e+03|6.206411859e+03|6.189279971e+03|2.943429226e+11|2.962884540e+11|2.994273615e+11|2.968579288e+11|1.177555420e+04|1.179386426e+04|1.182325293e+04|1.179908984e+04|1.896250694e+03
2.477375433e+06|7.288314259e+06|7.328875400e+06|7.363419579e+06|7.329012744e+06|6.157090794e+03|6.170675848e+03|6.182204134e+03|6.170652874e+03|2.920294550e+11|2.940545500e+11|2.957794703e+11|2.940626724e+11|1.175368994e+04|1.177283887e+04|1.178908203e+04|1.177281641e+04|1.896250694e+03
2.497282666e+06|7.244940868e+06|7.280490177e+06|7.331842928e+06|7.285305242e+06|6.142494177e+03|6.154461601e+03|6.171667436e+03|6.156005543e+03|2.898653022e+11|2.916390761e+11|2.942027391e+11|2.918806932e+11|1.173313428e+04|1.174998584e+04|1.177422827e+04|1.175217578e+04|1.896250694e+03
2.526291766e+06|7.178709275e+06|7.212980263e+06|7.258478855e+06|7.219733964e+06|6.120071418e+03|6.131692369e+03|6.147055772e+03|6.133892408e+03|2.865631936e+11|2.882716705e+11|2.905408406e+11|2.886099733e+11|1.170159058e+04|1.171793555e+04|1.173955811e+04|1.172104980e+04|1.896250694e+03
2.549492884e+06|7.140057940e+06|7.172178117e+06|7.222150743e+06|7.178903340e+06|6.106909662e+03|6.117852960e+03|6.134796344e+03|6.120066950e+03|2.846381445e+11|2.862376031e+11|2.887287694e+11|2.865744401e+11|1.168309595e+04|1.169846729e+04|1.172229688e+04|1.170160156e+04|1.896250694e+03
2.567184339e+06|7.102361038e+06|7.141633064e+06|7.206288840e+06|7.146421252e+06|6.094024714e+03|6.107447026e+03|6.129425991e+03|6.108994556e+03|2.827609414e+11|2.847165804e+11|2.879381067e+11|2.849565161e+11|1.166499585e+04|1.168385010e+04|1.171475073e+04|1.168604395e+04|1.896250694e+03
2.584609404e+06|7.067230481e+06|7.123567183e+06|7.171203782e+06|7.113420274e+06|6.081957230e+03|6.101279241e+03|6.117521928e+03|6.097685668e+03|2.810129162e+11|2.838169099e+11|2.861890309e+11|2.833138050e+11|1.164806494e+04|1.167518115e+04|1.169800391e+04|1.167016602e+04|1.896250694e+03
2.602549574e+06|7.045605911e+06|7.090652653e+06|7.132646825e+06|7.085251052e+06|6.074511191e+03|6.090006826e+03|6.104380216e+03|6.088079123e+03|2.799367348e+11|2.821784154e+11|2.842690760e+11|2.819107947e+11|1.163761011e+04|1.165935547e+04|1.167954346e+04|1.165666895e+04|1.896250694e+03
2.621495693e+06|6.992277503e+06|7.045102314e+06|7.089792758e+06|7.041365200e+06|6.056064468e+03|6.074336755e+03|6.089711585e+03|6.072971753e+03|2.772858028e+11|2.799117317e+11|2.821356274e+11|2.797276043e+11|1.161175732e+04|1.163736865e+04|1.165894336e+04|1.163547461e+04|1.896250694e+03
2.643585878e+06|6.938183731e+06|6.965973921e+06|7.010462564e+06|6.973476784e+06|6.037237417e+03|6.046925217e+03|6.062364792e+03|6.049446996e+03|2.745986138e+11|2.759788396e+11|2.781897629e+11|2.763531552e+11|1.158539575e+04|1.159895410e+04|1.162058911e+04|1.160250781e+04|1.896250694e+03
2.667871988e+06|6.882178345e+06|6.921885402e+06|6.972020094e+06|6.930830479e+06|6.017621600e+03|6.031544920e+03|6.049029878e+03|6.034595639e+03|2.718185419e+11|2.737890725e+11|2.762791062e+11|2.742346712e+11|1.155794897e+04|1.157741650e+04|1.160190088e+04|1.158170996e+04|1.896250694e+03
2.692200385e+06|6.827845061e+06|6.866134765e+06|6.929039090e+06|6.867134408e+06|5.998471934e+03|6.011980753e+03|6.034044464e+03|6.012222152e+03|2.691238009e+11|2.710224046e+11|2.741443925e+11|2.710740415e+11|1.153118433e+04|1.155006006e+04|1.158092358e+04|1.155042285e+04|1.896250694e+03
2.714612162e+06|6.782066641e+06|6.824817642e+06|6.882733609e+06|6.827288692e+06|5.982245642e+03|5.997401270e+03|6.017816684e+03|5.998198251e+03|2.668548176e+11|2.689737345e+11|2.718460951e+11|2.690974206e+11|1.150852563e+04|1.152969043e+04|1.155822339e+04|1.153081836e+04|1.896250694e+03
2.730002655e+06|6.767049256e+06|6.822981272e+06|6.857651962e+06|6.812113427e+06|5.976898780e+03|5.996751803e+03|6.008995056e+03|5.992833061e+03|2.661109403e+11|2.688827062e+11|2.706014165e+11|2.683449810e+11|1.150106372e+04|1.152877979e+04|1.154587988e+04|1.152332129e+04|1.896250694e+03
2.746475818e+06|6.725322275e+06|6.781563516e+06|6.829899580e+06|6.780392785e+06|5.962003017e+03|5.982066618e+03|5.999198316e+03|5.981551676e+03|2.640440915e+11|2.668298992e+11|2.692256331e+11|2.667734422e+11|1.148027954e+04|1.150827539e+04|1.153220312e+04|1.150757617e+04|1.896250694e+03
2.763042833e+06|6.674324977e+06|6.725213016e+06|6.797655618e+06|6.730485298e+06|5.943696520e+03|5.961963786e+03|5.987783246e+03|5.963729378e+03|2.615206103e+11|2.640386812e+11|2.676272356e+11|2.643020847e+11|1.145477271e+04|1.148022998e+04|1.151625562e+04|1.148271875e+04|1.896250694e+03
2.781070330e+06|6.650567217e+06|6.701609198e+06|6.736014148e+06|6.695114265e+06|5.935126904e+03|5.953501017e+03|5.965826755e+03|5.951074401e+03|2.603457713e+11|2.628708030e+11|2.645735341e+11|2.625508779e+11|1.144284253e+04|1.146843848e+04|1.148561768e+04|1.146507422e+04|1.896250694e+03
2.800462289e+06|6.592870722e+06|6.626086255e+06|6.679837211e+06|6.633821147e+06|5.914218159e+03|5.926272670e+03|5.945679248e+03|5.928991068e+03|2.574937430e+11|2.591353775e+11|2.617934309e+11|2.595190274e+11|1.141374316e+04|1.143051074e+04|1.145753320e+04|1.143431348e+04|1.896250694e+03
2.825034641e+06|6.519374126e+06|6.565022803e+06|6.632208561e+06|6.572970570e+06|5.887368924e+03|5.904072234e+03|5.928488862e+03|5.906843601e+03|2.538645271e+11|2.561181100e+11|2.594381209e+11|2.565127693e+11|1.137642969e+04|1.139963672e+04|1.143360400e+04|1.140351758e+04|1.896250694e+03
2.849637360e+06|6.493085136e+06|6.515702497e+06|6.563485398e+06|6.524224615e+06|5.877711221e+03|5.886021477e+03|5.903511362e+03|5.889078802e+03|2.525671724e+11|2.536833354e+11|2.560421550e+11|2.541048964e+11|1.136301172e+04|1.137455469e+04|1.139885449e+04|1.137881348e+04|1.896250694e+03
2.870608948e+06|6.454680469e+06|6.497523803e+06|6.540384788e+06|6.491318522e+06|5.863533062e+03|5.879343467e+03|5.895070924e+03|5.876971951e+03|2.506730508e+11|2.527862394e+11|2.549012470e+11|2.524812730e+11|1.134334424e+04|1.136527734e+04|1.138711816e+04|1.136200781e+04|1.896250694e+03
2.887584058e+06|6.387242689e+06|6.469609103e+06|6.492729956e+06|6.445323213e+06|5.838478833e+03|5.869052818e+03|5.877580582e+03|5.859974723e+03|2.473492867e+11|2.514092424e+11|2.525496416e+11|2.502129987e+11|1.130860449e+04|1.135100146e+04|1.136282861e+04|1.133842383e+04|1.896250694e+03
2.901725088e+06|6.383607898e+06|6.420394661e+06|6.476372813e+06|6.427187525e+06|5.837123029e+03|5.850823845e+03|5.871551122e+03|5.853241525e+03|2.471702261e+11|2.489823856e+11|2.517427740e+11|2.493190859e+11|1.130672803e+04|1.132571289e+04|1.135446582e+04|1.132908789e+04|1.896250694e+03
2.917144391e+06|6.344013441e+06|6.387968937e+06|6.452647186e+06|6.395807254e+06|5.822306542e+03|5.838749425e+03|5.862780630e+03|5.841541036e+03|2.452205571e+11|2.473850514e+11|2.505727801e+11|2.477731856e+11|1.128620703e+04|1.130897754e+04|1.134229932e+04|1.131287207e+04|1.896250694e+03
2.934707962e+06|6.313671168e+06|6.362299796e+06|6.402006202e+06|6.349791306e+06|5.810904490e+03|5.829162502e+03|5.843981102e+03|5.824354445e+03|2.437269874e+11|2.461205982e+11|2.480766074e+11|2.455066804e+11|1.127042896e+04|1.129569678e+04|1.131623169e+04|1.128907031e+04|1.896250694e+03
2.952190622e+06|6.254084142e+06|6.298948700e+06|6.354894500e+06|6.301565395e+06|5.788375388e+03|5.805354033e+03|5.826387345e+03|5.806209667e+03|2.407960557e+11|2.430026236e+11|2.457561228e+11|2.431333868e+11|1.123927734e+04|1.126274854e+04|1.129185474e+04|1.126395996e+04|1.896250694e+03
2.974609386e+06|6.190166230e+06|6.239655661e+06|6.306156003e+06|6.246828030e+06|5.764020392e+03|5.782893819e+03|5.808074921e+03|5.785469571e+03|2.376554237e+11|2.400869002e+11|2.433570413e+11|2.404418378e+11|1.120563916e+04|1.123170508e+04|1.126651465e+04|1.123529395e+04|1.896250694e+03
3.001883296e+06|6.120421858e+06|6.156551813e+06|6.196754779e+06|6.159336064e+06|5.737197490e+03|5.751119882e+03|5.766539228e+03|5.752094851e+03|2.342315202e+11|2.360050332e+11|2.379791525e+11|2.361429303e+11|1.116864795e+04|1.118784570e+04|1.120911377e+04|1.118920605e+04|1.896250694e+03
3.022243384e+06|6.112454361e+06|6.141020067e+06|6.182059101e+06|6.144650081e+06|5.734116782e+03|5.745144417e+03|5.760913971e+03|5.746460024e+03|2.338407706e+11|2.352423391e+11|2.372573971e+11|2.354218059e+11|1.116439868e+04|1.117960303e+04|1.120135254e+04|1.118143359e+04|1.896250694e+03
3.039785058e+06|6.039477736e+06|6.103150640e+06|6.140272558e+06|6.094068939e+06|5.705759500e+03|5.730516378e+03|5.744856616e+03|5.726885603e+03|2.302626357e+11|2.333843642e+11|2.352056374e+11|2.329404745e+11|1.112535132e+04|1.115944238e+04|1.117920215e+04|1.115445996e+04|1.896250694e+03
3.055763332e+06|6.032541435e+06|6.080708431e+06|6.121767363e+06|6.075916409e+06|5.703050773e+03|5.721818293e+03|5.737717531e+03|5.719841096e+03|2.299226793e+11|2.322834735e+11|2.342975001e+11|2.320502763e+11|1.112162476e+04|1.114744971e+04|1.116936572e+04|1.114475488e+04|1.896250694e+03
3.069475379e+06|5.980218189e+06|6.032794262e+06|6.073830022e+06|6.028763760e+06|5.682522876e+03|5.703149225e+03|5.719148245e+03|5.701457695e+03|2.273597542e+11|2.299350693e+11|2.319461028e+11|2.297390626e+11|1.109338965e+04|1.112175781e+04|1.114377344e+04|1.111945215e+04|1.896250694e+03
3.083676188e+06|5.939109384e+06|5.987567594e+06|6.048072013e+06|5.988733922e+06|5.666292778e+03|5.685414680e+03|5.709113345e+03|5.685733584e+03|2.253475955e+11|2.277196613e+11|2.306838677e+11|2.277785867e+11|1.107108862e+04|1.109736230e+04|1.112996509e+04|1.109783105e+04|1.896250694e+03
3.100767864e+06|5.871371586e+06|5.926369471e+06|5.997254245e+06|5.931150070e+06|5.639346505e+03|5.661244906e+03|5.689222770e+03|5.662984250e+03|2.220347327e+11|2.247242661e+11|2.281940303e+11|2.249601226e+11|1.103411060e+04|1.106415771e+04|1.110260107e+04|1.106657520e+04|1.896250694e+03
3.118734623e+06|5.833755027e+06|5.878986180e+06|5.934149625e+06|5.879541248e+06|5.624271396e+03|5.642388779e+03|5.664328400e+03|5.642454238e+03|2.201962248e+11|2.224069954e+11|2.251049520e+11|2.224359965e+11|1.101343066e+04|1.103827881e+04|1.106839282e+04|1.103839648e+04|1.896250694e+03
3.144955785e+06|5.767460731e+06|5.817857653e+06|5.862957141e+06|5.822699874e+06|5.597505911e+03|5.617874369e+03|5.635981973e+03|5.619625154e+03|2.169591457e+11|2.194196777e+11|2.216232580e+11|2.196587412e+11|1.097677344e+04|1.100466992e+04|1.102948950e+04|1.100710645e+04|1.896250694e+03
3.171641880e+06|5.703359432e+06|5.784375746e+06|5.839240519e+06|5.773166578e+06|5.571381616e+03|5.604361602e+03|5.626476337e+03|5.599621298e+03|2.138319366e+11|2.177845468e+11|2.204640984e+11|2.172399427e+11|1.094104175e+04|1.098615820e+04|1.101645166e+04|1.097970605e+04|1.896250694e+03
3.188608297e+06|5.708846416e+06|5.757969769e+06|5.812135610e+06|5.756723041e+06|5.573627516e+03|5.593654094e+03|5.615569421e+03|5.593021040e+03|2.140995279e+11|2.164959232e+11|2.191402199e+11|2.164365110e+11|1.094411646e+04|1.097150439e+04|1.100151099e+04|1.097066113e+04|1.896250694e+03
3.201769747e+06|5.686906051e+06|5.747503171e+06|5.777146710e+06|5.729050695e+06|5.564639679e+03|5.589402027e+03|5.601433084e+03|5.581732430e+03|2.130294183e+11|2.159851702e+11|2.174317359e+11|2.150866433e+11|1.093182227e+04|1.096568701e+04|1.098215381e+04|1.095522168e+04|1.896250694e+03
3.215674594e+06|5.666403724e+06|5.705139835e+06|5.752405083e+06|5.700657740e+06|5.556209539e+03|5.572110460e+03|5.591393966e+03|5.570129611e+03|2.120302723e+11|2.139187681e+11|2.162243718e+11|2.137018495e+11|1.092031030e+04|1.094203467e+04|1.096840942e+04|1.093935547e+04|1.896250694e+03
3.230040665e+06|5.594380127e+06|5.670229635e+06|5.712420367e+06|5.651807760e+06|5.526401857e+03|5.557784929e+03|5.575089674e+03|5.550003862e+03|2.085222841e+11|2.122166275e+11|2.142737943e+11|2.113213382e+11|1.087962183e+04|1.092245801e+04|1.094610938e+04|1.091186621e+04|1.896250694e+03
3.244124140e+06|5.540117638e+06|5.597205333e+06|5.664690636e+06|5.595712246e+06|5.503730526e+03|5.527576955e+03|5.555503976e+03|5.526767675e+03|2.058816446e+11|2.086598526e+11|2.119468230e+11|2.085891950e+11|1.084871802e+04|1.088122314e+04|1.091934204e+04|1.088015234e+04|1.896250694e+03
3.258955027e+06|5.514712310e+06|5.566116571e+06|5.628335934e+06|5.564362041e+06|5.493057159e+03|5.514620220e+03|5.540500921e+03|5.513649237e+03|2.046458383e+11|2.071463821e+11|2.101754298e+11|2.070638102e+11|1.083416797e+04|1.086355420e+04|1.089885571e+04|1.086227246e+04|1.896250694e+03
3.281406107e+06|5.388870437e+06|5.452443317e+06|5.537014098e+06|5.466703698e+06|5.439542155e+03|5.466709727e+03|5.502428671e+03|5.472500347e+03|1.985327596e+11|2.016198411e+11|2.057306618e+11|2.023153742e+11|1.076139233e+04|1.079831787e+04|1.084694141e+04|1.080624121e+04|1.896250694e+03
3.318482594e+06|5.334115951e+06|5.386556871e+06|5.435066703e+06|5.382405562e+06|5.415931217e+03|5.438548517e+03|5.459308564e+03|5.436604634e+03|1.958765198e+11|1.984204533e+11|2.007757735e+11|1.982207401e+11|1.072934204e+04|1.076004883e+04|1.078825342e+04|1.075743262e+04|1.896250694e+03
3.342598396e+06|5.311607050e+06|5.390612844e+06|5.424662949e+06|5.370961134e+06|5.406171124e+03|5.440290333e+03|5.454870795e+03|5.431602455e+03|1.947849774e+11|1.986173339e+11|2.002703110e+11|1.976661909e+11|1.071610034e+04|1.076240918e+04|1.078221802e+04|1.075065332e+04|1.896250694e+03
3.354434107e+06|5.323990163e+06|5.380474272e+06|5.445423772e+06|5.370146066e+06|5.411543497e+03|5.435934956e+03|5.463721554e+03|5.431200381e+03|1.953854424e+11|1.981252900e+11|2.012788170e+11|1.976271749e+11|1.072339185e+04|1.075649316e+04|1.079425781e+04|1.075011523e+04|1.896250694e+03
3.364253219e+06|5.287755014e+06|5.356318995e+06|5.427874578e+06|5.341014127e+06|5.395777120e+03|5.425535320e+03|5.456241256e+03|5.418530145e+03|1.936289652e+11|1.969531065e+11|2.004263470e+11|1.962149294e+11|1.070201587e+04|1.074236914e+04|1.078408643e+04|1.073293652e+04|1.896250694e+03
3.373513086e+06|5.281067186e+06|5.341029806e+06|5.421324828e+06|5.341316752e+06|5.392856913e+03|5.418924380e+03|5.453445873e+03|5.418623312e+03|1.933048554e+11|1.962117420e+11|2.001081770e+11|1.962300050e+11|1.069805933e+04|1.073340723e+04|1.078028027e+04|1.073307031e+04|1.896250694e+03
3.382549519e+06|5.270772202e+06|5.351956794e+06|5.418298418e+06|5.343449486e+06|5.388356867e+03|5.423650406e+03|5.452153565e+03|5.419577281e+03|1.928059453e+11|1.967416013e+11|1.999611755e+11|1.963331290e+11|1.069195557e+04|1.073981787e+04|1.077852344e+04|1.073435840e+04|1.896250694e+03
3.392056374e+06|5.264735160e+06|5.327265196e+06|5.394597522e+06|5.309725713e+06|5.385715520e+03|5.412962686e+03|5.442000671e+03|5.404763640e+03|1.925133209e+11|1.955442829e+11|1.988107178e+11|1.946996856e+11|1.068837598e+04|1.072532031e+04|1.076473315e+04|1.071429492e+04|1.896250694e+03
3.404761404e+06|5.124445945e+06|5.280533454e+06|5.360337452e+06|5.243468398e+06|5.323561494e+03|5.392623625e+03|5.427270474e+03|5.375633530e+03|1.857240815e+11|1.932789905e+11|1.971479701e+11|1.914907542e+11|1.060429492e+04|1.069773975e+04|1.074472339e+04|1.067485156e+04|1.896250694e+03
3.423638933e+06|5.025606081e+06|5.111907615e+06|5.244395773e+06|5.141158587e+06|5.278896185e+03|5.317939880e+03|5.376792805e+03|5.330293341e+03|1.809491746e+11|1.851178470e+11|1.915281377e+11|1.865394099e+11|1.054402588e+04|1.059670459e+04|1.067629004e+04|1.061351758e+04|1.896250694e+03
3.488100747e+06|3.864038504e+06|3.967374182e+06|5.019244414e+06|4.324471085e+06|4.685559731e+03|4.744550898e+03|5.275995148e+03|4.920275028e+03|1.253021052e+11|1.302222341e+11|1.806419920e+11|1.473633066e+11|9.754770752e+03|9.832345703e+03|1.054011938e+04|1.006705957e+04|1.896250694e+03
3.526500614e+06|3.737829662e+06|3.796529919e+06|3.854812727e+06|3.808834225e+06|4.611418027e+03|4.646201563e+03|4.680215796e+03|4.652573906e+03|1.192987223e+11|1.220902942e+11|1.248630945e+11|1.226778086e+11|9.657540771e+03|9.703115723e+03|9.747752930e+03|9.711580078e+03|1.896250694e+03
3.533671311e+06|3.703343784e+06|3.766930342e+06|3.833515762e+06|3.774057608e+06|4.590743963e+03|4.628722536e+03|4.667854324e+03|4.632265778e+03|1.176594759e+11|1.206824277e+11|1.238498169e+11|1.210231154e+11|9.630473145e+03|9.680210449e+03|9.731518311e+03|9.684931641e+03|1.896250694e+03
3.539201308e+06|3.693776701e+06|3.763097427e+06|3.808125256e+06|3.752107553e+06|4.584967791e+03|4.626451874e+03|4.653004035e+03|4.619208289e+03|1.172045938e+11|1.205001218e+11|1.226418304e+11|1.199791539e+11|9.622921631e+03|9.677232910e+03|9.712048584e+03|9.667827148e+03|1.896250694e+03
3.544353661e+06|3.653943018e+06|3.704469912e+06|3.749256323e+06|3.701933773e+06|4.560779840e+03|4.591423527e+03|4.618237423e+03|4.589314878e+03|1.153112954e+11|1.177130152e+11|1.198420279e+11|1.175933236e+11|9.591293457e+03|9.631364258e+03|9.666466797e+03|9.628670898e+03|1.896250694e+03
3.549447050e+06|3.631026107e+06|3.670508017e+06|3.702581536e+06|3.668908267e+06|4.546759118e+03|4.570879499e+03|4.590283939e+03|4.569473412e+03|1.142223894e+11|1.160985414e+11|1.176232358e+11|1.160232727e+11|9.572963867e+03|9.604491699e+03|9.629869873e+03|9.602703125e+03|1.896250694e+03
3.554365834e+06|3.564828357e+06|3.640871328e+06|3.710739471e+06|3.636965113e+06|4.505726649e+03|4.552793984e+03|4.595202569e+03|4.549479376e+03|1.110773731e+11|1.146900730e+11|1.180110545e+11|1.145059140e+11|9.519413574e+03|9.580851074e+03|9.636301270e+03|9.576629883e+03|1.896250694e+03
3.559817884e+06|3.559515642e+06|3.610000116e+06|3.668455461e+06|3.605643032e+06|4.502407089e+03|4.533802063e+03|4.569629365e+03|4.530386163e+03|1.108250201e+11|1.132234658e+11|1.160009565e+11|1.130172084e+11|9.515079346e+03|9.556052246e+03|9.602852295e+03|9.551670898e+03|1.896250694e+03
3.565852903e+06|3.517059244e+06|3.568086466e+06|3.643240071e+06|3.575110780e+06|4.475648190e+03|4.507761227e+03|4.554242209e+03|4.511306755e+03|1.088084684e+11|1.112321202e+11|1.148026398e+11|1.115667444e+11|9.480204590e+03|9.522070801e+03|9.582749756e+03|9.526785156e+03|1.896250694e+03
3.575067550e+06|3.458501460e+06|3.522378662e+06|3.593718183e+06|3.531233133e+06|4.438197872e+03|4.479021850e+03|4.523734375e+03|4.483699756e+03|1.060272554e+11|1.090610887e+11|1.124499965e+11|1.094825333e+11|9.431458740e+03|9.484597656e+03|9.542903809e+03|9.490797852e+03|1.896250694e+03
3.587500476e+06|3.339767375e+06|3.407361037e+06|3.472848456e+06|3.408303603e+06|4.360259231e+03|4.404977301e+03|4.447432683e+03|4.404764405e+03|1.003887761e+11|1.035988690e+11|1.067087765e+11|1.036435702e+11|9.330204834e+03|9.388260254e+03|9.443473389e+03|9.388072266e+03|1.896250694e+03
3.602907931e+06|3.240014000e+06|3.290486364e+06|3.363527465e+06|3.301319601e+06|4.292511631e+03|4.327053364e+03|4.376075885e+03|4.333510894e+03|9.565052235e+10|9.804818550e+10|1.015171577e+11|9.856213278e+10|9.242431641e+03|9.287163574e+03|9.350732910e+03|9.295614258e+03|1.896250694e+03
3.618754640e+06|3.177443703e+06|3.192237730e+06|3.244732336e+06|3.183886655e+06|4.248879475e+03|4.259281697e+03|4.295760096e+03|4.252806235e+03|9.267733827e+10|9.338058230e+10|9.587458083e+10|9.298246218e+10|9.186013184e+03|9.199452148e+03|9.246635742e+03|9.191140625e+03|1.896250694e+03
3.760799220e+06|1.310907534e+07|1.324156127e+07|1.334512159e+07|1.322615971e+07|4.779130171e+03|4.782277849e+03|4.805005133e+03|4.788686582e+03|2.075776617e+11|2.105976241e+11|2.129484475e+11|2.102471113e+11|5.835209595e+03|5.856855225e+03|5.873683960e+03|5.854219238e+03|3.294443029e+03
3.775359838e+06|1.300299205e+07|1.309594386e+07|1.319576931e+07|1.308208177e+07|4.771108510e+03|4.778881685e+03|4.781046393e+03|4.772783282e+03|2.051486249e+11|2.072746504e+11|2.095575881e+11|2.069648151e+11|5.817752563e+03|5.833053467e+03|5.849395630e+03|5.830666992e+03|3.294443029e+03
3.783742815e+06|1.291535841e+07|1.300750583e+07|1.309974058e+07|1.300513637e+07|4.747319440e+03|4.771559973e+03|4.778953551e+03|4.765120917e+03|2.031756479e+11|2.052515049e+11|2.073625095e+11|2.052135253e+11|5.803259644e+03|5.818496338e+03|5.833678345e+03|5.818009277e+03|3.294443029e+03
3.791431812e+06|1.283322463e+07|1.293679481e+07|1.304560217e+07|1.293391031e+07|4.743931477e+03|4.753453473e+03|4.775365249e+03|4.756960169e+03|2.013050270e+11|2.036661688e+11|2.061293279e+11|2.035952633e+11|5.789621216e+03|5.806809814e+03|5.824775513e+03|5.806212402e+03|3.294443029e+03
3.799670364e+06|1.276265799e+07|1.287810239e+07|1.297791992e+07|1.288917380e+07|4.743256199e+03|4.745024864e+03|4.765516997e+03|4.752361744e+03|1.997011609e+11|2.023276092e+11|2.045894593e+11|2.025787480e+11|5.777847900e+03|5.797081055e+03|5.813611328e+03|5.798795410e+03|3.294443029e+03
3.810837479e+06|1.268732617e+07|1.281063915e+07|1.287685392e+07|1.279520417e+07|4.728964813e+03|4.743658437e+03|4.744994484e+03|4.740650376e+03|1.979956230e+11|2.007890526e+11|2.022997417e+11|2.004472710e+11|5.765216675e+03|5.785859375e+03|5.796874023e+03|5.783124512e+03|3.294443029e+03
3.831083730e+06|1.249125191e+07|1.262039641e+07|1.273176470e+07|1.260370661e+07|4.707371590e+03|4.715804439e+03|4.739752510e+03|4.717800022e+03|1.935570633e+11|1.964894346e+11|1.989949129e+11|1.961115723e+11|5.732135010e+03|5.753960938e+03|5.772678345e+03|5.750937012e+03|3.294443029e+03
3.917768654e+06|1.036331765e+07|1.046088643e+07|1.219024978e+07|1.115927504e+07|4.431720390e+03|4.451238588e+03|4.671275690e+03|4.534997778e+03|1.461564561e+11|1.482821685e+11|1.867724922e+11|1.638487422e+11|5.345553467e+03|5.364579590e+03|5.680592651e+03|5.491515137e+03|3.294443029e+03
3.986882710e+06|1.020263367e+07|1.024228998e+07|1.029037676e+07|1.023237572e+07|4.401206703e+03|4.408473265e+03|4.417263031e+03|4.407885706e+03|1.426221434e+11|1.434910968e+11|1.445487564e+11|1.432776915e+11|5.313896118e+03|5.321750488e+03|5.331251099e+03|5.319738770e+03|3.294443029e+03
4.001319268e+06|1.012405531e+07|1.017362478e+07|1.021099375e+07|1.015928563e+07|4.387851193e+03|4.395880844e+03|4.402739947e+03|4.395445241e+03|1.409071454e+11|1.419956572e+11|1.428050818e+11|1.416760971e+11|5.298275391e+03|5.308141846e+03|5.315556030e+03|5.305251465e+03|3.294443029e+03
4.012549567e+06|1.006845968e+07|1.011570344e+07|1.014629293e+07|1.010531676e+07|4.384619575e+03|4.387366702e+03|4.390854894e+03|4.388094865e+03|1.396840943e+11|1.407236409e+11|1.413974550e+11|1.404935833e+11|5.287152954e+03|5.296605469e+03|5.302705811e+03|5.294501465e+03|3.294443029e+03
4.021589221e+06|1.004215661e+07|1.008475844e+07|1.012905967e+07|1.008323685e+07|4.383085262e+03|4.385568574e+03|4.388141326e+03|4.386467721e+03|1.391042124e+11|1.400430223e+11|1.410170597e+11|1.400076325e+11|5.281875732e+03|5.290415039e+03|5.299274902e+03|5.290082031e+03|3.294443029e+03
4.034150546e+06|9.993351986e+06|1.002764937e+07|1.008157720e+07|1.003011146e+07|4.380229140e+03|4.382237534e+03|4.385383450e+03|4.381629211e+03|1.380284963e+11|1.387840473e+11|1.399729897e+11|1.388408443e+11|5.272064087e+03|5.278963867e+03|5.289780884e+03|5.279430664e+03|3.294443029e+03
4.059250807e+06|9.837931510e+06|9.913156192e+06|9.967126533e+06|9.905576339e+06|4.353672793e+03|4.368305758e+03|4.378666258e+03|4.364797150e+03|1.346608785e+11|1.362863218e+11|1.374460440e+11|1.361248004e+11|5.240680542e+03|5.255901611e+03|5.266780396e+03|5.254306152e+03|3.294443029e+03
4.116042535e+06|9.721009156e+06|9.839093460e+06|9.985769159e+06|9.843488860e+06|4.330691331e+03|4.353898874e+03|4.379784298e+03|4.352362536e+03|1.321082258e+11|1.346860122e+11|1.378609763e+11|1.347752718e+11|5.216708252e+03|5.240914307e+03|5.270537598e+03|5.241543945e+03|3.294443029e+03
4.170968023e+06|9.841017702e+06|9.890180399e+06|9.936944368e+06|9.878254456e+06|4.354274390e+03|4.363843056e+03|4.372920160e+03|4.361227436e+03|1.347281425e+11|1.357929247e+11|1.367943163e+11|1.355282105e+11|5.241306763e+03|5.251263184e+03|5.260703857e+03|5.248780762e+03|3.294443029e+03
4.193976411e+06|9.687002656e+06|9.750215565e+06|9.797186410e+06|9.744632058e+06|4.323963666e+03|4.336458822e+03|4.345714495e+03|4.335526374e+03|1.313700907e+11|1.327438176e+11|1.337691119e+11|1.326249929e+11|5.209680908e+03|5.222730713e+03|5.232396118e+03|5.221521973e+03|3.294443029e+03
4.210042099e+06|9.625195463e+06|9.673467030e+06|9.735449971e+06|9.673176417e+06|4.312591908e+03|4.321282187e+03|4.333544276e+03|4.322279048e+03|1.300283886e+11|1.310793084e+11|1.324222896e+11|1.310696452e+11|5.196851685e+03|5.206880127e+03|5.219686646e+03|5.206754883e+03|3.294443029e+03
4.224159697e+06|9.559580684e+06|9.607985286e+06|9.655604472e+06|9.612520886e+06|4.303401068e+03|4.310185414e+03|4.317740331e+03|4.311771441e+03|1.285884710e+11|1.296506185e+11|1.306934406e+11|1.297476331e+11|5.183129150e+03|5.193258301e+03|5.203177734e+03|5.194158203e+03|3.294443029e+03
4.244948484e+06|9.480751686e+06|9.529091788e+06|9.580951393e+06|9.529760965e+06|4.292320178e+03|4.299115628e+03|4.306399275e+03|4.299558094e+03|1.268778767e+11|1.279245702e+11|1.290566592e+11|1.279475056e+11|5.166564331e+03|5.176730469e+03|5.187604126e+03|5.176853027e+03|3.294443029e+03
4.277610340e+06|9.321187950e+06|9.388755961e+06|9.449504423e+06|9.380361643e+06|4.273503118e+03|4.281576278e+03|4.288675607e+03|4.278926638e+03|1.234384447e+11|1.249022343e+11|1.262090767e+11|1.247174332e+11|5.133019897e+03|5.147269043e+03|5.160024048e+03|5.145371582e+03|3.294443029e+03
4.330635454e+06|9.198529846e+06|9.343092529e+06|9.409384911e+06|9.294169977e+06|4.247451900e+03|4.276217345e+03|4.283990879e+03|4.264190099e+03|1.207897319e+11|1.239141135e+11|1.253470044e+11|1.228557390e+11|5.106623291e+03|5.137649902e+03|5.151605835e+03|5.126873535e+03|3.294443029e+03
4.366659088e+06|9.235729678e+06|9.294272436e+06|9.332705944e+06|9.267628537e+06|4.255372344e+03|4.267802466e+03|4.274995689e+03|4.261595476e+03|1.215903666e+11|1.228550531e+11|1.236886713e+11|1.222819493e+11|5.114650635e+03|5.127247314e+03|5.135459717e+03|5.121384766e+03|3.294443029e+03
4.388453510e+06|9.133028779e+06|9.192677421e+06|9.248251032e+06|9.178323016e+06|4.234398397e+03|4.246204277e+03|4.258034561e+03|4.244423843e+03|1.193741955e+11|1.206639820e+11|1.218603702e+11|1.203524312e+11|5.092393188e+03|5.105357422e+03|5.117349609e+03|5.102141113e+03|3.294443029e+03
4.404338521e+06|9.055173718e+06|9.101059762e+06|9.176413529e+06|9.116663043e+06|4.219789449e+03|4.228408530e+03|4.242734792e+03|4.232031004e+03|1.176915917e+11|1.186816590e+11|1.203154942e+11|1.190208528e+11|5.075352173e+03|5.085406250e+03|5.101838989e+03|5.088747070e+03|3.294443029e+03
4.420252039e+06|9.008878341e+06|9.061577350e+06|9.122757661e+06|9.062243380e+06|4.211669756e+03|4.220993866e+03|4.232475361e+03|4.222565899e+03|1.166966230e+11|1.178294739e+11|1.191514367e+11|1.178460794e+11|5.065172363e+03|5.076756592e+03|5.090150269e+03|5.076843262e+03|3.294443029e+03
4.442680991e+06|8.915548354e+06|8.975384979e+06|9.042313940e+06|8.978226087e+06|4.202321965e+03|4.208323887e+03|4.217369204e+03|4.210183678e+03|1.146783845e+11|1.159736771e+11|1.174149740e+11|1.160338919e+11|5.044545288e+03|5.057784424e+03|5.072526367e+03|5.058332031e+03|3.294443029e+03
4.481545687e+06|8.797693987e+06|8.877161046e+06|8.983640260e+06|8.876258235e+06|4.183726156e+03|4.198454798e+03|4.209149454e+03|4.194280003e+03|1.121526971e+11|1.138449381e+11|1.161520041e+11|1.138415525e+11|5.018354736e+03|5.036024414e+03|5.059609619e+03|5.035685059e+03|3.294443029e+03
4.525785035e+06|8.728710414e+06|8.856559925e+06|8.932950586e+06|8.829073680e+06|4.169833019e+03|4.195531801e+03|4.204070773e+03|4.186043866e+03|1.106889484e+11|1.134003680e+11|1.150555839e+11|1.128310243e+11|5.002945435e+03|5.031445801e+03|5.048402344e+03|5.025119141e+03|3.294443029e+03
4.561796997e+06|8.725539729e+06|8.804256895e+06|8.844148717e+06|8.778430607e+06|4.169193158e+03|4.185044631e+03|4.193046487e+03|4.178980965e+03|1.106212334e+11|1.122908333e+11|1.131356400e+11|1.117403779e+11|5.002234741e+03|5.019816650e+03|5.028689819e+03|5.013884277e+03|3.294443029e+03
4.585019651e+06|8.602917458e+06|8.681707589e+06|8.753881198e+06|8.679504368e+06|4.142815891e+03|4.159874402e+03|4.174909843e+03|4.159297596e+03|1.079912387e+11|1.096788121e+11|1.112255783e+11|1.096297784e+11|4.974228027e+03|4.992275635e+03|5.008577515e+03|4.991587891e+03|3.294443029e+03
4.600987034e+06|8.568074677e+06|8.617320744e+06|8.690904675e+06|8.621241181e+06|4.135320561e+03|4.145940675e+03|4.161860069e+03|4.147344920e+03|1.072480778e+11|1.082988363e+11|1.098765866e+11|1.083826580e+11|4.966211914e+03|4.977533936e+03|4.994374756e+03|4.978312012e+03|3.294443029e+03
4.617334857e+06|8.513136400e+06|8.588744471e+06|8.649817732e+06|8.583212451e+06|4.125475019e+03|4.139738262e+03|4.152980346e+03|4.139851379e+03|1.060611783e+11|1.076889531e+11|1.089943252e+11|1.075674163e+11|4.953453003e+03|4.970972412e+03|4.984982666e+03|4.969565430e+03|3.294443029e+03
4.639477475e+06|8.420939641e+06|8.511923706e+06|8.597966998e+06|8.503817263e+06|4.109130471e+03|4.125257243e+03|4.141741216e+03|4.124996817e+03|1.040882647e+11|1.060350708e+11|1.078856112e+11|1.058676661e+11|4.931932739e+03|4.953169678e+03|4.973090942e+03|4.951147949e+03|3.294443029e+03
4.673466537e+06|8.304511075e+06|8.399399950e+06|8.499118777e+06|8.390844859e+06|4.093193069e+03|4.106194029e+03|4.122956366e+03|4.105171393e+03|1.016112898e+11|1.036317482e+11|1.057596737e+11|1.034571396e+11|4.904715576e+03|4.926912598e+03|4.950186157e+03|4.924726562e+03|3.294443029e+03
4.717907232e+06|8.308398962e+06|8.409704023e+06|8.453217850e+06|8.372835988e+06|4.093727682e+03|4.107599414e+03|4.114691259e+03|4.101820599e+03|1.016943435e+11|1.038502326e+11|1.047759351e+11|1.030690731e+11|4.905624756e+03|4.929315186e+03|4.939475464e+03|4.920577637e+03|3.294443029e+03
4.749877476e+06|8.188451612e+06|8.299930074e+06|8.367244117e+06|8.270678556e+06|4.069908921e+03|4.092562682e+03|4.101800177e+03|4.084106351e+03|9.915231715e+10|1.015133661e+11|1.029487467e+11|1.008975254e+11|4.877197510e+03|4.903638184e+03|4.919409180e+03|4.896470215e+03|3.294443029e+03
4.775044191e+06|8.129860194e+06|8.236362723e+06|8.295460463e+06|8.212706966e+06|4.057174449e+03|4.080168166e+03|4.091947440e+03|4.073946332e+03|9.791515215e+10|1.001633491e+11|1.014177987e+11|9.966573777e+10|4.863141602e+03|4.888597900e+03|4.902588989e+03|4.882774902e+03|3.294443029e+03
4.794508523e+06|8.092873068e+06|8.171194737e+06|8.236294058e+06|8.160695114e+06|4.048835624e+03|4.066205535e+03|4.080153484e+03|4.063622333e+03|9.712557984e+10|9.879001579e+10|1.001618976e+11|9.856232479e+10|4.854125732e+03|4.873083008e+03|4.888582031e+03|4.870369629e+03|3.294443029e+03
4.812419633e+06|8.042123799e+06|8.105932466e+06|8.179996595e+06|8.102488086e+06|4.037359974e+03|4.051782234e+03|4.068094989e+03|4.051148388e+03|9.604699800e+10|9.740403293e+10|9.897449434e+10|9.732854241e+10|4.841718384e+03|4.857311523e+03|4.875181396e+03|4.856277832e+03|3.294443029e+03
4.833200580e+06|7.989559483e+06|8.052576458e+06|8.127740964e+06|8.053709394e+06|4.026126730e+03|4.039726822e+03|4.056697216e+03|4.040660040e+03|9.492901248e+10|9.626869789e+10|9.786983490e+10|9.629097325e+10|4.828776001e+03|4.844275635e+03|4.862628784e+03|4.844385742e+03|3.294443029e+03
4.863422753e+06|7.872194500e+06|7.955129309e+06|8.037428513e+06|7.944729812e+06|4.003819334e+03|4.019592220e+03|4.036296133e+03|4.018625179e+03|9.242584089e+10|9.418994400e+10|9.594750359e+10|9.397723517e+10|4.799550171e+03|4.820228760e+03|4.840566284e+03|4.817472168e+03|3.294443029e+03
4.900542101e+06|7.821121875e+06|7.905746588e+06|7.979815935e+06|7.885215678e+06|3.995160403e+03|4.010188966e+03|4.024279263e+03|4.006740468e+03|9.135325766e+10|9.313698174e+10|9.471975348e+10|9.271580769e+10|4.786848145e+03|4.807929443e+03|4.826358643e+03|4.802673828e+03|3.294443029e+03
4.931792203e+06|7.742874855e+06|7.866131028e+06|7.921970732e+06|7.827062381e+06|3.981820848e+03|4.002793258e+03|4.013282338e+03|3.995595378e+03|8.970200592e+10|9.229871959e+10|9.348216364e+10|9.148241949e+10|4.767287476e+03|4.798044189e+03|4.811973999e+03|4.788183594e+03|3.294443029e+03
4.960437764e+06|7.702985766e+06|7.786421360e+06|7.840843396e+06|7.767150238e+06|3.973348491e+03|3.989255720e+03|3.998508488e+03|3.984545325e+03|8.886488918e+10|9.062213826e+10|9.176793279e+10|9.021857965e+10|4.757228516e+03|4.778186523e+03|4.791756836e+03|4.773219727e+03|3.294443029e+03
4.982117693e+06|7.616009261e+06|7.704085895e+06|7.771649622e+06|7.691385694e+06|3.954548327e+03|3.973585453e+03|3.986736803e+03|3.969508827e+03|8.705118171e+10|8.888793096e+10|9.031033731e+10|8.862585166e+10|4.735177002e+03|4.757504639e+03|4.774494263e+03|4.754045410e+03|3.294443029e+03
5.001455550e+06|7.588302603e+06|7.655824287e+06|7.718397273e+06|7.649101449e+06|3.947994759e+03|3.963169872e+03|3.976666825e+03|3.960911034e+03|8.646565812e+10|8.787943994e+10|8.918781715e+10|8.773697113e+10|4.727997437e+03|4.745289795e+03|4.761120361e+03|4.743361328e+03|3.294443029e+03
5.024727558e+06|7.517846855e+06|7.582917563e+06|7.673403976e+06|7.585816417e+06|3.930785679e+03|3.946682379e+03|3.966968242e+03|3.946756911e+03|8.497640014e+10|8.635144305e+10|8.824628606e+10|8.640557301e+10|4.709563965e+03|4.726592773e+03|4.749745239e+03|4.727020508e+03|3.294443029e+03
5.050863809e+06|7.438165751e+06|7.527582099e+06|7.610517285e+06|7.512571162e+06|3.912348525e+03|3.933168648e+03|3.953356998e+03|3.930195917e+03|8.328972563e+10|8.518150545e+10|8.693680274e+10|8.486382246e+10|4.688487915e+03|4.712119385e+03|4.733779785e+03|4.707854492e+03|3.294443029e+03
5.083347427e+06|7.349304189e+06|7.442432331e+06|7.549467103e+06|7.439739494e+06|3.892913472e+03|3.913287695e+03|3.938519613e+03|3.913716813e+03|8.141376565e+10|8.338035218e+10|8.564337558e+10|8.332811374e+10|4.664728149e+03|4.689623047e+03|4.717849121e+03|4.688663574e+03|3.294443029e+03
5.114303322e+06|7.334831267e+06|7.413740484e+06|7.472941702e+06|7.398060744e+06|3.890095436e+03|3.906966129e+03|3.919994176e+03|3.904163600e+03|8.111021425e+10|8.277183956e+10|8.403002612e+10|8.244761881e+10|4.660845215e+03|4.681972900e+03|4.697743652e+03|4.677680176e+03|3.294443029e+03
5.142515552e+06|7.240954934e+06|7.314393911e+06|7.412616013e+06|7.316549270e+06|3.871730682e+03|3.886110068e+03|3.906718089e+03|3.886669800e+03|7.913641767e+10|8.068121414e+10|8.274803721e+10|8.073178684e+10|4.635572876e+03|4.655361084e+03|4.681670166e+03|4.655838379e+03|3.294443029e+03
5.168473728e+06|7.190889673e+06|7.278366754e+06|7.349777382e+06|7.258739708e+06|3.860507027e+03|3.879067427e+03|3.893005553e+03|3.873960215e+03|7.809439064e+10|7.992399587e+10|8.142368705e+10|7.951990230e+10|4.622053711e+03|4.645667725e+03|4.664852173e+03|4.640198730e+03|3.294443029e+03
5.189126000e+06|7.160099262e+06|7.214704280e+06|7.275086948e+06|7.207449981e+06|3.853414914e+03|3.865980435e+03|3.878425189e+03|3.863146197e+03|7.745866382e+10|7.858840575e+10|7.985500090e+10|7.844631895e+10|4.613713989e+03|4.628485840e+03|4.644784668e+03|4.626338867e+03|3.294443029e+03
5.212423186e+06|7.103812053e+06|7.155152420e+06|7.237323684e+06|7.158140581e+06|3.840336429e+03|3.852273713e+03|3.871017340e+03|3.852292095e+03|7.629528188e+10|7.735685993e+10|7.905991117e+10|7.741923482e+10|4.598385132e+03|4.612374023e+03|4.634591431e+03|4.612969238e+03|3.294443029e+03
5.238302914e+06|7.016184384e+06|7.063645923e+06|7.140946732e+06|7.070155192e+06|3.818930907e+03|3.830542863e+03|3.848994656e+03|3.831660837e+03|7.446558900e+10|7.545448653e+10|7.706425063e+10|7.558605689e+10|4.573945679e+03|4.587204346e+03|4.608518188e+03|4.588718262e+03|3.294443029e+03
5.263525958e+06|6.949270618e+06|7.040074510e+06|7.121086761e+06|7.025519813e+06|3.801980889e+03|3.824781252e+03|3.844403971e+03|3.820745837e+03|7.306218382e+10|7.496273258e+10|7.665429387e+10|7.465404656e+10|4.554930664e+03|4.580626221e+03|4.603119507e+03|4.576121582e+03|3.294443029e+03
5.293915708e+06|6.879339277e+06|6.929330439e+06|7.020482710e+06|6.941063550e+06|3.783837785e+03|3.796817447e+03|3.819984306e+03|3.799855052e+03|7.159620344e+10|7.264282786e+10|7.455494232e+10|7.288854288e+10|4.534795166e+03|4.549201416e+03|4.575146851e+03|4.552272949e+03|3.294443029e+03
5.323115236e+06|6.841439485e+06|6.935367953e+06|6.993598435e+06|6.906266128e+06|3.774848114e+03|3.798381675e+03|3.813389856e+03|3.791361785e+03|7.079695499e+10|7.276968686e+10|7.399675428e+10|7.216106223e+10|4.523728394e+03|4.550937256e+03|4.567614868e+03|4.542325684e+03|3.294443029e+03
5.350637808e+06|6.750348800e+06|6.849601082e+06|6.916183027e+06|6.825164235e+06|3.753332667e+03|3.776757036e+03|3.793408677e+03|3.771190818e+03|6.888229181e+10|7.096935051e+10|7.236691551e+10|7.046250732e+10|4.496978516e+03|4.526118164e+03|4.545418213e+03|4.518812012e+03|3.294443029e+03
5.374554672e+06|6.710931879e+06|6.760694713e+06|6.864099599e+06|6.776792357e+06|3.743564397e+03|3.755889883e+03|3.780144843e+03|3.759305810e+03|6.807193739e+10|6.909482599e+10|7.127560587e+10|6.944921247e+10|4.485480835e+03|4.499990479e+03|4.530359619e+03|4.504711426e+03|3.294443029e+03
5.397897313e+06|6.646512050e+06|6.696947824e+06|6.794968318e+06|6.700657622e+06|3.727522666e+03|3.740091231e+03|3.763953978e+03|3.740415171e+03|6.674494988e+10|6.778415515e+10|6.981544644e+10|6.786597003e+10|4.466609375e+03|4.481393555e+03|4.510082764e+03|4.482261719e+03|3.294443029e+03
5.420561520e+06|6.615490797e+06|6.686589336e+06|6.767960815e+06|6.687997892e+06|3.719467060e+03|3.737515798e+03|3.757602491e+03|3.737456678e+03|6.610243139e+10|6.757088644e+10|6.924692334e+10|6.760116787e+10|4.457355347e+03|4.478364502e+03|4.502130859e+03|4.478614258e+03|3.294443029e+03
5.445887962e+06|6.523097147e+06|6.582585193e+06|6.689204466e+06|6.589966330e+06|3.695265566e+03|3.710892907e+03|3.738166256e+03|3.712277548e+03|6.419719951e+10|6.542328828e+10|6.762473784e+10|6.557343696e+10|4.429567871e+03|4.447508789e+03|4.479127441e+03|4.449306152e+03|3.294443029e+03
5.472648927e+06|6.473249204e+06|6.528684378e+06|6.632056948e+06|6.542660538e+06|3.681892548e+03|3.696761116e+03|3.723775000e+03|3.700010580e+03|6.316080021e+10|6.431375404e+10|6.644531489e+10|6.459581737e+10|4.414237915e+03|4.431283203e+03|4.462300049e+03|4.435107422e+03|3.294443029e+03
5.503042669e+06|6.398308724e+06|6.471047082e+06|6.569055625e+06|6.475462843e+06|3.661332065e+03|3.681300519e+03|3.707360851e+03|3.682030807e+03|6.160239004e+10|6.311515969e+10|6.514479821e+10|6.320251760e+10|4.390878296e+03|4.413558594e+03|4.443453247e+03|4.414543945e+03|3.294443029e+03
5.530342091e+06|6.346320087e+06|6.439412630e+06|6.522759976e+06|6.425731209e+06|3.646603374e+03|3.672784027e+03|3.695175287e+03|3.668410648e+03|6.051693605e+10|6.246086740e+10|6.419016906e+10|6.217027694e+10|4.374374878e+03|4.403792725e+03|4.429464844e+03|4.399017578e+03|3.294443029e+03
5.555038256e+06|6.295419050e+06|6.347756635e+06|6.451714393e+06|6.360005846e+06|3.632282107e+03|3.647011102e+03|3.676098455e+03|3.650302516e+03|5.945290169e+10|6.054683335e+10|6.271500425e+10|6.080121622e+10|4.358002197e+03|4.374830566e+03|4.407594238e+03|4.378373047e+03|3.294443029e+03
5.576473170e+06|6.244416581e+06|6.307292964e+06|6.394558550e+06|6.312381362e+06|3.618016736e+03|3.635594599e+03|3.660271644e+03|3.637012808e+03|5.838263695e+10|5.970248384e+10|6.152383039e+10|5.980901109e+10|4.341396851e+03|4.361857910e+03|4.389687744e+03|4.363179688e+03|3.294443029e+03
5.602876941e+06|6.178719542e+06|6.232579974e+06|6.339095568e+06|6.243321432e+06|3.599337668e+03|3.614697334e+03|3.644551811e+03|3.617419391e+03|5.702650551e+10|5.813468039e+10|6.036671665e+10|5.837420626e+10|4.320091064e+03|4.337533691e+03|4.372074951e+03|4.340918457e+03|3.294443029e+03
5.626504358e+06|6.136245414e+06|6.184912669e+06|6.291940336e+06|6.202355522e+06|3.587123787e+03|3.601114951e+03|3.631311011e+03|3.605807877e+03|5.615764021e+10|5.715327108e+10|5.937981091e+10|5.752458186e+10|4.306326538e+03|4.322094971e+03|4.356870239e+03|4.327681152e+03|3.294443029e+03
5.652704749e+06|6.076214999e+06|6.145916399e+06|6.237121392e+06|6.143705321e+06|3.569498705e+03|3.589908539e+03|3.615971353e+03|3.588843143e+03|5.492275185e+10|5.635538938e+10|5.822979277e+10|5.631115602e+10|4.286538086e+03|4.309463867e+03|4.339015869e+03|4.308432129e+03|3.294443029e+03
5.683682202e+06|5.996424731e+06|6.054853357e+06|6.161794652e+06|6.070393248e+06|3.545613725e+03|3.563156467e+03|3.594475825e+03|3.567299641e+03|5.328202727e+10|5.448387606e+10|5.668017282e+10|5.480032641e+10|4.259783813e+03|4.279430176e+03|4.314611084e+03|4.284139160e+03|3.294443029e+03
5.713428265e+06|5.901335505e+06|5.959230685e+06|6.065145608e+06|5.971544443e+06|3.516325210e+03|3.534235109e+03|3.566213628e+03|3.537445855e+03|5.131559137e+10|5.251243425e+10|5.469516331e+10|5.276220560e+10|4.227036987e+03|4.247056152e+03|4.282856567e+03|4.250693359e+03|3.294443029e+03
5.736669261e+06|5.869826487e+06|5.943054869e+06|6.038571393e+06|5.947888818e+06|3.506384771e+03|3.529275827e+03|3.558315038e+03|3.530296446e+03|5.065975153e+10|5.217905192e+10|5.415023566e+10|5.227401494e+10|4.215945190e+03|4.241509521e+03|4.274003662e+03|4.242688965e+03|3.294443029e+03
5.760761167e+06|5.820278968e+06|5.903138712e+06|5.995030527e+06|5.905536888e+06|3.490668592e+03|3.516893331e+03|3.545187814e+03|3.517124197e+03|4.963326031e+10|5.135322012e+10|5.325310407e+10|5.139721613e+10|4.198404663e+03|4.227672852e+03|4.259305176e+03|4.227974609e+03|3.294443029e+03
5.784535105e+06|5.798822754e+06|5.877292779e+06|5.950322490e+06|5.869232454e+06|3.483694641e+03|3.508741615e+03|3.531504852e+03|3.505806982e+03|4.918323495e+10|5.081498075e+10|5.232872944e+10|5.064508492e+10|4.190639160e+03|4.218574707e+03|4.244003784e+03|4.215333008e+03|3.294443029e+03
5.809469241e+06|5.717334882e+06|5.761331100e+06|5.870602037e+06|5.784610484e+06|3.457021254e+03|3.471479662e+03|3.506629742e+03|3.478653233e+03|4.748596998e+10|4.840015976e+10|5.067585562e+10|4.888719146e+10|4.160984375e+03|4.177037354e+03|4.216216797e+03|4.185106445e+03|3.294443029e+03
5.833432128e+06|5.660555878e+06|5.725536678e+06|5.818226185e+06|5.725602976e+06|3.438102742e+03|3.459747044e+03|3.490002116e+03|3.459224233e+03|4.631012512e+10|4.765651156e+10|4.959013522e+10|4.766444604e+10|4.140104004e+03|4.163992432e+03|4.197662476e+03|4.163609375e+03|3.294443029e+03
5.858638863e+06|5.602101985e+06|5.658698188e+06|5.759484673e+06|5.672619035e+06|3.418327407e+03|3.437482335e+03|3.470877105e+03|3.441721660e+03|4.510469250e+10|4.627179620e+10|4.836173713e+10|4.656590315e+10|4.118413330e+03|4.139417480e+03|4.176366821e+03|4.144249023e+03|3.294443029e+03
5.890801592e+06|5.539205332e+06|5.586539817e+06|5.695668690e+06|5.604891192e+06|3.396723214e+03|3.413021703e+03|3.449812127e+03|3.418815802e+03|4.381303651e+10|4.478548727e+10|4.703629884e+10|4.516556656e+10|4.094790466e+03|4.112607666e+03|4.153029907e+03|4.119056641e+03|3.294443029e+03
5.922535264e+06|5.473628043e+06|5.527618957e+06|5.598970450e+06|5.532944275e+06|3.373629539e+03|3.392651491e+03|3.417260253e+03|3.394077109e+03|4.245937789e+10|4.357265650e+10|4.504039779e+10|4.367957731e+10|4.069587280e+03|4.090348633e+03|4.117243774e+03|4.091946045e+03|3.294443029e+03
5.947343900e+06|5.421245245e+06|5.471717730e+06|5.578096744e+06|5.491947252e+06|3.354678411e+03|3.372955042e+03|3.410140429e+03|3.379495713e+03|4.136978814e+10|4.242019553e+10|4.461259004e+10|4.283089376e+10|4.048949463e+03|4.068850342e+03|4.109456787e+03|4.076038330e+03|3.294443029e+03
5.968121692e+06|5.372171649e+06|5.452245203e+06|5.541394061e+06|5.448958608e+06|3.336692988e+03|3.365944450e+03|3.397491969e+03|3.363985319e+03|4.035150825e+10|4.201533233e+10|4.385850449e+10|4.193927444e+10|4.029374878e+03|4.061212402e+03|4.095629944e+03|4.059143066e+03|3.294443029e+03
5.992573082e+06|5.314339865e+06|5.360529656e+06|5.475959509e+06|5.383001245e+06|3.314952348e+03|3.332323920e+03|3.374452613e+03|3.340014934e+03|3.914302677e+10|4.010704576e+10|4.250721645e+10|4.056986771e+10|4.005762146e+03|4.024632568e+03|4.070485291e+03|4.033046875e+03|3.294443029e+03
6.014703163e+06|5.265734632e+06|5.314759514e+06|5.409194408e+06|5.332114817e+06|3.296245552e+03|3.315110498e+03|3.350291620e+03|3.321130596e+03|3.812220143e+10|3.915173382e+10|4.111992819e+10|3.950938535e+10|3.985482788e+03|4.005935425e+03|4.044173523e+03|4.012516357e+03|3.294443029e+03
6.039612882e+06|5.212526041e+06|5.271251725e+06|5.371372124e+06|5.289259262e+06|3.275447681e+03|3.298388692e+03|3.336393053e+03|3.304760531e+03|3.700671008e+10|3.823835257e+10|4.033470144e+10|3.861262248e+10|3.962970154e+03|3.987804688e+03|4.029048279e+03|3.994772217e+03|3.294443029e+03
6.068466554e+06|5.168635183e+06|5.217052476e+06|5.289752210e+06|5.218858747e+06|3.257882895e+03|3.277256218e+03|3.305570372e+03|3.277243879e+03|3.608284788e+10|3.710250316e+10|3.862866001e+10|3.713899188e+10|3.944047668e+03|3.964916138e+03|3.995582825e+03|3.965068359e+03|3.294443029e+03
6.101294497e+06|5.081848418e+06|5.124593576e+06|5.191764980e+06|5.133951185e+06|3.222529306e+03|3.240059550e+03|3.267145904e+03|3.243286357e+03|3.427121478e+10|3.516132171e+10|3.656852927e+10|3.535971532e+10|3.906248901e+03|3.924936523e+03|3.954027771e+03|3.928552490e+03|3.294443029e+03
6.131568105e+06|5.036557664e+06|5.080408986e+06|5.174415128e+06|5.095932176e+06|3.203504898e+03|3.221938075e+03|3.260199044e+03|3.227696084e+03|3.332129982e+10|3.424141053e+10|3.620396673e+10|3.456320314e+10|3.886007385e+03|3.905619141e+03|3.946543518e+03|3.911874756e+03|3.294443029e+03
6.157706053e+06|4.970233388e+06|5.021896065e+06|5.116183831e+06|5.040504580e+06|3.174957317e+03|3.197275647e+03|3.236614691e+03|3.204485130e+03|3.192535321e+10|3.301359071e+10|3.498543767e+10|3.339871290e+10|3.855679443e+03|3.879382935e+03|3.921263916e+03|3.887110596e+03|3.294443029e+03
6.180148259e+06|4.930471761e+06|5.005649438e+06|5.059908509e+06|4.994222801e+06|3.157436644e+03|3.190365602e+03|3.213413929e+03|3.184697878e+03|3.108592185e+10|3.267410559e+10|3.381379437e+10|3.242493180e+10|3.837093567e+03|3.872032593e+03|3.896540039e+03|3.866070068e+03|3.294443029e+03
6.203745667e+06|4.874090001e+06|4.911977264e+06|4.991720075e+06|4.927480068e+06|3.131815425e+03|3.149120217e+03|3.184407210e+03|3.155194911e+03|2.988263252e+10|3.069227538e+10|3.238296951e+10|3.101149312e+10|3.809980042e+03|3.828286255e+03|3.865699524e+03|3.834787598e+03|3.294443029e+03
6.226119363e+06|4.811287886e+06|4.856513146e+06|4.952931217e+06|4.876566874e+06|3.102387840e+03|3.123774103e+03|3.167338655e+03|3.132059154e+03|2.853426903e+10|2.951026783e+10|3.155887555e+10|2.992650768e+10|3.778902710e+03|3.801469971e+03|3.847600464e+03|3.810303467e+03|3.294443029e+03
6.250807680e+06|4.772745757e+06|4.814631634e+06|4.885024470e+06|4.830013416e+06|3.083842289e+03|3.103974371e+03|3.136813621e+03|3.110483420e+03|2.770260220e+10|2.860607280e+10|3.011533143e+10|2.892981434e+10|3.759354370e+03|3.780577759e+03|3.815270569e+03|3.787504150e+03|3.294443029e+03
6.279874129e+06|4.717766229e+06|4.767857472e+06|4.828472442e+06|4.770812304e+06|3.056650734e+03|3.081435444e+03|3.110538390e+03|3.082059462e+03|2.650801060e+10|2.759579845e+10|2.890415555e+10|2.765172951e+10|3.730742676e+03|3.756822021e+03|3.787503967e+03|3.757550537e+03|3.294443029e+03
6.311843197e+06|4.662699208e+06|4.693894407e+06|4.731714740e+06|4.701035410e+06|3.028432931e+03|3.044426728e+03|3.063621580e+03|3.047361040e+03|2.529968256e+10|2.598029994e+10|2.681174930e+10|2.613276305e+10|3.701126099e+03|3.717919434e+03|3.738072998e+03|3.721104492e+03|3.294443029e+03
6.343612324e+06|4.592661125e+06|4.632759146e+06|4.689242688e+06|4.640449916e+06|2.991359431e+03|3.012678432e+03|3.042043202e+03|3.016098684e+03|2.376166325e+10|2.463898880e+10|2.587816762e+10|2.480575207e+10|3.662654175e+03|3.684770142e+03|3.715415771e+03|3.688457520e+03|3.294443029e+03
6.372586024e+06|4.554249790e+06|4.591658150e+06|4.628820579e+06|4.590935001e+06|2.970232371e+03|2.990808122e+03|3.010600733e+03|2.989749367e+03|2.290746929e+10|2.373916753e+10|2.455266278e+10|2.371427163e+10|3.640791565e+03|3.662084961e+03|3.682614685e+03|3.661053467e+03|3.294443029e+03
6.393620947e+06|4.512290131e+06|4.558389934e+06|4.605326820e+06|4.555882371e+06|2.946445487e+03|2.972510920e+03|2.998200167e+03|2.970325281e+03|2.196452432e+10|2.299881777e+10|2.404138790e+10|2.293295348e+10|3.616225464e+03|3.643151123e+03|3.669741882e+03|3.640947266e+03|3.294443029e+03
6.415014030e+06|4.456196284e+06|4.492476731e+06|4.538714122e+06|4.502588148e+06|2.913453840e+03|2.935058679e+03|2.961622093e+03|2.940097622e+03|2.068888047e+10|2.152027981e+10|2.256404060e+10|2.173654218e+10|3.582221924e+03|3.604468994e+03|3.631882263e+03|3.609718750e+03|3.294443029e+03
6.438828908e+06|4.412956100e+06|4.443246159e+06|4.492785332e+06|4.455789474e+06|2.886942011e+03|2.905669415e+03|2.935235960e+03|2.912374373e+03|1.969013673e+10|2.039339449e+10|2.152725439e+10|2.066889448e+10|3.554965759e+03|3.574206787e+03|3.604652161e+03|3.581159424e+03|3.294443029e+03
6.466229326e+06|4.359511216e+06|4.396716185e+06|4.423386211e+06|4.397146671e+06|2.852651519e+03|2.876714077e+03|2.893510173e+03|2.876118614e+03|1.843197230e+10|1.931099865e+10|1.993566394e+10|1.930880241e+10|3.519808350e+03|3.544465088e+03|3.561702942e+03|3.543907715e+03|3.294443029e+03
6.500846638e+06|4.297930966e+06|4.329445464e+06|4.362710955e+06|4.331218976e+06|2.810813368e+03|2.832742996e+03|2.854767372e+03|2.832996200e+03|1.694668151e+10|1.771932623e+10|1.850857366e+10|1.774401286e+10|3.477058167e+03|3.499427979e+03|3.521973999e+03|3.499746826e+03|3.294443029e+03
6.535669504e+06|4.242091567e+06|4.262577689e+06|4.293018094e+06|4.269124220e+06|2.770398373e+03|2.785425880e+03|2.807395629e+03|2.789532303e+03|1.556234868e+10|1.607072912e+10|1.682792156e+10|1.622476470e+10|3.435899231e+03|3.451196289e+03|3.473568848e+03|3.455406494e+03|3.294443029e+03
6.568800862e+06|4.191369004e+06|4.213283571e+06|4.239485258e+06|4.216879518e+06|2.731049694e+03|2.748217058e+03|2.768487164e+03|2.750347314e+03|1.425826741e+10|1.482003602e+10|1.549833552e+10|1.490517011e+10|3.395925659e+03|3.413353882e+03|3.433952881e+03|3.415571777e+03|3.294443029e+03
6.595516640e+06|4.151247164e+06|4.167149761e+06|4.182018749e+06|4.167194722e+06|2.698268575e+03|2.711334562e+03|2.723434952e+03|2.711026426e+03|1.320716828e+10|1.362029696e+10|1.400927638e+10|1.361880202e+10|3.362859558e+03|3.376022949e+03|3.388242371e+03|3.375750977e+03|3.294443029e+03
6.616211939e+06|4.116936676e+06|4.128896390e+06|4.147671686e+06|4.134034935e+06|2.668454449e+03|2.679106315e+03|2.695255457e+03|2.682918314e+03|1.227590856e+10|1.260441915e+10|1.311171473e+10|1.273157467e+10|3.332788757e+03|3.343598755e+03|3.359845520e+03|3.347413330e+03|3.294443029e+03
6.633397980e+06|4.087414440e+06|4.107273653e+06|4.126079117e+06|4.107043323e+06|2.641160884e+03|2.659511629e+03|2.676601276e+03|2.658700646e+03|1.144345642e+10|1.199927671e+10|1.252664251e+10|1.198479943e+10|3.305335144e+03|3.323799805e+03|3.341056396e+03|3.323015625e+03|3.294443029e+03
6.650790573e+06|4.065566625e+06|4.084524986e+06|4.102327295e+06|4.082880207e+06|2.619861487e+03|2.638494088e+03|2.654937434e+03|2.636076243e+03|1.080750363e+10|1.136400897e+10|1.185924621e+10|1.129993173e+10|3.283940491e+03|3.302650024e+03|3.319200684e+03|3.300250244e+03|3.294443029e+03
6.674350659e+06|4.023914839e+06|4.041368751e+06|4.061568699e+06|4.043363304e+06|2.576614607e+03|2.595311978e+03|2.615894938e+03|2.596361088e+03|9.558254543e+09|1.009238094e+10|1.069083910e+10|1.013486083e+10|3.240562195e+03|3.259300903e+03|3.279958801e+03|3.260377197e+03|3.294443029e+03
6.705543186e+06|3.976191954e+06|3.998814319e+06|4.026506053e+06|4.001159988e+06|2.520408716e+03|2.548039872e+03|2.579386989e+03|2.549075148e+03|8.007633325e+09|8.759038587e+09|9.636309356e+09|8.807151169e+09|3.184305603e+03|3.211953735e+03|3.243341614e+03|3.213004639e+03|3.294443029e+03
6.759768163e+06|3.894450471e+06|3.916381521e+06|3.940725231e+06|3.917217005e+06|2.395581888e+03|2.434958645e+03|2.472606755e+03|2.431374946e+03|4.863543444e+09|5.816660943e+09|6.759167201e+09|5.758405016e+09|3.059372314e+03|3.098810791e+03|3.136484375e+03|3.095203369e+03|3.294443029e+03
6.810859620e+06|3.846691997e+06|3.854009138e+06|3.865747996e+06|3.857505162e+06|2.272348784e+03|2.298250054e+03|2.332175400e+03|2.301622451e+03|2.120392465e+09|2.667669955e+09|3.414089293e+09|2.754192083e+09|2.935914368e+03|2.961917969e+03|2.995883484e+03|2.965192139e+03|3.294443029e+03
6.846686798e+06|3.828404838e+06|3.833665476e+06|3.842118154e+06|3.835212382e+06|2.177571560e+03|2.197455206e+03|2.251244616e+03|2.214051914e+03|3.028524377e+06|2.777562196e+08|1.656581001e+09|8.274254919e+08|2.814234924e+03|2.857027344e+03|2.914667847e+03|2.859686035e+03|3.294443029e+03
6.870769954e+06|3.820926190e+06|3.823215596e+06|3.832981908e+06|3.827007883e+06|2.169082253e+03|2.171037654e+03|2.193299728e+03|2.185277227e+03|6.555666828e+00|1.232083871e+05|1.453931266e+08|2.625541392e+08|2.723179138e+03|2.776198120e+03|2.850687622e+03|2.786706299e+03|3.294443029e+03
6.888222297e+06|3.820926190e+06|3.821208172e+06|3.828959761e+06|3.824678040e+06|2.169082253e+03|2.169258636e+03|2.178464461e+03|2.175715355e+03|6.555666828e+00|1.647511178e+02|4.576414959e+06|6.107095934e+07|2.658351257e+03|2.742566406e+03|2.818153259e+03|2.735061279e+03|3.294443029e+03
6.902106926e+06|3.820926190e+06|3.820926190e+06|3.824169829e+06|3.823013288e+06|2.169082253e+03|2.169082253e+03|2.172026353e+03|2.172078613e+03|6.555666828e+00|6.555666828e+00|1.991484216e+05|1.813281208e+07|2.608624756e+03|2.717813110e+03|2.783349365e+03|2.694668701e+03|3.294443029e+03
6.917192674e+06|3.820926188e+06|3.820926190e+06|3.820926190e+06|3.820989025e+06|2.169082252e+03|2.169082253e+03|2.169082253e+03|2.169128096e+03|6.555666786e+00|6.555666828e+00|6.555666828e+00|2.129753138e+03|2.526201355e+03|2.617569336e+03|2.681720581e+03|2.603673340e+03|3.294443029e+03
6.937316046e+06|3.820926187e+06|3.820926190e+06|3.820926190e+06|3.820926189e+06|2.169082252e+03|2.169082252e+03|2.169082252e+03|2.169082252e+03|6.555666786e+00|6.555666786e+00|6.555666786e+00|6.555666787e+00|2.387056519e+03|2.469041748e+03|2.526083252e+03|2.463339844e+03|3.294443029e+03
6.962215253e+06|3.820926183e+06|3.820926188e+06|3.820926190e+06|3.820926187e+06|2.169082252e+03|2.169082252e+03|2.169082252e+03|2.169082252e+03|6.555666738e+00|6.555666744e+00|6.555666786e+00|6.555666757e+00|2.240807251e+03|2.303613159e+03|2.374532837e+03|2.308059570e+03|3.294443029e+03
6.997080348e+06|3.820926183e+06|3.820926183e+06|3.820926188e+06|3.820926185e+06|2.169082251e+03|2.169082251e+03|2.169082252e+03|2.169082252e+03|6.555666696e+00|6.555666696e+00|6.555666716e+00|6.555666706e+00|1.987232056e+03|2.074912231e+03|2.148662292e+03|2.076302002e+03|3.294443029e+03
7.039608640e+06|3.820926181e+06|3.820926186e+06|3.820926188e+06|3.820926185e+06|2.169082251e+03|2.169082251e+03|2.169082251e+03|2.169082251e+03|6.555666607e+00|6.555666633e+00|6.555666654e+00|6.555666638e+00|1.734410522e+03|1.784798340e+03|1.827228760e+03|1.785936279e+03|3.294443029e+03
