#PHASE|Nmant|Nmant/Nmanttot|Mmant|Mmant/Mmanttot|RRRminmant|RRRminmantEq|RRRmaxmant|RRRmaxmantEq|Ncore|Ncore/Ncoretot|Mcore|Mcore/Mcoretot|RRRmincore|RRRmaxcore|
0.000000000e+00|0.000000000e+00|0.000000000e+00|0.000000000e+00|0.000000000e+00|inf|inf|-inf|inf|0.000000000e+00|0.000000000e+00|0.000000000e+00|0.000000000e+00|inf|-inf
1.000000000e+00|1.893000000e+03|1.924152021e-02|1.063963361e+23|1.922078397e-02|3.737777101e+06|3.802063903e+06|5.146663546e+06|inf|1.893000000e+03|0.000000000e+00|0.000000000e+00|0.000000000e+00|inf|-inf
2.000000000e+00|0.000000000e+00|0.000000000e+00|0.000000000e+00|0.000000000e+00|inf|inf|-inf|inf|0.000000000e+00|0.000000000e+00|0.000000000e+00|0.000000000e+00|inf|-inf
3.000000000e+00|3.804600000e+04|3.867210132e-01|2.138389618e+24|3.863058295e-01|3.723315766e+06|3.790511502e+06|6.210172047e+06|inf|3.804600000e+04|0.000000000e+00|0.000000000e+00|0.000000000e+00|inf|-inf
4.000000000e+00|4.312200000e+04|4.383163416e-01|2.425615026e+24|4.381938712e-01|3.824376991e+06|3.824376991e+06|2.260092949e+08|inf|4.312200000e+04|3.055937477e-01|7.121077606e+23|3.055862458e-01|1.601458943e+06|3.623028919e+06
5.000000000e+00|1.490000000e+02|1.514520080e-03|8.424403037e+21|1.521891042e-03|1.121008271e+07|inf|3.980962640e+08|inf|1.490000000e+02|0.000000000e+00|0.000000000e+00|0.000000000e+00|inf|-inf
6.000000000e+00|1.000000000e+01|1.016456430e-04|5.670186126e+20|1.024334357e-04|9.434652839e+07|2.516851813e+08|3.777165344e+08|inf|1.000000000e+01|0.000000000e+00|0.000000000e+00|0.000000000e+00|inf|-inf
7.000000000e+00|1.393000000e+03|1.415923806e-02|7.875821513e+22|1.422788316e-02|9.307771249e+06|9.466162481e+06|3.697138023e+08|inf|1.393000000e+03|0.000000000e+00|0.000000000e+00|0.000000000e+00|inf|-inf
8.000000000e+00|1.376800000e+04|1.399457212e-01|7.773330712e+23|1.404273077e-01|4.173249222e+06|4.173249222e+06|9.477748636e+06|inf|1.376800000e+04|6.944062523e-01|1.618192671e+24|6.944137542e-01|1.039909128e+05|6.361302498e+06
