#PHASE|Nmant|Nmant/Nmanttot|Mmant|Mmant/Mmanttot|RRRminmant|RRRminmantEq|RRRmaxmant|RRRmaxmantEq|Ncore|Ncore/Ncoretot|Mcore|Mcore/Mcoretot|RRRmincore|RRRmaxcore|
0.000000000e+00|0.000000000e+00|0.000000000e+00|0.000000000e+00|0.000000000e+00|inf|inf|-inf|inf|0.000000000e+00|0.000000000e+00|0.000000000e+00|0.000000000e+00|inf|-inf
1.000000000e+00|1.029400000e+04|7.107692520e-02|4.503809435e+23|7.156514127e-02|3.649814544e+06|3.988435868e+06|5.528355188e+06|inf|1.029400000e+04|0.000000000e+00|0.000000000e+00|0.000000000e+00|inf|-inf
2.000000000e+00|0.000000000e+00|0.000000000e+00|0.000000000e+00|0.000000000e+00|inf|inf|-inf|inf|0.000000000e+00|0.000000000e+00|0.000000000e+00|0.000000000e+00|inf|-inf
3.000000000e+00|4.584800000e+04|3.165664335e-01|2.005932679e+24|3.187409628e-01|3.644618641e+06|3.951502623e+06|6.452024890e+06|inf|4.584800000e+04|0.000000000e+00|0.000000000e+00|0.000000000e+00|inf|-inf
4.000000000e+00|4.487300000e+04|3.098343564e-01|1.955301171e+24|3.106956601e-01|3.844086354e+06|4.003424327e+06|4.983316496e+07|inf|4.487300000e+04|2.810496186e-01|7.689544321e+23|2.829841955e-01|6.876326302e+05|3.664234494e+06
5.000000000e+00|1.025000000e+03|7.077311864e-03|4.348516314e+22|6.909754705e-03|8.089790835e+06|8.089790835e+06|4.205293287e+08|inf|1.025000000e+03|1.439148024e-04|3.755403647e+20|1.382032323e-04|2.460915950e+07|2.128099770e+08
6.000000000e+00|3.330000000e+02|2.299263269e-03|1.423003293e+22|2.261139891e-03|1.028692379e+07|1.028692379e+07|3.705704651e+08|inf|3.330000000e+02|1.918864032e-04|5.006251352e+20|1.842358860e-04|2.697745051e+07|5.655659420e+07
7.000000000e+00|3.106000000e+03|2.144598112e-02|1.328626367e+23|2.111175774e-02|8.950494263e+06|1.002764340e+07|3.884939277e+08|inf|3.106000000e+03|6.668052513e-03|1.740349483e+22|6.404688987e-03|8.504637635e+06|3.647049404e+08
8.000000000e+00|3.935000000e+04|2.716997286e-01|1.691107931e+24|2.687155834e-01|4.170941221e+06|4.170941221e+06|1.002277664e+07|inf|3.935000000e+04|7.119465277e-01|1.930071130e+24|7.102886764e-01|9.777877953e+04|9.219755405e+06
