#RRR|P25fit|P50fit|P75fit|P25model|P50model|P75model
3.550415352e+05|4.104202613e+11|4.100417896e+11|4.100886028e+11|0.000000|0.000000|0.000000
5.411412679e+05|4.046531696e+11|4.060322467e+11|4.074491017e+11|0.000000|0.000000|0.000000
6.426097261e+05|4.014783584e+11|4.035040563e+11|4.054106787e+11|0.000000|0.000000|0.000000
7.198388670e+05|3.990134637e+11|4.014074077e+11|4.035857479e+11|0.000000|0.000000|0.000000
7.831128807e+05|3.969492856e+11|3.995745642e+11|4.019186973e+11|0.000000|0.000000|0.000000
8.400743749e+05|3.950486667e+11|3.978336700e+11|4.002882413e+11|0.000000|0.000000|0.000000
8.835940023e+05|3.935655090e+11|3.964444552e+11|3.989611484e+11|0.000000|0.000000|0.000000
9.289226557e+05|3.919889786e+11|3.949421997e+11|3.975051015e+11|0.000000|0.000000|0.000000
9.730351777e+05|3.904210025e+11|3.934253997e+11|3.960168806e+11|0.000000|0.000000|0.000000
1.006125648e+06|3.892214289e+11|3.922517020e+11|3.948550107e+11|0.000000|0.000000|0.000000
1.039964352e+06|3.879728296e+11|3.910193713e+11|3.936270371e+11|0.000000|0.000000|0.000000
1.073318296e+06|3.867194323e+11|3.897727079e+11|3.923776910e+11|0.000000|0.000000|0.000000
1.112275025e+06|3.852256802e+11|3.882761458e+11|3.908701058e+11|0.000000|0.000000|0.000000
1.144342301e+06|3.839710061e+11|3.870113152e+11|3.895905032e+11|0.000000|0.000000|0.000000
1.172087131e+06|3.828665166e+11|3.858928520e+11|3.884555639e+11|0.000000|0.000000|0.000000
1.201165967e+06|3.816895024e+11|3.846964901e+11|3.872386527e+11|0.000000|0.000000|0.000000
1.233232853e+06|3.803678550e+11|3.833484619e+11|3.858645305e+11|0.000000|0.000000|0.000000
1.262872644e+06|3.791235582e+11|3.820755714e+11|3.845647458e+11|0.000000|0.000000|0.000000
1.294165777e+06|3.777856036e+11|3.807035561e+11|3.831618863e+11|0.000000|0.000000|0.000000
1.318131875e+06|3.767437131e+11|3.796332095e+11|3.820664896e+11|0.000000|0.000000|0.000000
1.342957394e+06|3.756484208e+11|3.785065410e+11|3.809127964e+11|0.000000|0.000000|0.000000
1.371973221e+06|3.743472047e+11|3.771665304e+11|3.795400920e+11|0.000000|0.000000|0.000000
1.398214857e+06|3.731505296e+11|3.759331056e+11|3.782763317e+11|0.000000|0.000000|0.000000
1.427435521e+06|3.717954285e+11|3.745355728e+11|3.768444604e+11|0.000000|0.000000|0.000000
1.453165639e+06|3.705822092e+11|3.732839590e+11|3.755623650e+11|0.000000|0.000000|0.000000
1.474856134e+06|3.695447290e+11|3.722135528e+11|3.744662469e+11|0.000000|0.000000|0.000000
1.496639940e+06|3.684890654e+11|3.711244611e+11|3.733514490e+11|0.000000|0.000000|0.000000
1.523573551e+06|3.671646242e+11|3.697584020e+11|3.719539476e+11|0.000000|0.000000|0.000000
1.548953174e+06|3.658969530e+11|3.684514437e+11|3.706178914e+11|0.000000|0.000000|0.000000
1.574093189e+06|3.646222633e+11|3.671379839e+11|3.692762961e+11|0.000000|0.000000|0.000000
1.597002348e+06|3.634440818e+11|3.659247699e+11|3.680381822e+11|0.000000|0.000000|0.000000
1.618803561e+06|3.623080598e+11|3.647558120e+11|3.668463000e+11|0.000000|0.000000|0.000000
1.641431978e+06|3.611135389e+11|3.635276553e+11|3.655952571e+11|0.000000|0.000000|0.000000
1.661589034e+06|3.600361881e+11|3.624209212e+11|3.644690050e+11|0.000000|0.000000|0.000000
1.682238392e+06|3.589194662e+11|3.612747646e+11|3.633037859e+11|0.000000|0.000000|0.000000
1.706580220e+06|3.575859908e+11|3.599075866e+11|3.619154560e+11|0.000000|0.000000|0.000000
1.729849097e+06|3.562939429e+11|3.585844621e+11|3.605735569e+11|0.000000|0.000000|0.000000
1.750074338e+06|3.551570583e+11|3.574215733e+11|3.593955805e+11|0.000000|0.000000|0.000000
1.769873129e+06|3.540316297e+11|3.562716790e+11|3.582320939e+11|0.000000|0.000000|0.000000
1.791436355e+06|3.527917717e+11|3.550063773e+11|3.569533854e+11|0.000000|0.000000|0.000000
1.809309000e+06|3.517529175e+11|3.539474486e+11|3.558845008e+11|0.000000|0.000000|0.000000
1.828909264e+06|3.506019453e+11|3.527755835e+11|3.547029752e+11|0.000000|0.000000|0.000000
1.851237439e+06|3.492758404e+11|3.514271889e+11|3.533452439e+11|0.000000|0.000000|0.000000
1.871920854e+06|3.480331950e+11|3.501654089e+11|3.520764628e+11|0.000000|0.000000|0.000000
1.892064512e+06|3.468098091e+11|3.489248560e+11|3.508306706e+11|0.000000|0.000000|0.000000
1.912164929e+06|3.455760843e+11|3.476755086e+11|3.495776986e+11|0.000000|0.000000|0.000000
1.930658577e+06|3.444295342e+11|3.465159665e+11|3.484162775e+11|0.000000|0.000000|0.000000
1.948225043e+06|3.433303066e+11|3.454056668e+11|3.473055182e+11|0.000000|0.000000|0.000000
1.968097355e+06|3.420748586e+11|3.441392302e+11|3.460401552e+11|0.000000|0.000000|0.000000
1.985653562e+06|3.409551991e+11|3.430112597e+11|3.449145711e+11|0.000000|0.000000|0.000000
2.005517440e+06|3.396764608e+11|3.417247424e+11|3.436324145e+11|0.000000|0.000000|0.000000
2.025406283e+06|3.383834666e+11|3.404257320e+11|3.423395711e+11|0.000000|0.000000|0.000000
2.045225505e+06|3.370824276e+11|3.391205063e+11|3.410423166e+11|0.000000|0.000000|0.000000
2.062203837e+06|3.359579181e+11|3.379938775e+11|3.399239896e+11|0.000000|0.000000|0.000000
2.079321360e+06|3.348149028e+11|3.368501229e+11|3.387900004e+11|0.000000|0.000000|0.000000
2.097389366e+06|3.335983265e+11|3.356343146e+11|3.375860396e+11|0.000000|0.000000|0.000000
2.115631929e+06|3.323595081e+11|3.343979115e+11|3.363632218e+11|0.000000|0.000000|0.000000
2.131853463e+06|3.312491070e+11|3.332910632e+11|3.352698385e+11|0.000000|0.000000|0.000000
2.150003655e+06|3.299968662e+11|3.320443870e+11|3.340397888e+11|0.000000|0.000000|0.000000
2.169601190e+06|3.286331671e+11|3.306886057e+11|3.327038267e+11|0.000000|0.000000|0.000000
2.187585746e+06|3.273711503e+11|3.294356211e+11|3.314707502e+11|0.000000|0.000000|0.000000
2.204077366e+06|3.262050531e+11|3.282793079e+11|3.303341496e+11|0.000000|0.000000|0.000000
2.220135847e+06|3.250614872e+11|3.271466622e+11|3.292220460e+11|0.000000|0.000000|0.000000
2.238398458e+06|3.237512966e+11|3.258505752e+11|3.279509442e+11|0.000000|0.000000|0.000000
2.253868000e+06|3.226334792e+11|3.247461168e+11|3.268690072e+11|0.000000|0.000000|0.000000
2.270053999e+06|3.214560695e+11|3.235840808e+11|3.257318728e+11|0.000000|0.000000|0.000000
2.286788488e+06|3.202303954e+11|3.223758102e+11|3.245507890e+11|0.000000|0.000000|0.000000
2.304911985e+06|3.188934489e+11|3.210594508e+11|3.232655291e+11|0.000000|0.000000|0.000000
2.321691551e+06|3.176468549e+11|3.198335360e+11|3.220699446e+11|0.000000|0.000000|0.000000
2.338094559e+06|3.164201221e+11|3.186285276e+11|3.208960148e+11|0.000000|0.000000|0.000000
2.353625031e+06|3.152512982e+11|3.174816509e+11|3.197798651e+11|0.000000|0.000000|0.000000
2.369148532e+06|3.140759057e+11|3.163295379e+11|3.186597291e+11|0.000000|0.000000|0.000000
2.386424930e+06|3.127595098e+11|3.150406290e+11|3.174078910e+11|0.000000|0.000000|0.000000
2.400486231e+06|3.116816996e+11|3.139864184e+11|3.163850029e+11|0.000000|0.000000|0.000000
2.417254267e+06|3.103889733e+11|3.127232746e+11|3.151605564e+11|0.000000|0.000000|0.000000
2.433541118e+06|3.091256533e+11|3.114901857e+11|3.139664505e+11|0.000000|0.000000|0.000000
2.448856274e+06|3.079308479e+11|3.103251516e+11|3.128393228e+11|0.000000|0.000000|0.000000
2.464522949e+06|3.067018004e+11|3.091279030e+11|3.116820971e+11|0.000000|0.000000|0.000000
2.480527669e+06|3.054391749e+11|3.078991617e+11|3.104955364e+11|0.000000|0.000000|0.000000
2.497391634e+06|3.041011165e+11|3.065983301e+11|3.092405558e+11|0.000000|0.000000|0.000000
2.512940065e+06|3.028605534e+11|3.053934686e+11|3.080792368e+11|0.000000|0.000000|0.000000
2.526534854e+06|3.017705051e+11|3.043357139e+11|3.070605430e+11|0.000000|0.000000|0.000000
2.542743008e+06|3.004644418e+11|3.030694587e+11|3.058420538e+11|0.000000|0.000000|0.000000
2.555570910e+06|2.994258184e+11|3.020633427e+11|3.048746563e+11|0.000000|0.000000|0.000000
2.571944591e+06|2.980938291e+11|3.007741219e+11|3.036360187e+11|0.000000|0.000000|0.000000
2.588594722e+06|2.967322096e+11|2.994574485e+11|3.023721049e+11|0.000000|0.000000|0.000000
2.603625293e+06|2.954969243e+11|2.982639862e+11|3.012274014e+11|0.000000|0.000000|0.000000
2.618596045e+06|2.942608605e+11|2.970707452e+11|3.000837789e+11|0.000000|0.000000|0.000000
2.634100913e+06|2.929747785e+11|2.958302282e+11|2.988957446e+11|0.000000|0.000000|0.000000
2.647291277e+06|2.918759937e+11|2.947711688e+11|2.978821981e+11|0.000000|0.000000|0.000000
2.662079845e+06|2.906390177e+11|2.935797718e+11|2.967427601e+11|0.000000|0.000000|0.000000
2.674973237e+06|2.895562520e+11|2.925376309e+11|2.957467118e+11|0.000000|0.000000|0.000000
2.690973748e+06|2.882070464e+11|2.912399740e+11|2.945072652e+11|0.000000|0.000000|0.000000
2.705682661e+06|2.869614427e+11|2.900428505e+11|2.933646232e+11|0.000000|0.000000|0.000000
2.720626548e+06|2.856908092e+11|2.888225271e+11|2.922005855e+11|0.000000|0.000000|0.000000
2.733460471e+06|2.845955100e+11|2.877712707e+11|2.911984051e+11|0.000000|0.000000|0.000000
2.748931074e+06|2.832702617e+11|2.865001240e+11|2.899873049e+11|0.000000|0.000000|0.000000
2.764597335e+06|2.819228541e+11|2.852086077e+11|2.887575625e+11|0.000000|0.000000|0.000000
2.778444187e+06|2.807274804e+11|2.840635429e+11|2.876678898e+11|0.000000|0.000000|0.000000
2.793056451e+06|2.794615803e+11|2.828516388e+11|2.865152268e+11|0.000000|0.000000|0.000000
2.806170874e+06|2.783216155e+11|2.817609117e+11|2.854783400e+11|0.000000|0.000000|0.000000
2.819608256e+06|2.771498860e+11|2.806403787e+11|2.844136160e+11|0.000000|0.000000|0.000000
2.834449041e+06|2.758515144e+11|2.793994091e+11|2.832350202e+11|0.000000|0.000000|0.000000
2.848881616e+06|2.745846410e+11|2.781892025e+11|2.820861915e+11|0.000000|0.000000|0.000000
2.862315632e+06|2.734017572e+11|2.770597934e+11|2.810145322e+11|0.000000|0.000000|0.000000
2.875513732e+06|2.722362735e+11|2.759475119e+11|2.799595490e+11|0.000000|0.000000|0.000000
2.889049937e+06|2.710375281e+11|2.748039997e+11|2.788753636e+11|0.000000|0.000000|0.000000
2.904510398e+06|2.696642447e+11|2.734946045e+11|2.776343987e+11|0.000000|0.000000|0.000000
2.918404532e+06|2.684264188e+11|2.723149017e+11|2.765167794e+11|0.000000|0.000000|0.000000
2.932267376e+06|2.671879965e+11|2.711351167e+11|2.753994679e+11|0.000000|0.000000|0.000000
2.945397085e+06|2.660120228e+11|2.700152530e+11|2.743392415e+11|0.000000|0.000000|0.000000
2.959706314e+06|2.647271116e+11|2.687921050e+11|2.731815830e+11|0.000000|0.000000|0.000000
2.972803493e+06|2.635481010e+11|2.676701647e+11|2.721200158e+11|0.000000|0.000000|0.000000
2.985060311e+06|2.624422608e+11|2.666181805e+11|2.711248856e+11|0.000000|0.000000|0.000000
2.998688664e+06|2.612099345e+11|2.654462241e+11|2.700165263e+11|0.000000|0.000000|0.000000
3.012139196e+06|2.599909308e+11|2.642872831e+11|2.689207239e+11|0.000000|0.000000|0.000000
3.026281141e+06|2.587063978e+11|2.630663894e+11|2.677665865e+11|0.000000|0.000000|0.000000
3.040152003e+06|2.574437191e+11|2.618665906e+11|2.666326087e+11|0.000000|0.000000|0.000000
3.054541388e+06|2.561310357e+11|2.606195909e+11|2.654542221e+11|0.000000|0.000000|0.000000
3.067006838e+06|2.549916327e+11|2.595374391e+11|2.644317595e+11|0.000000|0.000000|0.000000
3.080041547e+06|2.537980545e+11|2.584040507e+11|2.633610115e+11|0.000000|0.000000|0.000000
3.093592982e+06|2.525549179e+11|2.572238164e+11|2.622461203e+11|0.000000|0.000000|0.000000
3.106302209e+06|2.513870392e+11|2.561152090e+11|2.611989750e+11|0.000000|0.000000|0.000000
3.120141287e+06|2.501132175e+11|2.549062074e+11|2.600570709e+11|0.000000|0.000000|0.000000
3.132441428e+06|2.489792670e+11|2.538300899e+11|2.590407164e+11|0.000000|0.000000|0.000000
3.145804547e+06|2.477455017e+11|2.526593653e+11|2.579350294e+11|0.000000|0.000000|0.000000
3.157059132e+06|2.467050007e+11|2.516721078e+11|2.570026166e+11|0.000000|0.000000|0.000000
3.169414536e+06|2.455613102e+11|2.505870046e+11|2.559777747e+11|0.000000|0.000000|0.000000
3.184224514e+06|2.441885489e+11|2.492846267e+11|2.547476714e+11|0.000000|0.000000|0.000000
3.197221309e+06|2.429822729e+11|2.481402283e+11|2.536667073e+11|0.000000|0.000000|0.000000
3.209918542e+06|2.418024549e+11|2.470209346e+11|2.526093665e+11|0.000000|0.000000|0.000000
3.224263780e+06|2.404680039e+11|2.457549174e+11|2.514132883e+11|0.000000|0.000000|0.000000
3.237462348e+06|2.392389067e+11|2.445888029e+11|2.503114403e+11|0.000000|0.000000|0.000000
3.250147847e+06|2.380564865e+11|2.434669057e+11|2.492512092e+11|0.000000|0.000000|0.000000
3.263923929e+06|2.367712839e+11|2.422473842e+11|2.480985109e+11|0.000000|0.000000|0.000000
3.276102135e+06|2.356342521e+11|2.411683491e+11|2.470783963e+11|0.000000|0.000000|0.000000
3.287780581e+06|2.345431584e+11|2.401327895e+11|2.460991823e+11|0.000000|0.000000|0.000000
3.300334017e+06|2.333696015e+11|2.390188120e+11|2.450455756e+11|0.000000|0.000000|0.000000
3.311842441e+06|2.322931538e+11|2.379968555e+11|2.440787633e+11|0.000000|0.000000|0.000000
3.324524879e+06|2.311063240e+11|2.368699069e+11|2.430123354e+11|0.000000|0.000000|0.000000
3.337972849e+06|2.298472936e+11|2.356741466e+11|2.418804333e+11|0.000000|0.000000|0.000000
3.351095635e+06|2.286182454e+11|2.345065814e+11|2.407748367e+11|0.000000|0.000000|0.000000
3.363793625e+06|2.274286380e+11|2.333761931e+11|2.397040555e+11|0.000000|0.000000|0.000000
3.377189444e+06|2.261733844e+11|2.321830870e+11|2.385734201e+11|0.000000|0.000000|0.000000
3.391148737e+06|2.248651443e+11|2.309392135e+11|2.373941571e+11|0.000000|0.000000|0.000000
3.403908054e+06|2.236692961e+11|2.298018107e+11|2.363153416e+11|0.000000|0.000000|0.000000
3.415105017e+06|2.226198979e+11|2.288033698e+11|2.353679192e+11|0.000000|0.000000|0.000000
3.427792133e+06|2.214309448e+11|2.276717513e+11|2.342936350e+11|0.000000|0.000000|0.000000
3.440339783e+06|2.202552562e+11|2.265523141e+11|2.332303766e+11|0.000000|0.000000|0.000000
3.453071580e+06|2.190626024e+11|2.254162435e+11|2.321507440e+11|0.000000|0.000000|0.000000
3.464243190e+06|2.180164123e+11|2.244192667e+11|2.312027944e+11|0.000000|0.000000|0.000000
3.475870656e+06|2.169279145e+11|2.233815312e+11|2.302155706e+11|0.000000|0.000000|0.000000
3.489505760e+06|2.156520650e+11|2.221645772e+11|2.290571458e+11|0.000000|0.000000|0.000000
3.501726842e+06|2.145091612e+11|2.210738483e+11|2.280181982e+11|0.000000|0.000000|0.000000
3.513641823e+06|2.133955451e+11|2.200105113e+11|2.270046989e+11|0.000000|0.000000|0.000000
3.528349415e+06|2.120219413e+11|2.186981252e+11|2.257529084e+11|0.000000|0.000000|0.000000
3.542148422e+06|2.107343438e+11|2.174670672e+11|2.245777312e+11|0.000000|0.000000|0.000000
3.554936622e+06|2.095421710e+11|2.163264760e+11|2.234880479e+11|0.000000|0.000000|0.000000
3.567614351e+06|2.083614479e+11|2.151960759e+11|2.224072445e+11|0.000000|0.000000|0.000000
3.579630660e+06|2.072434733e+11|2.141250178e+11|2.213823626e+11|0.000000|0.000000|0.000000
3.591289906e+06|2.061598689e+11|2.130861784e+11|2.203875231e+11|0.000000|0.000000|0.000000
3.603195911e+06|2.050545812e+11|2.120258025e+11|2.193712314e+11|0.000000|0.000000|0.000000
3.614989022e+06|2.039611012e+11|2.109759801e+11|2.183642023e+11|0.000000|0.000000|0.000000
3.627182793e+06|2.028319475e+11|2.098910673e+11|2.173225914e+11|0.000000|0.000000|0.000000
3.638672783e+06|2.017694190e+11|2.088693581e+11|2.163407763e+11|0.000000|0.000000|0.000000
3.651771631e+06|2.005599339e+11|2.077053424e+11|2.152211293e+11|0.000000|0.000000|0.000000
3.664353928e+06|1.994000742e+11|2.065880510e+11|2.141453045e+11|0.000000|0.000000|0.000000
3.676861541e+06|1.982490755e+11|2.054782525e+11|2.130755700e+11|0.000000|0.000000|0.000000
3.689273717e+06|1.971089073e+11|2.043778324e+11|2.120137320e+11|0.000000|0.000000|0.000000
3.702466257e+06|1.958994044e+11|2.032092909e+11|2.108848726e+11|0.000000|0.000000|0.000000
3.715362994e+06|1.947194735e+11|2.020680789e+11|2.097810911e+11|0.000000|0.000000|0.000000
3.729288006e+06|1.934483196e+11|2.008372098e+11|2.085890768e+11|0.000000|0.000000|0.000000
3.740559099e+06|1.924216968e+11|1.998420004e+11|2.076240955e+11|0.000000|0.000000|0.000000
3.752550702e+06|1.913317657e+11|1.987842821e+11|2.065973035e+11|0.000000|0.000000|0.000000
3.765073548e+06|1.901962003e+11|1.976809879e+11|2.055249111e+11|0.000000|0.000000|0.000000
3.777301150e+06|1.890901215e+11|1.966050310e+11|2.044777152e+11|0.000000|0.000000|0.000000
3.788994947e+06|1.880349313e+11|1.955773277e+11|2.034761776e+11|0.000000|0.000000|0.000000
3.801246987e+06|1.869321941e+11|1.945019671e+11|2.024267907e+11|0.000000|0.000000|0.000000
3.813780919e+06|1.858071829e+11|1.934034149e+11|2.013532445e+11|0.000000|0.000000|0.000000
3.826774526e+06|1.846443362e+11|1.922662994e+11|2.002403377e+11|0.000000|0.000000|0.000000
3.841211206e+06|1.833565792e+11|1.910050455e+11|1.990038789e+11|0.000000|0.000000|0.000000
3.854320768e+06|1.821912023e+11|1.898617787e+11|1.978811592e+11|0.000000|0.000000|0.000000
3.867140813e+06|1.810553724e+11|1.887457188e+11|1.967833327e+11|0.000000|0.000000|0.000000
3.878684919e+06|1.800359129e+11|1.877424548e+11|1.957948758e+11|0.000000|0.000000|0.000000
3.890752376e+06|1.789737043e+11|1.866955083e+11|1.947617376e+11|0.000000|0.000000|0.000000
3.902656585e+06|1.779294368e+11|1.856645873e+11|1.937427284e+11|0.000000|0.000000|0.000000
3.914861308e+06|1.768625938e+11|1.846096238e+11|1.926981757e+11|0.000000|0.000000|0.000000
3.928541326e+06|1.756714798e+11|1.834296021e+11|1.915276051e+11|0.000000|0.000000|0.000000
3.941345179e+06|1.745612718e+11|1.823275949e+11|1.904322707e+11|0.000000|0.000000|0.000000
3.953733391e+06|1.734914751e+11|1.812636771e+11|1.893727637e+11|0.000000|0.000000|0.000000
3.967534879e+06|1.723048372e+11|1.800811512e+11|1.881927291e+11|0.000000|0.000000|0.000000
3.980737152e+06|1.711749934e+11|1.789527796e+11|1.870642976e+11|0.000000|0.000000|0.000000
3.992768910e+06|1.701490833e+11|1.779264593e+11|1.860361851e+11|1.000000|1.000000|1.000000
4.005666040e+06|1.690578773e+11|1.768308825e+11|1.849347952e+11|1.000000|1.000000|1.000000
4.018219313e+06|1.679957645e+11|1.757645154e+11|1.838627701e+11|1.000000|1.000000|1.000000
4.033434091e+06|1.667084659e+11|1.744720606e+11|1.825634577e+11|1.000000|1.000000|1.000000
4.048152062e+06|1.654632014e+11|1.732218082e+11|1.813065716e+11|1.000000|1.000000|1.000000
4.061548252e+06|1.643297707e+11|1.720838375e+11|1.801625630e+11|1.000000|1.000000|1.000000
4.073935892e+06|1.632816719e+11|1.710315405e+11|1.791046826e+11|1.000000|1.000000|1.000000
4.084486100e+06|1.623890352e+11|1.701353284e+11|1.782037153e+11|1.000000|1.000000|1.000000
4.096534696e+06|1.613696224e+11|1.691118323e+11|1.771747887e+11|1.000000|1.000000|1.000000
4.109712759e+06|1.602546470e+11|1.679923910e+11|1.760494077e+11|1.000000|1.000000|1.000000
4.123312195e+06|1.591040200e+11|1.668371551e+11|1.748880423e+11|1.000000|1.000000|1.000000
4.137361308e+06|1.579153465e+11|1.656437204e+11|1.736882754e+11|1.000000|1.000000|1.000000
4.152162168e+06|1.566630689e+11|1.643864267e+11|1.724243107e+11|1.000000|1.000000|1.000000
4.167125233e+06|1.553970673e+11|1.631153542e+11|1.711464940e+11|1.000000|1.000000|1.000000
4.182746419e+06|1.540753832e+11|1.617883762e+11|1.698124752e+11|1.000000|1.000000|1.000000
4.196287986e+06|1.529296524e+11|1.606380561e+11|1.686560516e+11|1.000000|1.000000|1.000000
4.209284012e+06|1.518300789e+11|1.595340783e+11|1.675462162e+11|1.000000|1.000000|1.000000
4.222246634e+06|1.507333317e+11|1.584329381e+11|1.664392336e+11|1.000000|1.000000|1.000000
4.236073922e+06|1.495634265e+11|1.572583468e+11|1.652584101e+11|1.000000|1.000000|1.000000
4.250089887e+06|1.483775576e+11|1.560677280e+11|1.640614739e+11|1.000000|1.000000|1.000000
4.265210441e+06|1.470953098e+11|1.547832772e+11|1.627702080e+11|2.000000|1.000000|1.000000
4.279323099e+06|1.465473995e+11|1.535844445e+11|1.615650144e+11|2.000000|1.000000|1.000000
4.293672847e+06|1.459902845e+11|1.523654716e+11|1.603395738e+11|2.000000|1.000000|1.000000
4.307869075e+06|1.454391298e+11|1.511595399e+11|1.591272435e+11|2.000000|1.000000|1.000000
4.321217502e+06|1.449208900e+11|1.500256265e+11|1.579873138e+11|2.000000|1.000000|1.000000
4.336059312e+06|1.443446712e+11|1.487648543e+11|1.567198521e+11|2.000000|1.000000|1.000000
4.352439595e+06|1.437087226e+11|1.473733929e+11|1.553210077e+11|2.000000|1.000000|1.000000
4.366936508e+06|1.431458940e+11|1.461419188e+11|1.540829995e+11|2.000000|1.000000|1.000000
4.382648252e+06|1.425359009e+11|1.448072480e+11|1.527412472e+11|2.000000|1.000000|1.000000
4.399125890e+06|1.418961726e+11|1.430316055e+11|1.513340889e+11|2.000000|2.000000|1.000000
4.414762312e+06|1.412891037e+11|1.424285259e+11|1.499987689e+11|2.000000|2.000000|1.000000
4.428875460e+06|1.407411744e+11|1.418841972e+11|1.487935334e+11|2.000000|2.000000|1.000000
4.443406885e+06|1.401770060e+11|1.413237361e+11|1.475525780e+11|2.000000|2.000000|1.000000
4.457922911e+06|1.396134354e+11|1.407638689e+11|1.463129377e+11|2.000000|2.000000|1.000000
4.471808757e+06|1.390743309e+11|1.402283070e+11|1.451271134e+11|2.000000|2.000000|1.000000
4.487169292e+06|1.384779730e+11|1.396358680e+11|1.438153535e+11|2.000000|2.000000|1.000000
4.504859485e+06|1.377911685e+11|1.389535767e+11|1.423046454e+11|2.000000|2.000000|1.000000
4.523007876e+06|1.370865748e+11|1.382536132e+11|1.407548081e+11|2.000000|2.000000|1.000000
4.538820542e+06|1.364726634e+11|1.376437360e+11|1.394044372e+11|2.000000|2.000000|1.000000
4.553335325e+06|1.359091411e+11|1.370839167e+11|1.381350462e+11|2.000000|2.000000|2.000000
4.569068471e+06|1.352983170e+11|1.364771065e+11|1.375390675e+11|2.000000|2.000000|2.000000
4.586525972e+06|1.346205465e+11|1.358037898e+11|1.368777694e+11|2.000000|2.000000|2.000000
4.602626648e+06|1.339954534e+11|1.351828044e+11|1.362678685e+11|2.000000|2.000000|2.000000
4.618308298e+06|1.333866285e+11|1.345779803e+11|1.356738404e+11|2.000000|2.000000|2.000000
4.632875498e+06|1.328210711e+11|1.340161394e+11|1.351220282e+11|2.000000|2.000000|2.000000
4.647167795e+06|1.322661866e+11|1.334649012e+11|1.345806295e+11|2.000000|2.000000|2.000000
4.663578928e+06|1.316290403e+11|1.328319418e+11|1.339589683e+11|2.000000|2.000000|2.000000
4.678888500e+06|1.310346610e+11|1.322414684e+11|1.333790348e+11|2.000000|2.000000|2.000000
4.694600104e+06|1.304246733e+11|1.316354890e+11|1.327838720e+11|2.000000|2.000000|2.000000
4.714682653e+06|1.296449878e+11|1.308609271e+11|1.320231359e+11|2.000000|2.000000|2.000000
4.736190830e+06|1.288099537e+11|1.300313803e+11|1.312083964e+11|2.000000|2.000000|2.000000
4.755616429e+06|1.280557737e+11|1.292821563e+11|1.304725458e+11|2.000000|2.000000|2.000000
4.774202571e+06|1.273341848e+11|1.285653091e+11|1.297684943e+11|2.000000|2.000000|2.000000
4.791315330e+06|1.266697986e+11|1.279052888e+11|1.291202552e+11|2.000000|2.000000|2.000000
4.808707334e+06|1.259945709e+11|1.272344983e+11|1.284614382e+11|2.000000|2.000000|2.000000
4.822844405e+06|1.254457129e+11|1.266892470e+11|1.279259195e+11|2.000000|2.000000|2.000000
4.840400366e+06|1.247641197e+11|1.260121328e+11|1.272608916e+11|2.000000|2.000000|2.000000
4.857110064e+06|1.241153820e+11|1.253676581e+11|1.266279207e+11|2.000000|2.000000|2.000000
4.872881472e+06|1.235030724e+11|1.247593721e+11|1.260304926e+11|2.000000|2.000000|2.000000
4.891021457e+06|1.227988051e+11|1.240597328e+11|1.253433416e+11|2.000000|2.000000|2.000000
4.908812110e+06|1.221081003e+11|1.233735668e+11|1.246694236e+11|2.000000|2.000000|2.000000
4.928686257e+06|1.213365058e+11|1.226070428e+11|1.239165819e+11|2.000000|2.000000|2.000000
4.948008939e+06|1.205863215e+11|1.218617881e+11|1.231846299e+11|2.000000|2.000000|2.000000
4.967788863e+06|1.198183851e+11|1.210988981e+11|1.224353573e+11|2.000000|2.000000|2.000000
4.987504336e+06|1.190529510e+11|1.203384939e+11|1.216885262e+11|2.000000|2.000000|2.000000
5.005155550e+06|1.183676598e+11|1.196577060e+11|1.210198902e+11|2.000000|2.000000|2.000000
5.021042704e+06|1.177508565e+11|1.190449558e+11|1.204180776e+11|2.000000|2.000000|2.000000
5.037160814e+06|1.171250865e+11|1.184232980e+11|1.198075162e+11|2.000000|2.000000|2.000000
5.053448028e+06|1.164927513e+11|1.177951180e+11|1.191905491e+11|2.000000|2.000000|2.000000
5.069668838e+06|1.158629941e+11|1.171694992e+11|1.185760974e+11|2.000000|2.000000|2.000000
5.087681909e+06|1.151636541e+11|1.164747548e+11|1.178937541e+11|2.000000|2.000000|2.000000
5.105762936e+06|1.144616758e+11|1.157773894e+11|1.172088365e+11|2.000000|2.000000|2.000000
5.125056044e+06|1.137126396e+11|1.150332753e+11|1.164780048e+11|2.000000|2.000000|2.000000
5.142694525e+06|1.130278427e+11|1.143529785e+11|1.158098511e+11|2.000000|2.000000|2.000000
5.160964175e+06|1.123185413e+11|1.136483381e+11|1.151177884e+11|2.000000|2.000000|2.000000
5.178612094e+06|1.116333780e+11|1.129676772e+11|1.144492772e+11|2.000000|2.000000|2.000000
5.198583760e+06|1.108579975e+11|1.121973920e+11|1.136927414e+11|2.000000|2.000000|2.000000
5.214507963e+06|1.102397557e+11|1.115832129e+11|1.130895253e+11|2.000000|2.000000|2.000000
5.230299103e+06|1.096266801e+11|1.109741659e+11|1.124913498e+11|2.000000|2.000000|2.000000
5.246507492e+06|1.089974051e+11|1.103490262e+11|1.118773686e+11|2.000000|2.000000|2.000000
5.263092168e+06|1.083535212e+11|1.097093734e+11|1.112491335e+11|2.000000|2.000000|2.000000
5.281778591e+06|1.076280390e+11|1.089886585e+11|1.105412833e+11|2.000000|2.000000|2.000000
5.299417865e+06|1.069432113e+11|1.083083311e+11|1.098730996e+11|2.000000|2.000000|2.000000
5.316125325e+06|1.062945604e+11|1.076639427e+11|1.092402134e+11|2.000000|2.000000|2.000000
5.333851776e+06|1.056063482e+11|1.069802529e+11|1.085687273e+11|2.000000|2.000000|2.000000
5.350956051e+06|1.049422913e+11|1.063205597e+11|1.079208096e+11|2.000000|2.000000|2.000000
5.369016173e+06|1.042411246e+11|1.056240006e+11|1.072366839e+11|2.000000|2.000000|2.000000
5.388107061e+06|1.034999394e+11|1.048876860e+11|1.065135124e+11|2.000000|2.000000|2.000000
5.405739527e+06|1.028153761e+11|1.042076211e+11|1.058455866e+11|2.000000|2.000000|2.000000
5.421440453e+06|1.022058029e+11|1.036020536e+11|1.052508283e+11|2.000000|2.000000|2.000000
5.437954710e+06|1.015646529e+11|1.029651169e+11|1.046252608e+11|2.000000|2.000000|2.000000
5.454744918e+06|1.009127894e+11|1.023175369e+11|1.039892400e+11|2.000000|2.000000|2.000000
5.470855495e+06|1.002873119e+11|1.016961697e+11|1.033789640e+11|2.000000|2.000000|2.000000
5.487659179e+06|9.963492517e+10|1.010480700e+11|1.027424328e+11|2.000000|2.000000|2.000000
5.504383381e+06|9.898562426e+10|1.004030358e+11|1.021089124e+11|2.000000|2.000000|2.000000
5.522198972e+06|9.829395126e+10|9.971590801e+10|1.014340497e+11|2.000000|2.000000|2.000000
5.540338755e+06|9.758969180e+10|9.901627646e+10|1.007469064e+11|2.000000|2.000000|2.000000
5.556052510e+06|9.697962053e+10|9.841021417e+10|1.001516622e+11|2.000000|2.000000|2.000000
5.574656969e+06|9.625732048e+10|9.769266057e+10|9.944691685e+10|2.000000|2.000000|2.000000
5.593373479e+06|9.553575930e+10|9.697549805e+10|9.874056668e+10|3.000000|3.000000|3.000000
5.610645722e+06|9.486992475e+10|9.631371435e+10|9.808877791e+10|3.000000|3.000000|3.000000
5.626139722e+06|9.427394395e+10|9.572126590e+10|9.750480263e+10|3.000000|3.000000|3.000000
5.643456917e+06|9.360930578e+10|9.506045943e+10|9.685292427e+10|3.000000|3.000000|3.000000
5.660903246e+06|9.294129725e+10|9.439618416e+10|9.619707503e+10|3.000000|3.000000|3.000000
5.677123498e+06|9.232167523e+10|9.377991618e+10|9.558813795e+10|3.000000|3.000000|3.000000
5.691377062e+06|9.177833739e+10|9.323943096e+10|9.505370141e+10|3.000000|3.000000|3.000000
5.706554665e+06|9.120097348e+10|9.266500549e+10|9.448531873e+10|3.000000|3.000000|3.000000
5.725822288e+06|9.046981732e+10|9.193742983e+10|9.376483316e+10|3.000000|3.000000|3.000000
5.744580301e+06|8.975994502e+10|9.123087946e+10|9.306457278e+10|3.000000|3.000000|3.000000
5.759502065e+06|8.919663311e+10|9.067009278e+10|9.250836640e+10|3.000000|3.000000|3.000000
5.775957322e+06|8.857686217e+10|9.005298428e+10|9.189588202e+10|3.000000|3.000000|3.000000
5.793501318e+06|8.791775200e+10|8.939656954e+10|9.124391315e+10|3.000000|3.000000|3.000000
5.811170264e+06|8.725570040e+10|8.873708132e+10|9.058840718e+10|3.000000|3.000000|3.000000
5.826895212e+06|8.666798091e+10|8.815151400e+10|9.000597401e+10|3.000000|3.000000|3.000000
5.844361858e+06|8.601682416e+10|8.750260359e+10|8.936010111e+10|3.000000|3.000000|3.000000
5.861610159e+06|8.537553325e+10|8.686338050e+10|8.872342816e+10|3.000000|3.000000|3.000000
5.877926274e+06|8.477049121e+10|8.626015566e+10|8.812221283e+10|3.000000|3.000000|3.000000
5.892132975e+06|8.424493939e+10|8.573607522e+10|8.759956919e+10|3.000000|3.000000|3.000000
5.908155635e+06|8.365363483e+10|8.514630540e+10|8.701107682e+10|3.000000|3.000000|3.000000
5.927382994e+06|8.294607171e+10|8.444040820e+10|8.630624222e+10|3.000000|3.000000|3.000000
5.942121654e+06|8.240518555e+10|8.390066837e+10|8.576697661e+10|3.000000|3.000000|3.000000
5.959566333e+06|8.176667954e+10|8.326337171e+10|8.512986770e+10|3.000000|3.000000|3.000000
5.976774072e+06|8.113864936e+10|8.263637708e+10|8.450266975e+10|3.000000|3.000000|3.000000
5.994403330e+06|8.049710516e+10|8.199573089e+10|8.386142399e+10|3.000000|3.000000|3.000000
6.010679743e+06|7.990648378e+10|8.140579166e+10|8.327058732e+10|3.000000|3.000000|3.000000
6.028096686e+06|7.927628664e+10|8.077616765e+10|8.263964548e+10|3.000000|3.000000|3.000000
6.045216473e+06|7.865867735e+10|8.015896326e+10|8.202079363e+10|3.000000|3.000000|3.000000
6.060159310e+06|7.812109992e+10|7.962161057e+10|8.148172394e+10|3.000000|3.000000|3.000000
6.075533234e+06|7.756947834e+10|7.907009482e+10|8.092817604e+10|3.000000|3.000000|3.000000
6.090978081e+06|7.701681584e+10|7.851741044e+10|8.037318457e+10|3.000000|3.000000|3.000000
6.106609631e+06|7.645901575e+10|7.795945728e+10|7.981263126e+10|3.000000|3.000000|3.000000
6.123164694e+06|7.586996301e+10|7.737009879e+10|7.922023463e+10|3.000000|3.000000|3.000000
6.140331798e+06|7.526099285e+10|7.676065553e+10|7.860733923e+10|3.000000|3.000000|3.000000
6.158259252e+06|7.462708391e+10|7.612608310e+10|7.796884207e+10|3.000000|3.000000|3.000000
6.174615494e+06|7.405055515e+10|7.554879816e+10|7.738769863e+10|3.000000|3.000000|3.000000
6.191461622e+06|7.345858701e+10|7.495590102e+10|7.679055744e+10|3.000000|3.000000|3.000000
6.209309992e+06|7.283343578e+10|7.432959961e+10|7.615946830e+10|3.000000|3.000000|3.000000
6.224928902e+06|7.228810034e+10|7.378311800e+10|7.560855755e+10|3.000000|3.000000|3.000000
6.239865215e+06|7.176811377e+10|7.326191380e+10|7.508291400e+10|3.000000|3.000000|3.000000
6.256694486e+06|7.118401109e+10|7.267629724e+10|7.449206278e+10|3.000000|3.000000|3.000000
6.273860496e+06|7.059017890e+10|7.208076661e+10|7.389094540e+10|3.000000|3.000000|3.000000
6.290249009e+06|7.002509749e+10|7.151391893e+10|7.331853739e+10|3.000000|3.000000|3.000000
6.305400683e+06|6.950428219e+10|7.099134548e+10|7.279063164e+10|3.000000|3.000000|3.000000
6.319863605e+06|6.900859976e+10|7.049387321e+10|7.228790218e+10|3.000000|3.000000|3.000000
6.335304067e+06|6.848099330e+10|6.996423621e+10|7.175247705e+10|3.000000|3.000000|3.000000
6.351967293e+06|6.791344196e+10|6.939435563e+10|7.117615204e+10|3.000000|3.000000|3.000000
6.369827713e+06|6.730724213e+10|6.878550133e+10|7.056016894e+10|3.000000|3.000000|3.000000
6.385938342e+06|6.676232976e+10|6.823805543e+10|7.000610221e+10|3.000000|3.000000|3.000000
6.402772965e+06|6.619486206e+10|6.766780045e+10|6.942874193e+10|3.000000|3.000000|3.000000
6.419030909e+06|6.564871632e+10|6.711882828e+10|6.887273219e+10|3.000000|3.000000|3.000000
6.436506917e+06|6.506372556e+10|6.653065306e+10|6.827680590e+10|3.000000|3.000000|3.000000
6.453026894e+06|6.451272049e+10|6.597649967e+10|6.771515392e+10|3.000000|3.000000|3.000000
6.468159051e+06|6.400970360e+10|6.547048228e+10|6.720212644e+10|3.000000|3.000000|3.000000
6.483844477e+06|6.349001699e+10|6.494756884e+10|6.667180848e+10|3.000000|3.000000|3.000000
6.498974315e+06|6.299040534e+10|6.444473323e+10|6.616170174e+10|3.000000|3.000000|3.000000
6.514452541e+06|6.248099029e+10|6.393190788e+10|6.564131120e+10|3.000000|3.000000|3.000000
6.530237523e+06|6.196325804e+10|6.341058222e+10|6.511214302e+10|3.000000|3.000000|3.000000
6.547806707e+06|6.138912650e+10|6.283231545e+10|6.452500157e+10|3.000000|3.000000|3.000000
6.563810414e+06|6.086810454e+10|6.230740387e+10|6.399187756e+10|3.000000|3.000000|3.000000
6.579670013e+06|6.035361787e+10|6.178894850e+10|6.346516758e+10|3.000000|3.000000|3.000000
6.595507900e+06|5.984167418e+10|6.127292963e+10|6.294079450e+10|3.000000|3.000000|3.000000
6.612935752e+06|5.928046803e+10|6.070711168e+10|6.236566087e+10|3.000000|3.000000|3.000000
6.628726343e+06|5.877392051e+10|6.019627184e+10|6.184627413e+10|3.000000|3.000000|3.000000
6.646062114e+06|5.821993295e+10|5.963744927e+10|6.127795703e+10|3.000000|3.000000|3.000000
6.662198612e+06|5.770627869e+10|5.911918084e+10|6.075075097e+10|3.000000|3.000000|3.000000
6.677871289e+06|5.720924990e+10|5.861756724e+10|6.024036874e+10|3.000000|3.000000|3.000000
6.694424293e+06|5.668630191e+10|5.808966820e+10|5.970311891e+10|3.000000|3.000000|3.000000
6.710163394e+06|5.619097809e+10|5.758953487e+10|5.919401336e+10|3.000000|3.000000|3.000000
6.725054956e+06|5.572404818e+10|5.711796451e+10|5.871388466e+10|3.000000|3.000000|3.000000
6.740844671e+06|5.523079044e+10|5.661969253e+10|5.820646836e+10|3.000000|3.000000|3.000000
6.756269743e+06|5.475075273e+10|5.613466469e+10|5.771244161e+10|3.000000|3.000000|3.000000
6.773490851e+06|5.421696407e+10|5.559519980e+10|5.716285766e+10|3.000000|3.000000|3.000000
6.788362544e+06|5.375782348e+10|5.513106987e+10|5.668993137e+10|3.000000|3.000000|3.000000
6.805442930e+06|5.323258703e+10|5.460000508e+10|5.614870194e+10|3.000000|3.000000|3.000000
6.824280818e+06|5.265591130e+10|5.401678246e+10|5.555419737e+10|3.000000|3.000000|3.000000
6.841432355e+06|5.213324444e+10|5.348804891e+10|5.501513170e+10|3.000000|3.000000|3.000000
6.856003457e+06|5.169100471e+10|5.304057779e+10|5.455884141e+10|3.000000|3.000000|3.000000
6.871054178e+06|5.123594242e+10|5.258003890e+10|5.408915608e+10|3.000000|3.000000|3.000000
6.887164116e+06|5.075081283e+10|5.208896694e+10|5.358825572e+10|3.000000|3.000000|3.000000
6.902628167e+06|5.028704384e+10|5.161941753e+10|5.310923799e+10|3.000000|3.000000|3.000000
6.920071651e+06|4.976616462e+10|5.109193060e+10|5.257103483e+10|3.000000|3.000000|3.000000
6.937909034e+06|4.923600147e+10|5.055491737e+10|5.202302841e+10|3.000000|3.000000|3.000000
6.953615696e+06|4.877124910e+10|5.008405746e+10|5.154246285e+10|3.000000|3.000000|3.000000
6.968305444e+06|4.833835608e+10|4.964538996e+10|5.109469927e+10|3.000000|3.000000|3.000000
6.983083045e+06|4.790460440e+10|4.920577012e+10|5.064591321e+10|3.000000|3.000000|3.000000
6.998861847e+06|4.744338660e+10|4.873822296e+10|5.016856421e+10|3.000000|3.000000|3.000000
7.016975192e+06|4.691638291e+10|4.820387501e+10|4.962294941e+10|3.000000|3.000000|3.000000
7.032665861e+06|4.646199235e+10|4.774305701e+10|4.915236206e+10|3.000000|3.000000|3.000000
7.049605481e+06|4.597365515e+10|4.724771495e+10|4.864646661e+10|3.000000|3.000000|3.000000
7.067545074e+06|4.545901354e+10|4.672558325e+10|4.811315512e+10|3.000000|3.000000|3.000000
7.084328310e+06|4.497990166e+10|4.623939992e+10|4.761651301e+10|3.000000|3.000000|3.000000
7.099423398e+06|4.455093306e+10|4.580402029e+10|4.717172972e+10|3.000000|3.000000|3.000000
7.115862131e+06|4.408588921e+10|4.533194217e+10|4.668941708e+10|3.000000|3.000000|3.000000
7.131038577e+06|4.365851126e+10|4.489802345e+10|4.624605796e+10|3.000000|3.000000|3.000000
7.147166387e+06|4.320640643e+10|4.443892084e+10|4.577693448e+10|3.000000|3.000000|3.000000
7.164193541e+06|4.273140481e+10|4.395648115e+10|4.528393070e+10|3.000000|3.000000|3.000000
7.179099763e+06|4.231752663e+10|4.353605120e+10|4.485426810e+10|3.000000|3.000000|3.000000
7.194960029e+06|4.187916977e+10|4.309068414e+10|4.439909580e+10|3.000000|3.000000|3.000000
7.212510632e+06|4.139651683e+10|4.260022941e+10|4.389781571e+10|3.000000|3.000000|3.000000
7.229965599e+06|4.091902516e+10|4.211493491e+10|4.340178385e+10|3.000000|3.000000|3.000000
7.248652244e+06|4.041064586e+10|4.159815731e+10|4.287354676e+10|3.000000|3.000000|3.000000
7.266274337e+06|3.993389380e+10|4.111344592e+10|4.237806563e+10|3.000000|3.000000|3.000000
7.282571058e+06|3.949530775e+10|4.066746768e+10|4.192216219e+10|3.000000|3.000000|3.000000
7.298073266e+06|3.908016853e+10|4.024527077e+10|4.149055693e+10|3.000000|3.000000|3.000000
7.314734599e+06|3.863623847e+10|3.979372943e+10|4.102894187e+10|3.000000|3.000000|3.000000
7.330767899e+06|3.821124802e+10|3.936139155e+10|4.058694940e+10|3.000000|3.000000|3.000000
7.347355448e+06|3.777384901e+10|3.891636969e+10|4.013198207e+10|3.000000|3.000000|3.000000
7.361271108e+06|3.740870025e+10|3.854481088e+10|3.975211502e+10|3.000000|3.000000|3.000000
7.377616245e+06|3.698189799e+10|3.811046394e+10|3.930805220e+10|3.000000|3.000000|3.000000
7.395275140e+06|3.652334198e+10|3.764374050e+10|3.883088617e+10|3.000000|3.000000|3.000000
7.413001623e+06|3.606570223e+10|3.717788783e+10|3.835460998e+10|3.000000|3.000000|3.000000
7.429080823e+06|3.565291057e+10|3.675763654e+10|3.792495697e+10|3.000000|3.000000|3.000000
7.445052457e+06|3.524507105e+10|3.634238015e+10|3.750041358e+10|3.000000|3.000000|3.000000
7.464874195e+06|3.474196180e+10|3.583005937e+10|3.697664138e+10|3.000000|3.000000|3.000000
7.483867575e+06|3.426304840e+10|3.534231579e+10|3.647800479e+10|3.000000|3.000000|3.000000
7.501169322e+06|3.382949694e+10|3.490072052e+10|3.602655685e+10|3.000000|3.000000|3.000000
7.517637728e+06|3.341923147e+10|3.448280103e+10|3.559932318e+10|3.000000|3.000000|3.000000
7.534299606e+06|3.300653774e+10|3.406236801e+10|3.516953158e+10|3.000000|3.000000|3.000000
7.548079965e+06|3.266703697e+10|3.371647152e+10|3.481594552e+10|3.000000|3.000000|3.000000
7.563858050e+06|3.228034814e+10|3.332246727e+10|3.441319426e+10|3.000000|3.000000|3.000000
7.582428947e+06|3.182799440e+10|3.286151591e+10|3.394202758e+10|3.000000|3.000000|3.000000
7.599561236e+06|3.141335563e+10|3.243896019e+10|3.351012610e+10|3.000000|3.000000|3.000000
7.616222790e+06|3.101257591e+10|3.203049687e+10|3.309264720e+10|3.000000|3.000000|3.000000
7.632107856e+06|3.063274343e+10|3.164335538e+10|3.269697880e+10|3.000000|3.000000|3.000000
7.648721557e+06|3.023786349e+10|3.124085043e+10|3.228562851e+10|3.000000|3.000000|3.000000
7.665973966e+06|2.983037823e+10|3.082547007e+10|3.186114258e+10|3.000000|3.000000|3.000000
7.687479502e+06|2.932612149e+10|3.031140819e+10|3.133584603e+10|3.000000|3.000000|3.000000
7.706068596e+06|2.889355034e+10|2.987039720e+10|3.088522885e+10|3.000000|3.000000|3.000000
7.723567036e+06|2.848916297e+10|2.945809791e+10|3.046397706e+10|3.000000|3.000000|3.000000
7.743607384e+06|2.802938078e+10|2.898929646e+10|2.998503124e+10|3.000000|3.000000|3.000000
7.759897348e+06|2.765828310e+10|2.861090263e+10|2.959847781e+10|3.000000|3.000000|3.000000
7.775349126e+06|2.730847260e+10|2.825420228e+10|2.923410992e+10|3.000000|3.000000|3.000000
7.791321138e+06|2.694913281e+10|2.788777388e+10|2.885983027e+10|3.000000|3.000000|3.000000
7.805402579e+06|2.663422646e+10|2.756664723e+10|2.853184491e+10|3.000000|3.000000|3.000000
7.822825702e+06|2.624705748e+10|2.717182138e+10|2.812861519e+10|3.000000|3.000000|3.000000
7.844573038e+06|2.576763635e+10|2.668290726e+10|2.762934026e+10|3.000000|3.000000|3.000000
7.861381422e+06|2.540002157e+10|2.630800646e+10|2.724653018e+10|3.000000|3.000000|3.000000
7.880630299e+06|2.498217287e+10|2.588187087e+10|2.681144297e+10|3.000000|3.000000|3.000000
7.898815377e+06|2.459050511e+10|2.548243220e+10|2.640365178e+10|3.000000|3.000000|3.000000
7.919195210e+06|2.415514083e+10|2.503842862e+10|2.595040848e+10|3.000000|3.000000|3.000000
7.937090943e+06|2.377596474e+10|2.465172884e+10|2.555570079e+10|3.000000|3.000000|3.000000
7.956808430e+06|2.336157679e+10|2.422912126e+10|2.512438452e+10|3.000000|3.000000|3.000000
7.974874850e+06|2.298501289e+10|2.384509223e+10|2.473248137e+10|3.000000|3.000000|3.000000
7.994271725e+06|2.258405183e+10|2.343618873e+10|2.431523596e+10|3.000000|3.000000|3.000000
8.009687079e+06|2.226786161e+10|2.311374113e+10|2.398624140e+10|3.000000|3.000000|3.000000
8.025726033e+06|2.194120436e+10|2.278062595e+10|2.364639195e+10|3.000000|3.000000|3.000000
8.045861414e+06|2.153447916e+10|2.236587084e+10|2.322329423e+10|3.000000|3.000000|3.000000
8.062619591e+06|2.119883136e+10|2.202360691e+10|2.287418135e+10|3.000000|3.000000|3.000000
8.079392841e+06|2.086548820e+10|2.168370368e+10|2.252750850e+10|3.000000|3.000000|3.000000
8.098988099e+06|2.047937133e+10|2.129000288e+10|2.212600688e+10|3.000000|3.000000|3.000000
8.119441182e+06|2.008016343e+10|2.088297231e+10|2.171095700e+10|3.000000|3.000000|3.000000
8.139153486e+06|1.969910733e+10|2.049446834e+10|2.131484216e+10|3.000000|3.000000|3.000000
8.164140875e+06|1.922130194e+10|2.000735297e+10|2.081824401e+10|3.000000|3.000000|3.000000
8.183220597e+06|1.886040312e+10|1.963944510e+10|2.044321804e+10|3.000000|3.000000|3.000000
8.202935088e+06|1.849109089e+10|1.926298242e+10|2.005951070e+10|3.000000|3.000000|3.000000
8.221144148e+06|1.815323142e+10|1.891860207e+10|1.970853727e+10|3.000000|3.000000|3.000000
8.237319595e+06|1.785572869e+10|1.861537444e+10|1.939953111e+10|3.000000|3.000000|3.000000
8.257868246e+06|1.748136068e+10|1.823382610e+10|1.901074668e+10|3.000000|3.000000|3.000000
8.275359374e+06|1.716584852e+10|1.791228377e+10|1.868313592e+10|3.000000|3.000000|3.000000
8.294398461e+06|1.682571551e+10|1.756567261e+10|1.833001283e+10|3.000000|3.000000|3.000000
8.313112377e+06|1.649475265e+10|1.722842943e+10|1.798646231e+10|3.000000|3.000000|3.000000
8.333105499e+06|1.614485591e+10|1.687191854e+10|1.762331327e+10|3.000000|3.000000|3.000000
8.353099282e+06|1.579876741e+10|1.651931416e+10|1.726417199e+10|3.000000|3.000000|3.000000
8.375733370e+06|1.541159630e+10|1.612488517e+10|1.686246234e+10|3.000000|3.000000|3.000000
8.399615868e+06|1.500840363e+10|1.571416991e+10|1.644419864e+10|3.000000|3.000000|3.000000
8.420028336e+06|1.466814465e+10|1.536759088e+10|1.609127351e+10|3.000000|3.000000|3.000000
8.441471412e+06|1.431503626e+10|1.500795098e+10|1.572506856e+10|3.000000|3.000000|3.000000
8.462433034e+06|1.397415433e+10|1.466078960e+10|1.537158668e+10|3.000000|3.000000|3.000000
8.481774035e+06|1.366340523e+10|1.434433772e+10|1.504938517e+10|3.000000|3.000000|3.000000
8.502174950e+06|1.333956509e+10|1.401457566e+10|1.471364073e+10|3.000000|3.000000|3.000000
8.524446571e+06|1.299065697e+10|1.365931008e+10|1.435193676e+10|3.000000|3.000000|3.000000
8.543611655e+06|1.269429138e+10|1.335756180e+10|1.404472205e+10|3.000000|3.000000|3.000000
8.564760021e+06|1.237142688e+10|1.302884982e+10|1.371005348e+10|3.000000|3.000000|3.000000
8.586775982e+06|1.203997619e+10|1.269141188e+10|1.336649435e+10|3.000000|3.000000|3.000000
8.609313650e+06|1.170560628e+10|1.235101534e+10|1.301991075e+10|3.000000|3.000000|3.000000
8.630452732e+06|1.139653472e+10|1.203638207e+10|1.269954235e+10|3.000000|3.000000|3.000000
8.653682671e+06|1.106198379e+10|1.169581678e+10|1.235274488e+10|3.000000|3.000000|3.000000
8.676717363e+06|1.073552172e+10|1.136348707e+10|1.201430185e+10|3.000000|3.000000|3.000000
8.699355731e+06|1.041980971e+10|1.104209679e+10|1.168696170e+10|3.000000|3.000000|3.000000
8.722443023e+06|1.010309161e+10|1.071967276e+10|1.135852273e+10|3.000000|3.000000|3.000000
8.744118760e+06|9.810579365e+09|1.042187635e+10|1.105512168e+10|3.000000|3.000000|3.000000
8.769718242e+06|9.471171770e+09|1.007631186e+10|1.070298290e+10|3.000000|3.000000|3.000000
8.791869021e+06|9.182794531e+09|9.782673857e+09|1.040368830e+10|3.000000|3.000000|3.000000
8.814853804e+06|8.888778049e+09|9.483257008e+09|1.009842583e+10|3.000000|3.000000|3.000000
8.840470333e+06|8.567376454e+09|9.155898047e+09|9.764571517e+09|3.000000|3.000000|3.000000
8.864467965e+06|8.272308756e+09|8.855298982e+09|9.457897082e+09|3.000000|3.000000|3.000000
8.888014080e+06|7.988471114e+09|8.566071444e+09|9.162708429e+09|3.000000|3.000000|3.000000
8.913665651e+06|7.685672638e+09|8.257432393e+09|8.847564768e+09|3.000000|3.000000|3.000000
8.936582228e+06|7.420836432e+09|7.987395984e+09|8.571698796e+09|3.000000|3.000000|3.000000
8.958757246e+06|7.169684870e+09|7.731219164e+09|8.309856096e+09|3.000000|3.000000|3.000000
8.985544929e+06|6.873019054e+09|7.428478699e+09|8.000227051e+09|3.000000|3.000000|3.000000
9.012517937e+06|6.581761865e+09|7.131084635e+09|7.695834335e+09|3.000000|3.000000|3.000000
9.037034554e+06|6.323544447e+09|6.867256893e+09|7.425578457e+09|3.000000|3.000000|3.000000
9.063349384e+06|6.053313103e+09|6.590953225e+09|7.142290852e+09|3.000000|3.000000|3.000000
9.091659916e+06|5.770619991e+09|6.301648884e+09|6.845359203e+09|3.000000|3.000000|3.000000
9.121188667e+06|5.484663789e+09|6.008685841e+09|6.544295553e+09|3.000000|3.000000|3.000000
9.151516018e+06|5.200469053e+09|5.717148019e+09|6.244261591e+09|3.000000|3.000000|3.000000
9.183409690e+06|4.912015848e+09|5.420777931e+09|5.938737741e+09|3.000000|3.000000|3.000000
9.210608662e+06|4.674492872e+09|5.176317678e+09|5.686272978e+09|3.000000|3.000000|3.000000
9.240847329e+06|4.419612453e+09|4.913492193e+09|5.414311138e+09|3.000000|3.000000|3.000000
9.269802242e+06|4.184652427e+09|4.670663338e+09|5.162477089e+09|3.000000|3.000000|3.000000
9.296904648e+06|3.972820835e+09|4.451205810e+09|4.934342555e+09|3.000000|3.000000|3.000000
9.323705050e+06|3.771075198e+09|4.241643842e+09|4.715945502e+09|3.000000|3.000000|3.000000
9.354588873e+06|3.548152956e+09|4.009338545e+09|4.473120341e+09|3.000000|3.000000|3.000000
9.386679952e+06|3.327406608e+09|3.778370902e+09|4.230807513e+09|3.000000|3.000000|3.000000
9.422383553e+06|3.094910776e+09|3.533876644e+09|3.973154699e+09|3.000000|3.000000|3.000000
9.464182195e+06|2.840343589e+09|3.264328301e+09|3.687422591e+09|3.000000|3.000000|3.000000
9.504734379e+06|2.611627357e+09|3.020002912e+09|3.426523515e+09|3.000000|3.000000|3.000000
9.546826169e+06|2.393356638e+09|2.784282714e+09|3.172613204e+09|3.000000|3.000000|3.000000
9.585658622e+06|2.209365625e+09|2.582947912e+09|2.953534278e+09|3.000000|3.000000|3.000000
9.625694337e+06|2.037234383e+09|2.391560231e+09|2.742813047e+09|3.000000|3.000000|3.000000
9.662281415e+06|1.895607634e+09|2.231005383e+09|2.563604246e+09|3.000000|3.000000|3.000000
9.705969983e+06|1.746218205e+09|2.057200946e+09|2.366208299e+09|3.000000|3.000000|3.000000
9.753336734e+06|1.608663191e+09|1.890743439e+09|2.172442079e+09|3.000000|3.000000|3.000000
9.808192791e+06|1.481328719e+09|1.726460032e+09|1.974111748e+09|3.000000|3.000000|3.000000
9.865315429e+06|1.385495840e+09|1.587774207e+09|1.796994392e+09|3.000000|3.000000|3.000000
9.919605684e+06|1.329477052e+09|1.486461137e+09|1.656119821e+09|3.000000|3.000000|3.000000
9.967903249e+06|1.308604484e+09|1.421200954e+09|1.553001159e+09|3.000000|3.000000|3.000000
