#RRR|P25fit|P50fit|P75fit|P25model|P50model|P75model
3.461196439e+05|3.478867528e+11|3.493092357e+11|3.501578196e+11|0.000000|0.000000|0.000000
5.273933539e+05|3.449166177e+11|3.462201670e+11|3.472276997e+11|0.000000|0.000000|0.000000
6.274741771e+05|3.426971646e+11|3.439726488e+11|3.450566617e+11|0.000000|0.000000|0.000000
7.001903498e+05|3.408331931e+11|3.421006193e+11|3.432350457e+11|0.000000|0.000000|0.000000
7.648083398e+05|3.390026325e+11|3.402697511e+11|3.414453539e+11|0.000000|0.000000|0.000000
8.178058930e+05|3.373807840e+11|3.386515146e+11|3.398583839e+11|0.000000|0.000000|0.000000
8.614104934e+05|3.359660106e+11|3.372418255e+11|3.384727638e+11|0.000000|0.000000|0.000000
9.073478036e+05|3.343979613e+11|3.356807982e+11|3.369355181e+11|0.000000|0.000000|0.000000
9.463281397e+05|3.330055854e+11|3.342954554e+11|3.355691249e+11|0.000000|0.000000|0.000000
9.806000774e+05|3.317349675e+11|3.330316623e+11|3.343210899e+11|0.000000|0.000000|0.000000
1.013143985e+06|3.304885429e+11|3.317921500e+11|3.330957857e+11|0.000000|0.000000|0.000000
1.045730887e+06|3.292018608e+11|3.305127054e+11|3.318298574e+11|0.000000|0.000000|0.000000
1.078095472e+06|3.278860109e+11|3.292042621e+11|3.305341626e+11|0.000000|0.000000|0.000000
1.104757627e+06|3.267738033e+11|3.280982579e+11|3.294381764e+11|0.000000|0.000000|0.000000
1.129415041e+06|3.257226975e+11|3.270529293e+11|3.284017401e+11|0.000000|0.000000|0.000000
1.155255796e+06|3.245980610e+11|3.259343518e+11|3.272921144e+11|0.000000|0.000000|0.000000
1.180968182e+06|3.234557006e+11|3.247979914e+11|3.261643062e+11|0.000000|0.000000|0.000000
1.205057728e+06|3.223644689e+11|3.237123268e+11|3.250863496e+11|0.000000|0.000000|0.000000
1.229462403e+06|3.212383954e+11|3.225918151e+11|3.239733635e+11|0.000000|0.000000|0.000000
1.250255334e+06|3.202627312e+11|3.216208114e+11|3.230085598e+11|0.000000|0.000000|0.000000
1.272275437e+06|3.192132770e+11|3.205761998e+11|3.219703151e+11|0.000000|0.000000|0.000000
1.290960004e+06|3.183097788e+11|3.196767260e+11|3.210760935e+11|0.000000|0.000000|0.000000
1.314563277e+06|3.171514445e+11|3.185233533e+11|3.199291726e+11|0.000000|0.000000|0.000000
1.337957458e+06|3.159847523e+11|3.173614327e+11|3.187734623e+11|0.000000|0.000000|0.000000
1.358723040e+06|3.149337042e+11|3.163144904e+11|3.177318933e+11|0.000000|0.000000|0.000000
1.378770165e+06|3.139053078e+11|3.152899363e+11|3.167124158e+11|0.000000|0.000000|0.000000
1.398984953e+06|3.128547346e+11|3.142431126e+11|3.156706135e+11|0.000000|0.000000|0.000000
1.418494676e+06|3.118279365e+11|3.132198118e+11|3.146520780e+11|0.000000|0.000000|0.000000
1.437132214e+06|3.108352913e+11|3.122303943e+11|3.136671499e+11|0.000000|0.000000|0.000000
1.454983030e+06|3.098738290e+11|3.112719194e+11|3.127129272e+11|0.000000|0.000000|0.000000
1.476108150e+06|3.087225213e+11|3.101240155e+11|3.115700086e+11|0.000000|0.000000|0.000000
1.496967451e+06|3.075714206e+11|3.089761373e+11|3.104270184e+11|0.000000|0.000000|0.000000
1.516178549e+06|3.064987815e+11|3.079063468e+11|3.093617133e+11|0.000000|0.000000|0.000000
1.532251747e+06|3.055921812e+11|3.070020442e+11|3.084611609e+11|0.000000|0.000000|0.000000
1.549775613e+06|3.045942822e+11|3.060065643e+11|3.074697767e+11|0.000000|0.000000|0.000000
1.569056349e+06|3.034849650e+11|3.048998092e+11|3.063675483e+11|0.000000|0.000000|0.000000
1.586213270e+06|3.024878636e+11|3.039049044e+11|3.053767004e+11|0.000000|0.000000|0.000000
1.604485877e+06|3.014156330e+11|3.028349327e+11|3.043110906e+11|0.000000|0.000000|0.000000
1.621566195e+06|3.004038071e+11|3.018251482e+11|3.033054328e+11|0.000000|0.000000|0.000000
1.639146875e+06|2.993527331e+11|3.007761111e+11|3.022607039e+11|0.000000|0.000000|0.000000
1.657895276e+06|2.982211517e+11|2.996466377e+11|3.011359051e+11|0.000000|0.000000|0.000000
1.675901231e+06|2.971240333e+11|2.985514898e+11|3.000453376e+11|0.000000|0.000000|0.000000
1.691746748e+06|2.961501987e+11|2.975793524e+11|2.990773148e+11|0.000000|0.000000|0.000000
1.707629512e+06|2.951662563e+11|2.965970837e+11|2.980992580e+11|0.000000|0.000000|0.000000
1.723388901e+06|2.941822482e+11|2.956147156e+11|2.971211647e+11|0.000000|0.000000|0.000000
1.741131022e+06|2.930652849e+11|2.944995831e+11|2.960109699e+11|0.000000|0.000000|0.000000
1.757131251e+06|2.920496992e+11|2.934856432e+11|2.950016066e+11|0.000000|0.000000|0.000000
1.773525363e+06|2.910009945e+11|2.924386285e+11|2.939594134e+11|0.000000|0.000000|0.000000
1.789447725e+06|2.899746299e+11|2.914139181e+11|2.929395233e+11|0.000000|0.000000|0.000000
1.805669376e+06|2.889210602e+11|2.903620563e+11|2.918927221e+11|0.000000|0.000000|0.000000
1.821938604e+06|2.878564080e+11|2.892991500e+11|2.908350534e+11|0.000000|0.000000|0.000000
1.839771983e+06|2.866802375e+11|2.881249441e+11|2.896667875e+11|0.000000|0.000000|0.000000
1.854024944e+06|2.857333434e+11|2.871796680e+11|2.887264176e+11|0.000000|0.000000|0.000000
1.866365372e+06|2.849085991e+11|2.863563655e+11|2.879074832e+11|0.000000|0.000000|0.000000
1.882794268e+06|2.838035633e+11|2.852533177e+11|2.868104322e+11|0.000000|0.000000|0.000000
1.897612261e+06|2.827999976e+11|2.842516220e+11|2.858143320e+11|0.000000|0.000000|0.000000
1.915464649e+06|2.815822865e+11|2.830362752e+11|2.846059741e+11|0.000000|0.000000|0.000000
1.930812164e+06|2.805279135e+11|2.819840446e+11|2.835599789e+11|0.000000|0.000000|0.000000
1.944615751e+06|2.795736908e+11|2.810318458e+11|2.826135761e+11|0.000000|0.000000|0.000000
1.958328195e+06|2.786202373e+11|2.800805029e+11|2.816681743e+11|0.000000|0.000000|0.000000
1.973159855e+06|2.775827755e+11|2.790454462e+11|2.806397577e+11|0.000000|0.000000|0.000000
1.989900207e+06|2.764041039e+11|2.778696561e+11|2.794717406e+11|0.000000|0.000000|0.000000
2.004094573e+06|2.753983181e+11|2.768664645e+11|2.784753803e+11|0.000000|0.000000|0.000000
2.017911971e+06|2.744136430e+11|2.758844583e+11|2.775002442e+11|0.000000|0.000000|0.000000
2.030866234e+06|2.734854745e+11|2.749589297e+11|2.765813609e+11|0.000000|0.000000|0.000000
2.044093944e+06|2.725327316e+11|2.740090292e+11|2.756384563e+11|0.000000|0.000000|0.000000
2.060039690e+06|2.713775470e+11|2.728574811e+11|2.744956342e+11|0.000000|0.000000|0.000000
2.074448390e+06|2.703274606e+11|2.718108912e+11|2.734572134e+11|0.000000|0.000000|0.000000
2.089022597e+06|2.692592929e+11|2.707464768e+11|2.724013460e+11|0.000000|0.000000|0.000000
2.103640111e+06|2.681818895e+11|2.696730700e+11|2.713368079e+11|0.000000|0.000000|0.000000
2.117066742e+06|2.671869290e+11|2.686819973e+11|2.703541507e+11|0.000000|0.000000|0.000000
2.130923513e+06|2.661547556e+11|2.676540654e+11|2.693351829e+11|0.000000|0.000000|0.000000
2.142030665e+06|2.653234932e+11|2.668263794e+11|2.685148922e+11|0.000000|0.000000|0.000000
2.156993925e+06|2.641981611e+11|2.657061256e+11|2.674049045e+11|0.000000|0.000000|0.000000
2.170749309e+06|2.631581377e+11|2.646710465e+11|2.663795786e+11|0.000000|0.000000|0.000000
2.184026744e+06|2.621492406e+11|2.636671849e+11|2.653854261e+11|0.000000|0.000000|0.000000
2.197464816e+06|2.611231397e+11|2.626464556e+11|2.643748259e+11|0.000000|0.000000|0.000000
2.210564665e+06|2.601180389e+11|2.616468691e+11|2.633854141e+11|0.000000|0.000000|0.000000
2.223314597e+06|2.591352233e+11|2.606696951e+11|2.624184351e+11|0.000000|0.000000|0.000000
2.238474517e+06|2.579607957e+11|2.595023431e+11|2.612635894e+11|0.000000|0.000000|0.000000
2.251624633e+06|2.569369419e+11|2.584849637e+11|2.602574050e+11|0.000000|0.000000|0.000000
2.264776327e+06|2.559082178e+11|2.574630407e+11|2.592470086e+11|0.000000|0.000000|0.000000
2.278409110e+06|2.548368652e+11|2.563990956e+11|2.581953683e+11|0.000000|0.000000|0.000000
2.291122296e+06|2.538332088e+11|2.554026871e+11|2.572107694e+11|0.000000|0.000000|0.000000
2.302787576e+06|2.529084091e+11|2.544848369e+11|2.563040457e+11|0.000000|0.000000|0.000000
2.315716699e+06|2.518790966e+11|2.534635725e+11|2.552954450e+11|0.000000|0.000000|0.000000
2.328893868e+06|2.508253776e+11|2.524184427e+11|2.542635880e+11|0.000000|0.000000|0.000000
2.342272539e+06|2.497507466e+11|2.513529455e+11|2.532119529e+11|0.000000|0.000000|0.000000
2.354728997e+06|2.487458563e+11|2.503569462e+11|2.522292178e+11|0.000000|0.000000|0.000000
2.366778726e+06|2.477698101e+11|2.493898670e+11|2.512753043e+11|0.000000|0.000000|0.000000
2.378777706e+06|2.467940070e+11|2.484233619e+11|2.503222428e+11|0.000000|0.000000|0.000000
2.391654115e+06|2.457425655e+11|2.473823200e+11|2.492960048e+11|0.000000|0.000000|0.000000
2.404080521e+06|2.447236763e+11|2.463738934e+11|2.483022421e+11|0.000000|0.000000|0.000000
2.417854290e+06|2.435895116e+11|2.452518301e+11|2.471968744e+11|0.000000|0.000000|0.000000
2.431444029e+06|2.424655672e+11|2.441403614e+11|2.461023425e+11|0.000000|0.000000|0.000000
2.445177757e+06|2.413247495e+11|2.430127094e+11|2.449922850e+11|0.000000|0.000000|0.000000
2.456337620e+06|2.403940688e+11|2.420931519e+11|2.440873851e+11|0.000000|0.000000|0.000000
2.466765437e+06|2.395214738e+11|2.412313036e+11|2.432395303e+11|0.000000|0.000000|0.000000
2.478690718e+06|2.385200700e+11|2.402426183e+11|2.422672057e+11|0.000000|0.000000|0.000000
2.490211727e+06|2.375490738e+11|2.392843543e+11|2.413251160e+11|0.000000|0.000000|0.000000
2.502418395e+06|2.365165027e+11|2.382657621e+11|2.403240623e+11|0.000000|0.000000|0.000000
2.514325599e+06|2.355055176e+11|2.372689100e+11|2.393447230e+11|0.000000|0.000000|0.000000
2.527315343e+06|2.343984103e+11|2.361777944e+11|2.382731760e+11|0.000000|0.000000|0.000000
2.539202346e+06|2.333814499e+11|2.351760061e+11|2.372897261e+11|0.000000|0.000000|0.000000
2.550672234e+06|2.323967046e+11|2.342063998e+11|2.363382116e+11|0.000000|0.000000|0.000000
2.562384105e+06|2.313876752e+11|2.332133467e+11|2.353640405e+11|0.000000|0.000000|0.000000
2.576053088e+06|2.302055592e+11|2.320505543e+11|2.342238159e+11|0.000000|0.000000|0.000000
2.588648783e+06|2.291120082e+11|2.309754715e+11|2.331700434e+11|0.000000|0.000000|0.000000
2.599977744e+06|2.281249568e+11|2.300055865e+11|2.322197537e+11|0.000000|0.000000|0.000000
2.610936080e+06|2.271670700e+11|2.290648159e+11|2.312983292e+11|0.000000|0.000000|0.000000
2.622429849e+06|2.261590836e+11|2.280753338e+11|2.303295584e+11|0.000000|0.000000|0.000000
2.634409243e+06|2.251049242e+11|2.270410746e+11|2.293173497e+11|0.000000|0.000000|0.000000
2.644741769e+06|2.241927532e+11|2.261465818e+11|2.284422619e+11|0.000000|0.000000|0.000000
2.656596684e+06|2.231428448e+11|2.251175545e+11|2.274359454e+11|0.000000|0.000000|0.000000
2.668175338e+06|2.221139666e+11|2.241097002e+11|2.264507398e+11|0.000000|0.000000|0.000000
2.679527183e+06|2.211019528e+11|2.231189149e+11|2.254826140e+11|0.000000|0.000000|0.000000
2.691113509e+06|2.200656835e+11|2.221049546e+11|2.244922518e+11|0.000000|0.000000|0.000000
2.703098933e+06|2.189901641e+11|2.210532087e+11|2.234654240e+11|0.000000|0.000000|0.000000
2.714422338e+06|2.179707372e+11|2.200569054e+11|2.224931430e+11|0.000000|0.000000|0.000000
2.726855031e+06|2.168477425e+11|2.189600569e+11|2.214232153e+11|0.000000|0.000000|0.000000
2.738432754e+06|2.157984982e+11|2.179358876e+11|2.204246359e+11|0.000000|0.000000|0.000000
2.749929168e+06|2.147533135e+11|2.169163089e+11|2.194309706e+11|0.000000|0.000000|0.000000
2.761363581e+06|2.137105012e+11|2.158996767e+11|2.184406162e+11|0.000000|0.000000|0.000000
2.771833157e+06|2.127528323e+11|2.149666131e+11|2.175320597e+11|0.000000|0.000000|0.000000
2.783120431e+06|2.117173224e+11|2.139583214e+11|2.165506733e+11|0.000000|0.000000|0.000000
2.793829374e+06|2.107319542e+11|2.129994512e+11|2.156178001e+11|0.000000|0.000000|0.000000
2.803613202e+06|2.098292328e+11|2.121215224e+11|2.147640275e+11|0.000000|0.000000|0.000000
2.815356579e+06|2.087425935e+11|2.110653896e+11|2.137374057e+11|0.000000|0.000000|0.000000
2.826575616e+06|2.077013028e+11|2.100540189e+11|2.127547612e+11|0.000000|0.000000|0.000000
2.838390588e+06|2.066013589e+11|2.089864182e+11|2.117179828e+11|0.000000|0.000000|0.000000
2.850020589e+06|2.055152939e+11|2.079330402e+11|2.106955230e+11|0.000000|0.000000|0.000000
2.861661333e+06|2.044249131e+11|2.068762362e+11|2.096702478e+11|0.000000|0.000000|0.000000
2.872949190e+06|2.033644282e+11|2.058491458e+11|2.086742933e+11|0.000000|0.000000|0.000000
2.883828489e+06|2.023393895e+11|2.048570844e+11|2.077127717e+11|0.000000|0.000000|0.000000
2.894156353e+06|2.013636437e+11|2.039133746e+11|2.067985415e+11|0.000000|0.000000|0.000000
2.905929962e+06|2.002481506e+11|2.028352837e+11|2.057546428e+11|0.000000|0.000000|0.000000
2.916276863e+06|1.992650589e+11|2.018858494e+11|2.048357788e+11|0.000000|0.000000|0.000000
2.927620913e+06|1.981842501e+11|2.008428019e+11|2.038268147e+11|0.000000|0.000000|0.000000
2.937168912e+06|1.972721536e+11|1.999631958e+11|2.029763603e+11|0.000000|0.000000|0.000000
2.947386374e+06|1.962936720e+11|1.990202096e+11|2.020650453e+11|0.000000|0.000000|0.000000
2.959077754e+06|1.951709595e+11|1.979390486e+11|2.010207334e+11|0.000000|0.000000|0.000000
2.970159779e+06|1.941037334e+11|1.969121442e+11|2.000293647e+11|0.000000|0.000000|0.000000
2.982277316e+06|1.929334170e+11|1.957869766e+11|1.989437375e+11|0.000000|0.000000|0.000000
2.992607323e+06|1.919329681e+11|1.948259034e+11|1.980169425e+11|0.000000|0.000000|0.000000
3.003908512e+06|1.908355437e+11|1.937725061e+11|1.970016545e+11|0.000000|0.000000|0.000000
3.014504438e+06|1.898038406e+11|1.927829968e+11|1.960484598e+11|0.000000|0.000000|0.000000
3.025459305e+06|1.887343805e+11|1.917581037e+11|1.950617116e+11|0.000000|0.000000|0.000000
3.037305876e+06|1.875746615e+11|1.906476753e+11|1.939932272e+11|0.000000|0.000000|0.000000
3.048104036e+06|1.865146790e+11|1.896336280e+11|1.930180470e+11|0.000000|0.000000|0.000000
3.058646528e+06|1.854771323e+11|1.886418685e+11|1.920648251e+11|0.000000|0.000000|0.000000
3.067715681e+06|1.845824846e+11|1.877873618e+11|1.912439417e+11|0.000000|0.000000|0.000000
3.076580998e+06|1.837060700e+11|1.869508668e+11|1.904407397e+11|0.000000|0.000000|0.000000
3.086957802e+06|1.826778805e+11|1.859702687e+11|1.894996496e+11|0.000000|0.000000|0.000000
3.098233721e+06|1.815577317e+11|1.849029070e+11|1.884758845e+11|0.000000|0.000000|0.000000
3.109231231e+06|1.804623653e+11|1.838601146e+11|1.874762865e+11|0.000000|0.000000|0.000000
3.120691113e+06|1.793179310e+11|1.827716267e+11|1.864335249e+11|0.000000|0.000000|0.000000
3.130522590e+06|1.783336684e+11|1.818363181e+11|1.855380332e+11|0.000000|0.000000|0.000000
3.140958286e+06|1.772864457e+11|1.808420384e+11|1.845866173e+11|0.000000|0.000000|0.000000
3.150989853e+06|1.762773837e+11|1.798848324e+11|1.836712031e+11|0.000000|0.000000|0.000000
3.162009718e+06|1.751662099e+11|1.788317260e+11|1.826646762e+11|0.000000|0.000000|0.000000
3.172526353e+06|1.741031467e+11|1.778251685e+11|1.817032321e+11|0.000000|0.000000|0.000000
3.185879188e+06|1.727496917e+11|1.765450136e+11|1.804812969e+11|0.000000|0.000000|0.000000
3.197584880e+06|1.715597959e+11|1.754208278e+11|1.794090233e+11|0.000000|0.000000|0.000000
3.208491830e+06|1.704482422e+11|1.743717385e+11|1.784090467e+11|0.000000|0.000000|0.000000
3.218139258e+06|1.694627608e+11|1.734425163e+11|1.775238688e+11|0.000000|0.000000|0.000000
3.226352935e+06|1.686220460e+11|1.726504539e+11|1.767697549e+11|0.000000|0.000000|0.000000
3.235688749e+06|1.676645886e+11|1.717491469e+11|1.759120873e+11|0.000000|0.000000|0.000000
3.244985612e+06|1.667091348e+11|1.708505185e+11|1.750574558e+11|0.000000|0.000000|0.000000
3.256281497e+06|1.655455685e+11|1.697572312e+11|1.740183567e+11|0.000000|0.000000|0.000000
3.265456520e+06|1.645983154e+11|1.688680704e+11|1.731738051e+11|0.000000|0.000000|0.000000
3.274941590e+06|1.636170265e+11|1.679477982e+11|1.723002152e+11|0.000000|0.000000|0.000000
3.285623104e+06|1.625099927e+11|1.669104153e+11|1.713159546e+11|1.000000|1.000000|1.000000
3.296953030e+06|1.613309016e+11|1.658075809e+11|1.702708574e+11|1.000000|1.000000|1.000000
3.308420689e+06|1.601374767e+11|1.646913399e+11|1.692130554e+11|1.000000|1.000000|1.000000
3.320625559e+06|1.588673313e+11|1.635033402e+11|1.680872516e+11|1.000000|1.000000|1.000000
3.330813493e+06|1.578070858e+11|1.625116653e+11|1.671474942e+11|1.000000|1.000000|1.000000
3.341573923e+06|1.566872613e+11|1.614642646e+11|1.661549286e+11|1.000000|1.000000|1.000000
3.352744904e+06|1.555247115e+11|1.603769018e+11|1.651244929e+11|1.000000|1.000000|1.000000
3.364384411e+06|1.543134026e+11|1.592439333e+11|1.640508393e+11|1.000000|1.000000|1.000000
3.374153606e+06|1.532967348e+11|1.582930178e+11|1.631497074e+11|1.000000|1.000000|1.000000
3.383270023e+06|1.523480007e+11|1.574056424e+11|1.623087891e+11|1.000000|1.000000|1.000000
3.391351418e+06|1.515069801e+11|1.566190141e+11|1.615633436e+11|1.000000|1.000000|1.000000
3.401105847e+06|1.504918489e+11|1.556695358e+11|1.606635737e+11|1.000000|1.000000|1.000000
3.410842483e+06|1.494785695e+11|1.547217894e+11|1.597654451e+11|1.000000|1.000000|1.000000
3.421342669e+06|1.483858284e+11|1.536997205e+11|1.587968850e+11|1.000000|1.000000|1.000000
3.431093740e+06|1.473710466e+11|1.527505690e+11|1.578974248e+11|1.000000|1.000000|1.000000
3.440819092e+06|1.463589415e+11|1.518039210e+11|1.570003371e+11|1.000000|1.000000|1.000000
3.450862235e+06|1.453137643e+11|1.508263398e+11|1.560739357e+11|1.000000|1.000000|1.000000
3.460148544e+06|1.443473497e+11|1.499224274e+11|1.552173462e+11|1.000000|1.000000|1.000000
3.472128278e+06|1.431006339e+11|1.487563420e+11|1.541123093e+11|1.000000|1.000000|1.000000
3.486310367e+06|1.416247217e+11|1.473758833e+11|1.528041224e+11|1.000000|1.000000|1.000000
3.500674970e+06|1.401298156e+11|1.459776591e+11|1.514791000e+11|1.000000|1.000000|1.000000
3.512099143e+06|1.389409163e+11|1.448656509e+11|1.504253093e+11|1.000000|1.000000|1.000000
3.523198162e+06|1.377858553e+11|1.437852926e+11|1.494015115e+11|1.000000|1.000000|1.000000
3.535055345e+06|1.365518932e+11|1.426311361e+11|1.483077790e+11|1.000000|1.000000|1.000000
3.544383974e+06|1.355810745e+11|1.417231044e+11|1.474472858e+11|1.000000|1.000000|1.000000
3.552163848e+06|1.347714328e+11|1.409658256e+11|1.467296532e+11|1.000000|1.000000|1.000000
3.559412006e+06|1.340171262e+11|1.402603031e+11|1.460610673e+11|1.000000|1.000000|1.000000
3.567560153e+06|1.331691587e+11|1.394671774e+11|1.453094644e+11|1.000000|1.000000|1.000000
3.576690439e+06|1.322189814e+11|1.385784520e+11|1.444672668e+11|1.000000|1.000000|1.000000
3.585306669e+06|1.313223012e+11|1.377397639e+11|1.436724870e+11|1.000000|1.000000|1.000000
3.594031294e+06|1.304143404e+11|1.368905248e+11|1.428677084e+11|1.000000|1.000000|1.000000
3.604710723e+06|1.293029457e+11|1.358510087e+11|1.418826146e+11|1.000000|1.000000|1.000000
3.616149529e+06|1.279221493e+11|1.347375762e+11|1.408274740e+11|2.000000|1.000000|1.000000
3.631561041e+06|1.272467658e+11|1.332374478e+11|1.394058825e+11|2.000000|1.000000|1.000000
3.648156997e+06|1.265194761e+11|1.316220277e+11|1.378750352e+11|2.000000|1.000000|1.000000
3.665288312e+06|1.257687251e+11|1.299544968e+11|1.362948053e+11|2.000000|1.000000|1.000000
3.680964672e+06|1.250817351e+11|1.284285884e+11|1.348487835e+11|2.000000|1.000000|1.000000
3.695367688e+06|1.244505473e+11|1.270266252e+11|1.335202178e+11|2.000000|1.000000|1.000000
3.706333358e+06|1.239699953e+11|1.259592469e+11|1.325087204e+11|2.000000|1.000000|1.000000
3.716912007e+06|1.235064039e+11|1.249295405e+11|1.315329227e+11|2.000000|1.000000|1.000000
3.725373619e+06|1.231355880e+11|1.241059026e+11|1.307524050e+11|2.000000|1.000000|1.000000
3.733795709e+06|1.227665042e+11|1.232326223e+11|1.299755331e+11|2.000000|2.000000|1.000000
3.741790136e+06|1.224161619e+11|1.228880083e+11|1.292381096e+11|2.000000|2.000000|1.000000
3.749516660e+06|1.220775600e+11|1.225549428e+11|1.285253981e+11|2.000000|2.000000|1.000000
3.758229744e+06|1.216957239e+11|1.221793498e+11|1.277216842e+11|2.000000|2.000000|1.000000
3.767378648e+06|1.212947886e+11|1.217849700e+11|1.268777693e+11|2.000000|2.000000|1.000000
3.779366201e+06|1.207694543e+11|1.212682252e+11|1.257720112e+11|2.000000|2.000000|1.000000
3.796199887e+06|1.200317465e+11|1.205425792e+11|1.242192352e+11|2.000000|2.000000|1.000000
3.815619204e+06|1.191807277e+11|1.197054749e+11|1.224279549e+11|2.000000|2.000000|1.000000
3.838475764e+06|1.181790776e+11|1.187202023e+11|1.194070168e+11|2.000000|2.000000|2.000000
3.863154757e+06|1.170975624e+11|1.176563703e+11|1.183606549e+11|2.000000|2.000000|2.000000
3.892239630e+06|1.158229670e+11|1.164026151e+11|1.171274887e+11|2.000000|2.000000|2.000000
3.910052203e+06|1.150423611e+11|1.156347724e+11|1.163722555e+11|2.000000|2.000000|2.000000
3.920751647e+06|1.145734760e+11|1.151735539e+11|1.159186110e+11|2.000000|2.000000|2.000000
3.931361203e+06|1.141085301e+11|1.147162101e+11|1.154687776e+11|2.000000|2.000000|2.000000
3.941102043e+06|1.136816543e+11|1.142963138e+11|1.150557768e+11|2.000000|2.000000|2.000000
3.950053062e+06|1.132893910e+11|1.139104643e+11|1.146762636e+11|2.000000|2.000000|2.000000
3.959102207e+06|1.128928275e+11|1.135203847e+11|1.142925899e+11|2.000000|2.000000|2.000000
3.970863849e+06|1.123773934e+11|1.130133782e+11|1.137939095e+11|2.000000|2.000000|2.000000
3.985855495e+06|1.117204099e+11|1.123671366e+11|1.131582803e+11|2.000000|2.000000|2.000000
4.007036381e+06|1.107921933e+11|1.114540969e+11|1.122602344e+11|2.000000|2.000000|2.000000
4.029268147e+06|1.098179237e+11|1.104957570e+11|1.113176323e+11|2.000000|2.000000|2.000000
4.054797259e+06|1.086991535e+11|1.093952792e+11|1.102352264e+11|2.000000|2.000000|2.000000
4.081497315e+06|1.075290687e+11|1.082443257e+11|1.091031737e+11|2.000000|2.000000|2.000000
4.104401842e+06|1.065253165e+11|1.072569854e+11|1.081320473e+11|2.000000|2.000000|2.000000
4.118618388e+06|1.059023004e+11|1.066441559e+11|1.075292816e+11|2.000000|2.000000|2.000000
4.130843091e+06|1.053665734e+11|1.061171883e+11|1.070109678e+11|2.000000|2.000000|2.000000
4.142504740e+06|1.048555214e+11|1.056144921e+11|1.065165269e+11|2.000000|2.000000|2.000000
4.153068914e+06|1.043925643e+11|1.051591046e+11|1.060686177e+11|2.000000|2.000000|2.000000
4.164143538e+06|1.039072376e+11|1.046817133e+11|1.055990660e+11|2.000000|2.000000|2.000000
4.176526312e+06|1.033645834e+11|1.041479317e+11|1.050740501e+11|2.000000|2.000000|2.000000
4.191174320e+06|1.027226592e+11|1.035165033e+11|1.044529909e+11|2.000000|2.000000|2.000000
4.207734455e+06|1.019969393e+11|1.028026492e+11|1.037508596e+11|2.000000|2.000000|2.000000
4.229341068e+06|1.010500660e+11|1.018712577e+11|1.028347633e+11|2.000000|2.000000|2.000000
4.254809877e+06|9.993393842e+10|1.007733793e+11|1.017549142e+11|2.000000|2.000000|2.000000
4.277760473e+06|9.892816735e+10|9.978405305e+10|1.007818345e+11|2.000000|2.000000|2.000000
4.297260945e+06|9.807359209e+10|9.894345047e+10|9.995503622e+10|2.000000|2.000000|2.000000
4.310101320e+06|9.751088436e+10|9.838994327e+10|9.941061864e+10|2.000000|2.000000|2.000000
4.320804296e+06|9.704184453e+10|9.792857245e+10|9.895682439e+10|2.000000|2.000000|2.000000
4.333304614e+06|9.649403919e+10|9.738972397e+10|9.842682481e+10|2.000000|2.000000|2.000000
4.345310522e+06|9.596790056e+10|9.687218794e+10|9.791778769e+10|2.000000|2.000000|2.000000
4.358381488e+06|9.539508755e+10|9.630874069e+10|9.736359329e+10|2.000000|2.000000|2.000000
4.373901215e+06|9.471496175e+10|9.563973525e+10|9.670557418e+10|2.000000|2.000000|2.000000
4.390283145e+06|9.399705134e+10|9.493356300e+10|9.601099860e+10|2.000000|2.000000|2.000000
4.406149828e+06|9.330172073e+10|9.424960135e+10|9.533826888e+10|2.000000|2.000000|2.000000
4.425389704e+06|9.245856569e+10|9.342023228e+10|9.452251960e+10|2.000000|2.000000|2.000000
4.447263831e+06|9.149996903e+10|9.247730911e+10|9.359508099e+10|2.000000|2.000000|2.000000
4.470451644e+06|9.048380227e+10|9.147775714e+10|9.261194353e+10|2.000000|2.000000|2.000000
4.488688382e+06|8.968460807e+10|9.069163011e+10|9.183872618e+10|2.000000|2.000000|2.000000
4.502346327e+06|8.908607168e+10|9.010288007e+10|9.125964451e+10|2.000000|2.000000|2.000000
4.514310072e+06|8.856178080e+10|8.958716157e+10|9.075239508e+10|2.000000|2.000000|2.000000
4.526055171e+06|8.804707166e+10|8.908086816e+10|9.025441596e+10|2.000000|2.000000|2.000000
4.537673757e+06|8.753790673e+10|8.858002831e+10|8.976180083e+10|2.000000|2.000000|2.000000
4.549721729e+06|8.700992473e+10|8.806067905e+10|8.925098026e+10|2.000000|2.000000|2.000000
4.565054409e+06|8.633799594e+10|8.739973660e+10|8.860089172e+10|2.000000|2.000000|2.000000
4.582298037e+06|8.558232306e+10|8.665641932e+10|8.786978109e+10|2.000000|2.000000|2.000000
4.599498631e+06|8.482853609e+10|8.591495709e+10|8.714049507e+10|2.000000|2.000000|2.000000
4.617921993e+06|8.402116339e+10|8.512078530e+10|8.635936507e+10|2.000000|2.000000|2.000000
4.636407599e+06|8.321106291e+10|8.432393033e+10|8.557559594e+10|2.000000|2.000000|2.000000
4.654839001e+06|8.240333787e+10|8.352941196e+10|8.479412505e+10|2.000000|2.000000|2.000000
4.672939227e+06|8.161012604e+10|8.274916950e+10|8.402669563e+10|2.000000|2.000000|2.000000
4.689280833e+06|8.089561775e+10|8.204515208e+10|8.333285293e+10|3.000000|3.000000|3.000000
4.701829796e+06|8.034709446e+10|8.150465106e+10|8.280012770e+10|3.000000|3.000000|3.000000
4.712975309e+06|7.986032018e+10|8.102478018e+10|8.232691050e+10|3.000000|3.000000|3.000000
4.725753660e+06|7.930273436e+10|8.047485513e+10|8.178432508e+10|3.000000|3.000000|3.000000
4.740829229e+06|7.864564905e+10|7.982646281e+10|8.114420008e+10|3.000000|3.000000|3.000000
4.754880290e+06|7.803399194e+10|7.922257572e+10|8.054764182e+10|3.000000|3.000000|3.000000
4.770225796e+06|7.736690003e+10|7.856360814e+10|7.989626908e+10|3.000000|3.000000|3.000000
4.785206027e+06|7.671666760e+10|7.792094728e+10|7.926061623e+10|3.000000|3.000000|3.000000
4.801708633e+06|7.600154797e+10|7.721376330e+10|7.856069526e+10|3.000000|3.000000|3.000000
4.819274503e+06|7.524181268e+10|7.646201472e+10|7.781615963e+10|3.000000|3.000000|3.000000
4.837246491e+06|7.446616532e+10|7.569405509e+10|7.705503651e+10|3.000000|3.000000|3.000000
4.859327326e+06|7.351561772e+10|7.475229463e+10|7.612093800e+10|3.000000|3.000000|3.000000
4.876681440e+06|7.277053930e+10|7.401362180e+10|7.538772745e+10|3.000000|3.000000|3.000000
4.887905851e+06|7.228960980e+10|7.353660434e+10|7.491398524e+10|3.000000|3.000000|3.000000
4.898818178e+06|7.182281367e+10|7.307343963e+10|7.445381334e+10|3.000000|3.000000|3.000000
4.911666370e+06|7.127419796e+10|7.252888470e+10|7.391254326e+10|3.000000|3.000000|3.000000
4.925196817e+06|7.069764331e+10|7.195635817e+10|7.334320041e+10|3.000000|3.000000|3.000000
4.938975437e+06|7.011181068e+10|7.137436908e+10|7.276416696e+10|3.000000|3.000000|3.000000
4.955105782e+06|6.942770511e+10|7.069443615e+10|7.208733262e+10|3.000000|3.000000|3.000000
4.971931801e+06|6.871613345e+10|6.998684692e+10|7.138256708e+10|3.000000|3.000000|3.000000
4.985436361e+06|6.814657881e+10|6.942021918e+10|7.081790898e+10|3.000000|3.000000|3.000000
5.001860638e+06|6.745580451e+10|6.873268615e+10|7.013242150e+10|3.000000|3.000000|3.000000
5.020055806e+06|6.669308218e+10|6.797315283e+10|6.937471387e+10|3.000000|3.000000|3.000000
5.039372879e+06|6.588633596e+10|6.716933829e+10|6.857234115e+10|3.000000|3.000000|3.000000
5.056652982e+06|6.516736343e+10|6.645259921e+10|6.785646757e+10|3.000000|3.000000|3.000000
5.074271799e+06|6.443700174e+10|6.572414330e+10|6.712849010e+10|3.000000|3.000000|3.000000
5.086969484e+06|6.391237181e+10|6.520065801e+10|6.660510133e+10|3.000000|3.000000|3.000000
5.097944435e+06|6.346011354e+10|6.474923680e+10|6.615359868e+10|3.000000|3.000000|3.000000
5.109864940e+06|6.297016554e+10|6.426003996e+10|6.566414260e+10|3.000000|3.000000|3.000000
5.122105017e+06|6.246848626e+10|6.375896282e+10|6.516261681e+10|3.000000|3.000000|3.000000
5.138080547e+06|6.181588082e+10|6.310688904e+10|6.450968379e+10|3.000000|3.000000|3.000000
5.153070653e+06|6.120581407e+10|6.249706329e+10|6.389877489e+10|3.000000|3.000000|3.000000
5.167523680e+06|6.061973846e+10|6.191098743e+10|6.331140551e+10|3.000000|3.000000|3.000000
5.182409421e+06|6.001834417e+10|6.130935791e+10|6.270819265e+10|3.000000|3.000000|3.000000
5.200148703e+06|5.930467102e+10|6.059509829e+10|6.199171994e+10|3.000000|3.000000|3.000000
5.217213724e+06|5.862126636e+10|5.991082092e+10|6.130498575e+10|3.000000|3.000000|3.000000
5.235377342e+06|5.789731535e+10|5.918561506e+10|6.057681963e+10|3.000000|3.000000|3.000000
5.253032971e+06|5.719708237e+10|5.848384647e+10|5.987184004e+10|3.000000|3.000000|3.000000
5.269738741e+06|5.653772674e+10|5.782275675e+10|5.920741623e+10|3.000000|3.000000|3.000000
5.282619513e+06|5.603149891e+10|5.731500858e+10|5.869690504e+10|3.000000|3.000000|3.000000
5.294510981e+06|5.556584272e+10|5.684780941e+10|5.822700913e+10|3.000000|3.000000|3.000000
5.307301384e+06|5.506681767e+10|5.634697750e+10|5.772312289e+10|3.000000|3.000000|3.000000
5.321897097e+06|5.449970409e+10|5.577761841e+10|5.715008720e+10|3.000000|3.000000|3.000000
5.335497860e+06|5.397352653e+10|5.524917510e+10|5.661803793e+10|3.000000|3.000000|3.000000
5.349757696e+06|5.342423796e+10|5.469733444e+10|5.606223380e+10|3.000000|3.000000|3.000000
5.364975771e+06|5.284076390e+10|5.411094092e+10|5.547140825e+10|3.000000|3.000000|3.000000
5.380559904e+06|5.224620550e+10|5.351318702e+10|5.486890395e+10|3.000000|3.000000|3.000000
5.397465678e+06|5.160464087e+10|5.286792497e+10|5.421825188e+10|3.000000|3.000000|3.000000
5.413666390e+06|5.099320799e+10|5.225272794e+10|5.359766391e+10|3.000000|3.000000|3.000000
5.429570105e+06|5.039623365e+10|5.165185243e+10|5.299128660e+10|3.000000|3.000000|3.000000
5.447203855e+06|4.973812508e+10|5.098918470e+10|5.232228175e+10|3.000000|3.000000|3.000000
5.465025313e+06|4.907712243e+10|5.032333026e+10|5.164977630e+10|3.000000|3.000000|3.000000
5.480426350e+06|4.850925834e+10|4.975108002e+10|5.107158401e+10|3.000000|3.000000|3.000000
5.493387971e+06|4.803377982e+10|4.927177402e+10|5.058714091e+10|3.000000|3.000000|3.000000
5.506829141e+06|4.754308423e+10|4.877698045e+10|5.008689157e+10|3.000000|3.000000|3.000000
5.519317660e+06|4.708934954e+10|4.831932266e+10|4.962404981e+10|3.000000|3.000000|3.000000
5.532874153e+06|4.659921009e+10|4.782480091e+10|4.912377821e+10|3.000000|3.000000|3.000000
5.548375196e+06|4.604184538e+10|4.726227049e+10|4.855452042e+10|3.000000|3.000000|3.000000
5.563629166e+06|4.549659765e+10|4.671178147e+10|4.799725611e+10|3.000000|3.000000|3.000000
5.579191309e+06|4.494366496e+10|4.615334372e+10|4.743175177e+10|3.000000|3.000000|3.000000
5.594689879e+06|4.439635931e+10|4.560040052e+10|4.687162000e+10|3.000000|3.000000|3.000000
5.613051807e+06|4.375232280e+10|4.494948959e+10|4.621200324e+10|3.000000|3.000000|3.000000
5.628181579e+06|4.322525176e+10|4.441659883e+10|4.567178947e+10|3.000000|3.000000|3.000000
5.645450454e+06|4.262766436e+10|4.381220172e+10|4.505887388e+10|3.000000|3.000000|3.000000
5.662599925e+06|4.203846103e+10|4.321606385e+10|4.445411275e+10|3.000000|3.000000|3.000000
5.679571767e+06|4.145956075e+10|4.263013666e+10|4.385949627e+10|3.000000|3.000000|3.000000
5.694115477e+06|4.096682799e+10|4.213125571e+10|4.335305013e+10|3.000000|3.000000|3.000000
5.706219792e+06|4.055910735e+10|4.171833109e+10|4.293374784e+10|3.000000|3.000000|3.000000
5.719695764e+06|4.010772546e+10|4.126106453e+10|4.246929631e+10|3.000000|3.000000|3.000000
5.733470386e+06|3.964912020e+10|4.079634729e+10|4.199714526e+10|3.000000|3.000000|3.000000
5.749378783e+06|3.912298805e+10|4.026303743e+10|4.145514072e+10|3.000000|3.000000|3.000000
5.765651577e+06|3.858872052e+10|3.972129930e+10|4.090439150e+10|3.000000|3.000000|3.000000
5.781343042e+06|3.807730833e+10|3.920256376e+10|4.037685843e+10|3.000000|3.000000|3.000000
5.797969765e+06|3.753947175e+10|3.865684286e+10|3.982170376e+10|3.000000|3.000000|3.000000
5.813805839e+06|3.703111008e+10|3.814085614e+10|3.929662884e+10|3.000000|3.000000|3.000000
5.830462970e+06|3.650051451e+10|3.760212212e+10|3.874823111e+10|3.000000|3.000000|3.000000
5.847050550e+06|3.597635304e+10|3.706973958e+10|3.820612320e+10|3.000000|3.000000|3.000000
5.862448624e+06|3.549356216e+10|3.657921627e+10|3.770648451e+10|3.000000|3.000000|3.000000
5.880594535e+06|3.492930864e+10|3.600572985e+10|3.712215265e+10|3.000000|3.000000|3.000000
5.899197637e+06|3.435612946e+10|3.542295445e+10|3.652814780e+10|3.000000|3.000000|3.000000
5.913636511e+06|3.391495946e+10|3.497424828e+10|3.607065220e+10|3.000000|3.000000|3.000000
5.926108733e+06|3.353649363e+10|3.458921284e+10|3.567797492e+10|3.000000|3.000000|3.000000
5.940354981e+06|3.310716810e+10|3.415231731e+10|3.523229664e+10|3.000000|3.000000|3.000000
5.955945285e+06|3.264097960e+10|3.367776655e+10|3.474807142e+10|3.000000|3.000000|3.000000
5.972956009e+06|3.213666978e+10|3.316424282e+10|3.422392028e+10|3.000000|3.000000|3.000000
5.991739349e+06|3.158509897e+10|3.260239346e+10|3.365025418e+10|3.000000|3.000000|3.000000
6.009099464e+06|3.108027141e+10|3.208797277e+10|3.312484029e+10|3.000000|3.000000|3.000000
6.024966371e+06|3.062303496e+10|3.162189322e+10|3.264865652e+10|3.000000|3.000000|3.000000
6.040732012e+06|3.017266811e+10|3.116267164e+10|3.217934494e+10|3.000000|3.000000|3.000000
6.056199565e+06|2.973465104e+10|3.071590403e+10|3.172263244e+10|3.000000|3.000000|3.000000
6.070710047e+06|2.932719475e+10|3.030018410e+10|3.129754448e+10|3.000000|3.000000|3.000000
6.091477272e+06|2.874988129e+10|2.971095630e+10|3.069484921e+10|3.000000|3.000000|3.000000
6.111554175e+06|2.819829694e+10|2.914776100e+10|3.011857267e+10|3.000000|3.000000|3.000000
6.128480698e+06|2.773826585e+10|2.867787426e+10|2.963761496e+10|3.000000|3.000000|3.000000
6.144607287e+06|2.730423599e+10|2.823440105e+10|2.918356141e+10|3.000000|3.000000|3.000000
6.160981023e+06|2.686781140e+10|2.778833792e+10|2.872672648e+10|3.000000|3.000000|3.000000
6.175557308e+06|2.648290708e+10|2.739481274e+10|2.832358966e+10|3.000000|3.000000|3.000000
6.191917249e+06|2.605495644e+10|2.695714361e+10|2.787511056e+10|3.000000|3.000000|3.000000
6.211424415e+06|2.555028461e+10|2.644082850e+10|2.734587934e+10|3.000000|3.000000|3.000000
6.229225912e+06|2.509506238e+10|2.597493245e+10|2.686817541e+10|3.000000|3.000000|3.000000
6.246865564e+06|2.464898878e+10|2.551823997e+10|2.639976639e+10|3.000000|3.000000|3.000000
6.267607311e+06|2.413084788e+10|2.498756382e+10|2.585529780e+10|3.000000|3.000000|3.000000
6.287253359e+06|2.364643371e+10|2.449123253e+10|2.534589231e+10|3.000000|3.000000|3.000000
6.304647464e+06|2.322270375e+10|2.405691947e+10|2.489999928e+10|3.000000|3.000000|3.000000
6.324543687e+06|2.274395625e+10|2.356603392e+10|2.439586735e+10|3.000000|3.000000|3.000000
6.343201608e+06|2.230075460e+10|2.311142205e+10|2.392883704e+10|3.000000|3.000000|3.000000
6.362930678e+06|2.183815534e+10|2.263673269e+10|2.344102452e+10|3.000000|3.000000|3.000000
6.383074439e+06|2.137223674e+10|2.215844811e+10|2.294935429e+10|3.000000|3.000000|3.000000
6.403079002e+06|2.091593167e+10|2.168984528e+10|2.246747638e+10|3.000000|3.000000|3.000000
6.419612768e+06|2.054359720e+10|2.130733693e+10|2.207401305e+10|3.000000|3.000000|3.000000
6.439376217e+06|2.010422267e+10|2.085579328e+10|2.160939830e+10|3.000000|3.000000|3.000000
6.461170136e+06|1.962687806e+10|2.036502409e+10|2.110425002e+10|3.000000|3.000000|3.000000
6.481235552e+06|1.919402635e+10|1.991981230e+10|2.064583660e+10|3.000000|3.000000|3.000000
6.502755336e+06|1.873685051e+10|1.944938523e+10|2.016129550e+10|3.000000|3.000000|3.000000
6.522849926e+06|1.831652090e+10|1.901669083e+10|1.971546780e+10|3.000000|3.000000|3.000000
6.545572666e+06|1.784883548e+10|1.853503903e+10|1.921902379e+10|3.000000|3.000000|3.000000
6.568457814e+06|1.738595239e+10|1.805811215e+10|1.872726769e+10|3.000000|3.000000|3.000000
6.589121049e+06|1.697500665e+10|1.763451032e+10|1.829034043e+10|3.000000|3.000000|3.000000
6.610838491e+06|1.655022330e+10|1.719645473e+10|1.783834974e+10|3.000000|3.000000|3.000000
6.634344478e+06|1.609865545e+10|1.673056122e+10|1.735745991e+10|3.000000|3.000000|3.000000
6.657279632e+06|1.566623148e+10|1.628420477e+10|1.689656327e+10|3.000000|3.000000|3.000000
6.681558124e+06|1.521723704e+10|1.582051665e+10|1.641758815e+10|3.000000|3.000000|3.000000
6.705982691e+06|1.477458077e+10|1.536314151e+10|1.594494877e+10|3.000000|3.000000|3.000000
6.727864263e+06|1.438566996e+10|1.496110329e+10|1.552933817e+10|3.000000|3.000000|3.000000
6.750332150e+06|1.399382688e+10|1.455584391e+10|1.511024816e+10|3.000000|3.000000|3.000000
6.772854004e+06|1.360861430e+10|1.415725142e+10|1.469790337e+10|3.000000|3.000000|3.000000
6.797396309e+06|1.319742234e+10|1.373156285e+10|1.425736090e+10|3.000000|3.000000|3.000000
6.822526156e+06|1.278559511e+10|1.330498828e+10|1.381572506e+10|3.000000|3.000000|3.000000
6.849327216e+06|1.235657224e+10|1.286035159e+10|1.335519692e+10|3.000000|3.000000|3.000000
6.880295313e+06|1.187383655e+10|1.235973060e+10|1.283644232e+10|3.000000|3.000000|3.000000
6.909898818e+06|1.142527477e+10|1.189423766e+10|1.235385238e+10|3.000000|3.000000|3.000000
6.932808157e+06|1.108672250e+10|1.154270016e+10|1.198924853e+10|3.000000|3.000000|3.000000
6.960241063e+06|1.069107817e+10|1.113164762e+10|1.156274391e+10|3.000000|3.000000|3.000000
6.986757391e+06|1.031866768e+10|1.074449591e+10|1.116086282e+10|3.000000|3.000000|3.000000
7.016558772e+06|9.911749008e+09|1.032119588e+10|1.072125712e+10|3.000000|3.000000|3.000000
7.045342889e+06|9.530278293e+09|9.924097477e+09|1.030866544e+10|3.000000|3.000000|3.000000
7.073895154e+06|9.162971613e+09|9.541484981e+09|9.910938572e+09|3.000000|3.000000|3.000000
7.104572886e+06|8.780484479e+09|9.142777957e+09|9.496280224e+09|3.000000|3.000000|3.000000
7.133569687e+06|8.430392266e+09|8.777576297e+09|9.116281208e+09|3.000000|3.000000|3.000000
7.163409133e+06|8.081578058e+09|8.413445574e+09|8.737212492e+09|3.000000|3.000000|3.000000
7.197156926e+06|7.700876593e+09|8.015713606e+09|8.322945968e+09|3.000000|3.000000|3.000000
7.236181341e+06|7.278617692e+09|7.574160036e+09|7.862757576e+09|3.000000|3.000000|3.000000
7.269402306e+06|6.934074639e+09|7.213538542e+09|7.486689244e+09|3.000000|3.000000|3.000000
7.301267387e+06|6.616258177e+09|6.880607614e+09|7.139307357e+09|3.000000|3.000000|3.000000
7.337369831e+06|6.270894389e+09|6.518492285e+09|6.761257276e+09|3.000000|3.000000|3.000000
7.374061506e+06|5.935603865e+09|6.166591886e+09|6.393644235e+09|3.000000|3.000000|3.000000
7.418327951e+06|5.551703397e+09|5.763222460e+09|5.971972686e+09|3.000000|3.000000|3.000000
7.459973561e+06|5.210606551e+09|5.404390938e+09|5.596582394e+09|3.000000|3.000000|3.000000
7.497536793e+06|4.919213906e+09|5.097495497e+09|5.275304585e+09|3.000000|3.000000|3.000000
7.542415349e+06|4.590761081e+09|4.751145432e+09|4.912463628e+09|3.000000|3.000000|3.000000
7.592511007e+06|4.248688084e+09|4.389911725e+09|4.533716857e+09|3.000000|3.000000|3.000000
7.650370523e+06|3.884687018e+09|4.004871518e+09|4.129628387e+09|3.000000|3.000000|3.000000
7.708533436e+06|3.550980558e+09|3.651212902e+09|3.758096838e+09|3.000000|3.000000|3.000000
7.764338577e+06|3.259788009e+09|3.342020331e+09|3.432955797e+09|3.000000|3.000000|3.000000
7.832204710e+06|2.941985498e+09|3.003852457e+09|3.076968508e+09|3.000000|3.000000|3.000000
7.905443480e+06|2.641154897e+09|2.682936954e+09|2.738746585e+09|3.000000|3.000000|3.000000
7.983939918e+06|2.363924527e+09|2.386371716e+09|2.425819189e+09|3.000000|3.000000|3.000000
8.079521654e+06|2.084177442e+09|2.086144414e+09|2.108659975e+09|3.000000|3.000000|3.000000
8.184173179e+06|1.843163136e+09|1.826541705e+09|1.834174091e+09|3.000000|3.000000|3.000000
8.308377648e+06|1.633815853e+09|1.600258395e+09|1.594970250e+09|3.000000|3.000000|3.000000
8.427500116e+06|1.498453564e+09|1.453747018e+09|1.440626746e+09|3.000000|3.000000|3.000000
8.606152373e+06|1.387791601e+09|1.335296660e+09|1.318083190e+09|3.000000|3.000000|3.000000
8.814592444e+06|1.350705772e+09|1.301662974e+09|1.289795176e+09|3.000000|3.000000|3.000000
9.080233775e+06|1.358638680e+09|1.330966348e+09|1.338359576e+09|3.000000|3.000000|3.000000
9.430441911e+06|1.303604048e+09|1.326102197e+09|1.372284926e+09|3.000000|3.000000|3.000000
9.939904338e+06|8.025427418e+08|9.185756732e+08|1.025565881e+09|3.000000|3.000000|3.000000
1.076528960e+07|-9.781051574e+08|-7.683630881e+08|-6.296922614e+08|3.000000|3.000000|3.000000
1.171783438e+07|1.865615757e+08|1.581275696e+08|1.400353298e+08|3.000000|3.000000|3.000000
