#RRR|U50|U25|U75|Umean|T50|T25|T75|Tmean|P50|P25|P75|Pmean|rho50|rho25|rho75|Pmean|S
3.241605586e+05|9.771565820e+06|9.800367941e+06|9.829064172e+06|9.803580151e+06|6.484786309e+03|6.491887236e+03|6.498949054e+03|6.492658316e+03|4.283539211e+11|4.298566026e+11|4.313535175e+11|4.300246143e+11|1.293211963e+04|1.294336182e+04|1.295452637e+04|1.294458105e+04|1.853344679e+03
4.921507734e+05|9.716393819e+06|9.739632122e+06|9.759127980e+06|9.740932194e+06|6.471139138e+03|6.476894143e+03|6.481715679e+03|6.477192323e+03|4.254781744e+11|4.266891553e+11|4.277050148e+11|4.267576890e+11|1.291055933e+04|1.291964893e+04|1.292726831e+04|1.292012598e+04|1.853344679e+03
5.853536260e+05|9.676951368e+06|9.694449969e+06|9.713769313e+06|9.700957247e+06|6.461350064e+03|6.465696766e+03|6.470488573e+03|6.467293270e+03|4.234226821e+11|4.243345159e+11|4.253414007e+11|4.246741349e+11|1.289508740e+04|1.290194971e+04|1.290953076e+04|1.290448242e+04|1.853344679e+03
6.543104540e+05|9.633068612e+06|9.651550855e+06|9.683594543e+06|9.656556137e+06|6.450417754e+03|6.455025952e+03|6.463001615e+03|6.456255824e+03|4.211377716e+11|4.221001989e+11|4.237687054e+11|4.223612832e+11|1.287783569e+04|1.288510938e+04|1.289769312e+04|1.288705273e+04|1.853344679e+03
7.138408430e+05|9.600216108e+06|9.616147273e+06|9.633263552e+06|9.617083118e+06|6.442212420e+03|6.446193871e+03|6.450466388e+03|6.446413230e+03|4.194271222e+11|4.202565837e+11|4.211479214e+11|4.203058819e+11|1.286488428e+04|1.287117139e+04|1.287790894e+04|1.287152148e+04|1.853344679e+03
7.608207907e+05|9.571110774e+06|9.588010138e+06|9.614870811e+06|9.594402554e+06|6.434923828e+03|6.439157480e+03|6.445875053e+03|6.440731318e+03|4.179133883e+11|4.187923135e+11|4.201900985e+11|4.191259316e+11|1.285339600e+04|1.286007080e+04|1.287066333e+04|1.286256152e+04|1.853344679e+03
8.072932620e+05|9.543771661e+06|9.557710378e+06|9.588422044e+06|9.568874918e+06|6.428064876e+03|6.431563399e+03|6.439260595e+03|6.434345863e+03|4.164913348e+11|4.172164150e+11|4.188137339e+11|4.177975428e+11|1.284258008e+04|1.284810352e+04|1.286023120e+04|1.285249121e+04|1.853344679e+03
8.504802514e+05|9.509649356e+06|9.525823127e+06|9.554566343e+06|9.533681603e+06|6.419481504e+03|6.423555169e+03|6.430774555e+03|6.425507139e+03|4.147171118e+11|4.155576187e+11|4.170528732e+11|4.159671881e+11|1.282905859e+04|1.283547559e+04|1.284685474e+04|1.283855957e+04|1.853344679e+03
8.917648351e+05|9.472344242e+06|9.487162573e+06|9.512541201e+06|9.494884251e+06|6.410068485e+03|6.413810295e+03|6.420210202e+03|6.415730178e+03|4.127781997e+11|4.135484145e+11|4.148674028e+11|4.139504595e+11|1.281424536e+04|1.282013330e+04|1.283021338e+04|1.282316406e+04|1.853344679e+03
9.291329743e+05|9.439353413e+06|9.461890082e+06|9.488970428e+06|9.469258313e+06|6.401723356e+03|6.407426471e+03|6.414266535e+03|6.409261974e+03|4.110638698e+11|4.122347597e+11|4.136423828e+11|4.126186043e+11|1.280110278e+04|1.281008398e+04|1.282085132e+04|1.281297852e+04|1.853344679e+03
9.676775281e+05|9.409328570e+06|9.429046214e+06|9.451393814e+06|9.435373005e+06|6.394109089e+03|6.399111175e+03|6.404771975e+03|6.400683662e+03|4.095052550e+11|4.105288628e+11|4.116891455e+11|4.108584597e+11|1.278913550e+04|1.279699951e+04|1.280589990e+04|1.279948145e+04|1.853344679e+03
1.004324470e+06|9.377640742e+06|9.394348205e+06|9.427332113e+06|9.398558945e+06|6.386056566e+03|6.390304387e+03|6.398676573e+03|6.391342092e+03|4.078600263e+11|4.087274796e+11|4.104398850e+11|4.089469474e+11|1.277646558e+04|1.278314795e+04|1.279631982e+04|1.278478906e+04|1.853344679e+03
1.037319000e+06|9.345857674e+06|9.369871880e+06|9.396544588e+06|9.370178629e+06|6.377953819e+03|6.384079390e+03|6.390862453e+03|6.384116424e+03|4.062110213e+11|4.074566561e+11|4.088415291e+11|4.074739825e+11|1.276373145e+04|1.277335352e+04|1.278402100e+04|1.277342969e+04|1.853344679e+03
1.069452891e+06|9.320860141e+06|9.343596112e+06|9.362151721e+06|9.342526072e+06|6.371566985e+03|6.377376448e+03|6.382111199e+03|6.377075570e+03|4.049142113e+11|4.060937152e+11|4.070562546e+11|4.060388545e+11|1.275370923e+04|1.276283008e+04|1.277026978e+04|1.276236328e+04|1.853344679e+03
1.105710910e+06|9.284790978e+06|9.302756550e+06|9.331213415e+06|9.309273197e+06|6.362330715e+03|6.366934832e+03|6.374213518e+03|6.368576184e+03|4.030434118e+11|4.039749057e+11|4.054513177e+11|4.043139135e+11|1.273919556e+04|1.274642529e+04|1.275786694e+04|1.274901270e+04|1.853344679e+03
1.139533809e+06|9.260140770e+06|9.274538490e+06|9.308371395e+06|9.279349560e+06|6.356002315e+03|6.359699891e+03|6.368372102e+03|6.360902833e+03|4.017661709e+11|4.025122444e+11|4.042662223e+11|4.027626268e+11|1.272927417e+04|1.273507227e+04|1.274868408e+04|1.273696875e+04|1.853344679e+03
1.166567686e+06|9.218880162e+06|9.245419717e+06|9.286693361e+06|9.248559744e+06|6.345385930e+03|6.352217970e+03|6.362818671e+03|6.352989757e+03|3.996278330e+11|4.010033110e+11|4.031419918e+11|4.011669576e+11|1.271261597e+04|1.272333154e+04|1.273996094e+04|1.272455371e+04|1.853344679e+03
1.194283610e+06|9.174652023e+06|9.211699281e+06|9.251991527e+06|9.215067823e+06|6.333958533e+03|6.343533161e+03|6.353907812e+03|6.344349240e+03|3.973378892e+11|3.992560658e+11|4.013438980e+11|3.994321649e+11|1.269470190e+04|1.270970752e+04|1.272598730e+04|1.271100488e+04|1.853344679e+03
1.226733419e+06|9.156720569e+06|9.178981713e+06|9.205961191e+06|9.180258541e+06|6.329315584e+03|6.335078757e+03|6.342051764e+03|6.335370966e+03|3.964093208e+11|3.975620733e+11|3.989589937e+11|3.976291821e+11|1.268742676e+04|1.269646045e+04|1.270738403e+04|1.269692871e+04|1.853344679e+03
1.256960412e+06|9.120868147e+06|9.150860388e+06|9.166349231e+06|9.150214103e+06|6.320010566e+03|6.327796989e+03|6.331809418e+03|6.327597432e+03|3.945541345e+11|3.961058718e+11|3.969079831e+11|3.960735766e+11|1.267285791e+04|1.268504443e+04|1.269134155e+04|1.268474512e+04|1.853344679e+03
1.284214592e+06|9.099519410e+06|9.120623028e+06|9.141373534e+06|9.119714764e+06|6.314456987e+03|6.319946855e+03|6.325337075e+03|6.319678205e+03|3.934498991e+11|3.945414565e+11|3.956146377e+11|3.944953980e+11|1.266416187e+04|1.267275537e+04|1.268118750e+04|1.267234473e+04|1.853344679e+03
1.309624504e+06|9.036737783e+06|9.085134638e+06|9.110009618e+06|9.082536533e+06|6.298068685e+03|6.310710401e+03|6.317186866e+03|6.309988672e+03|3.902038293e+11|3.927057895e+11|3.939924839e+11|3.925726713e+11|1.263852124e+04|1.265829932e+04|1.266843481e+04|1.265718164e+04|1.853344679e+03
1.337004649e+06|9.034647008e+06|9.061681862e+06|9.088338356e+06|9.065059222e+06|6.297521336e+03|6.304592509e+03|6.311545142e+03|6.305419971e+03|3.900957728e+11|3.914928143e+11|3.928715018e+11|3.916692050e+11|1.263767432e+04|1.264872070e+04|1.265961011e+04|1.265003613e+04|1.853344679e+03
1.363506498e+06|9.001456115e+06|9.029443789e+06|9.050392084e+06|9.025818020e+06|6.288821959e+03|6.296158906e+03|6.301641198e+03|6.295157610e+03|3.883803311e+11|3.898268390e+11|3.909093962e+11|3.896408255e+11|1.262406934e+04|1.263554297e+04|1.264411426e+04|1.263398730e+04|1.853344679e+03
1.391900369e+06|8.980677883e+06|9.003774105e+06|9.026369268e+06|9.004061330e+06|6.283362829e+03|6.289430158e+03|6.295353570e+03|6.289472543e+03|3.873070433e+11|3.885001298e+11|3.896679551e+11|3.885159922e+11|1.261554150e+04|1.262501953e+04|1.263427588e+04|1.262509375e+04|1.853344679e+03
1.416949817e+06|8.931641417e+06|8.967278311e+06|8.992571256e+06|8.962816836e+06|6.270441716e+03|6.279836424e+03|6.286489804e+03|6.278625028e+03|3.847752784e+11|3.866152715e+11|3.879210788e+11|3.863858811e+11|1.259535498e+04|1.261002979e+04|1.262041699e+04|1.260814844e+04|1.853344679e+03
1.440532331e+06|8.898351481e+06|8.933440596e+06|8.968207064e+06|8.932845119e+06|6.261639356e+03|6.270916591e+03|6.280080954e+03|6.270723389e+03|3.830573767e+11|3.848681846e+11|3.866632272e+11|3.848384755e+11|1.258162183e+04|1.259609814e+04|1.261041309e+04|1.259580859e+04|1.853344679e+03
1.463312669e+06|8.898293396e+06|8.920540700e+06|8.952679409e+06|8.924721733e+06|6.261623970e+03|6.267510547e+03|6.275990644e+03|6.268573565e+03|3.830543811e+11|3.842020094e+11|3.858615674e+11|3.844192991e+11|1.258159375e+04|1.259077881e+04|1.260402393e+04|1.259245508e+04|1.853344679e+03
1.490632999e+06|8.833750393e+06|8.877808442e+06|8.907128698e+06|8.877870504e+06|6.244488120e+03|6.256194611e+03|6.263963278e+03|6.256172141e+03|3.797254272e+11|3.819977603e+11|3.835100859e+11|3.820019235e+11|1.255487036e+04|1.257313086e+04|1.258524805e+04|1.257310547e+04|1.853344679e+03
1.515508933e+06|8.814609099e+06|8.838332874e+06|8.863350915e+06|8.837224123e+06|6.239385940e+03|6.245708574e+03|6.252358065e+03|6.245383524e+03|3.787390290e+11|3.799615261e+11|3.812519769e+11|3.799054288e+11|1.254691968e+04|1.255677441e+04|1.256714429e+04|1.255627734e+04|1.853344679e+03
1.540774879e+06|8.784044802e+06|8.812356047e+06|8.842679238e+06|8.810775343e+06|6.231224594e+03|6.238784936e+03|6.246865728e+03|6.238329623e+03|3.771637957e+11|3.786229334e+11|3.801855209e+11|3.785422972e+11|1.253421143e+04|1.254598877e+04|1.255857495e+04|1.254528613e+04|1.853344679e+03
1.563004831e+06|8.737044958e+06|8.774164555e+06|8.791710132e+06|8.767615406e+06|6.218631942e+03|6.228582559e+03|6.233273052e+03|6.226793395e+03|3.747432484e+11|3.766544780e+11|3.775588717e+11|3.763184549e+11|1.251460742e+04|1.253009033e+04|1.253740259e+04|1.252731738e+04|1.853344679e+03
1.583697147e+06|8.715423543e+06|8.744382743e+06|8.777081647e+06|8.747377958e+06|6.212823025e+03|6.220601380e+03|6.229362789e+03|6.221366995e+03|3.736300307e+11|3.751210381e+11|3.768048410e+11|3.752762365e+11|1.250555981e+04|1.251767090e+04|1.253130518e+04|1.251887012e+04|1.853344679e+03
1.604963310e+06|8.690584975e+06|8.728785092e+06|8.748737014e+06|8.721845436e+06|6.206136994e+03|6.216413891e+03|6.221769544e+03|6.214509822e+03|3.723512839e+11|3.743180063e+11|3.753451880e+11|3.739616217e+11|1.249515601e+04|1.251115234e+04|1.251949023e+04|1.250820020e+04|1.853344679e+03
1.630642774e+06|8.671024512e+06|8.698341543e+06|8.719171830e+06|8.690296563e+06|6.200857306e+03|6.208227297e+03|6.213830710e+03|6.206023073e+03|3.713451442e+11|3.727504669e+11|3.738230513e+11|3.723375817e+11|1.248695654e+04|1.249841064e+04|1.250712842e+04|1.249499609e+04|1.853344679e+03
1.654341368e+06|8.624687664e+06|8.654331106e+06|8.678324973e+06|8.654151121e+06|6.188320835e+03|6.196345747e+03|6.202828730e+03|6.196269606e+03|3.689612527e+11|3.704863909e+11|3.717207024e+11|3.704777757e+11|1.246746460e+04|1.247994043e+04|1.249002026e+04|1.247983008e+04|1.853344679e+03
1.676455756e+06|8.581743959e+06|8.614605636e+06|8.644702594e+06|8.613001924e+06|6.176655884e+03|6.185585966e+03|6.193741051e+03|6.185124078e+03|3.667545052e+11|3.684430361e+11|3.699910528e+11|3.683616165e+11|1.244936108e+04|1.246322070e+04|1.247589087e+04|1.246251172e+04|1.853344679e+03
1.697889256e+06|8.566278763e+06|8.594147391e+06|8.623608443e+06|8.592913432e+06|6.172445917e+03|6.180028977e+03|6.188028348e+03|6.179669570e+03|3.659597101e+11|3.673918614e+11|3.689057263e+11|3.673289806e+11|1.244282373e+04|1.245459326e+04|1.246701733e+04|1.245404297e+04|1.853344679e+03
1.716848654e+06|8.527753650e+06|8.560690698e+06|8.592184365e+06|8.562240789e+06|6.161928865e+03|6.170923550e+03|6.179495348e+03|6.171290803e+03|3.639807736e+11|3.656725471e+11|3.672909784e+11|3.657535596e+11|1.242650342e+04|1.244045508e+04|1.245376733e+04|1.244104297e+04|1.853344679e+03
1.736195554e+06|8.499901167e+06|8.526307948e+06|8.555456473e+06|8.529012375e+06|6.154301633e+03|6.161533338e+03|6.169497027e+03|6.162239166e+03|3.625505396e+11|3.639065447e+11|3.654035287e+11|3.640461863e+11|1.241467456e+04|1.242588623e+04|1.243824048e+04|1.242699219e+04|1.853344679e+03
1.757247338e+06|8.465197798e+06|8.503473496e+06|8.529038952e+06|8.500426354e+06|6.144774088e+03|6.155280764e+03|6.162280469e+03|6.154400219e+03|3.607690185e+11|3.627339803e+11|3.640467742e+11|3.625787033e+11|1.239990991e+04|1.241619873e+04|1.242704932e+04|1.241483984e+04|1.853344679e+03
1.779084430e+06|8.445203119e+06|8.478158245e+06|8.513474285e+06|8.479911862e+06|6.139270739e+03|6.148336673e+03|6.158020491e+03|6.148767634e+03|3.597435233e+11|3.614338451e+11|3.632475659e+11|3.615257000e+11|1.239138354e+04|1.240541846e+04|1.242043970e+04|1.240610742e+04|1.853344679e+03
1.802740617e+06|8.400992313e+06|8.434186062e+06|8.465954412e+06|8.432215599e+06|6.127071809e+03|6.136234940e+03|6.144982182e+03|6.135653096e+03|3.574757982e+11|3.591784557e+11|3.608078155e+11|3.590781705e+11|1.237248901e+04|1.238668164e+04|1.240022461e+04|1.238578711e+04|1.853344679e+03
1.824472066e+06|8.364643078e+06|8.397182147e+06|8.416527921e+06|8.391368065e+06|6.116997881e+03|6.126017132e+03|6.131364019e+03|6.124372452e+03|3.556127837e+11|3.572805529e+11|3.582726323e+11|3.569833947e+11|1.235690332e+04|1.237085352e+04|1.237913599e+04|1.236832129e+04|1.853344679e+03
1.840963762e+06|8.333111755e+06|8.368150087e+06|8.398952757e+06|8.362403922e+06|6.108237137e+03|6.117971008e+03|6.126507268e+03|6.116335579e+03|3.539964260e+11|3.557925507e+11|3.573712862e+11|3.554989629e+11|1.234334595e+04|1.235840918e+04|1.237161279e+04|1.235588770e+04|1.853344679e+03
1.857821286e+06|8.303298717e+06|8.342872159e+06|8.368637484e+06|8.339337193e+06|6.099927317e+03|6.110951209e+03|6.118106230e+03|6.109922228e+03|3.524700863e+11|3.544967696e+11|3.558175372e+11|3.543170606e+11|1.233050195e+04|1.234754199e+04|1.235861987e+04|1.234596777e+04|1.853344679e+03
1.877939228e+06|8.285244183e+06|8.313477171e+06|8.349931040e+06|8.312010202e+06|6.094885912e+03|6.102766480e+03|6.112912820e+03|6.102312582e+03|3.515456415e+11|3.529912378e+11|3.548586535e+11|3.529172679e+11|1.232271582e+04|1.233489160e+04|1.235058667e+04|1.233420410e+04|1.853344679e+03
1.899270077e+06|8.255476612e+06|8.285550271e+06|8.308284027e+06|8.283926012e+06|6.086556512e+03|6.094971448e+03|6.101318186e+03|6.094481075e+03|3.500216674e+11|3.515613140e+11|3.527253387e+11|3.514789892e+11|1.230984595e+04|1.232284961e+04|1.233265283e+04|1.232209961e+04|1.853344679e+03
1.919103635e+06|8.208123296e+06|8.239702475e+06|8.269496479e+06|8.239254886e+06|6.073252859e+03|6.082130126e+03|6.090483085e+03|6.081959094e+03|3.475990878e+11|3.492147395e+11|3.507392579e+11|3.491928460e+11|1.228931592e+04|1.230301416e+04|1.231590869e+04|1.230276270e+04|1.853344679e+03
1.943045718e+06|8.173736375e+06|8.206113984e+06|8.227736350e+06|8.202077925e+06|6.063556868e+03|6.072687308e+03|6.078768776e+03|6.071516370e+03|3.458406970e+11|3.474962647e+11|3.486025580e+11|3.472907377e+11|1.227435522e+04|1.228843945e+04|1.229783057e+04|1.228664355e+04|1.853344679e+03
1.960224832e+06|8.147923166e+06|8.184563663e+06|8.211077369e+06|8.177439014e+06|6.056257633e+03|6.066614266e+03|6.074084190e+03|6.064569361e+03|3.445213778e+11|3.463939575e+11|3.477502544e+11|3.460307885e+11|1.226309961e+04|1.227906592e+04|1.229059888e+04|1.227592480e+04|1.853344679e+03
1.978117217e+06|8.124836485e+06|8.150476018e+06|8.174845336e+06|8.146738594e+06|6.049717240e+03|6.056980144e+03|6.063870132e+03|6.055888877e+03|3.433412354e+11|3.446518786e+11|3.458973708e+11|3.444615538e+11|1.225301392e+04|1.226421191e+04|1.227484009e+04|1.226254102e+04|1.853344679e+03
1.993196035e+06|8.083857969e+06|8.113630097e+06|8.150241547e+06|8.117887943e+06|6.038066541e+03|6.046535960e+03|6.056913776e+03|6.047696927e+03|3.412486222e+11|3.427688390e+11|3.446398920e+11|3.429877107e+11|1.223507959e+04|1.224811426e+04|1.226411206e+04|1.224991992e+04|1.853344679e+03
2.009707871e+06|8.064333785e+06|8.096025596e+06|8.131994342e+06|8.097269312e+06|6.032501921e+03|6.041530228e+03|6.051746265e+03|6.041848472e+03|3.402515445e+11|3.418699715e+11|3.437071871e+11|3.419342123e+11|1.222650830e+04|1.224041260e+04|1.225614380e+04|1.224090918e+04|1.853344679e+03
2.028449730e+06|8.029660692e+06|8.065123399e+06|8.093794268e+06|8.066271518e+06|6.022591319e+03|6.032727133e+03|6.040895310e+03|6.033002200e+03|3.384819124e+11|3.402918672e+11|3.417560361e+11|3.403517662e+11|1.221124951e+04|1.222685254e+04|1.223943066e+04|1.222728906e+04|1.853344679e+03
2.050361969e+06|7.992100382e+06|8.016476422e+06|8.050339157e+06|8.019662258e+06|6.011819682e+03|6.018813853e+03|6.028508092e+03|6.019694702e+03|3.365655122e+11|3.378092942e+11|3.395368070e+11|3.379724628e+11|1.219468530e+04|1.220544678e+04|1.222035815e+04|1.220680762e+04|1.853344679e+03
2.071778530e+06|7.954799720e+06|7.981848957e+06|8.020800518e+06|7.983114457e+06|6.001083136e+03|6.008874319e+03|6.020053189e+03|6.009190071e+03|3.346637875e+11|3.360423842e+11|3.380298960e+11|3.361084396e+11|1.217818628e+04|1.219015430e+04|1.220734766e+04|1.219065527e+04|1.853344679e+03
2.091630332e+06|7.935147766e+06|7.958392415e+06|7.989462292e+06|7.958600962e+06|5.995411960e+03|6.002118968e+03|6.011061949e+03|6.002136653e+03|3.336621206e+11|3.348468982e+11|3.364308747e+11|3.348584467e+11|1.216947070e+04|1.217977637e+04|1.219351880e+04|1.217981348e+04|1.853344679e+03
2.108816734e+06|7.890229615e+06|7.914317795e+06|7.959067846e+06|7.920035186e+06|5.982407679e+03|5.989391443e+03|6.002313677e+03|5.990988712e+03|3.313734237e+11|3.326002770e+11|3.348813212e+11|3.328930872e+11|1.214950415e+04|1.216022119e+04|1.218007568e+04|1.216269141e+04|1.853344679e+03
2.122737603e+06|7.854194222e+06|7.894120130e+06|7.925515846e+06|7.891754157e+06|5.971933186e+03|5.983536771e+03|5.992629288e+03|5.982800119e+03|3.295380425e+11|3.315715617e+11|3.331711237e+11|3.314521543e+11|1.213343164e+04|1.215124023e+04|1.216519946e+04|1.215011914e+04|1.853344679e+03
2.137185458e+06|7.828712776e+06|7.867432674e+06|7.903639800e+06|7.862866063e+06|5.964504778e+03|5.975784701e+03|5.986298091e+03|5.974402712e+03|3.282409840e+11|3.302123644e+11|3.320563426e+11|3.299810428e+11|1.212204053e+04|1.213934570e+04|1.215547412e+04|1.213723242e+04|1.853344679e+03
2.152510252e+06|7.811980451e+06|7.847482744e+06|7.890424878e+06|7.856039600e+06|5.959616513e+03|5.969979120e+03|5.982464332e+03|5.972423887e+03|3.273898127e+11|3.291961605e+11|3.313833674e+11|3.296332859e+11|1.211454712e+04|1.213043408e+04|1.214958936e+04|1.213419629e+04|1.853344679e+03
2.170311058e+06|7.777641217e+06|7.811748425e+06|7.855165189e+06|7.812149035e+06|5.949564183e+03|5.959548678e+03|5.972215856e+03|5.959615160e+03|3.256426590e+11|3.273780082e+11|3.295875090e+11|3.273994213e+11|1.209912964e+04|1.211443701e+04|1.213386694e+04|1.211455273e+04|1.853344679e+03
2.191621581e+06|7.738320829e+06|7.764820601e+06|7.797419841e+06|7.767640069e+06|5.938001711e+03|5.945799623e+03|5.955357416e+03|5.946584148e+03|3.236435120e+11|3.249907453e+11|3.266490291e+11|3.251350618e+11|1.208143433e+04|1.209336475e+04|1.210801514e+04|1.209458398e+04|1.853344679e+03
2.213894406e+06|7.703671376e+06|7.731706732e+06|7.761014738e+06|7.733792243e+06|5.927780359e+03|5.936052879e+03|5.944680705e+03|5.936631651e+03|3.218817785e+11|3.233072269e+11|3.247972713e+11|3.234139204e+11|1.206578247e+04|1.207845117e+04|1.209165747e+04|1.207934082e+04|1.853344679e+03
2.231272499e+06|7.664343779e+06|7.701692288e+06|7.735574854e+06|7.701132886e+06|5.916133801e+03|5.927195138e+03|5.937192749e+03|5.926991498e+03|3.198846673e+11|3.217812834e+11|3.235038969e+11|3.217541571e+11|1.204796997e+04|1.206488818e+04|1.208019165e+04|1.206458789e+04|1.853344679e+03
2.246196551e+06|7.653466979e+06|7.685966513e+06|7.725264259e+06|7.687557570e+06|5.912906180e+03|5.922541744e+03|5.934153593e+03|5.922976090e+03|3.193322375e+11|3.209827678e+11|3.229796664e+11|3.210644664e+11|1.204303223e+04|1.205777246e+04|1.207554175e+04|1.205844531e+04|1.853344679e+03
2.260538269e+06|7.604765498e+06|7.637807872e+06|7.670272888e+06|7.641482080e+06|5.898403244e+03|5.908254598e+03|5.917892008e+03|5.909301013e+03|3.168601021e+11|3.185368141e+11|3.201857895e+11|3.187245389e+11|1.202087817e+04|1.203592041e+04|1.205066235e+04|1.203753613e+04|1.853344679e+03
2.275680678e+06|7.594007022e+06|7.620380799e+06|7.654364635e+06|7.625461108e+06|5.895189927e+03|5.903062200e+03|5.913172707e+03|5.904530948e+03|3.163141075e+11|3.176525367e+11|3.193778288e+11|3.179112773e+11|1.201596704e+04|1.202799072e+04|1.204344653e+04|1.203024707e+04|1.853344679e+03
2.289423143e+06|7.573486920e+06|7.596574321e+06|7.630016348e+06|7.599390029e+06|5.889053278e+03|5.895956983e+03|5.905934115e+03|5.896757329e+03|3.152725801e+11|3.164443951e+11|3.181414969e+11|3.165880428e+11|1.200658887e+04|1.201714111e+04|1.203237598e+04|1.201837012e+04|1.853344679e+03
2.303132732e+06|7.532501121e+06|7.569550520e+06|7.595243490e+06|7.566777101e+06|5.876752483e+03|5.887874726e+03|5.895559377e+03|5.887009934e+03|3.131946466e+11|3.150728003e+11|3.163768572e+11|3.149332802e+11|1.198782739e+04|1.200479004e+04|1.201652881e+04|1.200348340e+04|1.853344679e+03
2.321024208e+06|7.497322937e+06|7.538035706e+06|7.576992819e+06|7.540617962e+06|5.866158183e+03|5.878416109e+03|5.890102463e+03|5.879147898e+03|3.114112987e+11|3.134752365e+11|3.154505289e+11|3.136069934e+11|1.197166211e+04|1.199036670e+04|1.200819043e+04|1.199149023e+04|1.853344679e+03
2.343359526e+06|7.458016279e+06|7.500791978e+06|7.520156472e+06|7.492902508e+06|5.854268942e+03|5.867205637e+03|5.873039128e+03|5.864773856e+03|3.094202455e+11|3.115869854e+11|3.125687532e+11|3.111884516e+11|1.195354785e+04|1.197325830e+04|1.198216260e+04|1.196956543e+04|1.853344679e+03
2.363441010e+06|7.425690357e+06|7.453937876e+06|7.478751533e+06|7.448060588e+06|5.844457772e+03|5.853033119e+03|5.860545597e+03|5.851199853e+03|3.077831264e+11|3.092136062e+11|3.104706394e+11|3.089170094e+11|1.193860010e+04|1.195166504e+04|1.196311255e+04|1.194888086e+04|1.853344679e+03
2.379881140e+06|7.397734653e+06|7.425917679e+06|7.451853169e+06|7.419368016e+06|5.835943881e+03|5.844526959e+03|5.852401275e+03|5.842491383e+03|3.063683223e+11|3.077946310e+11|3.091079749e+11|3.074640536e+11|1.192563940e+04|1.193870410e+04|1.195069849e+04|1.193561523e+04|1.853344679e+03
2.393597889e+06|7.367051428e+06|7.394170302e+06|7.425653267e+06|7.391381105e+06|5.826575276e+03|5.834856942e+03|5.844446526e+03|5.833966185e+03|3.048154237e+11|3.061879288e+11|3.077812524e+11|3.060475174e+11|1.191137915e+04|1.192398535e+04|1.193858032e+04|1.192263770e+04|1.853344679e+03
2.406388184e+06|7.330036313e+06|7.365568113e+06|7.391685064e+06|7.362380683e+06|5.815227345e+03|5.826121220e+03|5.834098844e+03|5.825111017e+03|3.029439224e+11|3.047404372e+11|3.060621431e+11|3.045801322e+11|1.189413062e+04|1.191068848e+04|1.192283032e+04|1.190916211e+04|1.853344679e+03
2.419443209e+06|7.300110058e+06|7.337036613e+06|7.375287252e+06|7.342337827e+06|5.806024956e+03|5.817376143e+03|5.829093213e+03|5.818951011e+03|3.014307037e+11|3.032978917e+11|3.052320870e+11|3.035668699e+11|1.188013281e+04|1.189739404e+04|1.191521362e+04|1.189979883e+04|1.853344679e+03
2.432299008e+06|7.289340489e+06|7.321768560e+06|7.347397138e+06|7.318406535e+06|5.802702863e+03|5.812687868e+03|5.820554131e+03|5.811620937e+03|3.008866993e+11|3.025258105e+11|3.038217516e+11|3.023564582e+11|1.187509521e+04|1.189027002e+04|1.190222729e+04|1.188865137e+04|1.853344679e+03
2.447455925e+06|7.254625474e+06|7.294260707e+06|7.327613285e+06|7.293294210e+06|5.791973698e+03|5.804220978e+03|5.814483285e+03|5.803870328e+03|2.991327110e+11|3.011352606e+11|3.028213972e+11|3.010874794e+11|1.185880029e+04|1.187739941e+04|1.189299805e+04|1.187687891e+04|1.853344679e+03
2.464054782e+06|7.217717755e+06|7.246709407e+06|7.280258327e+06|7.248612042e+06|5.780524782e+03|5.789522822e+03|5.799898943e+03|5.790066356e+03|2.972690770e+11|2.987326680e+11|3.004278404e+11|2.988299425e+11|1.184142432e+04|1.185507080e+04|1.187083252e+04|1.185591211e+04|1.853344679e+03
2.484860858e+06|7.179728386e+06|7.208053578e+06|7.231053399e+06|7.205480318e+06|5.768696594e+03|5.777519414e+03|5.784667864e+03|5.776674854e+03|2.953515812e+11|2.967813268e+11|2.979420670e+11|2.966521781e+11|1.182347778e+04|1.183685938e+04|1.184770630e+04|1.183558984e+04|1.853344679e+03
2.505029168e+06|7.145809858e+06|7.175476618e+06|7.199393754e+06|7.167508211e+06|5.758086841e+03|5.767370421e+03|5.774824287e+03|5.764834326e+03|2.936406237e+11|2.951369199e+11|2.963442411e+11|2.947358912e+11|1.180739771e+04|1.182146826e+04|1.183277319e+04|1.181763379e+04|1.853344679e+03
2.520874509e+06|7.115243395e+06|7.144712733e+06|7.166248139e+06|7.139948012e+06|5.748495878e+03|5.757743073e+03|5.764485938e+03|5.756211575e+03|2.920987240e+11|2.935852893e+11|2.946714386e+11|2.933455287e+11|1.179286670e+04|1.180687939e+04|1.181709033e+04|1.180456641e+04|1.853344679e+03
2.535455751e+06|7.081533694e+06|7.112687368e+06|7.140445559e+06|7.112268446e+06|5.737879581e+03|5.747692719e+03|5.756405494e+03|5.747522561e+03|2.904000310e+11|2.919697857e+11|2.933700458e+11|2.919497892e+11|1.177680005e+04|1.179165039e+04|1.180485254e+04|1.179140234e+04|1.853344679e+03
2.547346262e+06|7.046485501e+06|7.080251720e+06|7.111973263e+06|7.079447857e+06|5.726806518e+03|5.737475138e+03|5.747468299e+03|5.737183081e+03|2.886339446e+11|2.903354375e+11|2.919337614e+11|2.902955400e+11|1.176003418e+04|1.177618408e+04|1.179130664e+04|1.177575000e+04|1.853344679e+03
2.558762414e+06|7.030162210e+06|7.066376037e+06|7.086928953e+06|7.057056573e+06|5.721629218e+03|5.733094816e+03|5.739581174e+03|5.730109229e+03|2.878121057e+11|2.896362805e+11|2.906718532e+11|2.891673645e+11|1.175220557e+04|1.176955615e+04|1.177937671e+04|1.176504590e+04|1.853344679e+03
2.571167622e+06|7.000372347e+06|7.037196891e+06|7.071930085e+06|7.039226716e+06|5.712159334e+03|5.723861891e+03|5.734848768e+03|5.724441139e+03|2.863121404e+11|2.881662684e+11|2.899161521e+11|2.882696964e+11|1.173789575e+04|1.175558545e+04|1.177221265e+04|1.175647852e+04|1.853344679e+03
2.584548375e+06|6.972428629e+06|7.002442819e+06|7.044308761e+06|7.008723095e+06|5.703250615e+03|5.712818310e+03|5.726117421e+03|5.714760723e+03|2.849054005e+11|2.864163976e+11|2.885242767e+11|2.867335298e+11|1.172443042e+04|1.173889062e+04|1.175898950e+04|1.174183789e+04|1.853344679e+03
2.601112326e+06|6.926483882e+06|6.977577520e+06|7.017297284e+06|6.974980071e+06|5.688541674e+03|5.704895316e+03|5.717542584e+03|5.703996771e+03|2.825943904e+11|2.851643863e+11|2.871643677e+11|2.850353323e+11|1.170222046e+04|1.172691748e+04|1.174603101e+04|1.172557617e+04|1.853344679e+03
2.618530934e+06|6.890798218e+06|6.927249781e+06|6.964828221e+06|6.927024121e+06|5.677061440e+03|5.688787349e+03|5.700821475e+03|5.688663260e+03|2.808004521e+11|2.826329231e+11|2.845231885e+11|2.826225421e+11|1.168490161e+04|1.170258984e+04|1.172076221e+04|1.170241602e+04|1.853344679e+03
2.640796324e+06|6.863649302e+06|6.893841574e+06|6.912878250e+06|6.887796447e+06|5.668299160e+03|5.678042406e+03|5.684172336e+03|5.676056359e+03|2.794358248e+11|2.809534096e+11|2.819101219e+11|2.806501009e+11|1.167168164e+04|1.168637939e+04|1.169562451e+04|1.168339355e+04|1.853344679e+03
2.655531341e+06|6.845786163e+06|6.867725904e+06|6.888649425e+06|6.859896209e+06|5.662518264e+03|5.669616231e+03|5.676368725e+03|5.667036022e+03|2.785382786e+11|2.796407261e+11|2.806924574e+11|2.792482248e+11|1.166296753e+04|1.167367285e+04|1.168385449e+04|1.166979297e+04|1.853344679e+03
2.670557335e+06|6.791861028e+06|6.828418632e+06|6.856381344e+06|6.820806848e+06|5.644994180e+03|5.656883911e+03|5.665949847e+03|5.654362601e+03|2.758303092e+11|2.776662190e+11|2.790704656e+11|2.772847561e+11|1.163656860e+04|1.165448438e+04|1.166813916e+04|1.165069629e+04|1.853344679e+03
2.683577021e+06|6.768803151e+06|6.792651673e+06|6.829322071e+06|6.796648161e+06|5.637465785e+03|5.645252849e+03|5.657177213e+03|5.646500900e+03|2.746734280e+11|2.758699170e+11|2.777115910e+11|2.760717897e+11|1.162523853e+04|1.163695801e+04|1.165492725e+04|1.163885254e+04|1.853344679e+03
2.694005231e+06|6.739188808e+06|6.768662478e+06|6.799510538e+06|6.769679582e+06|5.627771593e+03|5.637419757e+03|5.647486171e+03|5.637698072e+03|2.731875653e+11|2.746663726e+11|2.762144071e+11|2.747182843e+11|1.161065527e+04|1.162517041e+04|1.164032080e+04|1.162560254e+04|1.853344679e+03
2.703870386e+06|6.727736639e+06|6.758830982e+06|6.787853491e+06|6.756549166e+06|5.624015458e+03|5.634204302e+03|5.643688268e+03|5.633403535e+03|2.726128724e+11|2.741731309e+11|2.756291219e+11|2.740594417e+11|1.160500269e+04|1.162033545e+04|1.163460132e+04|1.161913867e+04|1.853344679e+03
2.715171786e+06|6.691092067e+06|6.728044687e+06|6.763913764e+06|6.729644299e+06|5.611948755e+03|5.624116666e+03|5.635867035e+03|5.624592330e+03|2.707758265e+11|2.726283234e+11|2.744281432e+11|2.727095960e+11|1.158686108e+04|1.160514746e+04|1.162283325e+04|1.160588086e+04|1.853344679e+03
2.728693340e+06|6.652060315e+06|6.685934695e+06|6.708766393e+06|6.686554111e+06|5.599045485e+03|5.610247262e+03|5.617773749e+03|5.610403068e+03|2.688195779e+11|2.705172375e+11|2.716619390e+11|2.705491451e+11|1.156747852e+04|1.158430762e+04|1.159562085e+04|1.158455273e+04|1.853344679e+03
2.745036374e+06|6.622618557e+06|6.654333455e+06|6.695077043e+06|6.661127625e+06|5.589273738e+03|5.599798853e+03|5.613262903e+03|5.601993968e+03|2.673450666e+11|2.689334009e+11|2.709756073e+11|2.692749828e+11|1.155280664e+04|1.156861035e+04|1.158884106e+04|1.157191895e+04|1.853344679e+03
2.764840936e+06|6.582651041e+06|6.621476713e+06|6.658343852e+06|6.617358724e+06|5.575950270e+03|5.588894139e+03|5.601127602e+03|5.587469374e+03|2.653439436e+11|2.672878766e+11|2.691342581e+11|2.670824006e+11|1.153281812e+04|1.155223584e+04|1.157060229e+04|1.155011035e+04|1.853344679e+03
2.784601055e+06|6.559876534e+06|6.580978194e+06|6.604079125e+06|6.580412431e+06|5.568328680e+03|5.575390987e+03|5.583106630e+03|5.575170867e+03|2.642039383e+11|2.652602224e+11|2.664163867e+11|2.652322929e+11|1.152138257e+04|1.153197656e+04|1.154354102e+04|1.153165234e+04|1.853344679e+03
2.800942561e+06|6.525014521e+06|6.551780222e+06|6.570232734e+06|6.544701758e+06|5.556622483e+03|5.565615354e+03|5.571796411e+03|5.563198122e+03|2.624598798e+11|2.637986117e+11|2.647223844e+11|2.634453800e+11|1.150384521e+04|1.151731445e+04|1.152658423e+04|1.151370508e+04|1.853344679e+03
2.813174899e+06|6.478096979e+06|6.512857867e+06|6.543252214e+06|6.513351942e+06|5.540795490e+03|5.552529083e+03|5.562755154e+03|5.552640037e+03|2.601139462e+11|2.618520345e+11|2.633716848e+11|2.618775643e+11|1.148013306e+04|1.149770703e+04|1.151302734e+04|1.149788477e+04|1.853344679e+03
2.823956412e+06|6.471276514e+06|6.499044128e+06|6.522881147e+06|6.495881042e+06|5.538484542e+03|5.547871944e+03|5.555904570e+03|5.546762535e+03|2.597731961e+11|2.611613115e+11|2.623532288e+11|2.610037097e+11|1.147667896e+04|1.149073535e+04|1.150276807e+04|1.148907910e+04|1.853344679e+03
2.834234097e+06|6.428686367e+06|6.460566241e+06|6.494866741e+06|6.463074239e+06|5.524020525e+03|5.534852653e+03|5.546462405e+03|5.535642822e+03|2.576449346e+11|2.592380219e+11|2.609524113e+11|2.593642180e+11|1.145503687e+04|1.147124609e+04|1.148861743e+04|1.147243652e+04|1.853344679e+03
2.843923285e+06|6.406310075e+06|6.439564024e+06|6.468373588e+06|6.440282350e+06|5.516389583e+03|5.527720167e+03|5.537500469e+03|5.527915238e+03|2.565275696e+11|2.581885303e+11|2.596281438e+11|2.582251890e+11|1.144362769e+04|1.146056982e+04|1.147520508e+04|1.146087109e+04|1.853344679e+03
2.854623267e+06|6.388767096e+06|6.426204316e+06|6.463185672e+06|6.423464374e+06|5.510392683e+03|5.523175814e+03|5.535741221e+03|5.522169758e+03|2.556517720e+11|2.575208900e+11|2.593688997e+11|2.573854172e+11|1.143466162e+04|1.145377002e+04|1.147257153e+04|1.145228516e+04|1.853344679e+03
2.866269342e+06|6.343022570e+06|6.391497356e+06|6.417219864e+06|6.383864162e+06|5.494696552e+03|5.511326647e+03|5.520114002e+03|5.508647220e+03|2.533687792e+11|2.557880801e+11|2.570721126e+11|2.554080085e+11|1.141121411e+04|1.143606104e+04|1.144919263e+04|1.143206836e+04|1.853344679e+03
2.882728029e+06|6.321498290e+06|6.361995852e+06|6.391257335e+06|6.359769560e+06|5.487279223e+03|5.501222000e+03|5.511244553e+03|5.500401240e+03|2.522950853e+11|2.543151295e+11|2.557760980e+11|2.542051561e+11|1.140013843e+04|1.142095361e+04|1.143594019e+04|1.141974609e+04|1.853344679e+03
2.903883664e+06|6.259206808e+06|6.298973663e+06|6.321292572e+06|6.294945756e+06|5.465698437e+03|5.479498912e+03|5.487208242e+03|5.478037692e+03|2.491894225e+11|2.511714686e+11|2.522848206e+11|2.509718755e+11|1.136794971e+04|1.138852881e+04|1.140003613e+04|1.138636523e+04|1.853344679e+03
2.924349153e+06|6.245654173e+06|6.265999367e+06|6.290401328e+06|6.263294535e+06|5.460983151e+03|5.468059422e+03|5.476528461e+03|5.467076634e+03|2.485137735e+11|2.495280215e+11|2.507442874e+11|2.493937801e+11|1.136091553e+04|1.137146973e+04|1.138410181e+04|1.137001270e+04|1.853344679e+03
2.941056287e+06|6.211972766e+06|6.237516461e+06|6.259039567e+06|6.232256945e+06|5.449220481e+03|5.458146052e+03|5.465640288e+03|5.456265242e+03|2.468365107e+11|2.481084211e+11|2.491810849e+11|2.478473059e+11|1.134339380e+04|1.135668555e+04|1.136786475e+04|1.135389844e+04|1.853344679e+03
2.954190319e+06|6.160839629e+06|6.196413142e+06|6.230568843e+06|6.196233309e+06|5.431268570e+03|5.443772755e+03|5.455720589e+03|5.443655857e+03|2.442908072e+11|2.460616369e+11|2.477624596e+11|2.460533406e+11|1.131666479e+04|1.133528027e+04|1.135307275e+04|1.133511621e+04|1.853344679e+03
2.963459732e+06|6.151094472e+06|6.180138900e+06|6.205577349e+06|6.174246358e+06|5.427832689e+03|5.438063339e+03|5.446982305e+03|5.435934163e+03|2.438058542e+11|2.452511936e+11|2.465179883e+11|2.449587797e+11|1.131156006e+04|1.132677148e+04|1.134006567e+04|1.132362109e+04|1.853344679e+03
2.971922092e+06|6.128362907e+06|6.161755796e+06|6.196532213e+06|6.160357395e+06|5.419805399e+03|5.431591419e+03|5.443814474e+03|5.431027119e+03|2.426744127e+11|2.443364114e+11|2.460675665e+11|2.442677490e+11|1.129961353e+04|1.131714795e+04|1.133534009e+04|1.131632227e+04|1.853344679e+03
2.980193284e+06|6.116450709e+06|6.149599450e+06|6.178440495e+06|6.145760732e+06|5.415587178e+03|5.427305274e+03|5.437465904e+03|5.425872290e+03|2.420820064e+11|2.437314508e+11|2.451666988e+11|2.435414817e+11|1.129334131e+04|1.131077441e+04|1.132588501e+04|1.130865625e+04|1.853344679e+03
2.988713700e+06|6.091209914e+06|6.127088114e+06|6.156775173e+06|6.118964047e+06|5.406628678e+03|5.419354735e+03|5.429835940e+03|5.416407382e+03|2.408271852e+11|2.426109624e+11|2.440885367e+11|2.422082396e+11|1.128003101e+04|1.129893750e+04|1.131453760e+04|1.129457715e+04|1.853344679e+03
2.999481662e+06|6.059495325e+06|6.090965279e+06|6.121135873e+06|6.086521916e+06|5.395334967e+03|5.406541793e+03|5.417247593e+03|5.404890698e+03|2.392506035e+11|2.408150202e+11|2.423149303e+11|2.405949984e+11|1.126324927e+04|1.127989648e+04|1.129581055e+04|1.127745898e+04|1.853344679e+03
3.012026853e+06|6.035334586e+06|6.068715192e+06|6.104222798e+06|6.067199087e+06|5.386691376e+03|5.398626145e+03|5.411250027e+03|5.398011856e+03|2.380501549e+11|2.397086868e+11|2.414741800e+11|2.396344151e+11|1.125041650e+04|1.126813281e+04|1.128689600e+04|1.126723828e+04|1.853344679e+03
3.027002071e+06|5.984483191e+06|6.029813435e+06|6.059353521e+06|6.023491117e+06|5.368416184e+03|5.384713258e+03|5.395284296e+03|5.382374325e+03|2.355245146e+11|2.377757902e+11|2.392435589e+11|2.374626675e+11|1.122330322e+04|1.124748047e+04|1.126317358e+04|1.124402539e+04|1.853344679e+03
3.052058208e+06|5.933261455e+06|5.962394604e+06|5.996766658e+06|5.967799050e+06|5.349883144e+03|5.360441806e+03|5.372843104e+03|5.362333813e+03|2.329823452e+11|2.344279475e+11|2.361342177e+11|2.346970442e+11|1.119582715e+04|1.121147803e+04|1.122986279e+04|1.121429492e+04|1.853344679e+03
3.074645210e+06|5.883156560e+06|5.900626388e+06|5.936438103e+06|5.907858623e+06|5.331627718e+03|5.338008728e+03|5.351036887e+03|5.340598374e+03|2.304972542e+11|2.313634370e+11|2.331399370e+11|2.317227789e+11|1.116879761e+04|1.117824023e+04|1.119753955e+04|1.118208789e+04|1.853344679e+03
3.089541076e+06|5.845777299e+06|5.866934516e+06|5.889202628e+06|5.863905037e+06|5.317926048e+03|5.325687795e+03|5.333839094e+03|5.324543690e+03|2.286443586e+11|2.296931569e+11|2.307968476e+11|2.295434076e+11|1.114852222e+04|1.116001025e+04|1.117206567e+04|1.115832227e+04|1.853344679e+03
3.100295165e+06|5.825701139e+06|5.847405762e+06|5.871883336e+06|5.843177655e+06|5.310537140e+03|5.318524075e+03|5.327500915e+03|5.316927198e+03|2.276497804e+11|2.287251067e+11|2.299384995e+11|2.285162614e+11|1.113760181e+04|1.114940967e+04|1.116269434e+04|1.114705762e+04|1.853344679e+03
3.108673917e+06|5.800951089e+06|5.824682123e+06|5.854100692e+06|5.823807605e+06|5.301400090e+03|5.310161465e+03|5.320981582e+03|5.309779923e+03|2.264240605e+11|2.275993073e+11|2.290570455e+11|2.275568039e+11|1.112409473e+04|1.113704443e+04|1.115304468e+04|1.113649414e+04|1.853344679e+03
3.116615184e+06|5.789444061e+06|5.812344993e+06|5.841739695e+06|5.811513264e+06|5.297144055e+03|5.305609293e+03|5.316442914e+03|5.305258080e+03|2.258541985e+11|2.269884164e+11|2.284442107e+11|2.269476539e+11|1.111780493e+04|1.113031982e+04|1.114633130e+04|1.112980664e+04|1.853344679e+03
3.124329660e+06|5.770288970e+06|5.798704141e+06|5.822596489e+06|5.795984964e+06|5.290038189e+03|5.300569419e+03|5.309392313e+03|5.299505932e+03|2.249058727e+11|2.263127938e+11|2.274960132e+11|2.261787730e+11|1.110731055e+04|1.112286963e+04|1.113590601e+04|1.112130859e+04|1.853344679e+03
3.132559089e+06|5.732987149e+06|5.758497579e+06|5.792239903e+06|5.761259661e+06|5.276145155e+03|5.285652320e+03|5.298178602e+03|5.286610406e+03|2.230594894e+11|2.243222245e+11|2.259926753e+11|2.244597594e+11|1.108680469e+04|1.110083936e+04|1.111933618e+04|1.110226660e+04|1.853344679e+03
3.141047300e+06|5.727804131e+06|5.755318769e+06|5.781538587e+06|5.752435901e+06|5.274210619e+03|5.284469029e+03|5.294217201e+03|5.283336216e+03|2.228029545e+11|2.241648969e+11|2.254625726e+11|2.240228928e+11|1.108394775e+04|1.109909619e+04|1.111348145e+04|1.109742871e+04|1.853344679e+03
3.152960589e+06|5.671169455e+06|5.705401794e+06|5.737535448e+06|5.705047648e+06|5.252965970e+03|5.265823762e+03|5.277842127e+03|5.265617997e+03|2.200024680e+11|2.216952165e+11|2.232846424e+11|2.216785474e+11|1.105261523e+04|1.107157910e+04|1.108930737e+04|1.107128906e+04|1.853344679e+03
3.169368744e+06|5.641599143e+06|5.671433498e+06|5.712283003e+06|5.675971152e+06|5.241797029e+03|5.253066947e+03|5.268402494e+03|5.254696342e+03|2.185410712e+11|2.200154390e+11|2.220353814e+11|2.202407478e+11|1.103616479e+04|1.105276416e+04|1.107538086e+04|1.105518359e+04|1.853344679e+03
3.196757460e+06|5.585026229e+06|5.620842343e+06|5.652240468e+06|5.617220881e+06|5.220304358e+03|5.233934018e+03|5.245821468e+03|5.232479324e+03|2.157463707e+11|2.175151248e+11|2.190669452e+11|2.173373884e+11|1.100452661e+04|1.102458350e+04|1.104209180e+04|1.102245605e+04|1.853344679e+03
3.220157422e+06|5.556357274e+06|5.579965202e+06|5.598544295e+06|5.572437032e+06|5.209350507e+03|5.218373612e+03|5.225456434e+03|5.215443359e+03|2.143308673e+11|2.154965121e+11|2.164138874e+11|2.151253936e+11|1.098841162e+04|1.100168408e+04|1.101210718e+04|1.099738379e+04|1.853344679e+03
3.232901469e+06|5.529577310e+06|5.549148482e+06|5.571451937e+06|5.547347607e+06|5.199066370e+03|5.206585048e+03|5.215123476e+03|5.205848413e+03|2.130095371e+11|2.139752041e+11|2.150761416e+11|2.138868303e+11|1.097329688e+04|1.098434766e+04|1.099690063e+04|1.098327246e+04|1.853344679e+03
3.242921318e+06|5.486493105e+06|5.522209108e+06|5.541039965e+06|5.515379788e+06|5.182442293e+03|5.196231650e+03|5.203471884e+03|5.193551912e+03|2.108842405e+11|2.126458758e+11|2.135750795e+11|2.123094857e+11|1.094887866e+04|1.096912891e+04|1.097977222e+04|1.096520020e+04|1.853344679e+03
3.251495197e+06|5.467797157e+06|5.495529275e+06|5.517805845e+06|5.491516569e+06|5.175194975e+03|5.185939850e+03|5.194536541e+03|5.184346667e+03|2.099623723e+11|2.113297422e+11|2.124286165e+11|2.111323518e+11|1.093823242e+04|1.095401172e+04|1.096663843e+04|1.095167773e+04|1.853344679e+03
3.258093032e+06|5.454791748e+06|5.475436548e+06|5.496803573e+06|5.471425319e+06|5.170144917e+03|5.178158078e+03|5.186432821e+03|5.176556341e+03|2.093209839e+11|2.103390409e+11|2.113925556e+11|2.101417404e+11|1.093081348e+04|1.094258545e+04|1.095472998e+04|1.094024219e+04|1.853344679e+03
3.264898964e+06|5.426710842e+06|5.465600752e+06|5.486240527e+06|5.457044598e+06|5.159196511e+03|5.174342599e+03|5.182344481e+03|5.170964272e+03|2.079375211e+11|2.098540555e+11|2.108717856e+11|2.094329046e+11|1.091476465e+04|1.093698291e+04|1.094873389e+04|1.093203516e+04|1.853344679e+03
3.272880196e+06|5.400143457e+06|5.441104752e+06|5.469028454e+06|5.433284351e+06|5.148804610e+03|5.164814220e+03|5.175672724e+03|5.161681643e+03|2.066285239e+11|2.086465733e+11|2.100230902e+11|2.082621827e+11|1.089952295e+04|1.092300146e+04|1.093893237e+04|1.091842285e+04|1.853344679e+03
3.280857406e+06|5.388544834e+06|5.421461328e+06|5.441651490e+06|5.413681636e+06|5.144248637e+03|5.157145539e+03|5.165027413e+03|5.154038122e+03|2.060573817e+11|2.076788736e+11|2.086735107e+11|2.072961536e+11|1.089284644e+04|1.091175293e+04|1.092331348e+04|1.090720996e+04|1.853344679e+03
3.291685695e+06|5.351297640e+06|5.384500925e+06|5.414924726e+06|5.378699338e+06|5.129569726e+03|5.142657897e+03|5.154590065e+03|5.140276485e+03|2.042232064e+11|2.058582826e+11|2.073567874e+11|2.055735434e+11|1.087134619e+04|1.089051611e+04|1.090800464e+04|1.088704492e+04|1.853344679e+03
3.308099124e+06|5.297121506e+06|5.336880461e+06|5.380604378e+06|5.337392423e+06|5.108074559e+03|5.123866072e+03|5.141124408e+03|5.123959957e+03|2.015577311e+11|2.035136327e+11|2.056664056e+11|2.035401899e+11|1.083988013e+04|1.086299072e+04|1.088827222e+04|1.086315234e+04|1.853344679e+03
3.341854317e+06|5.226472460e+06|5.271860584e+06|5.312687923e+06|5.269961098e+06|5.079755560e+03|5.097982734e+03|5.114265497e+03|5.097107994e+03|1.980841471e+11|2.003154665e+11|2.023235295e+11|2.002231245e+11|1.079849194e+04|1.082512842e+04|1.084894946e+04|1.082387207e+04|1.853344679e+03
3.364981061e+06|5.207537019e+06|5.240009993e+06|5.274759711e+06|5.243291186e+06|5.072111638e+03|5.085209366e+03|5.099143139e+03|5.086444803e+03|1.971538476e+11|1.987492555e+11|2.004580398e+11|1.989116261e+11|1.078733350e+04|1.080645605e+04|1.082682861e+04|1.080828027e+04|1.853344679e+03
3.374356527e+06|5.204922388e+06|5.245827320e+06|5.279184137e+06|5.239962888e+06|5.071054979e+03|5.087545748e+03|5.100913375e+03|5.085071004e+03|1.970254120e+11|1.990353376e+11|2.006756278e+11|1.987484091e+11|1.078579614e+04|1.080987354e+04|1.082941113e+04|1.080628027e+04|1.853344679e+03
3.381638673e+06|5.205131472e+06|5.238063369e+06|5.273934354e+06|5.238572345e+06|5.071139497e+03|5.084426571e+03|5.098812826e+03|5.084527107e+03|1.970356836e+11|1.986535545e+11|2.004174466e+11|1.986798965e+11|1.078591724e+04|1.080531494e+04|1.082634741e+04|1.080548340e+04|1.853344679e+03
3.387889502e+06|5.192522566e+06|5.237300654e+06|5.266512335e+06|5.232117742e+06|5.066039147e+03|5.084119391e+03|5.095841028e+03|5.081937969e+03|1.964160985e+11|1.986160828e+11|2.000525375e+11|1.983625810e+11|1.077846802e+04|1.080486523e+04|1.082199780e+04|1.080170020e+04|1.853344679e+03
3.394184603e+06|5.177085896e+06|5.217639996e+06|5.250956939e+06|5.217959499e+06|5.059774942e+03|5.076192104e+03|5.089604645e+03|5.076218548e+03|1.956580626e+11|1.976502405e+11|1.992875500e+11|1.976669447e+11|1.076932275e+04|1.079329346e+04|1.081288599e+04|1.079334961e+04|1.853344679e+03
3.400197728e+06|5.162685231e+06|5.202892878e+06|5.247838175e+06|5.203107601e+06|5.053915578e+03|5.070234506e+03|5.088352992e+03|5.070144350e+03|1.949510555e+11|1.969257059e+11|1.991342101e+11|1.969379623e+11|1.076078589e+04|1.078459717e+04|1.081105249e+04|1.078449512e+04|1.853344679e+03
3.406191380e+06|5.166215748e+06|5.192861545e+06|5.231513989e+06|5.196524562e+06|5.055352955e+03|5.066176358e+03|5.081787937e+03|5.067537958e+03|1.951243728e+11|1.964327596e+11|1.983317672e+11|1.966139792e+11|1.076288037e+04|1.077866455e+04|1.080145825e+04|1.078067871e+04|1.853344679e+03
3.412193774e+06|5.138478018e+06|5.181064129e+06|5.236047235e+06|5.184600837e+06|5.044044520e+03|5.061391918e+03|5.083614526e+03|5.062664816e+03|1.937624315e+11|1.958533798e+11|1.985545004e+11|1.960287052e+11|1.074638232e+04|1.077168408e+04|1.080412622e+04|1.077357422e+04|1.853344679e+03
3.419741192e+06|5.051864608e+06|5.157051098e+06|5.201308311e+06|5.136315869e+06|5.008381022e+03|5.051620525e+03|5.069593741e+03|5.042885045e+03|1.895136665e+11|1.946744127e+11|1.968478514e+11|1.936590111e+11|1.069444385e+04|1.075743359e+04|1.078365747e+04|1.074474512e+04|1.853344679e+03
3.430996933e+06|5.032069958e+06|5.105050207e+06|5.197522475e+06|5.113810349e+06|5.000166893e+03|5.030336203e+03|5.068062487e+03|5.033626669e+03|1.885431328e+11|1.921221238e+11|1.966618263e+11|1.925548799e+11|1.068247827e+04|1.072640967e+04|1.078142261e+04|1.073125879e+04|1.853344679e+03
3.475136179e+06|3.702831955e+06|4.984513899e+06|5.077502855e+06|4.456671042e+06|4.370244842e+03|4.980295592e+03|5.018991141e+03|4.725325258e+03|1.238802390e+11|1.862125394e+11|1.907706222e+11|1.605660250e+11|9.780066650e+03|1.065359180e+04|1.070988550e+04|1.028909180e+04|1.853344679e+03
3.521713476e+06|3.625396129e+06|3.675014318e+06|3.714395074e+06|3.674270076e+06|4.327470682e+03|4.354982143e+03|4.376569035e+03|4.354184024e+03|1.201359133e+11|1.225347957e+11|1.244395304e+11|1.224994846e+11|9.719728027e+03|9.758511230e+03|9.788988770e+03|9.757441406e+03|1.853344679e+03
3.530016583e+06|3.579861806e+06|3.644302571e+06|3.702457788e+06|3.646698868e+06|4.301906139e+03|4.337997346e+03|4.370039998e+03|4.338840626e+03|1.179346741e+11|1.210499185e+11|1.238621385e+11|1.211664651e+11|9.683719971e+03|9.734561523e+03|9.779774902e+03|9.735813477e+03|1.853344679e+03
3.535710935e+06|3.576840750e+06|3.619182559e+06|3.661593437e+06|3.624404513e+06|4.300199180e+03|4.323999174e+03|4.347569156e+03|4.326493613e+03|1.177886184e+11|1.198354721e+11|1.218858729e+11|1.200884711e+11|9.681316895e+03|9.714833984e+03|9.748067139e+03|9.718400391e+03|1.853344679e+03
3.540115294e+06|3.564391633e+06|3.595994132e+06|3.631758958e+06|3.605135409e+06|4.293157129e+03|4.311008276e+03|4.331022333e+03|4.315687001e+03|1.171868503e+11|1.187145144e+11|1.204435619e+11|1.191569889e+11|9.671395020e+03|9.696525879e+03|9.724726074e+03|9.703177734e+03|1.853344679e+03
3.545475303e+06|3.545620570e+06|3.592006803e+06|3.654677874e+06|3.601049848e+06|4.282479140e+03|4.308760538e+03|4.343743801e+03|4.313368593e+03|1.162796265e+11|1.185217460e+11|1.215515587e+11|1.189594291e+11|9.656379639e+03|9.693360352e+03|9.742671875e+03|9.699915039e+03|1.853344679e+03
3.550882557e+06|3.540757100e+06|3.592117430e+06|3.640056725e+06|3.598156184e+06|4.279704969e+03|4.308822940e+03|4.335643124e+03|4.311768956e+03|1.160446368e+11|1.185270941e+11|1.208446709e+11|1.188195660e+11|9.652474365e+03|9.693449219e+03|9.731237793e+03|9.697658203e+03|1.853344679e+03
3.554919564e+06|3.546344188e+06|3.575979396e+06|3.627591831e+06|3.587772224e+06|4.282891733e+03|4.299712330e+03|4.328696568e+03|4.306059765e+03|1.163145899e+11|1.177469732e+11|1.202420814e+11|1.183174299e+11|9.656961182e+03|9.680630859e+03|9.721453125e+03|9.689601562e+03|1.853344679e+03
3.558586366e+06|3.525623830e+06|3.571498584e+06|3.608361542e+06|3.572642157e+06|4.271060021e+03|4.297178846e+03|4.317945917e+03|4.297547540e+03|1.153134179e+11|1.175303415e+11|1.193124245e+11|1.175860127e+11|9.640315186e+03|9.677061523e+03|9.706300049e+03|9.677613281e+03|1.853344679e+03
3.562183625e+06|3.501198395e+06|3.547504599e+06|3.593390739e+06|3.547676536e+06|4.256999542e+03|4.283553277e+03|4.309540856e+03|4.283315647e+03|1.141326627e+11|1.163706634e+11|1.185886365e+11|1.163792756e+11|9.620554688e+03|9.657888184e+03|9.694464355e+03|9.657594727e+03|1.853344679e+03
3.565405413e+06|3.489615194e+06|3.539601775e+06|3.596206132e+06|3.544394056e+06|4.250307849e+03|4.279045658e+03|4.311126051e+03|4.281291487e+03|1.135728177e+11|1.159888218e+11|1.187247555e+11|1.162207487e+11|9.611150879e+03|9.651546875e+03|9.696696045e+03|9.654765625e+03|1.853344679e+03
3.569134709e+06|3.474199832e+06|3.517706447e+06|3.566899096e+06|3.524692438e+06|4.241359405e+03|4.266516220e+03|4.294576479e+03|4.270121256e+03|1.128276850e+11|1.149307497e+11|1.173080231e+11|1.152683818e+11|9.598583496e+03|9.633923828e+03|9.673396240e+03|9.639046875e+03|1.853344679e+03
3.574477402e+06|3.460560825e+06|3.495287626e+06|3.545950735e+06|3.495882690e+06|4.233411729e+03|4.253586318e+03|4.282667411e+03|4.253500542e+03|1.121686562e+11|1.138469331e+11|1.162955799e+11|1.138758516e+11|9.587432129e+03|9.615757324e+03|9.656643799e+03|9.615691406e+03|1.853344679e+03
3.581850038e+06|3.405418309e+06|3.460733935e+06|3.514085899e+06|3.458552378e+06|4.200975127e+03|4.233512677e+03|4.264431013e+03|4.231757493e+03|1.095037156e+11|1.121770214e+11|1.147557394e+11|1.120716785e+11|9.541923340e+03|9.587573730e+03|9.630996582e+03|9.585162109e+03|1.853344679e+03
3.591088756e+06|3.360999372e+06|3.394669303e+06|3.452733885e+06|3.405175777e+06|4.174451965e+03|4.194580691e+03|4.228843439e+03|4.200491244e+03|1.073568836e+11|1.089841846e+11|1.117903969e+11|1.094919424e+11|9.504761719e+03|9.532961914e+03|9.581014893e+03|9.541284180e+03|1.853344679e+03
3.604527596e+06|3.260369737e+06|3.313401224e+06|3.374264787e+06|3.317512906e+06|4.113059758e+03|4.145644299e+03|4.182413998e+03|4.147499423e+03|1.024926104e+11|1.050562600e+11|1.079980446e+11|1.052545102e+11|9.418887695e+03|9.464447266e+03|9.515907715e+03|9.467109375e+03|1.853344679e+03
3.731766164e+06|1.287048622e+07|1.298004810e+07|1.308619994e+07|1.297438593e+07|4.385960138e+03|4.395758862e+03|4.405206437e+03|4.395189129e+03|2.149559316e+11|2.174829981e+11|2.199345979e+11|2.173562711e+11|5.909348755e+03|5.927092773e+03|5.944196411e+03|5.926055664e+03|3.143251063e+03
3.747625910e+06|1.274678310e+07|1.281304229e+07|1.287471981e+07|1.279948498e+07|4.374830329e+03|4.380802107e+03|4.386339669e+03|4.379546830e+03|2.121063825e+11|2.136326052e+11|2.150535105e+11|2.133217336e+11|5.889189697e+03|5.900005371e+03|5.910035889e+03|5.897729980e+03|3.143251063e+03
3.757568036e+06|1.259330888e+07|1.268747318e+07|1.278048120e+07|1.268819497e+07|4.360918692e+03|4.369467040e+03|4.377870429e+03|4.369475369e+03|2.085754897e+11|2.107411194e+11|2.128824459e+11|2.107609435e+11|5.863985352e+03|5.879474609e+03|5.894696045e+03|5.879485840e+03|3.143251063e+03
3.768225152e+06|1.257232943e+07|1.263665725e+07|1.270471686e+07|1.263958147e+07|4.359008608e+03|4.364858041e+03|4.371027976e+03|4.365090102e+03|2.080934749e+11|2.095722842e+11|2.111380480e+11|2.096414235e+11|5.860525513e+03|5.871125000e+03|5.882301270e+03|5.871542480e+03|3.143251063e+03
3.775684992e+06|1.250511181e+07|1.259513232e+07|1.268097335e+07|1.258716505e+07|4.352876493e+03|4.361084593e+03|4.368878254e+03|4.360324294e+03|2.065496614e+11|2.086173983e+11|2.105915288e+11|2.084366413e+11|5.849412231e+03|5.864289795e+03|5.878406250e+03|5.862906738e+03|3.143251063e+03
3.781430076e+06|1.246771218e+07|1.255580626e+07|1.262121380e+07|1.253242194e+07|4.349455087e+03|4.357502580e+03|4.363455700e+03|4.355322616e+03|2.056914627e+11|2.077139965e+11|2.092170783e+11|2.071795217e+11|5.843213379e+03|5.857797363e+03|5.868585327e+03|5.853843750e+03|3.143251063e+03
3.787879972e+06|1.236091498e+07|1.244933932e+07|1.251836476e+07|1.244016639e+07|4.339649090e+03|4.347772769e+03|4.354087175e+03|4.346887108e+03|2.032421670e+11|2.052698267e+11|2.068538903e+11|2.050615965e+11|5.825437256e+03|5.840161865e+03|5.851604980e+03|5.838555664e+03|3.143251063e+03
3.796451074e+06|1.229360159e+07|1.240657477e+07|1.247923630e+07|1.236788047e+07|4.333434672e+03|4.343849896e+03|4.350509979e+03|4.340218585e+03|2.016993458e+11|2.042891872e+11|2.059558912e+11|2.034050049e+11|5.814172119e+03|5.833049316e+03|5.845126221e+03|5.826467285e+03|3.143251063e+03
3.809903012e+06|1.220235567e+07|1.229885328e+07|1.237740550e+07|1.227423441e+07|4.324976501e+03|4.333920144e+03|4.341167898e+03|4.331583265e+03|1.996099443e+11|2.018197065e+11|2.036203981e+11|2.012588462e+11|5.798840332e+03|5.815053711e+03|5.828190552e+03|5.810813965e+03|3.143251063e+03
3.877871145e+06|1.001901983e+07|1.010869809e+07|1.195151498e+07|1.075739904e+07|4.107861476e+03|4.117438553e+03|4.301510647e+03|4.181816309e+03|1.502684422e+11|1.522702130e+11|1.938788407e+11|1.669333103e+11|5.404821045e+03|5.422193604e+03|5.756282593e+03|5.539038574e+03|3.143251063e+03
3.934708296e+06|9.873964052e+06|9.915735682e+06|9.954150883e+06|9.912106523e+06|4.092235020e+03|4.096752277e+03|4.100894171e+03|4.096344856e+03|1.470344805e+11|1.479646471e+11|1.488212630e+11|1.478848012e+11|5.376463867e+03|5.384659668e+03|5.392178711e+03|5.383924316e+03|3.143251063e+03
3.951353928e+06|9.813910354e+06|9.841690648e+06|9.882502794e+06|9.843849432e+06|4.085714073e+03|4.088735242e+03|4.093159562e+03|4.088956124e+03|1.456986214e+11|1.463168173e+11|1.472244877e+11|1.463646543e+11|5.364639282e+03|5.370119141e+03|5.378143555e+03|5.370519531e+03|3.143251063e+03
3.967161488e+06|9.764019629e+06|9.798971272e+06|9.837743538e+06|9.794153711e+06|4.080266788e+03|4.084085111e+03|4.088306629e+03|4.083544762e+03|1.445867867e+11|1.453655242e+11|1.462290897e+11|1.452584762e+11|5.354756348e+03|5.361683350e+03|5.369342041e+03|5.360703125e+03|3.143251063e+03
3.978253056e+06|9.703768726e+06|9.756578533e+06|9.790387586e+06|9.749887969e+06|4.073660920e+03|4.079452600e+03|4.083148325e+03|4.078706319e+03|1.432468371e+11|1.444211570e+11|1.451742004e+11|1.442733075e+11|5.342777954e+03|5.353279297e+03|5.359982788e+03|5.351927734e+03|3.143251063e+03
3.987806850e+06|9.677856544e+06|9.708264413e+06|9.738979665e+06|9.711540617e+06|4.070810633e+03|4.074154891e+03|4.077525108e+03|4.074505929e+03|1.426714380e+11|1.433467143e+11|1.440295511e+11|1.434202209e+11|5.337610840e+03|5.343669678e+03|5.349781006e+03|5.344308594e+03|3.143251063e+03
3.996262693e+06|9.631053769e+06|9.674050240e+06|9.707816604e+06|9.670703065e+06|4.065646915e+03|4.070391475e+03|4.074105700e+03|4.070006375e+03|1.416314639e+11|1.425869852e+11|1.433367631e+11|1.425128489e+11|5.328246948e+03|5.336850342e+03|5.343581421e+03|5.336150391e+03|3.143251063e+03
4.006951240e+06|9.581600439e+06|9.623899251e+06|9.667194299e+06|9.620651114e+06|4.060169555e+03|4.064855781e+03|4.069636133e+03|4.064467784e+03|1.405327361e+11|1.414723645e+11|1.424348945e+11|1.414011768e+11|5.318310181e+03|5.326810547e+03|5.335479736e+03|5.326106934e+03|3.143251063e+03
4.024227504e+06|9.469695471e+06|9.519583887e+06|9.599146529e+06|9.541947085e+06|4.047692708e+03|4.053271116e+03|4.062115313e+03|4.055707925e+03|1.380517154e+11|1.391577685e+11|1.409223430e+11|1.396550375e+11|5.295692627e+03|5.305804932e+03|5.321839111e+03|5.310225098e+03|3.143251063e+03
4.064371593e+06|9.495510285e+06|9.649300909e+06|9.713121128e+06|9.608223263e+06|4.050583990e+03|4.067662585e+03|4.074688295e+03|4.063013783e+03|1.386247420e+11|1.420374791e+11|1.434546454e+11|1.411275574e+11|5.300935059e+03|5.331903076e+03|5.344637451e+03|5.323474609e+03|3.143251063e+03
4.104859331e+06|9.531554759e+06|9.585495382e+06|9.628241969e+06|9.578212293e+06|4.054605306e+03|4.060601710e+03|4.065336044e+03|4.059770456e+03|1.394229098e+11|1.406192054e+11|1.415689186e+11|1.404588533e+11|5.308223755e+03|5.319093506e+03|5.327682617e+03|5.317589355e+03|3.143251063e+03
4.126548006e+06|9.443278080e+06|9.476059800e+06|9.522175783e+06|9.482213272e+06|4.044726393e+03|4.048406423e+03|4.053560112e+03|4.049074491e+03|1.374652210e+11|1.381930865e+11|1.392151670e+11|1.383291754e+11|5.290316162e+03|5.296987549e+03|5.306328613e+03|5.298198242e+03|3.143251063e+03
4.146466066e+06|9.377482802e+06|9.413311886e+06|9.446361069e+06|9.409905049e+06|4.037311778e+03|4.041354175e+03|4.045072885e+03|4.040956785e+03|1.360071780e+11|1.368006628e+11|1.375336432e+11|1.367260949e+11|5.276878174e+03|5.284202393e+03|5.290942993e+03|5.283484375e+03|3.143251063e+03
4.162034371e+06|9.333172664e+06|9.362178038e+06|9.393699336e+06|9.355765548e+06|4.032296721e+03|4.035581552e+03|4.039142796e+03|4.034838614e+03|1.350274404e+11|1.356685398e+11|1.363662094e+11|1.355271379e+11|5.267793335e+03|5.273743408e+03|5.280194824e+03|5.272396973e+03|3.143251063e+03
4.174479035e+06|9.273019654e+06|9.301925016e+06|9.338888290e+06|9.299938266e+06|4.025455248e+03|4.028747104e+03|4.032944597e+03|4.028502811e+03|1.336951492e+11|1.343351275e+11|1.351537109e+11|1.342916026e+11|5.255394653e+03|5.261360596e+03|5.268965942e+03|5.260917480e+03|3.143251063e+03
4.187984578e+06|9.205750055e+06|9.244349223e+06|9.277914914e+06|9.237444924e+06|4.017764925e+03|4.022182664e+03|4.026013270e+03|4.021374432e+03|1.322085847e+11|1.330610379e+11|1.338034748e+11|1.329094319e+11|5.241463013e+03|5.249463623e+03|5.256404419e+03|5.248002930e+03|3.143251063e+03
4.203430271e+06|9.112196434e+06|9.167049752e+06|9.212019644e+06|9.164372831e+06|4.006984215e+03|4.013321759e+03|4.018483399e+03|4.012969456e+03|1.301415659e+11|1.313550944e+11|1.323469453e+11|1.312953249e+11|5.221938843e+03|5.233417725e+03|5.242762817e+03|5.232780762e+03|3.143251063e+03
4.232304172e+06|9.002681506e+06|9.077749165e+06|9.145960371e+06|9.077540701e+06|3.994245557e+03|4.002989831e+03|4.010888378e+03|4.002915310e+03|1.277265024e+11|1.293808886e+11|1.308883481e+11|1.293783023e+11|5.198881226e+03|5.214706787e+03|5.229009888e+03|5.214575684e+03|3.143251063e+03
4.263705538e+06|9.029231575e+06|9.071552734e+06|9.117172769e+06|9.057391267e+06|3.997344869e+03|4.002270126e+03|4.007560362e+03|4.000574268e+03|1.283113010e+11|1.292441726e+11|1.302515732e+11|1.289334836e+11|5.204489624e+03|5.213402344e+03|5.222982056e+03|5.210337402e+03|3.143251063e+03
4.289338180e+06|8.977816826e+06|9.007616997e+06|9.035958263e+06|9.005151717e+06|3.991333881e+03|3.994822665e+03|3.998128851e+03|3.994517585e+03|1.271773158e+11|1.278354908e+11|1.284594108e+11|1.277805216e+11|5.193607056e+03|5.199926270e+03|5.205906738e+03|5.199373047e+03|3.143251063e+03
4.309263749e+06|8.889816073e+06|8.928240963e+06|8.955121309e+06|8.919377762e+06|3.980980995e+03|3.985510745e+03|3.988671035e+03|3.984447645e+03|1.252389034e+11|1.260843718e+11|1.266767310e+11|1.258901783e+11|5.174873779e+03|5.183069336e+03|5.188787964e+03|5.181148438e+03|3.143251063e+03
4.326023542e+06|8.847850712e+06|8.873257259e+06|8.899468930e+06|8.871520522e+06|3.976016028e+03|3.979024498e+03|3.982120285e+03|3.978799498e+03|1.243166210e+11|1.248749886e+11|1.254511386e+11|1.248367913e+11|5.165896118e+03|5.171334717e+03|5.176933594e+03|5.170929199e+03|3.143251063e+03
4.340853151e+06|8.779292302e+06|8.809735524e+06|8.840473205e+06|8.809670837e+06|3.967843966e+03|3.971478525e+03|3.975138871e+03|3.971452726e+03|1.228058350e+11|1.234761628e+11|1.241538575e+11|1.234752938e+11|5.151112793e+03|5.157686279e+03|5.164305908e+03|5.157640137e+03|3.143251063e+03
4.354481528e+06|8.709833516e+06|8.753043230e+06|8.792272837e+06|8.753527212e+06|3.959516555e+03|3.964702680e+03|3.969394820e+03|3.964737968e+03|1.212800899e+11|1.222286960e+11|1.230914880e+11|1.222404167e+11|5.136061523e+03|5.145433350e+03|5.153915894e+03|5.145498535e+03|3.143251063e+03
4.369659322e+06|8.653340729e+06|8.710120879e+06|8.752776979e+06|8.714806348e+06|3.952697953e+03|3.959551117e+03|3.964670784e+03|3.960070328e+03|1.200380171e+11|1.212863904e+11|1.222228445e+11|1.213896150e+11|5.123733398e+03|5.136121338e+03|5.145372681e+03|5.137061035e+03|3.143251063e+03
4.386613479e+06|8.604759969e+06|8.655495876e+06|8.716492713e+06|8.664178067e+06|3.946805755e+03|3.952958795e+03|3.960317051e+03|3.953960397e+03|1.189713640e+11|1.200853798e+11|1.214261274e+11|1.202775154e+11|5.113084106e+03|5.124203125e+03|5.137506836e+03|5.126018066e+03|3.143251063e+03
4.413772556e+06|8.556275453e+06|8.621008586e+06|8.722808952e+06|8.630079914e+06|3.940900786e+03|3.948779199e+03|3.961075733e+03|3.949804462e+03|1.179094208e+11|1.193278873e+11|1.215647090e+11|1.195292311e+11|5.102418823e+03|5.116650146e+03|5.138877686e+03|5.118510254e+03|3.143251063e+03
4.446069628e+06|8.580311886e+06|8.624502166e+06|8.662395373e+06|8.607647080e+06|3.943831265e+03|3.949203167e+03|3.953793488e+03|3.947110031e+03|1.184356442e+11|1.194045782e+11|1.202370409e+11|1.190360759e+11|5.107710449e+03|5.117417236e+03|5.125711426e+03|5.113639160e+03|3.143251063e+03
4.468771377e+06|8.521949469e+06|8.556573567e+06|8.590226873e+06|8.550991247e+06|3.936694802e+03|3.940937168e+03|3.945038327e+03|3.940221750e+03|1.171559229e+11|1.179159446e+11|1.186528441e+11|1.177929990e+11|5.094820801e+03|5.102484131e+03|5.109890381e+03|5.101193848e+03|3.143251063e+03
4.489109654e+06|8.451046050e+06|8.481925648e+06|8.521445939e+06|8.476491378e+06|3.927957205e+03|3.931769162e+03|3.936632941e+03|3.931069224e+03|1.156003643e+11|1.162770696e+11|1.171448571e+11|1.161592995e+11|5.079043091e+03|5.085923340e+03|5.094710205e+03|5.084665527e+03|3.143251063e+03
4.507303810e+06|8.392131388e+06|8.420397816e+06|8.461576704e+06|8.427228991e+06|3.920654907e+03|3.924163688e+03|3.929258318e+03|3.924985814e+03|1.143116322e+11|1.149296100e+11|1.158310484e+11|1.150795947e+11|5.065866211e+03|5.072197754e+03|5.081392700e+03|5.073682617e+03|3.143251063e+03
4.521879163e+06|8.331516237e+06|8.357111787e+06|8.416737460e+06|8.370712630e+06|3.913085301e+03|3.916286581e+03|3.923709946e+03|3.917954412e+03|1.129829944e+11|1.135434715e+11|1.148496024e+11|1.138418925e+11|5.052206543e+03|5.057981445e+03|5.071377075e+03|5.060994141e+03|3.143251063e+03
4.534539510e+06|8.289812714e+06|8.325935488e+06|8.367290862e+06|8.336844689e+06|3.907853883e+03|3.912386351e+03|3.917557674e+03|3.913726423e+03|1.120713086e+11|1.128608639e+11|1.137665423e+11|1.131008022e+11|5.042766846e+03|5.050943848e+03|5.060277100e+03|5.053365234e+03|3.143251063e+03
4.550219976e+06|8.245991254e+06|8.274505096e+06|8.344130694e+06|8.290789740e+06|3.902334727e+03|3.905928808e+03|3.914663909e+03|3.907931678e+03|1.111150789e+11|1.117371857e+11|1.132591499e+11|1.120938448e+11|5.032818481e+03|5.039298828e+03|5.055053223e+03|5.042915039e+03|3.143251063e+03
4.569685323e+06|8.177622453e+06|8.210070374e+06|8.278934029e+06|8.221387552e+06|3.893645926e+03|3.897776254e+03|3.906485992e+03|3.899158226e+03|1.096183240e+11|1.103280413e+11|1.118338412e+11|1.105763471e+11|5.017154419e+03|5.024598877e+03|5.040302368e+03|5.027096680e+03|3.143251063e+03
4.594004473e+06|8.108349063e+06|8.182232194e+06|8.244783521e+06|8.163180009e+06|3.884787723e+03|3.894233431e+03|3.902181711e+03|3.891729674e+03|1.081074199e+11|1.097190483e+11|1.110885977e+11|1.093049851e+11|5.001199707e+03|5.018214355e+03|5.032543457e+03|5.013711426e+03|3.143251063e+03
4.619747957e+06|8.132538107e+06|8.176992405e+06|8.212737109e+06|8.160554262e+06|3.887887125e+03|3.893565608e+03|3.898115166e+03|3.891417059e+03|1.086342416e+11|1.096045588e+11|1.103864319e+11|1.092471007e+11|5.006780884e+03|5.017009766e+03|5.025211548e+03|5.013145508e+03|3.143251063e+03
4.641586085e+06|8.082657835e+06|8.115027711e+06|8.155651543e+06|8.103323885e+06|3.881480266e+03|3.885644151e+03|3.890842405e+03|3.884084623e+03|1.075457866e+11|1.082528239e+11|1.091385143e+11|1.079975091e+11|4.995240601e+03|5.002739990e+03|5.012105103e+03|4.999936523e+03|3.143251063e+03
4.663413155e+06|8.018242223e+06|8.055163114e+06|8.081294392e+06|8.047232301e+06|3.873148356e+03|3.877929898e+03|3.881304420e+03|3.876882276e+03|1.061396319e+11|1.069450521e+11|1.075159609e+11|1.067729168e+11|4.980235596e+03|4.988847168e+03|4.994923462e+03|4.986962891e+03|3.143251063e+03
4.682966103e+06|7.952321006e+06|7.978403366e+06|8.022316282e+06|7.982830982e+06|3.864565801e+03|3.867970829e+03|3.873676778e+03|3.868517772e+03|1.047048012e+11|1.052726675e+11|1.062284235e+11|1.053689778e+11|4.964795288e+03|4.970918945e+03|4.981188721e+03|4.971907227e+03|3.143251063e+03
4.699898798e+06|7.883696617e+06|7.926293334e+06|7.977573518e+06|7.932126348e+06|3.855537304e+03|3.861148227e+03|3.867862788e+03|3.861881262e+03|1.032074296e+11|1.041361910e+11|1.052546237e+11|1.042637193e+11|4.948555176e+03|4.958645996e+03|4.970726074e+03|4.959968262e+03|3.143251063e+03
4.713649470e+06|7.829053936e+06|7.872378180e+06|7.913660903e+06|7.873531615e+06|3.848307166e+03|3.854042698e+03|3.859486559e+03|3.854166630e+03|1.020194638e+11|1.029610394e+11|1.038604520e+11|1.029872862e+11|4.935558838e+03|4.945867432e+03|4.955656616e+03|4.946095215e+03|3.143251063e+03
4.729902671e+06|7.787404796e+06|7.827691271e+06|7.864601928e+06|7.827606710e+06|3.842755043e+03|3.848126391e+03|3.853014921e+03|3.848071515e+03|1.011119337e+11|1.019898915e+11|1.027918315e+11|1.019876653e+11|4.925582031e+03|4.935235840e+03|4.944018921e+03|4.935140137e+03|3.143251063e+03
4.749458997e+06|7.738097849e+06|7.781911831e+06|7.810645958e+06|7.772840211e+06|3.836148375e+03|3.842020551e+03|3.845858571e+03|3.840771085e+03|1.000390058e+11|1.009922807e+11|1.016188303e+11|1.007959022e+11|4.913713989e+03|4.924262207e+03|4.931158447e+03|4.922022949e+03|3.143251063e+03
4.770675585e+06|7.690793936e+06|7.731940860e+06|7.823708247e+06|7.748324182e+06|3.829781064e+03|3.835321227e+03|3.847597865e+03|3.837467078e+03|9.901283174e+10|9.990529963e+10|1.019034626e+11|1.002630541e+11|4.902284058e+03|4.912229980e+03|4.934286743e+03|4.916091797e+03|3.143251063e+03
4.794201494e+06|7.645511173e+06|7.706490190e+06|7.763116648e+06|7.698849903e+06|3.823632241e+03|3.831897084e+03|3.839504484e+03|3.830778979e+03|9.802726860e+10|9.935306784e+10|1.005830944e+11|9.918753871e+10|4.891247437e+03|4.906081543e+03|4.919743164e+03|4.904086426e+03|3.143251063e+03
4.814053253e+06|7.641481103e+06|7.693081670e+06|7.733392159e+06|7.675027318e+06|3.823083085e+03|3.830089761e+03|3.835516252e+03|3.827566655e+03|9.793952790e+10|9.906239411e+10|9.993680867e+10|9.866967406e+10|4.890265625e+03|4.902839600e+03|4.912579712e+03|4.898319336e+03|3.143251063e+03
4.834606933e+06|7.601482157e+06|7.634108416e+06|7.665439775e+06|7.629667281e+06|3.817621171e+03|3.822077908e+03|3.826344728e+03|3.821434359e+03|9.707017505e+10|9.777906330e+10|9.846139216e+10|9.768357422e+10|4.880467407e+03|4.888459229e+03|4.896117554e+03|4.887312012e+03|3.143251063e+03
4.854833589e+06|7.533115456e+06|7.571338020e+06|7.614902674e+06|7.572757099e+06|3.808229145e+03|3.813491122e+03|3.819456089e+03|3.813646766e+03|9.558748032e+10|9.641638865e+10|9.736159962e+10|9.644770132e+10|4.863630493e+03|4.873063232e+03|4.883758301e+03|4.873346680e+03|3.143251063e+03
4.872725538e+06|7.501681361e+06|7.535093237e+06|7.568428407e+06|7.525141319e+06|3.803873486e+03|3.808502782e+03|3.813091844e+03|3.807085334e+03|9.490401338e+10|9.563054166e+10|9.635337604e+10|9.541421705e+10|4.855827881e+03|4.864123779e+03|4.872347290e+03|4.861587402e+03|3.143251063e+03
4.889146851e+06|7.426035087e+06|7.460994752e+06|7.493314035e+06|7.458376177e+06|3.793336987e+03|3.798216052e+03|3.802711862e+03|3.797817963e+03|9.326508342e+10|9.402141691e+10|9.472232235e+10|9.396563878e+10|4.836958984e+03|4.845693604e+03|4.853744995e+03|4.844986328e+03|3.143251063e+03
4.905909382e+06|7.375531328e+06|7.410675927e+06|7.459943614e+06|7.413545432e+06|3.786227172e+03|3.791187382e+03|3.798069595e+03|3.791535185e+03|9.216905835e+10|9.293316124e+10|9.399865633e+10|9.299369514e+10|4.824237793e+03|4.833113037e+03|4.845430908e+03|4.833740723e+03|3.143251063e+03
4.923667027e+06|7.332768339e+06|7.375040321e+06|7.414267926e+06|7.373027419e+06|3.780168581e+03|3.786157741e+03|3.791690983e+03|3.785826669e+03|9.124185159e+10|9.215839391e+10|9.301084120e+10|9.211550103e+10|4.813400024e+03|4.824111816e+03|4.834012329e+03|4.823527344e+03|3.143251063e+03
4.942557747e+06|7.269891822e+06|7.321487766e+06|7.380941159e+06|7.322168887e+06|3.771205546e+03|3.778566102e+03|3.786991723e+03|3.778606726e+03|8.988184429e+10|9.099768120e+10|9.228659286e+10|9.101372436e+10|4.797381714e+03|4.810535645e+03|4.825604736e+03|4.810618164e+03|3.143251063e+03
4.963090232e+06|7.251975680e+06|7.318184117e+06|7.375827001e+06|7.309501551e+06|3.768629462e+03|3.778096460e+03|3.786268966e+03|3.776794374e+03|8.949282977e+10|9.092620088e+10|9.217548158e+10|9.073933102e+10|4.792779663e+03|4.809696533e+03|4.824308838e+03|4.807378906e+03|3.143251063e+03
4.986096239e+06|7.188938409e+06|7.253442687e+06|7.300986053e+06|7.244698327e+06|3.759528780e+03|3.768840555e+03|3.775649113e+03|3.767503434e+03|8.812840066e+10|8.952465010e+10|9.055449669e+10|8.933625354e+10|4.776531250e+03|4.793156006e+03|4.805324097e+03|4.790781250e+03|3.143251063e+03
5.005984752e+06|7.201576478e+06|7.235398336e+06|7.276470970e+06|7.226841969e+06|3.761357992e+03|3.766241786e+03|3.772150411e+03|3.764953288e+03|8.840139084e+10|8.913344764e+10|9.002483923e+10|8.894935083e+10|4.779795532e+03|4.788515381e+03|4.799072021e+03|4.786224121e+03|3.143251063e+03
5.025155895e+06|7.123529786e+06|7.168826631e+06|7.207078039e+06|7.158024575e+06|3.749996366e+03|3.756613154e+03|3.762153532e+03|3.754983407e+03|8.671399359e+10|8.769439771e+10|8.852032903e+10|8.746032098e+10|4.759523438e+03|4.771326416e+03|4.781215454e+03|4.768428223e+03|3.143251063e+03
5.043777288e+06|7.078885110e+06|7.117490998e+06|7.154144936e+06|7.108451403e+06|3.743426688e+03|3.749109415e+03|3.754480977e+03|3.747728500e+03|8.574754621e+10|8.658305241e+10|8.737792842e+10|8.638818681e+10|4.747812378e+03|4.757944824e+03|4.767524780e+03|4.755490234e+03|3.143251063e+03
5.062926275e+06|7.010136304e+06|7.054553571e+06|7.101239350e+06|7.052610865e+06|3.733237919e+03|3.739833598e+03|3.746719942e+03|3.739492795e+03|8.426324342e+10|8.522217511e+10|8.623097202e+10|8.518082656e+10|4.729667847e+03|4.741411377e+03|4.753685303e+03|4.740814453e+03|3.143251063e+03
5.080187349e+06|6.974434465e+06|7.009496882e+06|7.052394929e+06|7.008549364e+06|3.727890636e+03|3.733142296e+03|3.739514394e+03|3.732960815e+03|8.349028808e+10|8.424937862e+10|8.517563014e+10|8.422844623e+10|4.720149780e+03|4.729496338e+03|4.740844116e+03|4.729179199e+03|3.143251063e+03
5.096582744e+06|6.912304574e+06|6.953543580e+06|6.992154981e+06|6.954272228e+06|3.718537913e+03|3.724752544e+03|3.730547186e+03|3.724819697e+03|8.215042144e+10|8.303897612e+10|8.387365877e+10|8.305585460e+10|4.703514526e+03|4.714567139e+03|4.724877686e+03|4.714693848e+03|3.143251063e+03
5.111490693e+06|6.890822759e+06|6.928610698e+06|6.981894410e+06|6.929509760e+06|3.715279819e+03|3.720998401e+03|3.729009583e+03|3.721075349e+03|8.168703929e+10|8.250145454e+10|8.365162729e+10|8.252132409e+10|4.697723022e+03|4.707890137e+03|4.722140625e+03|4.708037109e+03|3.143251063e+03
5.129950241e+06|6.832316765e+06|6.893491371e+06|6.939392606e+06|6.885127658e+06|3.706326640e+03|3.715686976e+03|3.722623011e+03|3.714334685e+03|8.042150708e+10|8.174489542e+10|8.273376307e+10|8.156297681e+10|4.681822388e+03|4.698447754e+03|4.710776855e+03|4.696057617e+03|3.143251063e+03
5.152840257e+06|6.792850023e+06|6.846635665e+06|6.905691110e+06|6.848597783e+06|3.700255843e+03|3.708522951e+03|3.717538787e+03|3.708746783e+03|7.957141606e+10|8.073059913e+10|8.200817487e+10|8.077464908e+10|4.671046997e+03|4.685720459e+03|4.701740112e+03|4.686134277e+03|3.143251063e+03
5.173975224e+06|6.768672625e+06|6.830293642e+06|6.879894644e+06|6.817025238e+06|3.696514633e+03|3.706016046e+03|3.713611766e+03|3.703896440e+03|7.905037196e+10|8.037785956e+10|8.145017808e+10|8.009302353e+10|4.664411499e+03|4.681272461e+03|4.694761475e+03|4.677523926e+03|3.143251063e+03
5.193721212e+06|6.742456014e+06|6.779566344e+06|6.828913692e+06|6.771773959e+06|3.692426531e+03|3.698206850e+03|3.705804171e+03|3.696904256e+03|7.848301600e+10|7.928597636e+10|8.034808997e+10|7.911634582e+10|4.657163940e+03|4.667414307e+03|4.680895264e+03|4.665118652e+03|3.143251063e+03
5.212023103e+06|6.687230039e+06|6.728968934e+06|6.772974111e+06|6.723026876e+06|3.683777182e+03|3.690319269e+03|3.697184375e+03|3.689340775e+03|7.729228038e+10|7.819162947e+10|7.914360083e+10|7.806472886e+10|4.641838989e+03|4.653429199e+03|4.665602173e+03|4.651705078e+03|3.143251063e+03
5.232300366e+06|6.640309995e+06|6.678014809e+06|6.717888495e+06|6.672537396e+06|3.676366741e+03|3.682329846e+03|3.688585589e+03|3.681415719e+03|7.628142591e+10|7.709407225e+10|7.795250158e+10|7.697568815e+10|4.628720215e+03|4.639276855e+03|4.650355347e+03|4.637666504e+03|3.143251063e+03
5.252060601e+06|6.562909553e+06|6.600252307e+06|6.645250458e+06|6.601685735e+06|3.663987721e+03|3.669973052e+03|3.677153398e+03|3.670133226e+03|7.461207044e+10|7.541591094e+10|7.638839493e+10|7.544820640e+10|4.606836426e+03|4.617413086e+03|4.630112793e+03|4.617711426e+03|3.143251063e+03
5.269318970e+06|6.523493405e+06|6.573896148e+06|6.616298573e+06|6.570269547e+06|3.657621883e+03|3.665751190e+03|3.672537541e+03|3.665113013e+03|7.376309622e+10|7.484822543e+10|7.576219951e+10|7.477081362e+10|4.595593628e+03|4.609953613e+03|4.621949219e+03|4.608834961e+03|3.143251063e+03
5.283518207e+06|6.493363195e+06|6.527438947e+06|6.567327357e+06|6.527370959e+06|3.652711012e+03|3.658263759e+03|3.664697101e+03|3.658196971e+03|7.311215964e+10|7.384851176e+10|7.470700018e+10|7.384613185e+10|4.586927734e+03|4.596727783e+03|4.608089844e+03|4.596618164e+03|3.143251063e+03
5.300524249e+06|6.439699675e+06|6.479325847e+06|6.534660936e+06|6.480284213e+06|3.643924289e+03|3.650417565e+03|3.659437930e+03|3.650481962e+03|7.195757385e+10|7.280955677e+10|7.400493911e+10|7.283157194e+10|4.571431396e+03|4.582883545e+03|4.598801147e+03|4.583014160e+03|3.143251063e+03
5.319353781e+06|6.416939657e+06|6.461951210e+06|6.515960158e+06|6.465373009e+06|3.640171587e+03|3.647573980e+03|3.656395564e+03|3.648063758e+03|7.146825901e+10|7.243558029e+10|7.360015965e+10|7.251023734e+10|4.564821045e+03|4.577868408e+03|4.593429443e+03|4.578745117e+03|3.143251063e+03
5.341526673e+06|6.361897946e+06|6.419222224e+06|6.477621110e+06|6.418690300e+06|3.630991782e+03|3.640551058e+03|3.650138804e+03|3.640357097e+03|7.027954445e+10|7.151769513e+10|7.277283624e+10|7.150410343e+10|4.548663330e+03|4.565489990e+03|4.582391113e+03|4.565166504e+03|3.143251063e+03
5.361317485e+06|6.324075666e+06|6.398709110e+06|6.438792242e+06|6.380331666e+06|3.624651164e+03|3.637137282e+03|3.643775261e+03|3.633979475e+03|6.946678238e+10|7.107379065e+10|7.193809804e+10|7.067806649e+10|4.537512329e+03|4.559479492e+03|4.571171631e+03|4.553938965e+03|3.143251063e+03
5.379194623e+06|6.310781475e+06|6.359381573e+06|6.395740914e+06|6.344656888e+06|3.622416227e+03|3.630570777e+03|3.636642705e+03|3.628027163e+03|6.918185824e+10|7.022535968e+10|7.100962931e+10|6.990959871e+10|4.533584473e+03|4.547922607e+03|4.558608643e+03|4.543464844e+03|3.143251063e+03
5.398863366e+06|6.266805823e+06|6.305081532e+06|6.335381679e+06|6.299349663e+06|3.614925247e+03|3.621448616e+03|3.626549391e+03|3.620422179e+03|6.823119773e+10|6.905854549e+10|6.970937574e+10|6.893325784e+10|4.520426636e+03|4.531883545e+03|4.540850220e+03|4.530089844e+03|3.143251063e+03
5.418351241e+06|6.193591231e+06|6.244575251e+06|6.281533210e+06|6.231566426e+06|3.602358569e+03|3.611123586e+03|3.617438562e+03|3.608795369e+03|6.665705643e+10|6.775231031e+10|6.854911812e+10|6.747307931e+10|4.498384766e+03|4.513754883e+03|4.524840820e+03|4.509693359e+03|3.143251063e+03
5.438049227e+06|6.160396947e+06|6.195915859e+06|6.236028510e+06|6.194545284e+06|3.596567810e+03|3.602763281e+03|3.609659293e+03|3.602445689e+03|6.593919177e+10|6.670742493e+10|6.756851944e+10|6.667574242e+10|4.488243774e+03|4.499096191e+03|4.511188110e+03|4.498553711e+03|3.143251063e+03
5.454643129e+06|6.097302684e+06|6.129937776e+06|6.171899670e+06|6.137932792e+06|3.585500444e+03|3.591234933e+03|3.598576940e+03|3.592579692e+03|6.458255586e+10|6.528295707e+10|6.618766019e+10|6.545627068e+10|4.468881470e+03|4.478911865e+03|4.491764771e+03|4.481277832e+03|3.143251063e+03
5.471318896e+06|6.055968476e+06|6.094565342e+06|6.126973538e+06|6.094697742e+06|3.578136193e+03|3.585018467e+03|3.590714956e+03|3.584949278e+03|6.368950478e+10|6.452392514e+10|6.521923613e+10|6.452469841e+10|4.456019409e+03|4.468040771e+03|4.478003052e+03|4.467937012e+03|3.143251063e+03
5.488571450e+06|6.041281033e+06|6.068834030e+06|6.122008885e+06|6.073488798e+06|3.575505705e+03|3.580436722e+03|3.589843634e+03|3.581184509e+03|6.337259183e+10|6.396759476e+10|6.511256463e+10|6.406744083e+10|4.451427124e+03|4.460035645e+03|4.476477905e+03|4.461358887e+03|3.143251063e+03
5.507498858e+06|5.996454988e+06|6.028683661e+06|6.076995274e+06|6.034526389e+06|3.567449850e+03|3.573246017e+03|3.581894275e+03|3.574236173e+03|6.240876908e+10|6.310119758e+10|6.414420804e+10|6.322821312e+10|4.437374146e+03|4.447485352e+03|4.462582886e+03|4.449226074e+03|3.143251063e+03
5.525316959e+06|5.934224533e+06|5.993522897e+06|6.046236266e+06|5.985529266e+06|3.556086488e+03|3.566921420e+03|3.576393674e+03|3.565328454e+03|6.106520073e+10|6.234594572e+10|6.347945217e+10|6.217222529e+10|4.417589478e+03|4.436454346e+03|4.452979004e+03|4.433708008e+03|3.143251063e+03
5.544516082e+06|5.931740779e+06|5.992802432e+06|6.038977932e+06|5.976560961e+06|3.555630088e+03|3.566791584e+03|3.575092816e+03|3.563701521e+03|6.101164899e+10|6.233050794e+10|6.332294634e+10|6.197865728e+10|4.416795288e+03|4.436227783e+03|4.450707031e+03|4.430874023e+03|3.143251063e+03
5.562263171e+06|5.896886145e+06|5.942144060e+06|5.970562594e+06|5.930412590e+06|3.549211530e+03|3.557540829e+03|3.562748531e+03|3.555306810e+03|6.026206929e+10|6.123605051e+10|6.185076951e+10|6.098416192e+10|4.405631958e+03|4.420118896e+03|4.429183716e+03|4.416250000e+03|3.143251063e+03
5.580825471e+06|5.841982199e+06|5.887320282e+06|5.927009750e+06|5.878851370e+06|3.538955182e+03|3.547445352e+03|3.554760411e+03|3.545756792e+03|5.907638224e+10|6.005692578e+10|6.090967840e+10|5.987216944e+10|4.387824951e+03|4.402562256e+03|4.415280518e+03|4.399651855e+03|3.143251063e+03
5.600352776e+06|5.788737747e+06|5.834469471e+06|5.884921429e+06|5.831565301e+06|3.528903070e+03|3.537540670e+03|3.547002132e+03|3.536873466e+03|5.792971367e+10|5.891408724e+10|6.000551923e+10|5.885231093e+10|4.370396362e+03|4.385368408e+03|4.401789307e+03|4.384240723e+03|3.143251063e+03
5.620293591e+06|5.767586531e+06|5.801064214e+06|5.841869933e+06|5.799200656e+06|3.524866913e+03|3.531235884e+03|3.538934068e+03|3.530802594e+03|5.747345896e+10|5.819437562e+10|5.907395403e+10|5.815445895e+10|4.363408447e+03|4.374438721e+03|4.387787964e+03|4.373706055e+03|3.143251063e+03
5.640114482e+06|5.682163312e+06|5.726680764e+06|5.762689044e+06|5.724909433e+06|3.508342673e+03|3.516975177e+03|3.523924109e+03|3.516551052e+03|5.562983693e+10|5.658762574e+10|5.736712657e+10|5.655037791e+10|4.334847900e+03|4.349761963e+03|4.361777222e+03|4.349047363e+03|3.143251063e+03
5.656681687e+06|5.652601733e+06|5.683804258e+06|5.721520384e+06|5.687487955e+06|3.502510889e+03|3.508661703e+03|3.515976896e+03|3.509279265e+03|5.498840358e+10|5.566503601e+10|5.647629005e+10|5.574260854e+10|4.324794678e+03|4.335399414e+03|4.348035156e+03|4.336487305e+03|3.143251063e+03
5.675682879e+06|5.622608357e+06|5.661323803e+06|5.689784232e+06|5.656539367e+06|3.496559148e+03|3.504237620e+03|3.509823757e+03|3.503215704e+03|5.433900098e+10|5.517830931e+10|5.579338094e+10|5.507386671e+10|4.314541626e+03|4.327769287e+03|4.337404663e+03|4.326024902e+03|3.143251063e+03
5.691861502e+06|5.582344091e+06|5.616553781e+06|5.676623624e+06|5.625093455e+06|3.488533190e+03|3.495355086e+03|3.507262199e+03|3.496966825e+03|5.347225938e+10|5.420825183e+10|5.551097735e+10|5.439459194e+10|4.300725586e+03|4.312466797e+03|4.332984009e+03|4.315264160e+03|3.143251063e+03
5.706703952e+06|5.544614323e+06|5.603338087e+06|5.656980868e+06|5.596044347e+06|3.480872984e+03|3.492723839e+03|3.503378047e+03|3.491110179e+03|5.265586733e+10|5.392329889e+10|5.508345543e+10|5.376719171e+10|4.287569336e+03|4.307937988e+03|4.326286987e+03|4.305198242e+03|3.143251063e+03
5.726078621e+06|5.528804310e+06|5.568276038e+06|5.618508269e+06|5.567167100e+06|3.477649090e+03|3.485686391e+03|3.495743858e+03|3.485335662e+03|5.230940007e+10|5.317197978e+10|5.425044796e+10|5.314305526e+10|4.282036255e+03|4.295836670e+03|4.313135986e+03|4.295264160e+03|3.143251063e+03
5.745564643e+06|5.487774850e+06|5.539947729e+06|5.568187942e+06|5.525149439e+06|3.469253405e+03|3.479922050e+03|3.485668499e+03|3.476762316e+03|5.142486868e+10|5.255229343e+10|5.317009120e+10|5.223532411e+10|4.267637939e+03|4.285937500e+03|4.295804810e+03|4.280601562e+03|3.143251063e+03
5.765857585e+06|5.435094784e+06|5.490932409e+06|5.524984125e+06|5.477128013e+06|3.458235269e+03|3.469901021e+03|3.476869163e+03|3.466835716e+03|5.029130384e+10|5.149274083e+10|5.222680513e+10|5.119556047e+10|4.248794434e+03|4.268749512e+03|4.280700195e+03|4.263623535e+03|3.143251063e+03
5.784410050e+06|5.404784371e+06|5.438620508e+06|5.477376430e+06|5.433744213e+06|3.451857787e+03|3.458975604e+03|3.467091985e+03|3.457647734e+03|4.962304220e+10|5.036936317e+10|5.120538427e+10|5.025833127e+10|4.237898071e+03|4.250058105e+03|4.263939697e+03|4.248122070e+03|3.143251063e+03
5.804304552e+06|5.355778402e+06|5.399065073e+06|5.445145294e+06|5.397312454e+06|3.441216347e+03|3.450651718e+03|3.460344721e+03|3.449827486e+03|4.858291374e+10|4.949980147e+10|5.051285156e+10|4.947073527e+10|4.220015503e+03|4.235837891e+03|4.252398926e+03|4.234992676e+03|3.143251063e+03
5.823873079e+06|5.301276186e+06|5.342021699e+06|5.375416912e+06|5.338484189e+06|3.429154373e+03|3.438190215e+03|3.445527478e+03|3.436624560e+03|4.737795409e+10|4.828479880e+10|4.900128333e+10|4.819831159e+10|4.199943604e+03|4.214961426e+03|4.227217651e+03|4.213514648e+03|3.143251063e+03
5.843591955e+06|5.240942716e+06|5.285335929e+06|5.314410039e+06|5.281765041e+06|3.411036328e+03|3.424401632e+03|3.432100864e+03|3.422647856e+03|4.608789449e+10|4.704108234e+10|4.767372481e+10|4.696751346e+10|4.177219482e+03|4.193954834e+03|4.204792969e+03|4.192441406e+03|3.143251063e+03
5.861154084e+06|5.216297691e+06|5.255034552e+06|5.300928882e+06|5.256715188e+06|3.403590275e+03|3.415285463e+03|3.429077706e+03|3.416086783e+03|4.554699901e+10|4.639341788e+10|4.736971190e+10|4.642555855e+10|4.167895874e+03|4.182540771e+03|4.199816162e+03|4.182958008e+03|3.143251063e+03
5.875401280e+06|5.183693507e+06|5.225359049e+06|5.288388467e+06|5.230436245e+06|3.398395713e+03|3.406330197e+03|3.425318425e+03|3.410013644e+03|4.483872555e+10|4.574686324e+10|4.710597041e+10|4.585296484e+10|4.155341797e+03|4.171326416e+03|4.195104126e+03|4.173016113e+03|3.143251063e+03
5.891284569e+06|5.164602462e+06|5.203740919e+06|5.258905453e+06|5.209468273e+06|3.395646313e+03|3.401274320e+03|3.416451563e+03|3.405294768e+03|4.442293565e+10|4.527453577e+10|4.647684924e+10|4.539499083e+10|4.147960327e+03|4.163078613e+03|4.183998779e+03|4.165062988e+03|3.143251063e+03
5.908670420e+06|5.115909983e+06|5.178301305e+06|5.224389376e+06|5.170638051e+06|3.386008281e+03|3.397619870e+03|3.406037119e+03|3.395129959e+03|4.334968900e+10|4.472245719e+10|4.572553216e+10|4.455345507e+10|4.129005981e+03|4.153259033e+03|4.170959717e+03|4.150060059e+03|3.143251063e+03
5.927260935e+06|5.075195204e+06|5.123129476e+06|5.170367431e+06|5.122944549e+06|3.370457026e+03|3.388760379e+03|3.396477388e+03|3.382377381e+03|4.249339737e+10|4.349533731e+10|4.454984782e+10|4.351693273e+10|4.112913452e+03|4.131852783e+03|4.150190186e+03|4.131428223e+03|3.143251063e+03
5.945390453e+06|5.070181974e+06|5.118023885e+06|5.150986408e+06|5.103851982e+06|3.368538525e+03|3.386814310e+03|3.393680553e+03|3.377599073e+03|4.238389702e+10|4.339257005e+10|4.411856825e+10|4.310180473e+10|4.110926636e+03|4.129839111e+03|4.142686035e+03|4.123976562e+03|3.143251063e+03
5.965640760e+06|5.032023408e+06|5.065666885e+06|5.102633132e+06|5.063506658e+06|3.353643162e+03|3.366809728e+03|3.380942913e+03|3.364953459e+03|4.153739361e+10|4.228426782e+10|4.307701751e+10|4.222870497e+10|4.095693848e+03|4.109135498e+03|4.123765625e+03|4.108075195e+03|3.143251063e+03
5.987711375e+06|4.974767045e+06|5.016223379e+06|5.060992251e+06|5.014545732e+06|3.330171003e+03|3.347176320e+03|3.365019665e+03|3.346125017e+03|4.032309791e+10|4.120189017e+10|4.218092418e+10|4.117295777e+10|4.072412048e+03|4.089283813e+03|4.107282227e+03|4.088384277e+03|3.143251063e+03
6.009241886e+06|4.915015357e+06|4.953854714e+06|4.994933422e+06|4.949997312e+06|3.305581465e+03|3.321574586e+03|3.338450027e+03|3.319928463e+03|3.902245549e+10|3.986224863e+10|4.075825576e+10|3.977948174e+10|4.047582703e+03|4.063816895e+03|4.080627441e+03|4.061923828e+03|3.143251063e+03
6.029631514e+06|4.862944375e+06|4.895360142e+06|4.933803457e+06|4.900795155e+06|3.284107491e+03|3.297469271e+03|3.313324040e+03|3.299703076e+03|3.789905743e+10|3.860583846e+10|3.942763481e+10|3.871751970e+10|4.025553101e+03|4.039343018e+03|4.055444214e+03|4.041386475e+03|3.143251063e+03
6.045712733e+06|4.830768731e+06|4.872565762e+06|4.925802010e+06|4.875735107e+06|3.270845256e+03|3.288066585e+03|3.310028042e+03|3.289381933e+03|3.720043865e+10|3.810922364e+10|3.925483410e+10|3.817454396e+10|4.011689514e+03|4.029688599e+03|4.052098694e+03|4.030703125e+03|3.143251063e+03
6.062195597e+06|4.816839596e+06|4.851565317e+06|4.909071645e+06|4.853211331e+06|3.265093105e+03|3.279421190e+03|3.303129670e+03|3.280118853e+03|3.690003466e+10|3.765124324e+10|3.889688005e+10|3.768462979e+10|4.005674988e+03|4.020655762e+03|4.045093872e+03|4.021053955e+03|3.143251063e+03
6.078350801e+06|4.756891980e+06|4.810740344e+06|4.862926489e+06|4.807932403e+06|3.240498974e+03|3.262572585e+03|3.284100134e+03|3.261494174e+03|3.559046630e+10|3.676882937e+10|3.789866619e+10|3.670209232e+10|3.979227600e+03|4.003038086e+03|4.025545410e+03|4.001448486e+03|3.143251063e+03
6.094664792e+06|4.732287057e+06|4.787116158e+06|4.844831055e+06|4.786982413e+06|3.230396111e+03|3.252880806e+03|3.276645200e+03|3.252911121e+03|3.505661740e+10|3.625201138e+10|3.750507115e+10|3.624518453e+10|3.968275635e+03|3.992646362e+03|4.017753235e+03|3.992217285e+03|3.143251063e+03
6.111384089e+06|4.706860227e+06|4.764293248e+06|4.819610456e+06|4.760553810e+06|3.220106712e+03|3.243533923e+03|3.266238055e+03|3.242120973e+03|3.449358341e+10|3.575187231e+10|3.695966119e+10|3.566590487e+10|3.956693787e+03|3.982518799e+03|4.006872192e+03|3.980399902e+03|3.143251063e+03
6.129981778e+06|4.678573880e+06|4.738576632e+06|4.777447683e+06|4.730192232e+06|3.208665698e+03|3.232980629e+03|3.248923402e+03|3.229749863e+03|3.387013237e+10|3.519267527e+10|3.603968284e+10|3.500185602e+10|3.943735107e+03|3.971078857e+03|3.988358521e+03|3.966843750e+03|3.143251063e+03
6.148459347e+06|4.652317664e+06|4.701545221e+06|4.739269654e+06|4.693273740e+06|3.198059594e+03|3.217959097e+03|3.233265316e+03|3.214659003e+03|3.329513431e+10|3.437595928e+10|3.520768524e+10|3.419187279e+10|3.931635559e+03|3.954262085e+03|3.971386597e+03|3.950139160e+03|3.143251063e+03
6.169479821e+06|4.614432300e+06|4.644877646e+06|4.687274397e+06|4.642613606e+06|3.183068854e+03|3.195119806e+03|3.212187840e+03|3.193998975e+03|3.245059603e+10|3.312937459e+10|3.406122561e+10|3.307518911e+10|3.913739929e+03|3.928123657e+03|3.947725830e+03|3.926747803e+03|3.143251063e+03
6.192707031e+06|4.549826170e+06|4.600125584e+06|4.637368437e+06|4.591376673e+06|3.155560277e+03|3.177394304e+03|3.192150619e+03|3.172703112e+03|3.102260369e+10|3.213143938e+10|3.296202141e+10|3.194114845e+10|3.882843750e+03|3.906966064e+03|3.924580688e+03|3.902530029e+03|3.143251063e+03
6.216193683e+06|4.503844980e+06|4.540206950e+06|4.598423203e+06|4.549588564e+06|3.134468530e+03|3.151230727e+03|3.176718612e+03|3.154353328e+03|3.000271568e+10|3.081017574e+10|3.209345730e+10|3.101579300e+10|3.860446411e+03|3.878201294e+03|3.906158630e+03|3.882377197e+03|3.143251063e+03
6.235646368e+06|4.454757824e+06|4.490314479e+06|4.530787580e+06|4.495578303e+06|3.110826364e+03|3.127959727e+03|3.146988012e+03|3.129976130e+03|2.891653608e+10|2.970134535e+10|3.060195202e+10|2.981823001e+10|3.835979309e+03|3.853713257e+03|3.873647888e+03|3.856046143e+03|3.143251063e+03
6.250986216e+06|4.432209502e+06|4.455177027e+06|4.498619738e+06|4.464445811e+06|3.099645360e+03|3.111028609e+03|3.131955667e+03|3.115001359e+03|2.840991128e+10|2.892579304e+10|2.988617339e+10|2.912617659e+10|3.824437805e+03|3.836189087e+03|3.857847656e+03|3.840446289e+03|3.143251063e+03
6.267761712e+06|4.397954349e+06|4.427592449e+06|4.506183317e+06|4.442713848e+06|3.082490916e+03|3.097335448e+03|3.135592723e+03|3.104213998e+03|2.764331648e+10|2.830603315e+10|3.005494219e+10|2.863945984e+10|3.806733521e+03|3.822054688e+03|3.861609985e+03|3.829256348e+03|3.143251063e+03
6.284132871e+06|4.358454896e+06|4.404952484e+06|4.472176414e+06|4.408723946e+06|3.062175621e+03|3.085998591e+03|3.119224969e+03|3.087270673e+03|2.675072466e+10|2.779915456e+10|2.930053460e+10|2.787715571e+10|3.785814453e+03|3.810355103e+03|3.844673523e+03|3.811716797e+03|3.143251063e+03
6.299602436e+06|4.334954073e+06|4.387351399e+06|4.451801017e+06|4.390027050e+06|3.049923279e+03|3.077173462e+03|3.109399639e+03|3.077706343e+03|2.622010250e+10|2.740793446e+10|2.885121704e+10|2.745594113e+10|3.773201965e+03|3.801244263e+03|3.834501465e+03|3.801858398e+03|3.143251063e+03
6.317171804e+06|4.299074348e+06|4.347264647e+06|4.410959717e+06|4.354075424e+06|3.030711329e+03|3.056343632e+03|3.089008263e+03|3.059134335e+03|2.539988469e+10|2.649745468e+10|2.793325746e+10|2.664388231e+10|3.753474609e+03|3.779812256e+03|3.813460449e+03|3.782735840e+03|3.143251063e+03
6.335831082e+06|4.276479993e+06|4.311239139e+06|4.366666559e+06|4.319943663e+06|3.018440938e+03|3.037311534e+03|3.066452808e+03|3.041301948e+03|2.488334182e+10|2.568003846e+10|2.693727768e+10|2.586997432e+10|3.740881409e+03|3.760243408e+03|3.790214172e+03|3.764390869e+03|3.143251063e+03
6.356756814e+06|4.233053737e+06|4.283922197e+06|4.312440254e+06|4.270380104e+06|2.994168121e+03|3.022484271e+03|3.037962967e+03|3.014481837e+03|2.387815939e+10|2.505292672e+10|2.570778350e+10|2.473522164e+10|3.716026794e+03|3.745031738e+03|3.760913330e+03|3.736865967e+03|3.143251063e+03
6.380163397e+06|4.196810971e+06|4.249517390e+06|4.288330436e+06|4.243300101e+06|2.973423582e+03|3.003487648e+03|3.024878472e+03|2.999251025e+03|2.303618356e+10|2.426147053e+10|2.515363844e+10|2.410799167e+10|3.694815125e+03|3.725560913e+03|3.747490417e+03|3.721274658e+03|3.143251063e+03
6.401527473e+06|4.147736131e+06|4.188259572e+06|4.225841980e+06|4.190189774e+06|2.944335423e+03|2.968369995e+03|2.990083648e+03|2.968850660e+03|2.188163595e+10|2.283337614e+10|2.371111008e+10|2.287064598e+10|3.665136780e+03|3.689660889e+03|3.711848267e+03|3.690192383e+03|3.143251063e+03
6.424983526e+06|4.099518033e+06|4.132680325e+06|4.170405976e+06|4.141981465e+06|2.914518865e+03|2.935030244e+03|2.957813539e+03|2.940090896e+03|2.072881549e+10|2.151838088e+10|2.241277430e+10|2.173250712e+10|3.634801819e+03|3.655676270e+03|3.678891174e+03|3.660865723e+03|3.143251063e+03
6.440754845e+06|4.092099900e+06|4.108652040e+06|4.145037593e+06|4.119480229e+06|2.909782797e+03|2.920170527e+03|2.942667946e+03|2.926231488e+03|2.054802987e+10|2.094482257e+10|2.181626605e+10|2.119493012e+10|3.629993347e+03|3.640554810e+03|3.663442810e+03|3.646764893e+03|3.143251063e+03
6.456967434e+06|4.049000918e+06|4.077420237e+06|4.140377078e+06|4.092838197e+06|2.881862928e+03|2.900277006e+03|2.939787737e+03|2.909306179e+03|1.950066851e+10|2.018764593e+10|2.170370342e+10|2.055119267e+10|3.601666321e+03|3.620355103e+03|3.660514587e+03|3.629583740e+03|3.143251063e+03
6.472285862e+06|4.017186788e+06|4.063198150e+06|4.132073501e+06|4.073250838e+06|2.860450618e+03|2.891064500e+03|2.934655082e+03|2.896567108e+03|1.871274092e+10|1.984249954e+10|2.150381833e+10|2.007503418e+10|3.580085388e+03|3.611008301e+03|3.655294800e+03|3.616694092e+03|3.143251063e+03
6.488147180e+06|3.988464042e+06|4.020715382e+06|4.069672233e+06|4.030510420e+06|2.840754644e+03|2.862833836e+03|2.895258509e+03|2.868558600e+03|1.800388832e+10|1.879942239e+10|1.999914557e+10|1.903203582e+10|3.560265442e+03|3.582488159e+03|3.615264038e+03|3.588364258e+03|3.143251063e+03
6.504952715e+06|3.967371463e+06|4.007395061e+06|4.045941684e+06|4.009387154e+06|2.825819716e+03|2.853836701e+03|2.879868606e+03|2.854185792e+03|1.747245500e+10|1.847359332e+10|1.942682178e+10|1.850927674e+10|3.545289490e+03|3.573417969e+03|3.599645264e+03|3.573879639e+03|3.143251063e+03
6.524090790e+06|3.936130228e+06|3.969885270e+06|4.022823156e+06|3.980595611e+06|2.803136711e+03|2.827599681e+03|2.864257373e+03|2.834055233e+03|1.667971313e+10|1.753531553e+10|1.885134238e+10|1.778895453e+10|3.522567017e+03|3.547074951e+03|3.583923096e+03|3.553643555e+03|3.143251063e+03
6.547610094e+06|3.896133902e+06|3.926906306e+06|3.953620367e+06|3.928793664e+06|2.772842626e+03|2.796247133e+03|2.816082788e+03|2.796928633e+03|1.564391641e+10|1.644160199e+10|1.713133049e+10|1.647987393e+10|3.492272400e+03|3.515674683e+03|3.535516785e+03|3.516386230e+03|3.143251063e+03
6.576982346e+06|3.846831635e+06|3.889771211e+06|3.918524402e+06|3.888953465e+06|2.733100451e+03|2.767817035e+03|2.789987169e+03|2.766061995e+03|1.432404144e+10|1.547419953e+10|1.622691190e+10|1.543544084e+10|3.452622620e+03|3.487254639e+03|3.509408997e+03|3.485541260e+03|3.143251063e+03
6.605414598e+06|3.806128496e+06|3.833551571e+06|3.862593511e+06|3.837525965e+06|2.698054798e+03|2.721979859e+03|2.746308207e+03|2.724044606e+03|1.319745661e+10|1.396336803e+10|1.475924991e+10|1.405069078e+10|3.417737976e+03|3.441537964e+03|3.465774719e+03|3.443640381e+03|3.143251063e+03
6.632176594e+06|3.766555887e+06|3.799349560e+06|3.825388365e+06|3.804621371e+06|2.661557931e+03|2.692011082e+03|2.715147494e+03|2.694921360e+03|1.206096957e+10|1.300688144e+10|1.374439731e+10|1.312720103e+10|3.381503967e+03|3.411729614e+03|3.434725098e+03|3.414677734e+03|3.143251063e+03
6.646819705e+06|3.747828387e+06|3.772182483e+06|3.800203980e+06|3.778872099e+06|2.643509059e+03|2.666922599e+03|2.692772687e+03|2.671651986e+03|1.151449421e+10|1.222556280e+10|1.303081207e+10|1.239524000e+10|3.363576477e+03|3.386824585e+03|3.412485291e+03|3.391552490e+03|3.143251063e+03
6.658358964e+06|3.731237028e+06|3.756839366e+06|3.794711455e+06|3.767721427e+06|2.626548606e+03|2.652299085e+03|2.687877691e+03|2.660513694e+03|1.100903550e+10|1.177940539e+10|1.287751564e+10|1.206054998e+10|3.346701965e+03|3.372319580e+03|3.407618347e+03|3.380522461e+03|3.143251063e+03
6.670064469e+06|3.714885071e+06|3.746995864e+06|3.778619617e+06|3.751239629e+06|2.609487484e+03|2.642658780e+03|2.673064023e+03|2.644702841e+03|1.050464008e+10|1.148881683e+10|1.241583851e+10|1.157672376e+10|3.329994385e+03|3.362726807e+03|3.392910583e+03|3.364862305e+03|3.143251063e+03
6.681186127e+06|3.702965986e+06|3.727393289e+06|3.769466578e+06|3.736349930e+06|2.596277490e+03|2.622594379e+03|2.664332595e+03|2.629513668e+03|1.011935061e+10|1.089147899e+10|1.214585136e+10|1.112377925e+10|3.316990173e+03|3.342836792e+03|3.384256226e+03|3.349851562e+03|3.143251063e+03
6.693144857e+06|3.695674633e+06|3.715672789e+06|3.740956024e+06|3.723069052e+06|2.588208615e+03|2.610361285e+03|2.636493036e+03|2.616227379e+03|9.888282788e+09|1.053039634e+10|1.130415593e+10|1.072454010e+10|3.309040100e+03|3.330854858e+03|3.356566528e+03|3.336709473e+03|3.143251063e+03
6.705818655e+06|3.681068195e+06|3.704808935e+06|3.723491014e+06|3.704712561e+06|2.571428070e+03|2.598318481e+03|2.618581879e+03|2.596582507e+03|9.412051308e+09|1.017833094e+10|1.077273812e+10|1.014996233e+10|3.292532043e+03|3.319000610e+03|3.338911987e+03|3.317332764e+03|3.143251063e+03
6.721469053e+06|3.663436422e+06|3.688652607e+06|3.703989906e+06|3.686479683e+06|2.550212948e+03|2.580446509e+03|2.597411323e+03|2.576079792e+03|8.821741394e+09|9.669056603e+09|1.015207492e+10|9.562368286e+09|3.271695984e+03|3.301386719e+03|3.318107788e+03|3.297154785e+03|3.143251063e+03
6.754068632e+06|3.618086893e+06|3.655849782e+06|3.674245334e+06|3.649549569e+06|2.488950543e+03|2.540708593e+03|2.563209733e+03|2.528435757e+03|7.180588616e+09|8.560871965e+09|9.180523194e+09|8.266700163e+09|3.211662292e+03|3.262370483e+03|3.284466125e+03|3.250404053e+03|3.143251063e+03
6.829454190e+06|3.524817555e+06|3.542575055e+06|3.568823944e+06|3.549286603e+06|2.295374960e+03|2.348221110e+03|2.406569162e+03|2.351095269e+03|2.593587538e+09|3.767116024e+09|5.130980539e+09|3.887556702e+09|3.022668640e+03|3.074289429e+03|3.131156250e+03|3.076957520e+03|3.143251063e+03
6.863293449e+06|3.508927827e+06|3.515776961e+06|3.527486073e+06|3.520324373e+06|2.214912326e+03|2.258015803e+03|2.305321912e+03|2.261810392e+03|8.850800749e+08|1.793342712e+09|2.823522533e+09|1.880700095e+09|2.943676453e+03|2.986067505e+03|3.032392029e+03|2.988158447e+03|3.143251063e+03
6.878031093e+06|3.505144170e+06|3.506948383e+06|3.510954043e+06|3.510114720e+06|2.167814994e+03|2.193106774e+03|2.231018551e+03|2.207484281e+03|2.018953231e+04|4.222628516e+07|1.224537036e+09|7.545156708e+08|2.884916138e+03|2.921646118e+03|2.959539917e+03|2.923560547e+03|3.143251063e+03
6.892803101e+06|3.503404556e+06|3.505205734e+06|3.506701660e+06|3.505598414e+06|2.159379611e+03|2.168271063e+03|2.188845094e+03|2.178676113e+03|2.999100911e+02|2.546199331e+04|1.544034823e+07|2.063793222e+08|2.837265442e+03|2.886491577e+03|2.917242676e+03|2.876482910e+03|3.143251063e+03
6.904411292e+06|3.501690259e+06|3.502807162e+06|3.504821313e+06|3.503404559e+06|2.156568324e+03|2.158174874e+03|2.165424815e+03|2.163889035e+03|7.280173844e+01|1.632333326e+02|6.476417121e+03|3.490248397e+07|2.784148926e+03|2.819227295e+03|2.876667908e+03|2.826905518e+03|3.143251063e+03
6.914177541e+06|3.501021088e+06|3.502678592e+06|3.504556086e+06|3.503074237e+06|2.155890207e+03|2.157956047e+03|2.163462965e+03|2.163319648e+03|1.632407142e+01|1.462701544e+02|2.357241755e+03|2.820848230e+07|2.748257629e+03|2.815294312e+03|2.869908691e+03|2.802473633e+03|3.143251063e+03
6.922116184e+06|3.500915809e+06|3.502121563e+06|3.505219512e+06|3.503115005e+06|2.155820443e+03|2.157041637e+03|2.168373142e+03|2.165573387e+03|5.307551945e+00|9.256747895e+01|2.677695608e+04|6.737791449e+07|2.696358215e+03|2.798190063e+03|2.886844055e+03|2.784441162e+03|3.143251063e+03
6.929060087e+06|3.500915809e+06|3.501026048e+06|3.503755972e+06|3.502275916e+06|2.155820443e+03|2.155893493e+03|2.160457217e+03|2.160132606e+03|5.307551945e+00|1.579760472e+01|5.133140588e+02|1.022105380e+06|2.650168396e+03|2.748955078e+03|2.847320618e+03|2.744250732e+03|3.143251063e+03
6.935387581e+06|3.500915809e+06|3.500915817e+06|3.503441156e+06|3.502077606e+06|2.155820443e+03|2.155820443e+03|2.159491824e+03|2.158338745e+03|5.307551945e+00|5.307551945e+00|3.172411107e+02|5.417932439e+03|2.640896057e+03|2.723354370e+03|2.838311462e+03|2.724694580e+03|3.143251063e+03
6.944181330e+06|3.500915809e+06|3.500915817e+06|3.501565617e+06|3.501436938e+06|2.155820442e+03|2.155820443e+03|2.156431551e+03|2.156499617e+03|5.307551937e+00|5.307551945e+00|6.794771956e+01|7.605857548e+01|2.565771606e+03|2.687089600e+03|2.780104492e+03|2.675545654e+03|3.143251063e+03
6.956368725e+06|3.500915809e+06|3.500915816e+06|3.500915817e+06|3.500964932e+06|2.155820442e+03|2.155820442e+03|2.155820443e+03|2.155873141e+03|5.307551937e+00|5.307551937e+00|5.307551945e+00|1.044889034e+01|2.448962097e+03|2.555466919e+03|2.685771606e+03|2.564629639e+03|3.143251063e+03
6.973352992e+06|3.500915808e+06|3.500915810e+06|3.500915817e+06|3.500915811e+06|2.155820442e+03|2.155820442e+03|2.155820442e+03|2.155820442e+03|5.307551869e+00|5.307551937e+00|5.307551937e+00|5.307551919e+00|2.292400146e+03|2.385701538e+03|2.493733154e+03|2.401207275e+03|3.143251063e+03
6.999205211e+06|3.500915806e+06|3.500915807e+06|3.500915809e+06|3.500915808e+06|2.155820442e+03|2.155820442e+03|2.155820442e+03|2.155820442e+03|5.307551861e+00|5.307551869e+00|5.307551869e+00|5.307551877e+00|2.086772766e+03|2.171524292e+03|2.289166504e+03|2.182622559e+03|3.143251063e+03
7.070029183e+06|3.500915807e+06|3.500915808e+06|3.500915816e+06|3.500915810e+06|2.155820440e+03|2.155820441e+03|2.155820442e+03|2.155820441e+03|5.307551707e+00|5.307551785e+00|5.307551852e+00|5.307551771e+00|1.424162415e+03|1.676775574e+03|1.806109467e+03|1.610794800e+03|3.143251063e+03
7.446981376e+06|3.500915804e+06|3.500915806e+06|3.500915808e+06|3.500915807e+06|2.155820419e+03|2.155820424e+03|2.155820430e+03|2.155820425e+03|5.307549897e+00|5.307550293e+00|5.307550874e+00|5.307550386e+00|2.815800018e+02|3.418093262e+02|4.985900421e+02|4.269589233e+02|3.143251063e+03
