#RRR|P25fit|P50fit|P75fit|P25model|P50model|P75model
3.387158250e+05|4.157008649e+11|4.184585579e+11|4.222543381e+11|0.000000|0.000000|0.000000
5.161166889e+05|4.130775755e+11|4.153767381e+11|4.181340075e+11|0.000000|0.000000|0.000000
6.136230709e+05|4.108656110e+11|4.130427377e+11|4.154402646e+11|0.000000|0.000000|0.000000
6.866081483e+05|4.088829361e+11|4.110151852e+11|4.132219055e+11|0.000000|0.000000|0.000000
7.472359528e+05|4.070353149e+11|4.091550580e+11|4.112466099e+11|0.000000|0.000000|0.000000
8.012747167e+05|4.052421978e+11|4.073665690e+11|4.093841006e+11|0.000000|0.000000|0.000000
8.441102685e+05|4.037266990e+11|4.058636214e+11|4.078392508e+11|0.000000|0.000000|0.000000
8.870448979e+05|4.021270630e+11|4.042831940e+11|4.062299094e+11|0.000000|0.000000|0.000000
9.251980678e+05|4.006399040e+11|4.028177860e+11|4.047485222e+11|0.000000|0.000000|0.000000
9.604364147e+05|3.992130323e+11|4.014142537e+11|4.033373925e+11|0.000000|0.000000|0.000000
9.931868746e+05|3.978421712e+11|4.000673853e+11|4.019889064e+11|0.000000|0.000000|0.000000
1.024086459e+06|3.965102178e+11|3.987597105e+11|4.006839426e+11|0.000000|0.000000|0.000000
1.052051889e+06|3.952731706e+11|3.975457206e+11|3.994755278e+11|0.000000|0.000000|0.000000
1.080439987e+06|3.939873767e+11|3.962841292e+11|3.982222510e+11|0.000000|0.000000|0.000000
1.107665898e+06|3.927263360e+11|3.950468313e+11|3.969951104e+11|0.000000|0.000000|0.000000
1.131807686e+06|3.915857264e+11|3.939275427e+11|3.958863681e+11|0.000000|0.000000|0.000000
1.154722593e+06|3.904839193e+11|3.928460765e+11|3.948160573e+11|0.000000|0.000000|0.000000
1.178799525e+06|3.893064542e+11|3.916899673e+11|3.936726832e+11|0.000000|0.000000|0.000000
1.200956315e+06|3.882052539e+11|3.906082996e+11|3.926034940e+11|0.000000|0.000000|0.000000
1.222493918e+06|3.871188640e+11|3.895406951e+11|3.915485785e+11|0.000000|0.000000|0.000000
1.243200972e+06|3.860597357e+11|3.884993638e+11|3.905198495e+11|0.000000|0.000000|0.000000
1.264664710e+06|3.849469684e+11|3.874046953e+11|3.894385444e+11|0.000000|0.000000|0.000000
1.283232658e+06|3.839722206e+11|3.864452619e+11|3.884908312e+11|0.000000|0.000000|0.000000
1.304142971e+06|3.828612264e+11|3.853510734e+11|3.874099252e+11|0.000000|0.000000|0.000000
1.323660993e+06|3.818116624e+11|3.843167221e+11|3.863879690e+11|0.000000|0.000000|0.000000
1.341098845e+06|3.808638303e+11|3.833820536e+11|3.854643079e+11|0.000000|0.000000|0.000000
1.359451329e+06|3.798560719e+11|3.823876757e+11|3.844813871e+11|0.000000|0.000000|0.000000
1.379915808e+06|3.787201234e+11|3.812660309e+11|3.833722928e+11|0.000000|0.000000|0.000000
1.399998586e+06|3.775929752e+11|3.801522429e+11|3.822705178e+11|0.000000|0.000000|0.000000
1.417330294e+06|3.766104703e+11|3.791806963e+11|3.813090428e+11|0.000000|0.000000|0.000000
1.434368842e+06|3.756358542e+11|3.782163104e+11|3.803542472e+11|0.000000|0.000000|0.000000
1.452293587e+06|3.746012890e+11|3.771919011e+11|3.793395513e+11|0.000000|0.000000|0.000000
1.470457784e+06|3.735433062e+11|3.761435501e+11|3.783006072e+11|0.000000|0.000000|0.000000
1.488859065e+06|3.724617514e+11|3.750710510e+11|3.772371462e+11|0.000000|0.000000|0.000000
1.504315708e+06|3.715457402e+11|3.741620831e+11|3.763353575e+11|0.000000|0.000000|0.000000
1.520713802e+06|3.705664774e+11|3.731897151e+11|3.753701662e+11|0.000000|0.000000|0.000000
1.536708728e+06|3.696039461e+11|3.722333229e+11|3.744203135e+11|0.000000|0.000000|0.000000
1.555015291e+06|3.684934708e+11|3.711291475e+11|3.733230343e+11|0.000000|0.000000|0.000000
1.573616539e+06|3.673555308e+11|3.699967987e+11|3.721970174e+11|0.000000|0.000000|0.000000
1.588117482e+06|3.664617709e+11|3.691068210e+11|3.713114836e+11|0.000000|0.000000|0.000000
1.604394898e+06|3.654516140e+11|3.681002993e+11|3.703094180e+11|0.000000|0.000000|0.000000
1.620825707e+06|3.644245746e+11|3.670762666e+11|3.692892945e+11|0.000000|0.000000|0.000000
1.635713100e+06|3.634876579e+11|3.661414933e+11|3.683575381e+11|0.000000|0.000000|0.000000
1.650693350e+06|3.625388342e+11|3.651942644e+11|3.674128291e+11|0.000000|0.000000|0.000000
1.667254447e+06|3.614828398e+11|3.641393725e+11|3.663601078e+11|0.000000|0.000000|0.000000
1.682996505e+06|3.604722479e+11|3.631291821e+11|3.653513707e+11|0.000000|0.000000|0.000000
1.699499242e+06|3.594057181e+11|3.620623941e+11|3.642854571e+11|0.000000|0.000000|0.000000
1.714447522e+06|3.584333992e+11|3.610892404e+11|3.633125140e+11|0.000000|0.000000|0.000000
1.729281997e+06|3.574626335e+11|3.601170813e+11|3.623400113e+11|0.000000|0.000000|0.000000
1.742957835e+06|3.565625451e+11|3.592152103e+11|3.614373317e+11|0.000000|0.000000|0.000000
1.757790074e+06|3.555807875e+11|3.582309804e+11|3.604516881e+11|0.000000|0.000000|0.000000
1.772904583e+06|3.545744134e+11|3.572215124e+11|3.594402018e+11|0.000000|0.000000|0.000000
1.788312068e+06|3.535423865e+11|3.561857378e+11|3.584017681e+11|0.000000|0.000000|0.000000
1.803526009e+06|3.525172522e+11|3.551563188e+11|3.573691264e+11|0.000000|0.000000|0.000000
1.816472467e+06|3.516401639e+11|3.542751310e+11|3.564847293e+11|0.000000|0.000000|0.000000
1.830627805e+06|3.506761999e+11|3.533062119e+11|3.555118112e+11|0.000000|0.000000|0.000000
1.846258191e+06|3.496057577e+11|3.522297310e+11|3.544303224e+11|0.000000|0.000000|0.000000
1.859969229e+06|3.486615605e+11|3.512797525e+11|3.534754421e+11|0.000000|0.000000|0.000000
1.874203664e+06|3.476761849e+11|3.502879028e+11|3.524780044e+11|0.000000|0.000000|0.000000
1.888913102e+06|3.466524375e+11|3.492569680e+11|3.514407660e+11|0.000000|0.000000|0.000000
1.902062936e+06|3.457325157e+11|3.483302002e+11|3.505079128e+11|0.000000|0.000000|0.000000
1.914909881e+06|3.448294835e+11|3.474201030e+11|3.495914650e+11|0.000000|0.000000|0.000000
1.928675932e+06|3.438571315e+11|3.464397752e+11|3.486038939e+11|0.000000|0.000000|0.000000
1.943156750e+06|3.428290300e+11|3.454028412e+11|3.475588592e+11|0.000000|0.000000|0.000000
1.956186987e+06|3.418993043e+11|3.444647888e+11|3.466131034e+11|0.000000|0.000000|0.000000
1.969969416e+06|3.409111534e+11|3.434674500e+11|3.456071985e+11|0.000000|0.000000|0.000000
1.983249095e+06|3.399544216e+11|3.425015054e+11|3.446326025e+11|0.000000|0.000000|0.000000
1.996174307e+06|3.390188644e+11|3.415566518e+11|3.436789629e+11|0.000000|0.000000|0.000000
2.009662925e+06|3.380379335e+11|3.405656834e+11|3.426784510e+11|0.000000|0.000000|0.000000
2.022093304e+06|3.371298031e+11|3.396480095e+11|3.417516533e+11|0.000000|0.000000|0.000000
2.035239856e+06|3.361650067e+11|3.386728241e+11|3.407664858e+11|0.000000|0.000000|0.000000
2.047627659e+06|3.352518008e+11|3.377495614e+11|3.398335145e+11|0.000000|0.000000|0.000000
2.059858187e+06|3.343462875e+11|3.368338746e+11|3.389079647e+11|0.000000|0.000000|0.000000
2.075078709e+06|3.332139799e+11|3.356885831e+11|3.377500292e+11|0.000000|0.000000|0.000000
2.087459757e+06|3.322884657e+11|3.347522561e+11|3.368031284e+11|0.000000|0.000000|0.000000
2.099067160e+06|3.314171536e+11|3.338706132e+11|3.359113487e+11|0.000000|0.000000|0.000000
2.111876647e+06|3.304515206e+11|3.328933743e+11|3.349226844e+11|0.000000|0.000000|0.000000
2.125773845e+06|3.293990304e+11|3.318280643e+11|3.338447117e+11|0.000000|0.000000|0.000000
2.137799642e+06|3.284841748e+11|3.309019370e+11|3.329074167e+11|0.000000|0.000000|0.000000
2.148711690e+06|3.276507508e+11|3.300581528e+11|3.320533418e+11|0.000000|0.000000|0.000000
2.160567086e+06|3.267417130e+11|3.291377273e+11|3.311215783e+11|0.000000|0.000000|0.000000
2.173635290e+06|3.257353668e+11|3.281186837e+11|3.300898618e+11|0.000000|0.000000|0.000000
2.185475636e+06|3.248196558e+11|3.271913508e+11|3.291509030e+11|0.000000|0.000000|0.000000
2.197272309e+06|3.239036050e+11|3.262636230e+11|3.282114707e+11|0.000000|0.000000|0.000000
2.209541233e+06|3.229469324e+11|3.252947162e+11|3.272302776e+11|0.000000|0.000000|0.000000
2.222850670e+06|3.219045541e+11|3.242389798e+11|3.261611012e+11|0.000000|0.000000|0.000000
2.233130433e+06|3.210961876e+11|3.234202464e+11|3.253319210e+11|0.000000|0.000000|0.000000
2.245374685e+06|3.201296084e+11|3.224412771e+11|3.243404488e+11|0.000000|0.000000|0.000000
2.258182816e+06|3.191141568e+11|3.214128319e+11|3.232988738e+11|0.000000|0.000000|0.000000
2.271114173e+06|3.180843937e+11|3.203699351e+11|3.222426890e+11|0.000000|0.000000|0.000000
2.284052833e+06|3.170494602e+11|3.193218649e+11|3.211813132e+11|0.000000|0.000000|0.000000
2.295099504e+06|3.161622134e+11|3.184234210e+11|3.202715187e+11|0.000000|0.000000|0.000000
2.306188985e+06|3.152681321e+11|3.175181300e+11|3.193548572e+11|0.000000|0.000000|0.000000
2.316807096e+06|3.144088519e+11|3.166481578e+11|3.184740344e+11|0.000000|0.000000|0.000000
2.327669382e+06|3.135265553e+11|3.157549776e+11|3.175698052e+11|0.000000|0.000000|0.000000
2.337914305e+06|3.126913731e+11|3.149095922e+11|3.167140594e+11|0.000000|0.000000|0.000000
2.350192280e+06|3.116865585e+11|3.138926443e+11|3.156847908e+11|0.000000|0.000000|0.000000
2.361773176e+06|3.107348809e+11|3.129296332e+11|3.147102728e+11|0.000000|0.000000|0.000000
2.374158622e+06|3.097128639e+11|3.118956336e+11|3.136641118e+11|0.000000|0.000000|0.000000
2.387080301e+06|3.086419184e+11|3.108123607e+11|3.125683356e+11|0.000000|0.000000|0.000000
2.397867004e+06|3.077442385e+11|3.099045433e+11|3.116502447e+11|0.000000|0.000000|0.000000
2.408272703e+06|3.068750751e+11|3.090257464e+11|3.107616951e+11|0.000000|0.000000|0.000000
2.418627816e+06|3.060070103e+11|3.081482502e+11|3.098746623e+11|0.000000|0.000000|0.000000
2.430285313e+06|3.050260150e+11|3.071568384e+11|3.088727346e+11|0.000000|0.000000|0.000000
2.441838931e+06|3.040498178e+11|3.061705455e+11|3.078762703e+11|0.000000|0.000000|0.000000
2.453221847e+06|3.030841818e+11|3.051952028e+11|3.068911715e+11|0.000000|0.000000|0.000000
2.464616702e+06|3.021136707e+11|3.042152313e+11|3.059017183e+11|0.000000|0.000000|0.000000
2.474644070e+06|3.012564150e+11|3.033498771e+11|3.050282728e+11|0.000000|0.000000|0.000000
2.485604481e+06|3.003159292e+11|3.024007974e+11|3.040706376e+11|0.000000|0.000000|0.000000
2.496172457e+06|2.994056727e+11|3.014825253e+11|3.031444198e+11|0.000000|0.000000|0.000000
2.506501910e+06|2.985126738e+11|3.005819629e+11|3.022363962e+11|0.000000|0.000000|0.000000
2.517048449e+06|2.975975349e+11|2.996593933e+11|3.013065376e+11|0.000000|0.000000|0.000000
2.528312438e+06|2.966163556e+11|2.986706208e+11|3.003103679e+11|0.000000|0.000000|0.000000
2.540521032e+06|2.955484487e+11|2.975949055e+11|2.992271131e+11|0.000000|0.000000|0.000000
2.551399450e+06|2.945929730e+11|2.966328610e+11|2.982587927e+11|0.000000|0.000000|0.000000
2.561932208e+06|2.936643125e+11|2.956982071e+11|2.973184799e+11|0.000000|0.000000|0.000000
2.571768051e+06|2.927939295e+11|2.948225674e+11|2.964379439e+11|0.000000|0.000000|0.000000
2.583189168e+06|2.917793999e+11|2.938023642e+11|2.954125474e+11|0.000000|0.000000|0.000000
2.593352768e+06|2.908730606e+11|2.928913811e+11|2.944974070e+11|0.000000|0.000000|0.000000
2.603858687e+06|2.899326936e+11|2.919466319e+11|2.935488400e+11|0.000000|0.000000|0.000000
2.614387748e+06|2.889866611e+11|2.909966504e+11|2.925955417e+11|0.000000|0.000000|0.000000
2.624189415e+06|2.881027300e+11|2.901094569e+11|2.917057367e+11|0.000000|0.000000|0.000000
2.634770967e+06|2.871449222e+11|2.891485913e+11|2.907425874e+11|0.000000|0.000000|0.000000
2.644002016e+06|2.863063320e+11|2.883077410e+11|2.899002153e+11|0.000000|0.000000|0.000000
2.654561634e+06|2.853435693e+11|2.873428745e+11|2.889341649e+11|0.000000|0.000000|0.000000
2.664821137e+06|2.844045899e+11|2.864023598e+11|2.879930891e+11|0.000000|0.000000|0.000000
2.676472309e+06|2.833339329e+11|2.853305888e+11|2.869214111e+11|0.000000|0.000000|0.000000
2.687799523e+06|2.822886208e+11|2.842848584e+11|2.858765430e+11|0.000000|0.000000|0.000000
2.698682891e+06|2.812801284e+11|2.832766031e+11|2.848698593e+11|0.000000|0.000000|0.000000
2.708439680e+06|2.803725556e+11|2.823697925e+11|2.839650977e+11|0.000000|0.000000|0.000000
2.719035133e+06|2.793832254e+11|2.813818969e+11|2.829801348e+11|0.000000|0.000000|0.000000
2.727990040e+06|2.785440172e+11|2.805444080e+11|2.821457161e+11|0.000000|0.000000|0.000000
2.737595173e+06|2.776407357e+11|2.796435013e+11|2.812487222e+11|0.000000|0.000000|0.000000
2.747078523e+06|2.767457009e+11|2.787513639e+11|2.803610948e+11|0.000000|0.000000|0.000000
2.756860021e+06|2.758191673e+11|2.778284098e+11|2.794434842e+11|0.000000|0.000000|0.000000
2.767076110e+06|2.748478010e+11|2.768614399e+11|2.784828660e+11|0.000000|0.000000|0.000000
2.777161495e+06|2.738851616e+11|2.759038175e+11|2.775323082e+11|0.000000|0.000000|0.000000
2.788153875e+06|2.728317320e+11|2.748566434e+11|2.764937585e+11|0.000000|0.000000|0.000000
2.798848520e+06|2.718025812e+11|2.738343882e+11|2.754808457e+11|0.000000|0.000000|0.000000
2.808639362e+06|2.708566976e+11|2.728955364e+11|2.745513926e+11|0.000000|0.000000|0.000000
2.817236796e+06|2.700231668e+11|2.720687606e+11|2.737335532e+11|0.000000|0.000000|0.000000
2.826356031e+06|2.691360213e+11|2.711893867e+11|2.728643730e+11|0.000000|0.000000|0.000000
2.837822313e+06|2.680160977e+11|2.700801417e+11|2.717690153e+11|0.000000|0.000000|0.000000
2.847811871e+06|2.670363359e+11|2.691105272e+11|2.708124957e+11|0.000000|0.000000|0.000000
2.857426730e+06|2.660897171e+11|2.681744352e+11|2.698899058e+11|0.000000|0.000000|0.000000
2.868188420e+06|2.650259615e+11|2.671233672e+11|2.688550209e+11|0.000000|0.000000|0.000000
2.879079229e+06|2.639448629e+11|2.660561051e+11|2.678053158e+11|0.000000|0.000000|0.000000
2.887533110e+06|2.631024714e+11|2.652251610e+11|2.669888376e+11|0.000000|0.000000|0.000000
2.897187976e+06|2.621369624e+11|2.642734977e+11|2.660546103e+11|0.000000|0.000000|0.000000
2.905953145e+06|2.612572232e+11|2.634070551e+11|2.652048594e+11|0.000000|0.000000|0.000000
2.914534887e+06|2.603929223e+11|2.625564560e+11|2.643714140e+11|0.000000|0.000000|0.000000
2.923650773e+06|2.594715840e+11|2.616504269e+11|2.634845026e+11|0.000000|0.000000|0.000000
2.933507604e+06|2.584715756e+11|2.606678639e+11|2.625236712e+11|0.000000|0.000000|0.000000
2.942685984e+06|2.575368393e+11|2.597502217e+11|2.616272754e+11|0.000000|0.000000|0.000000
2.953143480e+06|2.564676231e+11|2.587015006e+11|2.606039744e+11|0.000000|0.000000|0.000000
2.962687147e+06|2.554878952e+11|2.577414429e+11|2.596682660e+11|0.000000|0.000000|0.000000
2.973147381e+06|2.544097175e+11|2.566859051e+11|2.586407041e+11|0.000000|0.000000|0.000000
2.983697019e+06|2.533176737e+11|2.556178626e+11|2.576022698e+11|0.000000|0.000000|0.000000
2.993390047e+06|2.523101528e+11|2.546334492e+11|2.566463194e+11|0.000000|0.000000|0.000000
3.002876740e+06|2.513202030e+11|2.536671120e+11|2.557090304e+11|0.000000|0.000000|0.000000
3.012006597e+06|2.503638433e+11|2.527344251e+11|2.548054325e+11|0.000000|0.000000|0.000000
3.021738518e+06|2.493404507e+11|2.517373092e+11|2.538405707e+11|0.000000|0.000000|0.000000
3.030746015e+06|2.483895647e+11|2.508117196e+11|2.529460017e+11|0.000000|0.000000|0.000000
3.039439407e+06|2.474684661e+11|2.499159399e+11|2.520812440e+11|0.000000|0.000000|0.000000
3.048080498e+06|2.465496055e+11|2.490231407e+11|2.512203521e+11|0.000000|0.000000|0.000000
3.056899322e+06|2.456084272e+11|2.481094946e+11|2.503403897e+11|0.000000|0.000000|0.000000
3.066973299e+06|2.445290392e+11|2.470627319e+11|2.493335131e+11|0.000000|0.000000|0.000000
3.076526445e+06|2.435012346e+11|2.460670425e+11|2.483770596e+11|0.000000|0.000000|0.000000
3.085293669e+06|2.425543430e+11|2.451506493e+11|2.474979051e+11|0.000000|0.000000|0.000000
3.094670548e+06|2.415377209e+11|2.441677498e+11|2.465561590e+11|0.000000|0.000000|0.000000
3.104027104e+06|2.405192709e+11|2.431841044e+11|2.456149660e+11|0.000000|0.000000|0.000000
3.113392202e+06|2.394958299e+11|2.421966739e+11|2.446714383e+11|0.000000|0.000000|0.000000
3.123723573e+06|2.383620439e+11|2.411039993e+11|2.436288628e+11|0.000000|0.000000|0.000000
3.132862048e+06|2.373549863e+11|2.401345372e+11|2.427051969e+11|0.000000|0.000000|0.000000
3.141041517e+06|2.364502576e+11|2.392644540e+11|2.418773025e+11|0.000000|0.000000|0.000000
3.150597077e+06|2.353892807e+11|2.382451598e+11|2.409087508e+11|0.000000|0.000000|0.000000
3.158835270e+06|2.344710570e+11|2.373639325e+11|2.400725485e+11|0.000000|0.000000|0.000000
3.168430584e+06|2.333974350e+11|2.363346579e+11|2.390972309e+11|0.000000|0.000000|0.000000
3.178059590e+06|2.323155393e+11|2.352986445e+11|2.381170279e+11|0.000000|0.000000|0.000000
3.187855129e+06|2.312102682e+11|2.342414890e+11|2.371183859e+11|0.000000|0.000000|0.000000
3.196526959e+06|2.302278361e+11|2.333028829e+11|2.362330661e+11|0.000000|0.000000|0.000000
3.206333469e+06|2.291123498e+11|2.322383694e+11|2.352305179e+11|0.000000|0.000000|0.000000
3.215668507e+06|2.280460180e+11|2.312219731e+11|2.342748156e+11|0.000000|0.000000|0.000000
3.223863114e+06|2.271063337e+11|2.303272758e+11|2.334347908e+11|0.000000|0.000000|0.000000
3.231958252e+06|2.261747081e+11|2.294411629e+11|2.326039831e+11|0.000000|0.000000|0.000000
3.241761593e+06|2.250420104e+11|2.283650266e+11|2.315965711e+11|0.000000|0.000000|0.000000
3.250201442e+06|2.240628918e+11|2.274358876e+11|2.307281534e+11|0.000000|0.000000|0.000000
3.258078583e+06|2.231457249e+11|2.265664546e+11|2.299167095e+11|0.000000|0.000000|0.000000
3.266857297e+06|2.221197726e+11|2.255949513e+11|2.290113490e+11|0.000000|0.000000|0.000000
3.277028914e+06|2.209259752e+11|2.244659144e+11|2.279609764e+11|0.000000|0.000000|0.000000
3.286103607e+06|2.198563019e+11|2.234555536e+11|2.270226594e+11|0.000000|0.000000|0.000000
3.295848086e+06|2.187027942e+11|2.223673719e+11|2.260138232e+11|0.000000|0.000000|0.000000
3.304987150e+06|2.176163239e+11|2.213437290e+11|2.250664895e+11|0.000000|0.000000|0.000000
3.314485277e+06|2.164823848e+11|2.202767078e+11|2.240807453e+11|0.000000|0.000000|0.000000
3.322452024e+06|2.155274856e+11|2.193792287e+11|2.232530071e+11|0.000000|0.000000|0.000000
3.330432753e+06|2.145674259e+11|2.184778852e+11|2.224229794e+11|0.000000|0.000000|0.000000
3.339218531e+06|2.135064625e+11|2.174829604e+11|2.215082655e+11|0.000000|0.000000|0.000000
3.348120049e+06|2.124271561e+11|2.164720766e+11|2.205804901e+11|0.000000|0.000000|0.000000
3.358030701e+06|2.112202855e+11|2.153432011e+11|2.195463533e+11|0.000000|0.000000|0.000000
3.367215392e+06|2.100968854e+11|2.142938131e+11|2.185868697e+11|0.000000|0.000000|0.000000
3.375308975e+06|2.091029804e+11|2.133665245e+11|2.177405053e+11|0.000000|0.000000|0.000000
3.384792159e+06|2.079336768e+11|2.122769599e+11|2.167478109e+11|0.000000|0.000000|0.000000
3.394227585e+06|2.067651363e+11|2.111895835e+11|2.157590419e+11|0.000000|0.000000|0.000000
3.404265559e+06|2.055163184e+11|2.100291391e+11|2.147059713e+11|0.000000|0.000000|0.000000
3.412906915e+06|2.044365505e+11|2.090271431e+11|2.137984750e+11|0.000000|0.000000|0.000000
3.421086707e+06|2.034104206e+11|2.080760925e+11|2.129386587e+11|0.000000|0.000000|0.000000
3.428938515e+06|2.024217199e+11|2.071608119e+11|2.121126028e+11|0.000000|0.000000|0.000000
3.436637115e+06|2.014487563e+11|2.062611345e+11|2.113019935e+11|0.000000|0.000000|0.000000
3.445465216e+06|2.003286851e+11|2.052267010e+11|2.103716481e+11|0.000000|0.000000|0.000000
3.454340989e+06|1.991978402e+11|2.041836978e+11|2.094354212e+11|0.000000|0.000000|0.000000
3.461984137e+06|1.982202208e+11|2.032831354e+11|2.086285342e+11|0.000000|0.000000|0.000000
3.470997226e+06|1.970628022e+11|2.022182857e+11|2.076762273e+11|0.000000|0.000000|0.000000
3.480184437e+06|1.958789089e+11|2.011302827e+11|2.067048146e+11|1.000000|1.000000|1.000000
3.489172286e+06|1.947117604e+11|2.000603065e+11|2.057530105e+11|1.000000|1.000000|1.000000
3.499393060e+06|1.933845060e+11|1.988435543e+11|2.046706408e+11|1.000000|1.000000|1.000000
3.509730490e+06|1.920421029e+11|1.976129146e+11|2.035759175e+11|1.000000|1.000000|1.000000
3.518189314e+06|1.909436527e+11|1.966059172e+11|2.026801366e+11|1.000000|1.000000|1.000000
3.527482112e+06|1.897369039e+11|1.954996379e+11|2.016960388e+11|1.000000|1.000000|1.000000
3.536193271e+06|1.886056859e+11|1.944626007e+11|2.007735358e+11|1.000000|1.000000|1.000000
3.544407859e+06|1.875389518e+11|1.934846789e+11|1.999036193e+11|1.000000|1.000000|1.000000
3.552424853e+06|1.864978770e+11|1.925302801e+11|1.990546278e+11|1.000000|1.000000|1.000000
3.560969824e+06|1.853882399e+11|1.915130272e+11|1.981497240e+11|1.000000|1.000000|1.000000
3.570036317e+06|1.842108788e+11|1.904336887e+11|1.971895916e+11|1.000000|1.000000|1.000000
3.579625589e+06|1.829656302e+11|1.892921149e+11|1.961740974e+11|1.000000|1.000000|1.000000
3.587957213e+06|1.818836981e+11|1.883002604e+11|1.952917869e+11|1.000000|1.000000|1.000000
3.595939204e+06|1.808471687e+11|1.873500285e+11|1.944465021e+11|1.000000|1.000000|1.000000
3.603876367e+06|1.798164606e+11|1.864051333e+11|1.936059646e+11|1.000000|1.000000|1.000000
3.612866772e+06|1.786489802e+11|1.853348528e+11|1.926538898e+11|1.000000|1.000000|1.000000
3.621976060e+06|1.774660617e+11|1.842504196e+11|1.916892254e+11|1.000000|1.000000|1.000000
3.629595844e+06|1.764765679e+11|1.833433074e+11|1.908822980e+11|1.000000|1.000000|1.000000
3.637624651e+06|1.754339592e+11|1.823875023e+11|1.900320555e+11|1.000000|1.000000|1.000000
3.646021424e+06|1.743435668e+11|1.813878919e+11|1.891428457e+11|1.000000|1.000000|1.000000
3.654783535e+06|1.732057323e+11|1.803447892e+11|1.882149472e+11|1.000000|1.000000|1.000000
3.663908023e+06|1.720208399e+11|1.792585465e+11|1.872486731e+11|1.000000|1.000000|1.000000
3.673757411e+06|1.707418132e+11|1.780860068e+11|1.862056329e+11|1.000000|1.000000|1.000000
3.683788654e+06|1.694391711e+11|1.768918177e+11|1.851433344e+11|1.000000|1.000000|1.000000
3.694266405e+06|1.680785461e+11|1.756444732e+11|1.840337512e+11|1.000000|1.000000|1.000000
3.706410261e+06|1.665015632e+11|1.741987840e+11|1.827477292e+11|1.000000|1.000000|1.000000
3.720184419e+06|1.647128716e+11|1.725590121e+11|1.812890598e+11|1.000000|1.000000|1.000000
3.732767077e+06|1.630789066e+11|1.710610849e+11|1.799565691e+11|1.000000|1.000000|1.000000
3.743807584e+06|1.616452029e+11|1.697467459e+11|1.787873906e+11|1.000000|1.000000|1.000000
3.753518712e+06|1.603469481e+11|1.685906655e+11|1.777589919e+11|2.000000|1.000000|1.000000
3.763726070e+06|1.599257045e+11|1.673755105e+11|1.766780431e+11|2.000000|1.000000|1.000000
3.774648856e+06|1.594749363e+11|1.660751860e+11|1.755213312e+11|2.000000|1.000000|1.000000
3.786670971e+06|1.589788002e+11|1.646439896e+11|1.742482013e+11|2.000000|1.000000|1.000000
3.797703577e+06|1.585234997e+11|1.633305912e+11|1.730798595e+11|2.000000|1.000000|1.000000
3.807772518e+06|1.581079685e+11|1.621319144e+11|1.720135689e+11|2.000000|1.000000|1.000000
3.818755843e+06|1.576547018e+11|1.603102390e+11|1.708504459e+11|2.000000|2.000000|1.000000
3.830744396e+06|1.571599508e+11|1.598013659e+11|1.695808704e+11|2.000000|2.000000|1.000000
3.841821784e+06|1.567028023e+11|1.593311686e+11|1.684077862e+11|2.000000|2.000000|1.000000
3.854168066e+06|1.561932883e+11|1.588071111e+11|1.671003274e+11|2.000000|2.000000|1.000000
3.866477833e+06|1.556852812e+11|1.582846035e+11|1.657967356e+11|2.000000|2.000000|1.000000
3.879431175e+06|1.551507147e+11|1.577347784e+11|1.644249898e+11|2.000000|2.000000|1.000000
3.892530124e+06|1.546101391e+11|1.571787728e+11|1.630378244e+11|2.000000|2.000000|1.000000
3.905950045e+06|1.540563176e+11|1.566091430e+11|1.616166684e+11|2.000000|2.000000|1.000000
3.918501113e+06|1.535383523e+11|1.560763930e+11|1.599974342e+11|2.000000|2.000000|2.000000
3.932005154e+06|1.529810592e+11|1.555031926e+11|1.593998945e+11|2.000000|2.000000|2.000000
3.945071382e+06|1.524418340e+11|1.549485759e+11|1.588217274e+11|2.000000|2.000000|2.000000
3.956659496e+06|1.519636085e+11|1.544567000e+11|1.583089655e+11|2.000000|2.000000|2.000000
3.969635019e+06|1.514281266e+11|1.539059334e+11|1.577348121e+11|2.000000|2.000000|2.000000
3.982573261e+06|1.508941833e+11|1.533567492e+11|1.571623084e+11|2.000000|2.000000|2.000000
3.994016694e+06|1.504219286e+11|1.528710146e+11|1.566559483e+11|2.000000|2.000000|2.000000
4.006416659e+06|1.499101992e+11|1.523446784e+11|1.561072628e+11|2.000000|2.000000|2.000000
4.018913678e+06|1.493944644e+11|1.518142226e+11|1.555542827e+11|2.000000|2.000000|2.000000
4.031546934e+06|1.488731074e+11|1.512779841e+11|1.549952743e+11|2.000000|2.000000|2.000000
4.045238403e+06|1.483080794e+11|1.506968280e+11|1.543894410e+11|2.000000|2.000000|2.000000
4.057553312e+06|1.477998601e+11|1.501741022e+11|1.538445191e+11|2.000000|2.000000|2.000000
4.072135888e+06|1.471980574e+11|1.495551217e+11|1.531992553e+11|2.000000|2.000000|2.000000
4.087144735e+06|1.465786630e+11|1.489180474e+11|1.525351294e+11|2.000000|2.000000|2.000000
4.101116048e+06|1.460020862e+11|1.483250128e+11|1.519169133e+11|2.000000|2.000000|2.000000
4.114884173e+06|1.454338947e+11|1.477406030e+11|1.513076881e+11|2.000000|2.000000|2.000000
4.129020163e+06|1.448505219e+11|1.471405785e+11|1.506821853e+11|2.000000|2.000000|2.000000
4.141316394e+06|1.443430734e+11|1.466186455e+11|1.501380898e+11|2.000000|2.000000|2.000000
4.154830592e+06|1.437853612e+11|1.460450140e+11|1.495401007e+11|2.000000|2.000000|2.000000
4.168438685e+06|1.432237740e+11|1.454673969e+11|1.489379567e+11|2.000000|2.000000|2.000000
4.183012953e+06|1.426223140e+11|1.448487690e+11|1.482930605e+11|2.000000|2.000000|2.000000
4.198219734e+06|1.419947512e+11|1.442032931e+11|1.476201762e+11|2.000000|2.000000|2.000000
4.211127976e+06|1.414620459e+11|1.436553823e+11|1.470490000e+11|2.000000|2.000000|2.000000
4.223381548e+06|1.409563579e+11|1.431352600e+11|1.465067921e+11|2.000000|2.000000|2.000000
4.238945114e+06|1.403140710e+11|1.424746398e+11|1.458181205e+11|2.000000|2.000000|2.000000
4.251120144e+06|1.398116244e+11|1.419578514e+11|1.452793881e+11|2.000000|2.000000|2.000000
4.263251281e+06|1.393109891e+11|1.414429261e+11|1.447425979e+11|2.000000|2.000000|2.000000
4.278805562e+06|1.386690854e+11|1.407826999e+11|1.440543372e+11|2.000000|2.000000|2.000000
4.292754770e+06|1.380934209e+11|1.401906037e+11|1.434370993e+11|2.000000|2.000000|2.000000
4.308688528e+06|1.374358566e+11|1.395142701e+11|1.427320470e+11|2.000000|2.000000|2.000000
4.323913421e+06|1.368075464e+11|1.388680255e+11|1.420583614e+11|2.000000|2.000000|2.000000
4.338010346e+06|1.362257857e+11|1.382696591e+11|1.414345871e+11|2.000000|2.000000|2.000000
4.351190426e+06|1.356818620e+11|1.377102097e+11|1.408513822e+11|2.000000|2.000000|2.000000
4.365058985e+06|1.351095258e+11|1.371215368e+11|1.402377129e+11|2.000000|2.000000|2.000000
4.378945050e+06|1.345364670e+11|1.365321208e+11|1.396232690e+11|2.000000|2.000000|2.000000
4.392905421e+06|1.339603418e+11|1.359395507e+11|1.390055371e+11|2.000000|2.000000|2.000000
4.406429823e+06|1.334022084e+11|1.353654861e+11|1.384070964e+11|2.000000|2.000000|2.000000
4.419104465e+06|1.328791435e+11|1.348274908e+11|1.378462567e+11|2.000000|2.000000|2.000000
4.431165105e+06|1.323814175e+11|1.343155578e+11|1.373125859e+11|2.000000|2.000000|2.000000
4.444235719e+06|1.318420113e+11|1.337607549e+11|1.367342248e+11|2.000000|2.000000|2.000000
4.458159337e+06|1.312674028e+11|1.331697449e+11|1.361181192e+11|2.000000|2.000000|2.000000
4.472290648e+06|1.306842231e+11|1.325699190e+11|1.354928234e+11|2.000000|2.000000|2.000000
4.486346468e+06|1.301041589e+11|1.319732975e+11|1.348708680e+11|2.000000|2.000000|2.000000
4.500599769e+06|1.295159448e+11|1.313682935e+11|1.342401743e+11|2.000000|2.000000|2.000000
4.514037990e+06|1.289613680e+11|1.307978869e+11|1.336455469e+11|2.000000|2.000000|2.000000
4.528180570e+06|1.283777233e+11|1.301975827e+11|1.330197525e+11|2.000000|2.000000|2.000000
4.543783758e+06|1.277338012e+11|1.295352807e+11|1.323293277e+11|2.000000|2.000000|2.000000
4.558477168e+06|1.271274245e+11|1.289115956e+11|1.316791595e+11|2.000000|2.000000|2.000000
4.571695929e+06|1.265819045e+11|1.283505044e+11|1.310942432e+11|2.000000|2.000000|2.000000
4.584087177e+06|1.260705348e+11|1.278245382e+11|1.305459433e+11|2.000000|2.000000|2.000000
4.596132486e+06|1.255734415e+11|1.273132560e+11|1.300129509e+11|2.000000|2.000000|2.000000
4.608830114e+06|1.250494280e+11|1.267742851e+11|1.294510941e+11|2.000000|2.000000|2.000000
4.622534517e+06|1.244838662e+11|1.261925800e+11|1.288446885e+11|2.000000|2.000000|2.000000
4.634986934e+06|1.239699722e+11|1.256640174e+11|1.282936820e+11|2.000000|2.000000|2.000000
4.647590582e+06|1.234498370e+11|1.251290356e+11|1.277359837e+11|2.000000|2.000000|2.000000
4.662644976e+06|1.228285630e+11|1.244900280e+11|1.270698424e+11|2.000000|2.000000|2.000000
4.675686708e+06|1.222903487e+11|1.239364510e+11|1.264927593e+11|2.000000|2.000000|2.000000
4.689487774e+06|1.217207978e+11|1.233506430e+11|1.258820765e+11|2.000000|2.000000|2.000000
4.703291746e+06|1.211511269e+11|1.227647115e+11|1.252712651e+11|2.000000|2.000000|2.000000
4.717297643e+06|1.205731229e+11|1.221702090e+11|1.246515188e+11|2.000000|2.000000|2.000000
4.733370965e+06|1.199097991e+11|1.214879514e+11|1.239402910e+11|2.000000|2.000000|2.000000
4.747869863e+06|1.193114496e+11|1.208725227e+11|1.232987298e+11|2.000000|2.000000|2.000000
4.759882549e+06|1.188157026e+11|1.203626252e+11|1.227671810e+11|2.000000|2.000000|2.000000
4.772102708e+06|1.183113936e+11|1.198439212e+11|1.222264517e+11|2.000000|2.000000|2.000000
4.783367252e+06|1.178465214e+11|1.193657798e+11|1.217280073e+11|2.000000|2.000000|2.000000
4.795345647e+06|1.173521896e+11|1.188573379e+11|1.211979758e+11|2.000000|2.000000|2.000000
4.807788955e+06|1.168386714e+11|1.183291619e+11|1.206473723e+11|2.000000|2.000000|2.000000
4.820656677e+06|1.163076383e+11|1.177829711e+11|1.200779890e+11|2.000000|2.000000|2.000000
4.834757633e+06|1.157257114e+11|1.171844337e+11|1.194540364e+11|2.000000|2.000000|2.000000
4.847678276e+06|1.151924943e+11|1.166359965e+11|1.188823114e+11|2.000000|2.000000|2.000000
4.861513191e+06|1.146215465e+11|1.160487516e+11|1.182701308e+11|2.000000|2.000000|2.000000
4.875225766e+06|1.140556474e+11|1.154666997e+11|1.176633636e+11|2.000000|2.000000|2.000000
4.890031859e+06|1.134446204e+11|1.148382316e+11|1.170082094e+11|2.000000|2.000000|2.000000
4.903785762e+06|1.128770158e+11|1.142544254e+11|1.163996135e+11|2.000000|2.000000|2.000000
4.915723284e+06|1.123843708e+11|1.137477184e+11|1.158713906e+11|2.000000|2.000000|2.000000
4.929441822e+06|1.118140751e+11|1.131627501e+11|1.152633321e+11|3.000000|3.000000|3.000000
4.943160066e+06|1.112435403e+11|1.125776470e+11|1.146552557e+11|3.000000|3.000000|3.000000
4.953966796e+06|1.107930784e+11|1.121160861e+11|1.141760140e+11|3.000000|3.000000|3.000000
4.965880832e+06|1.102954560e+11|1.116066057e+11|1.136474600e+11|3.000000|3.000000|3.000000
4.978281055e+06|1.097764434e+11|1.110756652e+11|1.130971262e+11|3.000000|3.000000|3.000000
4.991165662e+06|1.092360263e+11|1.105232931e+11|1.125250908e+11|3.000000|3.000000|3.000000
5.002019499e+06|1.087799220e+11|1.100574586e+11|1.120430710e+11|3.000000|3.000000|3.000000
5.015205121e+06|1.082248063e+11|1.094909333e+11|1.114573416e+11|3.000000|3.000000|3.000000
5.028880102e+06|1.076479465e+11|1.089027074e+11|1.108497202e+11|3.000000|3.000000|3.000000
5.041993778e+06|1.070937175e+11|1.083380159e+11|1.102669186e+11|3.000000|3.000000|3.000000
5.054838115e+06|1.065499200e+11|1.077843769e+11|1.096959971e+11|3.000000|3.000000|3.000000
5.068538641e+06|1.059688813e+11|1.071932742e+11|1.090869470e+11|3.000000|3.000000|3.000000
5.082698260e+06|1.053673465e+11|1.065817979e+11|1.084574402e+11|3.000000|3.000000|3.000000
5.095351899e+06|1.048289500e+11|1.060349037e+11|1.078948699e+11|3.000000|3.000000|3.000000
5.109836994e+06|1.042117049e+11|1.054083686e+11|1.072508854e+11|3.000000|3.000000|3.000000
5.121892205e+06|1.036972910e+11|1.048865713e+11|1.067149612e+11|3.000000|3.000000|3.000000
5.135077606e+06|1.031339497e+11|1.043155083e+11|1.061288500e+11|3.000000|3.000000|3.000000
5.146434632e+06|1.026481693e+11|1.038233672e+11|1.056240785e+11|3.000000|3.000000|3.000000
5.157248977e+06|1.021851487e+11|1.033545343e+11|1.051434985e+11|3.000000|3.000000|3.000000
5.170044700e+06|1.016367560e+11|1.027995659e+11|1.045749767e+11|3.000000|3.000000|3.000000
5.183100499e+06|1.010766521e+11|1.022330822e+11|1.039950431e+11|3.000000|3.000000|3.000000
5.195159546e+06|1.005588363e+11|1.017096626e+11|1.034595339e+11|3.000000|3.000000|3.000000
5.207520965e+06|1.000275981e+11|1.011729614e+11|1.029107654e+11|3.000000|3.000000|3.000000
5.220837298e+06|9.945486261e+10|1.005946522e+11|1.023198178e+11|3.000000|3.000000|3.000000
5.233427381e+06|9.891296098e+10|1.000477705e+11|1.017613243e+11|3.000000|3.000000|3.000000
5.247428630e+06|9.830990336e+10|9.943949682e+10|1.011405138e+11|3.000000|3.000000|3.000000
5.260788882e+06|9.773408701e+10|9.885901146e+10|1.005484270e+11|3.000000|3.000000|3.000000
5.272519676e+06|9.722823536e+10|9.834930206e+10|1.000288156e+11|3.000000|3.000000|3.000000
5.285905145e+06|9.665076638e+10|9.776770028e+10|9.943623305e+10|3.000000|3.000000|3.000000
5.299836280e+06|9.604949783e+10|9.716242702e+10|9.881988297e+10|3.000000|3.000000|3.000000
5.312675771e+06|9.549514895e+10|9.660464772e+10|9.825220499e+10|3.000000|3.000000|3.000000
5.325444375e+06|9.494370966e+10|9.605003789e+10|9.768803924e+10|3.000000|3.000000|3.000000
5.336624564e+06|9.446077251e+10|9.556451679e+10|9.719438169e+10|3.000000|3.000000|3.000000
5.348710255e+06|9.393864687e+10|9.503979447e+10|9.666110092e+10|3.000000|3.000000|3.000000
5.359948582e+06|9.345308357e+10|9.455199517e+10|9.616555946e+10|3.000000|3.000000|3.000000
5.371840053e+06|9.293927850e+10|9.403600667e+10|9.564160076e+10|3.000000|3.000000|3.000000
5.385328857e+06|9.235646157e+10|9.345093392e+10|9.504775709e+10|3.000000|3.000000|3.000000
5.396941269e+06|9.185475159e+10|9.294746468e+10|9.453696138e+10|3.000000|3.000000|3.000000
5.409502446e+06|9.131211435e+10|9.240310924e+10|9.398490893e+10|3.000000|3.000000|3.000000
5.422867165e+06|9.073487057e+10|9.182424193e+10|9.339810608e+10|3.000000|3.000000|3.000000
5.434666964e+06|9.022533773e+10|9.131344564e+10|9.288051556e+10|3.000000|3.000000|3.000000
5.448362094e+06|8.963413640e+10|9.072097140e+10|9.228039868e+10|3.000000|3.000000|3.000000
5.462295146e+06|8.903289501e+10|9.011864123e+10|9.167055373e+10|3.000000|3.000000|3.000000
5.475747126e+06|8.845267118e+10|8.953755663e+10|9.108245616e+10|3.000000|3.000000|3.000000
5.488568218e+06|8.789992902e+10|8.898416205e+10|9.052259287e+10|3.000000|3.000000|3.000000
5.499607042e+06|8.742425859e+10|8.850805684e+10|9.004108207e+10|3.000000|3.000000|3.000000
5.510372287e+06|8.696060576e+10|8.804408954e+10|8.957198556e+10|3.000000|3.000000|3.000000
5.521894323e+06|8.646462931e+10|8.754789262e+10|8.907045083e+10|3.000000|3.000000|3.000000
5.534210671e+06|8.593479502e+10|8.701795102e+10|8.853497272e+10|3.000000|3.000000|3.000000
5.546080480e+06|8.542452111e+10|8.650769481e+10|8.801954182e+10|3.000000|3.000000|3.000000
5.557326784e+06|8.494139051e+10|8.602468680e+10|8.753177282e+10|3.000000|3.000000|3.000000
5.570498045e+06|8.437601257e+10|8.545957844e+10|8.696125915e+10|3.000000|3.000000|3.000000
5.582100085e+06|8.387841698e+10|8.496232870e+10|8.645939616e+10|3.000000|3.000000|3.000000
5.596562282e+06|8.325874222e+10|8.434322118e+10|8.583472621e+10|3.000000|3.000000|3.000000
5.609413238e+06|8.270868531e+10|8.379378960e+10|8.528052146e+10|3.000000|3.000000|3.000000
5.621106054e+06|8.220869898e+10|8.329446701e+10|8.477698995e+10|3.000000|3.000000|3.000000
5.632458521e+06|8.172374184e+10|8.281023702e+10|8.428879206e+10|3.000000|3.000000|3.000000
5.644540293e+06|8.120816707e+10|8.229552181e+10|8.376997836e+10|3.000000|3.000000|3.000000
5.658368247e+06|8.061878481e+10|8.170722674e+10|8.317714457e+10|3.000000|3.000000|3.000000
5.672284267e+06|8.002644606e+10|8.111608777e+10|8.258159603e+10|3.000000|3.000000|3.000000
5.684633696e+06|7.950148728e+10|8.059227770e+10|8.205400065e+10|3.000000|3.000000|3.000000
5.697053554e+06|7.897422166e+10|8.006624267e+10|8.152427555e+10|3.000000|3.000000|3.000000
5.708341515e+06|7.849562704e+10|7.958882858e+10|8.104360576e+10|3.000000|3.000000|3.000000
5.719363840e+06|7.802888080e+10|7.912328912e+10|8.057497425e+10|3.000000|3.000000|3.000000
5.732860898e+06|7.745815368e+10|7.855410833e+10|8.000212004e+10|3.000000|3.000000|3.000000
5.745195412e+06|7.693739190e+10|7.803482171e+10|7.947958092e+10|3.000000|3.000000|3.000000
5.756132478e+06|7.647629387e+10|7.757507810e+10|7.901703353e+10|3.000000|3.000000|3.000000
5.767554098e+06|7.599545116e+10|7.709569338e+10|7.853479826e+10|3.000000|3.000000|3.000000
5.779418145e+06|7.549674116e+10|7.659854189e+10|7.803476638e+10|3.000000|3.000000|3.000000
5.792459280e+06|7.494946716e+10|7.605302897e+10|7.748617806e+10|3.000000|3.000000|3.000000
5.803484601e+06|7.448755369e+10|7.559264050e+10|7.702326058e+10|3.000000|3.000000|3.000000
5.816386118e+06|7.394794974e+10|7.505485951e+10|7.648259911e+10|3.000000|3.000000|3.000000
5.830882460e+06|7.334284794e+10|7.445185075e+10|7.587645043e+10|3.000000|3.000000|3.000000
5.843753196e+06|7.280669782e+10|7.391759432e+10|7.533948740e+10|3.000000|3.000000|3.000000
5.855487810e+06|7.231879454e+10|7.343144319e+10|7.485093165e+10|3.000000|3.000000|3.000000
5.867402240e+06|7.182433178e+10|7.293878139e+10|7.435588678e+10|3.000000|3.000000|3.000000
5.879728915e+06|7.131375281e+10|7.243008586e+10|7.384478442e+10|3.000000|3.000000|3.000000
5.891710041e+06|7.081847334e+10|7.193665369e+10|7.334906695e+10|3.000000|3.000000|3.000000
5.904343271e+06|7.029731135e+10|7.141745411e+10|7.282751206e+10|3.000000|3.000000|3.000000
5.916401076e+06|6.980093575e+10|7.092296246e+10|7.233082131e+10|3.000000|3.000000|3.000000
5.928026731e+06|6.932333752e+10|7.044718804e+10|7.185296902e+10|3.000000|3.000000|3.000000
5.940209005e+06|6.882393094e+10|6.994969763e+10|7.135334301e+10|3.000000|3.000000|3.000000
5.951473949e+06|6.836310994e+10|6.949065063e+10|7.089235673e+10|3.000000|3.000000|3.000000
5.962524653e+06|6.791198271e+10|6.904126346e+10|7.044109800e+10|3.000000|3.000000|3.000000
5.974566717e+06|6.742144967e+10|6.855262392e+10|6.995045124e+10|3.000000|3.000000|3.000000
5.988404787e+06|6.685915015e+10|6.799249359e+10|6.938805238e+10|3.000000|3.000000|3.000000
5.999617388e+06|6.640464528e+10|6.753973853e+10|6.893348635e+10|3.000000|3.000000|3.000000
6.011257814e+06|6.593386659e+10|6.707076664e+10|6.846265764e+10|3.000000|3.000000|3.000000
6.024099233e+06|6.541579641e+10|6.655467550e+10|6.794454278e+10|3.000000|3.000000|3.000000
6.038476224e+06|6.483739464e+10|6.597846823e+10|6.736609681e+10|3.000000|3.000000|3.000000
6.051239906e+06|6.432535348e+10|6.546835341e+10|6.685401509e+10|3.000000|3.000000|3.000000
6.063192814e+06|6.384709790e+10|6.499188055e+10|6.637571510e+10|3.000000|3.000000|3.000000
6.074387772e+06|6.340028876e+10|6.454672041e+10|6.592885456e+10|3.000000|3.000000|3.000000
6.086421728e+06|6.292121680e+10|6.406939663e+10|6.544971242e+10|3.000000|3.000000|3.000000
6.098950218e+06|6.242382075e+10|6.357379141e+10|6.495222210e+10|3.000000|3.000000|3.000000
6.111600053e+06|6.192303624e+10|6.307478245e+10|6.445131544e+10|3.000000|3.000000|3.000000
6.123065076e+06|6.147041213e+10|6.262373721e+10|6.399855298e+10|3.000000|3.000000|3.000000
6.133587959e+06|6.105604537e+10|6.221079257e+10|6.358403283e+10|3.000000|3.000000|3.000000
6.145126350e+06|6.060287210e+10|6.175914729e+10|6.313065890e+10|3.000000|3.000000|3.000000
6.156843518e+06|6.014395600e+10|6.130174753e+10|6.267150065e+10|3.000000|3.000000|3.000000
6.169739517e+06|5.964037558e+10|6.079979272e+10|6.216760458e+10|3.000000|3.000000|3.000000
6.183642061e+06|5.909927831e+10|6.026039453e+10|6.162610394e+10|3.000000|3.000000|3.000000
6.195835110e+06|5.862626037e+10|5.978881893e+10|6.115267378e+10|3.000000|3.000000|3.000000
6.206684583e+06|5.820659164e+10|5.937039442e+10|6.073258897e+10|3.000000|3.000000|3.000000
6.218876953e+06|5.773637004e+10|5.890152533e+10|6.026184093e+10|3.000000|3.000000|3.000000
6.231011082e+06|5.726987106e+10|5.843632267e+10|5.979475261e+10|3.000000|3.000000|3.000000
6.243846028e+06|5.677804792e+10|5.794581477e+10|5.930223101e+10|3.000000|3.000000|3.000000
6.258300700e+06|5.622617171e+10|5.739534847e+10|5.874947068e+10|3.000000|3.000000|3.000000
6.270315705e+06|5.576908097e+10|5.693937026e+10|5.829156239e+10|3.000000|3.000000|3.000000
6.282546540e+06|5.530532291e+10|5.647668759e+10|5.782689144e+10|3.000000|3.000000|3.000000
6.295299771e+06|5.482343064e+10|5.599585356e+10|5.734395700e+10|3.000000|3.000000|3.000000
6.306054859e+06|5.441837923e+10|5.559164323e+10|5.693795237e+10|3.000000|3.000000|3.000000
6.317776873e+06|5.397831927e+10|5.515244519e+10|5.649677334e+10|3.000000|3.000000|3.000000
6.328601811e+06|5.357325023e+10|5.474812024e+10|5.609059430e+10|3.000000|3.000000|3.000000
6.339608022e+06|5.316270081e+10|5.433827527e+10|5.567883868e+10|3.000000|3.000000|3.000000
6.351168468e+06|5.273290255e+10|5.390915924e+10|5.524768685e+10|3.000000|3.000000|3.000000
6.364034205e+06|5.225630541e+10|5.343325048e+10|5.476947603e+10|3.000000|3.000000|3.000000
6.377732589e+06|5.175088279e+10|5.292847705e+10|5.426220750e+10|3.000000|3.000000|3.000000
6.390167715e+06|5.129388763e+10|5.247199492e+10|5.380341938e+10|3.000000|3.000000|3.000000
6.402539617e+06|5.084094604e+10|5.201949037e+10|5.334858032e+10|3.000000|3.000000|3.000000
6.414421145e+06|5.040759341e+10|5.158648740e+10|5.291329629e+10|3.000000|3.000000|3.000000
6.427698407e+06|4.992524482e+10|5.110444700e+10|5.242866003e+10|3.000000|3.000000|3.000000
6.439697249e+06|4.949108660e+10|5.067049119e+10|5.199231446e+10|3.000000|3.000000|3.000000
6.452419423e+06|4.903257990e+10|5.021211901e+10|5.153136162e+10|3.000000|3.000000|3.000000
6.465303439e+06|4.857016686e+10|4.974975700e+10|5.106633563e+10|3.000000|3.000000|3.000000
6.477320387e+06|4.814063229e+10|4.932019170e+10|5.063423863e+10|3.000000|3.000000|3.000000
6.488928334e+06|4.772733940e+10|4.890679646e+10|5.021835375e+10|3.000000|3.000000|3.000000
6.501740940e+06|4.727301782e+10|4.845227806e+10|4.976103584e+10|3.000000|3.000000|3.000000
6.513913778e+06|4.684320308e+10|4.802219387e+10|4.932824083e+10|3.000000|3.000000|3.000000
6.525807371e+06|4.642497266e+10|4.760362178e+10|4.890697100e+10|3.000000|3.000000|3.000000
6.538286731e+06|4.598798714e+10|4.716619361e+10|4.846665905e+10|3.000000|3.000000|3.000000
6.550473870e+06|4.556306608e+10|4.674075631e+10|4.803835198e+10|3.000000|3.000000|3.000000
6.561366109e+06|4.518483370e+10|4.636199171e+10|4.765697702e+10|3.000000|3.000000|3.000000
6.573952989e+06|4.474957527e+10|4.592603431e+10|4.721794879e+10|3.000000|3.000000|3.000000
6.586376144e+06|4.432190230e+10|4.549758249e+10|4.678640808e+10|3.000000|3.000000|3.000000
6.598901596e+06|4.389265291e+10|4.506745768e+10|4.635310974e+10|3.000000|3.000000|3.000000
6.612591209e+06|4.342575349e+10|4.459949715e+10|4.588161172e+10|3.000000|3.000000|3.000000
6.625596102e+06|4.298439149e+10|4.415702549e+10|4.543571182e+10|3.000000|3.000000|3.000000
6.637547520e+06|4.258066873e+10|4.375219507e+10|4.502767200e+10|3.000000|3.000000|3.000000
6.649084155e+06|4.219267930e+10|4.336305612e+10|4.463538090e+10|3.000000|3.000000|3.000000
6.661634027e+06|4.177254314e+10|4.294157943e+10|4.421041422e+10|3.000000|3.000000|3.000000
6.673747354e+06|4.136893692e+10|4.253658990e+10|4.380199519e+10|3.000000|3.000000|3.000000
6.684632381e+06|4.100786872e+10|4.217420337e+10|4.343647541e+10|3.000000|3.000000|3.000000
6.698530961e+06|4.054906553e+10|4.171361288e+10|4.297181272e+10|3.000000|3.000000|3.000000
6.711784353e+06|4.011389819e+10|4.127663213e+10|4.253087345e+10|3.000000|3.000000|3.000000
6.724971848e+06|3.968317002e+10|4.084399348e+10|4.209422233e+10|3.000000|3.000000|3.000000
6.738192793e+06|3.925363767e+10|4.041243922e+10|4.165857115e+10|3.000000|3.000000|3.000000
6.750175663e+06|3.886631643e+10|4.002319299e+10|4.126554693e+10|3.000000|3.000000|3.000000
6.761755580e+06|3.849382246e+10|3.964875504e+10|4.088739924e+10|3.000000|3.000000|3.000000
6.774036368e+06|3.810072631e+10|3.925350721e+10|4.048815362e+10|3.000000|3.000000|3.000000
6.786927053e+06|3.769026728e+10|3.884068973e+10|4.007106915e+10|3.000000|3.000000|3.000000
6.798249660e+06|3.733156912e+10|3.847983552e+10|3.970640702e+10|3.000000|3.000000|3.000000
6.811769291e+06|3.690552064e+10|3.805110899e+10|3.927305992e+10|3.000000|3.000000|3.000000
6.825043164e+06|3.648960877e+10|3.763245795e+10|3.884979388e+10|3.000000|3.000000|3.000000
6.837427162e+06|3.610372395e+10|3.724391947e+10|3.845687949e+10|3.000000|3.000000|3.000000
6.850180589e+06|3.570849866e+10|3.684586237e+10|3.805424482e+10|3.000000|3.000000|3.000000
6.861463247e+06|3.536069418e+10|3.649546893e+10|3.769974143e+10|3.000000|3.000000|3.000000
6.874410598e+06|3.496371046e+10|3.609541749e+10|3.729490377e+10|3.000000|3.000000|3.000000
6.887274505e+06|3.457155412e+10|3.570011089e+10|3.689476774e+10|3.000000|3.000000|3.000000
6.900704882e+06|3.416454940e+10|3.528970852e+10|3.647924446e+10|3.000000|3.000000|3.000000
6.914463384e+06|3.375017262e+10|3.487173616e+10|3.605594254e+10|3.000000|3.000000|3.000000
6.927961228e+06|3.334618298e+10|3.446410631e+10|3.564300194e+10|3.000000|3.000000|3.000000
6.940771837e+06|3.296509264e+10|3.407945805e+10|3.525323810e+10|3.000000|3.000000|3.000000
6.953714667e+06|3.258237986e+10|3.369304901e+10|3.486158634e+10|3.000000|3.000000|3.000000
6.966269741e+06|3.221335786e+10|3.332034420e+10|3.448372459e+10|3.000000|3.000000|3.000000
6.981341979e+06|3.177325239e+10|3.287569144e+10|3.403278843e+10|3.000000|3.000000|3.000000
6.995474113e+06|3.136348101e+10|3.246153194e+10|3.361264593e+10|3.000000|3.000000|3.000000
7.007487176e+06|3.101735316e+10|3.211157964e+10|3.325753832e+10|3.000000|3.000000|3.000000
7.019101541e+06|3.068463875e+10|3.177508567e+10|3.291599966e+10|3.000000|3.000000|3.000000
7.031583498e+06|3.032918560e+10|3.141548112e+10|3.255090751e+10|3.000000|3.000000|3.000000
7.045584134e+06|2.993309696e+10|3.101462618e+10|3.214381617e+10|3.000000|3.000000|3.000000
7.057844933e+06|2.958850284e+10|3.066576324e+10|3.178942169e+10|3.000000|3.000000|3.000000
7.069941845e+06|2.925059889e+10|3.032356125e+10|3.144169821e+10|3.000000|3.000000|3.000000
7.086020629e+06|2.880467935e+10|2.987179711e+10|3.098249744e+10|3.000000|3.000000|3.000000
7.101029403e+06|2.839174753e+10|2.945327487e+10|3.055693351e+10|3.000000|3.000000|3.000000
7.113001246e+06|2.806466737e+10|2.912164289e+10|3.021961598e+10|3.000000|3.000000|3.000000
7.126718498e+06|2.769241175e+10|2.874407160e+10|2.983545578e+10|3.000000|3.000000|3.000000
7.141738973e+06|2.728786958e+10|2.833358693e+10|2.941766574e+10|3.000000|3.000000|3.000000
7.156095171e+06|2.690423209e+10|2.794415181e+10|2.902116067e+10|3.000000|3.000000|3.000000
7.170877254e+06|2.651229644e+10|2.754612723e+10|2.861576770e+10|3.000000|3.000000|3.000000
7.185119844e+06|2.613762769e+10|2.716547839e+10|2.822793511e+10|3.000000|3.000000|3.000000
7.198336979e+06|2.579253912e+10|2.681474176e+10|2.787045866e+10|3.000000|3.000000|3.000000
7.212410487e+06|2.542785051e+10|2.644393592e+10|2.749239960e+10|3.000000|3.000000|3.000000
7.227553708e+06|2.503862410e+10|2.604800972e+10|2.708858147e+10|3.000000|3.000000|3.000000
7.241054356e+06|2.469440059e+10|2.569771157e+10|2.673117192e+10|3.000000|3.000000|3.000000
7.255468177e+06|2.432979322e+10|2.532651423e+10|2.635230463e+10|3.000000|3.000000|3.000000
7.269004911e+06|2.399010078e+10|2.498053583e+10|2.599905098e+10|3.000000|3.000000|3.000000
7.283333689e+06|2.363341406e+10|2.461709428e+10|2.562783354e+10|3.000000|3.000000|3.000000
7.297124264e+06|2.329292509e+10|2.427000734e+10|2.527319100e+10|3.000000|3.000000|3.000000
7.309570333e+06|2.298799125e+10|2.395903831e+10|2.495534341e+10|3.000000|3.000000|3.000000
7.323987294e+06|2.263756928e+10|2.360153131e+10|2.458979898e+10|3.000000|3.000000|3.000000
7.342027842e+06|2.220330610e+10|2.315826224e+10|2.413636886e+10|3.000000|3.000000|3.000000
7.357900507e+06|2.182512140e+10|2.277202736e+10|2.374110068e+10|3.000000|3.000000|3.000000
7.375107655e+06|2.141926019e+10|2.235730799e+10|2.331649202e+10|3.000000|3.000000|3.000000
7.391345605e+06|2.104018985e+10|2.196975572e+10|2.291951742e+10|3.000000|3.000000|3.000000
7.404906307e+06|2.072654395e+10|2.164893686e+10|2.259076416e+10|3.000000|3.000000|3.000000
7.420428650e+06|2.037079460e+10|2.128487888e+10|2.221755238e+10|3.000000|3.000000|3.000000
7.436214670e+06|2.001257887e+10|2.091810820e+10|2.184139577e+10|3.000000|3.000000|3.000000
7.451514573e+06|1.966883525e+10|2.056597404e+10|2.148009278e+10|3.000000|3.000000|3.000000
7.468677768e+06|1.928725893e+10|2.017487204e+10|2.107862332e+10|3.000000|3.000000|3.000000
7.484005039e+06|1.895009965e+10|1.982910720e+10|2.072352876e+10|3.000000|3.000000|3.000000
7.498050110e+06|1.864412642e+10|1.951516845e+10|2.040098342e+10|3.000000|3.000000|3.000000
7.513377932e+06|1.831345980e+10|1.917572377e+10|2.005208531e+10|3.000000|3.000000|3.000000
7.530255355e+06|1.795328645e+10|1.880578498e+10|1.967166625e+10|3.000000|3.000000|3.000000
7.546509940e+06|1.761028832e+10|1.845328558e+10|1.930900530e+10|3.000000|3.000000|3.000000
7.561523310e+06|1.729686398e+10|1.813100413e+10|1.897728105e+10|3.000000|3.000000|3.000000
7.579880608e+06|1.691803957e+10|1.774124711e+10|1.857590631e+10|3.000000|3.000000|3.000000
7.597350516e+06|1.656202690e+10|1.737472894e+10|1.819826179e+10|3.000000|3.000000|3.000000
7.615249046e+06|1.620182416e+10|1.700366432e+10|1.781573018e+10|3.000000|3.000000|3.000000
7.631872924e+06|1.587138759e+10|1.666305346e+10|1.746441061e+10|3.000000|3.000000|3.000000
7.650033839e+06|1.551492069e+10|1.629538089e+10|1.708497836e+10|3.000000|3.000000|3.000000
7.667667588e+06|1.517331154e+10|1.594280471e+10|1.672092645e+10|3.000000|3.000000|3.000000
7.683694474e+06|1.486667953e+10|1.562613435e+10|1.639377994e+10|3.000000|3.000000|3.000000
7.701074234e+06|1.453829787e+10|1.528679451e+10|1.604303308e+10|3.000000|3.000000|3.000000
7.718494019e+06|1.421346791e+10|1.495090928e+10|1.569566928e+10|3.000000|3.000000|3.000000
7.736861209e+06|1.387563269e+10|1.460134394e+10|1.533395575e+10|3.000000|3.000000|3.000000
7.754412035e+06|1.355727337e+10|1.427170953e+10|1.499267328e+10|3.000000|3.000000|3.000000
7.772467399e+06|1.323429978e+10|1.393707344e+10|1.464601752e+10|3.000000|3.000000|3.000000
7.792529675e+06|1.288081022e+10|1.357055522e+10|1.426610459e+10|3.000000|3.000000|3.000000
7.809422808e+06|1.258754286e+10|1.326626467e+10|1.395050726e+10|3.000000|3.000000|3.000000
7.828210331e+06|1.226608163e+10|1.293249247e+10|1.360413454e+10|3.000000|3.000000|3.000000
7.847177573e+06|1.194654399e+10|1.260047602e+10|1.325937396e+10|3.000000|3.000000|3.000000
7.866884521e+06|1.161984767e+10|1.226076669e+10|1.290640396e+10|3.000000|3.000000|3.000000
7.886793882e+06|1.129526501e+10|1.192299427e+10|1.255521984e+10|3.000000|3.000000|3.000000
7.905680610e+06|1.099241721e+10|1.160759983e+10|1.222709382e+10|3.000000|3.000000|3.000000
7.929689618e+06|1.061452169e+10|1.121371524e+10|1.181702002e+10|3.000000|3.000000|3.000000
7.952227728e+06|1.026696655e+10|1.085111942e+10|1.143923016e+10|3.000000|3.000000|3.000000
7.972570509e+06|9.959215192e+09|1.052977434e+10|1.110418076e+10|3.000000|3.000000|3.000000
7.990767111e+06|9.688694541e+09|1.024708539e+10|1.080924628e+10|3.000000|3.000000|3.000000
8.013561873e+06|9.356132164e+09|9.899276013e+09|1.044612116e+10|3.000000|3.000000|3.000000
8.035503601e+06|9.042619292e+09|9.571091065e+09|1.010322647e+10|3.000000|3.000000|3.000000
8.055448129e+06|8.763235147e+09|9.278381403e+09|9.797180486e+09|3.000000|3.000000|3.000000
8.076043353e+06|8.480296126e+09|8.981700298e+09|9.486768772e+09|3.000000|3.000000|3.000000
8.100255182e+06|8.154856786e+09|8.640138926e+09|9.129127213e+09|3.000000|3.000000|3.000000
8.120863783e+06|7.883932152e+09|8.355528099e+09|8.830889050e+09|3.000000|3.000000|3.000000
8.142782371e+06|7.601887350e+09|8.058972518e+09|8.519907820e+09|3.000000|3.000000|3.000000
8.167931891e+06|7.285966585e+09|7.726470561e+09|8.170949787e+09|3.000000|3.000000|3.000000
8.191385675e+06|6.998711006e+09|7.423828780e+09|7.853063732e+09|3.000000|3.000000|3.000000
8.216791775e+06|6.695503885e+09|7.104051020e+09|7.516895243e+09|3.000000|3.000000|3.000000
8.243405688e+06|6.386690932e+09|6.778001252e+09|7.173824810e+09|3.000000|3.000000|3.000000
8.269075958e+06|6.097296474e+09|6.472113099e+09|6.851676805e+09|3.000000|3.000000|3.000000
8.293473308e+06|5.829895187e+09|6.189168676e+09|6.553433258e+09|3.000000|3.000000|3.000000
8.320792795e+06|5.539229067e+09|5.881265846e+09|6.228590605e+09|3.000000|3.000000|3.000000
8.347543875e+06|5.263498773e+09|5.588844584e+09|5.919791736e+09|3.000000|3.000000|3.000000
8.378829514e+06|4.952071645e+09|5.258152485e+09|5.570227470e+09|3.000000|3.000000|3.000000
8.411794123e+06|4.636664813e+09|4.922769682e+09|5.215310697e+09|3.000000|3.000000|3.000000
8.438848902e+06|4.387450086e+09|4.657426865e+09|4.934222146e+09|3.000000|3.000000|3.000000
8.468839601e+06|4.121231763e+09|4.373630763e+09|4.633290747e+09|3.000000|3.000000|3.000000
8.500253867e+06|3.853558406e+09|4.087905454e+09|4.329995787e+09|3.000000|3.000000|3.000000
8.532226247e+06|3.592719093e+09|3.809095232e+09|4.033722903e+09|3.000000|3.000000|3.000000
8.570755122e+06|3.293687834e+09|3.488979803e+09|3.693155620e+09|3.000000|3.000000|3.000000
8.606883036e+06|3.028230041e+09|3.204353719e+09|3.389970362e+09|3.000000|3.000000|3.000000
8.646896271e+06|2.750786931e+09|2.906401191e+09|3.072197175e+09|3.000000|3.000000|3.000000
8.686056347e+06|2.495788445e+09|2.632103610e+09|2.779284802e+09|3.000000|3.000000|3.000000
8.730652932e+06|2.224870906e+09|2.340189009e+09|2.467159524e+09|3.000000|3.000000|3.000000
8.780897024e+06|1.943889079e+09|2.036869176e+09|2.142389676e+09|3.000000|3.000000|3.000000
8.833297215e+06|1.677439076e+09|1.748688263e+09|1.833397834e+09|3.000000|3.000000|3.000000
8.891242276e+06|1.413373630e+09|1.462548491e+09|1.526183338e+09|3.000000|3.000000|3.000000
8.950942941e+06|1.173671019e+09|1.202353344e+09|1.246494493e+09|3.000000|3.000000|3.000000
9.023218603e+06|9.255225336e+08|9.325918312e+08|9.562704201e+08|3.000000|3.000000|3.000000
9.103502497e+06|7.010525311e+08|6.883916079e+08|6.935203129e+08|3.000000|3.000000|3.000000
9.201808104e+06|4.946501757e+08|4.642006707e+08|4.528119851e+08|3.000000|3.000000|3.000000
9.316495400e+06|3.409013466e+08|2.988363210e+08|2.770239633e+08|3.000000|3.000000|3.000000
9.488506481e+06|2.636022019e+08|2.228569768e+08|2.034583468e+08|3.000000|3.000000|3.000000
9.688778164e+06|3.609939752e+08|3.495250111e+08|3.594865857e+08|3.000000|3.000000|3.000000
9.932784976e+06|6.677996390e+08|7.282340973e+08|8.083639847e+08|3.000000|3.000000|3.000000
1.029203722e+07|1.269748460e+09|1.485751259e+09|1.715520620e+09|3.000000|3.000000|3.000000
1.090758309e+07|1.759422798e+09|2.196367995e+09|2.632824796e+09|3.000000|3.000000|3.000000
1.178246688e+07|-1.725471697e+09|-2.204308423e+09|-2.672911171e+09|3.000000|3.000000|3.000000
